1/08/2020 8:54:23 AM,UNIT 9279
1/08/2020 8:54:23 AM,333 CHAL 38227FF6
1/08/2020 8:54:23 AM,RESP B0C59337
1/08/2020 8:54:23 AM,230 Auth OK
1/08/2020 8:54:24 AM,TIME
1/08/2020 8:54:24 AM,211 TIME 1596272064
1/08/2020 8:54:24 AM,EVCOUNT 206
1/08/2020 8:54:24 AM,252 Event OK
1/08/2020 8:54:25 AM,TODO
1/08/2020 8:54:25 AM,226 Nothing to do
1/08/2020 8:54:25 AM,EVENT 44596 1596233491 -310121027/1219230111/869/6/10 INPUT 3 0 14 v:123
1/08/2020 8:54:25 AM,252 Event OK
1/08/2020 8:54:25 AM,EVENT 44597 1596233492 -310121027/1219230111/869/6/9 INPUT 7 1 0 v:123
1/08/2020 8:54:25 AM,252 Event OK
1/08/2020 8:54:26 AM,EVENT 44598 1596233492 -310121100/1219230039/877/6/9 INPUT 8 0 63 v:123
1/08/2020 8:54:26 AM,252 Event OK
1/08/2020 8:54:26 AM,EVENT 44599 1596233493 -310121214/1219229911/882/6/8 INPUT 1 1 0 v:123
1/08/2020 8:54:26 AM,252 Event OK
1/08/2020 8:54:27 AM,EVENT 44600 1596233496 -310121280/1219229811/895/6/0 TRIP 44589 22 19 13 13 54 v:123
1/08/2020 8:54:27 AM,252 Event OK
1/08/2020 8:54:27 AM,EVENT 44601 1596233496 -310121280/1219229811/895/6/0 TRIPSUMMARY 44589 v:123
1/08/2020 8:54:27 AM,252 Event OK
1/08/2020 8:54:27 AM,EVENT 44602 1596233497 -310121276/1219229806/897/6/0 INPUT 4 0 41 v:123
1/08/2020 8:54:27 AM,252 Event OK
1/08/2020 8:54:28 AM,EVENT 44603 1596235584 -310121276/1219229806/897/0/0 SWSTART OpusFC 5.0.58.510 R v:123
1/08/2020 8:54:28 AM,252 Event OK
1/08/2020 8:54:28 AM,EVENT 44604 1596233496 0/0/0/0/0 POWERDOWN v:123
1/08/2020 8:54:28 AM,252 Event OK
1/08/2020 8:54:29 AM,EVENT 44605 1596235584 0/0/0/0/0 INPUT 1 1 0 v:123
1/08/2020 8:54:29 AM,252 Event OK
1/08/2020 8:54:29 AM,EVENT 44606 1596235584 0/0/0/0/0 INPUT 2 0 0 v:123
1/08/2020 8:54:29 AM,252 Event OK
1/08/2020 8:54:29 AM,EVENT 44607 1596235584 0/0/0/0/0 INPUT 3 0 0 v:123
1/08/2020 8:54:29 AM,252 Event OK
1/08/2020 8:54:30 AM,EVENT 44608 1596235584 0/0/0/0/0 INPUT 4 0 0 v:123
1/08/2020 8:54:30 AM,252 Event OK
1/08/2020 8:54:30 AM,EVENT 44609 1596235584 0/0/0/0/0 INPUT 7 0 0 v:123
1/08/2020 8:54:30 AM,252 Event OK
1/08/2020 8:54:31 AM,EVENT 44610 1596235584 0/0/0/0/0 INPUT 8 1 0 v:123
1/08/2020 8:54:31 AM,252 Event OK
1/08/2020 8:54:31 AM,EVENT 44611 1596235586 0/0/0/0/0 ZONE_OK 2 100 FW=NO VERSION v:123
1/08/2020 8:54:31 AM,252 Event OK
1/08/2020 8:54:31 AM,EVENT 44612 1596235596 -310121582/1219229558/2521/0/3 SIGNON 2499 01b1def9 OK 26 271083 0 v:123
1/08/2020 8:54:31 AM,252 Event OK
1/08/2020 8:54:32 AM,EVENT 44613 1596235610 -310121550/1219229510/1162/0/0 INPUT 1 0 25 v:124
1/08/2020 8:54:32 AM,252 Event OK
1/08/2020 8:54:32 AM,EVENT 44614 1596235610 -310121550/1219229510/1162/0/0 INPUT 4 1 0 v:123
1/08/2020 8:54:32 AM,252 Event OK
1/08/2020 8:54:33 AM,EVENT 44615 1596235611 -310121553/1219229494/1122/0/0 OILPRESSURE 44612 10 v:123
1/08/2020 8:54:33 AM,252 Event OK
1/08/2020 8:54:33 AM,EVENT 44616 1596235618 -310121894/1219228949/923/0/8 INPUT 3 1 0 v:123
1/08/2020 8:54:33 AM,252 Event OK
1/08/2020 8:54:33 AM,EVENT 44617 1596235691 0/0/0/0/9 INPUT 3 0 72 v:123
1/08/2020 8:54:33 AM,252 Event OK
1/08/2020 8:54:34 AM,EVENT 44618 1596235698 0/0/0/0/8 INPUT 3 1 0 v:124
1/08/2020 8:54:34 AM,252 Event OK
1/08/2020 8:54:34 AM,EVENT 44619 1596235698 0/0/0/0/9 INPUT 3 0 1 v:124
1/08/2020 8:54:34 AM,252 Event OK
1/08/2020 8:54:34 AM,EVENT 44620 1596235703 0/0/0/0/8 INPUT 3 1 0 v:123
1/08/2020 8:54:34 AM,252 Event OK
1/08/2020 8:54:35 AM,EVENT 44621 1596235711 0/0/0/0/9 INPUT 3 0 8 v:123
1/08/2020 8:54:35 AM,252 Event OK
1/08/2020 8:54:35 AM,EVENT 44622 1596235714 0/0/0/0/8 INPUT 3 1 0 v:123
1/08/2020 8:54:35 AM,252 Event OK
1/08/2020 8:54:36 AM,EVENT 44623 1596236062 0/0/0/0/10 INPUT 3 0 348 v:124
1/08/2020 8:54:36 AM,252 Event OK
1/08/2020 8:54:36 AM,EVENT 44624 1596236065 0/0/0/0/3 INPUT 4 0 456 v:123
1/08/2020 8:54:36 AM,252 Event OK
1/08/2020 8:54:36 AM,EVENT 44625 1596236065 0/0/0/0/3 INPUT 4 1 0 v:123
1/08/2020 8:54:36 AM,252 Event OK
1/08/2020 8:54:37 AM,EVENT 44626 1596236074 0/0/0/0/0 INPUT 4 0 9 v:124
1/08/2020 8:54:37 AM,252 Event OK
1/08/2020 8:54:37 AM,EVENT 44627 1596236074 0/0/0/0/0 INPUT 4 1 0 v:124
1/08/2020 8:54:37 AM,252 Event OK
1/08/2020 8:54:37 AM,EVENT 44628 1596236076 0/0/0/0/0 SERVICE 44612 0 v:123
1/08/2020 8:54:37 AM,252 Event OK
1/08/2020 8:54:38 AM,EVENT 44629 1596236109 0/0/0/0/6 INPUT 3 1 0 v:124
1/08/2020 8:54:38 AM,252 Event OK
1/08/2020 8:54:38 AM,EVENT 44630 1596236378 0/0/0/0/10 INPUT 3 0 269 v:123
1/08/2020 8:54:38 AM,252 Event OK
1/08/2020 8:54:39 AM,EVENT 44631 1596236460 0/0/0/0/6 INPUT 3 1 0 v:124
1/08/2020 8:54:39 AM,252 Event OK
1/08/2020 8:54:39 AM,EVENT 44632 1596236527 0/0/0/0/10 INPUT 3 0 66 v:123
1/08/2020 8:54:39 AM,252 Event OK
1/08/2020 8:54:39 AM,EVENT 44633 1596236541 0/0/0/0/6 INPUT 3 1 0 v:123
1/08/2020 8:54:39 AM,252 Event OK
1/08/2020 8:54:40 AM,EVENT 44634 1596236610 0/0/0/0/9 INPUT 3 0 70 v:123
1/08/2020 8:54:40 AM,252 Event OK
1/08/2020 8:54:41 AM,EVENT 44635 1596236612 0/0/0/0/8 INPUT 3 1 0 v:123
1/08/2020 8:54:41 AM,252 Event OK
1/08/2020 8:54:41 AM,EVENT 44636 1596237416 0/0/0/0/18 REPORT 44612 0 0 v:123
1/08/2020 8:54:41 AM,252 Event OK
1/08/2020 8:54:41 AM,EVENT 44637 1596237419 0/0/0/0/13 INPUT 3 0 808 v:123
1/08/2020 8:54:41 AM,252 Event OK
1/08/2020 8:54:41 AM,EVENT 44638 1596237450 0/0/0/0/7 INPUT 3 1 0 v:123
1/08/2020 8:54:41 AM,252 Event OK
1/08/2020 8:54:42 AM,EVENT 44639 1596237453 0/0/0/0/9 INPUT 3 0 2 v:123
1/08/2020 8:54:42 AM,252 Event OK
1/08/2020 8:54:42 AM,EVENT 44640 1596237466 0/0/0/0/4 INPUT 4 0 1392 v:124
1/08/2020 8:54:42 AM,252 Event OK
1/08/2020 8:54:43 AM,EVENT 44641 1596237466 0/0/0/0/4 INPUT 4 1 0 v:123
1/08/2020 8:54:43 AM,252 Event OK
1/08/2020 8:54:43 AM,EVENT 44642 1596237478 0/0/0/0/0 INPUT 4 0 12 v:123
1/08/2020 8:54:43 AM,252 Event OK
1/08/2020 8:54:43 AM,EVENT 44643 1596237478 0/0/0/0/0 INPUT 4 1 0 v:123
1/08/2020 8:54:43 AM,252 Event OK
1/08/2020 8:54:44 AM,EVENT 44644 1596237482 0/0/0/0/0 INPUT 4 0 4 v:123
1/08/2020 8:54:44 AM,252 Event OK
1/08/2020 8:54:44 AM,EVENT 44645 1596237483 0/0/0/0/0 INPUT 4 1 0 v:123
1/08/2020 8:54:44 AM,252 Event OK
1/08/2020 8:54:45 AM,EVENT 44646 1596237486 0/0/0/0/0 INPUT 7 1 0 v:123
1/08/2020 8:54:45 AM,252 Event OK
1/08/2020 8:54:45 AM,EVENT 44647 1596237486 0/0/0/0/0 INPUT 8 0 1901 v:123
1/08/2020 8:54:45 AM,252 Event OK
1/08/2020 8:54:45 AM,EVENT 44648 1596237487 0/0/0/0/0 INPUT 1 1 0 v:123
1/08/2020 8:54:45 AM,252 Event OK
1/08/2020 8:54:46 AM,EVENT 44649 1596237488 0/0/0/0/0 INPUT 4 0 6 v:123
1/08/2020 8:54:46 AM,252 Event OK
1/08/2020 8:54:46 AM,EVENT 44650 1596237490 0/0/0/0/0 TRIP 44612 1645 234 15 13 1894 v:123
1/08/2020 8:54:46 AM,252 Event OK
1/08/2020 8:54:47 AM,EVENT 44651 1596237490 0/0/0/0/0 TRIPSUMMARY 44612 v:123
1/08/2020 8:54:47 AM,252 Event OK
1/08/2020 8:54:48 AM,EVENT 44652 1596237802 0/0/0/0/0 INPUT 8 1 0 v:123
1/08/2020 8:54:48 AM,252 Event OK
1/08/2020 8:54:49 AM,EVENT 44653 1596237802 0/0/0/0/0 INPUT 7 0 316 v:123
1/08/2020 8:54:49 AM,252 Event OK
1/08/2020 8:54:49 AM,EVENT 44654 1596237813 0/0/0/0/0 SIGNON 2499 01b1def9 OK 26 271083 0 v:123
1/08/2020 8:54:49 AM,252 Event OK
1/08/2020 8:54:49 AM,EVENT 44655 1596237821 0/0/0/0/0 INPUT 1 0 334 v:124
1/08/2020 8:54:49 AM,252 Event OK
1/08/2020 8:54:50 AM,EVENT 44656 1596237821 0/0/0/0/0 INPUT 4 1 0 v:123
1/08/2020 8:54:50 AM,252 Event OK
1/08/2020 8:54:50 AM,EVENT 44657 1596237822 0/0/0/0/0 OILPRESSURE 44654 4 v:123
1/08/2020 8:54:50 AM,252 Event OK
1/08/2020 8:54:50 AM,EVENT 44658 1596237835 0/0/0/0/7 INPUT 3 1 0 v:124
1/08/2020 8:54:50 AM,252 Event OK
1/08/2020 8:54:51 AM,EVENT 44659 1596237838 0/0/0/0/9 INPUT 3 0 4 v:124
1/08/2020 8:54:51 AM,252 Event OK
1/08/2020 8:54:51 AM,EVENT 44660 1596237840 0/0/0/0/8 INPUT 3 1 0 v:123
1/08/2020 8:54:51 AM,252 Event OK
1/08/2020 8:54:52 AM,EVENT 44661 1596237841 0/0/0/0/9 INPUT 3 0 2 v:123
1/08/2020 8:54:52 AM,252 Event OK
1/08/2020 8:54:52 AM,EVENT 44662 1596237853 0/0/0/0/8 INPUT 3 1 0 v:123
1/08/2020 8:54:52 AM,252 Event OK
1/08/2020 8:54:53 AM,EVENT 44663 1596237854 0/0/0/0/9 INPUT 3 0 1 v:123
1/08/2020 8:54:53 AM,252 Event OK
1/08/2020 8:54:53 AM,EVENT 44664 1596237858 0/0/0/0/8 INPUT 3 1 0 v:123
1/08/2020 8:54:53 AM,252 Event OK
1/08/2020 8:54:54 AM,EVENT 44665 1596237865 0/0/0/0/9 INPUT 3 0 7 v:123
1/08/2020 8:54:54 AM,252 Event OK
1/08/2020 8:54:54 AM,EVENT 44666 1596237867 0/0/0/0/8 INPUT 3 1 0 v:123
1/08/2020 8:54:54 AM,252 Event OK
1/08/2020 8:54:55 AM,EVENT 44667 1596237877 0/0/0/0/10 INPUT 3 0 10 v:123
1/08/2020 8:54:55 AM,252 Event OK
1/08/2020 8:54:56 AM,EVENT 44668 1596237880 0/0/0/0/8 INPUT 3 1 0 v:123
1/08/2020 8:54:56 AM,252 Event OK
1/08/2020 8:54:56 AM,EVENT 44669 1596237900 0/0/0/0/9 INPUT 3 0 20 v:124
1/08/2020 8:54:56 AM,252 Event OK
1/08/2020 8:54:57 AM,EVENT 44670 1596238013 0/0/0/0/0 INPUT 4 0 192 v:123
1/08/2020 8:54:57 AM,252 Event OK
1/08/2020 8:54:57 AM,EVENT 44671 1596238013 0/0/0/0/0 INPUT 4 1 0 v:123
1/08/2020 8:54:57 AM,252 Event OK
1/08/2020 8:54:57 AM,EVENT 44672 1596238061 0/0/0/0/8 INPUT 3 1 0 v:124
1/08/2020 8:54:57 AM,252 Event OK
1/08/2020 8:54:58 AM,EVENT 44673 1596238062 0/0/0/0/9 INPUT 3 0 1 v:124
1/08/2020 8:54:58 AM,252 Event OK
1/08/2020 8:54:58 AM,EVENT 44674 1596238073 0/0/0/0/0 INPUT 7 1 0 v:123
1/08/2020 8:54:58 AM,252 Event OK
1/08/2020 8:54:59 AM,EVENT 44675 1596238073 0/0/0/0/0 INPUT 8 0 272 v:123
1/08/2020 8:54:59 AM,252 Event OK
1/08/2020 8:54:59 AM,EVENT 44676 1596238074 0/0/0/0/0 INPUT 1 1 0 v:123
1/08/2020 8:54:59 AM,252 Event OK
1/08/2020 8:55:00 AM,EVENT 44677 1596238078 0/0/0/0/0 TRIP 44654 44 213 9 9 266 v:124
1/08/2020 8:55:00 AM,252 Event OK
1/08/2020 8:55:00 AM,EVENT 44678 1596238078 0/0/0/0/0 TRIPSUMMARY 44654 v:124
1/08/2020 8:55:00 AM,252 Event OK
1/08/2020 8:55:01 AM,EVENT 44679 1596238079 0/0/0/0/0 INPUT 4 0 65 v:124
1/08/2020 8:55:01 AM,252 Event OK
1/08/2020 8:55:39 AM,UNIT 9279
1/08/2020 8:55:39 AM,333 CHAL 6F699EA9
1/08/2020 8:55:39 AM,RESP E48B7372
1/08/2020 8:55:39 AM,230 Auth OK
1/08/2020 8:55:40 AM,TIME
1/08/2020 8:55:40 AM,211 TIME 1596272140
1/08/2020 8:55:40 AM,EVCOUNT 123
1/08/2020 8:55:40 AM,252 Event OK
1/08/2020 8:55:41 AM,TODO
1/08/2020 8:55:41 AM,226 Nothing to do
1/08/2020 8:55:41 AM,EVENT 44679 1596238079 0/0/0/0/0 INPUT 4 0 65 v:124
1/08/2020 8:55:41 AM,253 Event OK - Duplicate
1/08/2020 8:55:42 AM,EVENT 44680 1596238088 0/0/0/0/0 INPUT 8 1 0 v:124
1/08/2020 8:55:42 AM,252 Event OK
1/08/2020 8:55:43 AM,EVENT 44681 1596238088 0/0/0/0/0 INPUT 7 0 15 v:124
1/08/2020 8:55:43 AM,252 Event OK
1/08/2020 8:55:43 AM,EVENT 44682 1596238129 0/0/0/0/0 INPUT 7 1 0 v:124
1/08/2020 8:55:43 AM,252 Event OK
1/08/2020 8:55:44 AM,EVENT 44683 1596238129 0/0/0/0/0 INPUT 8 0 40 v:124
1/08/2020 8:55:44 AM,252 Event OK
1/08/2020 8:55:44 AM,EVENT 44684 1596263654 0/0/0/0/0 SWSTART OpusFC 5.0.58.510 R v:123
1/08/2020 8:55:44 AM,252 Event OK
1/08/2020 8:55:45 AM,EVENT 44685 1596238078 0/0/0/0/0 POWERDOWN v:124
1/08/2020 8:55:45 AM,252 Event OK
1/08/2020 8:55:46 AM,EVENT 44686 1596263654 0/0/0/0/0 INPUT 1 1 0 v:123
1/08/2020 8:55:46 AM,252 Event OK
1/08/2020 8:55:46 AM,EVENT 44687 1596263654 0/0/0/0/0 INPUT 2 0 0 v:123
1/08/2020 8:55:46 AM,252 Event OK
1/08/2020 8:55:47 AM,EVENT 44688 1596263654 0/0/0/0/0 INPUT 3 0 0 v:123
1/08/2020 8:55:47 AM,252 Event OK
1/08/2020 8:55:48 AM,EVENT 44689 1596263654 0/0/0/0/0 INPUT 4 0 0 v:123
1/08/2020 8:55:48 AM,252 Event OK
1/08/2020 8:55:48 AM,EVENT 44690 1596263654 0/0/0/0/0 INPUT 7 0 0 v:123
1/08/2020 8:55:48 AM,252 Event OK
1/08/2020 8:55:49 AM,EVENT 44691 1596263654 0/0/0/0/0 INPUT 8 1 0 v:123
1/08/2020 8:55:49 AM,252 Event OK
1/08/2020 8:55:50 AM,EVENT 44692 1596263656 0/0/0/0/0 ZONE_OK 2 100 FW=NO VERSION v:123
1/08/2020 8:55:50 AM,252 Event OK
1/08/2020 8:55:50 AM,EVENT 44693 1596263667 0/0/0/0/0 SIGNON 2516 01cfdb4e OK 26 181258 0 v:123
1/08/2020 8:55:50 AM,252 Event OK
1/08/2020 8:55:51 AM,EVENT 44694 1596263677 0/0/0/99/0 INPUT 1 0 22 v:123
1/08/2020 8:55:51 AM,252 Event OK
1/08/2020 8:55:52 AM,EVENT 44695 1596263677 0/0/0/99/0 INPUT 4 1 0 v:123
1/08/2020 8:55:52 AM,252 Event OK
1/08/2020 8:55:52 AM,EVENT 44696 1596263678 0/0/0/0/0 OILPRESSURE 44693 6 v:123
1/08/2020 8:55:52 AM,252 Event OK
1/08/2020 8:55:53 AM,EVENT 44697 1596263712 0/0/0/0/3 INPUT 4 0 36 v:123
1/08/2020 8:55:53 AM,252 Event OK
1/08/2020 8:55:54 AM,EVENT 44698 1596263712 0/0/0/0/3 INPUT 4 1 0 v:123
1/08/2020 8:55:54 AM,252 Event OK
1/08/2020 8:56:21 AM,UNIT 9279
1/08/2020 8:56:21 AM,333 CHAL 625D53D6
1/08/2020 8:56:21 AM,RESP 3E86308F
1/08/2020 8:56:21 AM,230 Auth OK
1/08/2020 8:56:22 AM,TIME
1/08/2020 8:56:22 AM,211 TIME 1596272182
1/08/2020 8:56:22 AM,EVCOUNT 103
1/08/2020 8:56:22 AM,252 Event OK
1/08/2020 8:56:23 AM,TODO
1/08/2020 8:56:23 AM,226 Nothing to do
1/08/2020 8:56:23 AM,EVENT 44699 1596263714 0/0/0/0/3 INPUT 7 1 0 v:123
1/08/2020 8:56:23 AM,252 Event OK
1/08/2020 8:56:24 AM,EVENT 44699 1596263714 0/0/0/0/3 INPUT 7 1 0 v:123
1/08/2020 8:56:24 AM,253 Event OK - Duplicate
1/08/2020 8:56:24 AM,EVENT 44700 1596263714 0/0/0/0/3 INPUT 8 0 59 v:123
1/08/2020 8:56:24 AM,252 Event OK
1/08/2020 8:56:25 AM,EVENT 44701 1596263715 0/0/0/0/3 INPUT 1 1 0 v:123
1/08/2020 8:56:25 AM,252 Event OK
1/08/2020 8:56:25 AM,EVENT 44702 1596263717 0/0/0/0/0 REPORT 44693 0 0 v:123
1/08/2020 8:56:25 AM,252 Event OK
1/08/2020 8:56:26 AM,EVENT 44703 1596263718 0/0/0/0/0 TRIP 44693 0 42 9 9 51 v:123
1/08/2020 8:56:26 AM,252 Event OK
1/08/2020 8:56:27 AM,EVENT 44704 1596263718 0/0/0/0/0 TRIPSUMMARY 44693 v:123
1/08/2020 8:56:27 AM,252 Event OK
1/08/2020 8:56:28 AM,EVENT 44705 1596263719 0/0/0/0/0 INPUT 4 0 6 v:123
1/08/2020 8:56:28 AM,252 Event OK
1/08/2020 8:56:28 AM,EVENT 44706 1596268712 0/0/0/0/0 SWSTART OpusFC 5.0.58.510 R v:123
1/08/2020 8:56:28 AM,252 Event OK
1/08/2020 8:56:29 AM,EVENT 44707 1596263718 0/0/0/0/0 POWERDOWN v:123
1/08/2020 8:56:29 AM,252 Event OK
1/08/2020 8:56:30 AM,EVENT 44708 1596268712 0/0/0/0/0 INPUT 1 1 0 v:123
1/08/2020 8:56:30 AM,252 Event OK
1/08/2020 8:56:31 AM,EVENT 44709 1596268712 0/0/0/0/0 INPUT 2 0 0 v:123
1/08/2020 8:56:31 AM,252 Event OK
1/08/2020 8:56:31 AM,EVENT 44710 1596268712 0/0/0/0/0 INPUT 3 0 0 v:123
1/08/2020 8:56:31 AM,252 Event OK
1/08/2020 8:56:32 AM,EVENT 44711 1596268712 0/0/0/0/0 INPUT 4 0 0 v:123
1/08/2020 8:56:32 AM,252 Event OK
1/08/2020 8:56:33 AM,EVENT 44712 1596268712 0/0/0/0/0 INPUT 7 0 0 v:123
1/08/2020 8:56:33 AM,252 Event OK
1/08/2020 8:56:33 AM,EVENT 44713 1596268712 0/0/0/0/0 INPUT 8 1 0 v:123
1/08/2020 8:56:33 AM,252 Event OK
1/08/2020 8:56:34 AM,EVENT 44714 1596268714 0/0/0/0/0 ZONE_OK 2 100 FW=NO VERSION v:123
1/08/2020 8:56:34 AM,252 Event OK
1/08/2020 8:56:35 AM,EVENT 44715 1596268722 0/0/0/0/0 SIGNON 2499 01b1def9 OK 26 271083 0 v:123
1/08/2020 8:56:35 AM,252 Event OK
1/08/2020 8:56:35 AM,EVENT 44716 1596268728 0/0/0/99/0 INPUT 7 1 0 v:123
1/08/2020 8:56:35 AM,252 Event OK
1/08/2020 8:56:36 AM,EVENT 44717 1596268728 0/0/0/99/0 INPUT 7 0 1 v:124
1/08/2020 8:56:36 AM,252 Event OK
1/08/2020 8:56:36 AM,EVENT 44718 1596268729 0/0/0/99/0 INPUT 1 0 16 v:124
1/08/2020 8:56:36 AM,252 Event OK
1/08/2020 8:56:37 AM,EVENT 44719 1596268730 0/0/0/99/0 INPUT 4 1 0 v:123
1/08/2020 8:56:37 AM,252 Event OK
1/08/2020 8:56:38 AM,EVENT 44720 1596268730 0/0/0/99/0 OILPRESSURE 44715 3 v:123
1/08/2020 8:56:38 AM,252 Event OK
1/08/2020 8:56:38 AM,EVENT 44721 1596268732 0/0/0/99/5 INPUT 3 1 0 v:123
1/08/2020 8:56:38 AM,252 Event OK
1/08/2020 8:56:39 AM,EVENT 44722 1596268865 0/0/0/0/11 INPUT 3 0 134 v:123
1/08/2020 8:56:39 AM,252 Event OK
1/08/2020 8:56:39 AM,EVENT 44723 1596268870 0/0/0/0/6 INPUT 3 1 0 v:123
1/08/2020 8:56:39 AM,252 Event OK
1/08/2020 8:56:40 AM,EVENT 44724 1596268874 0/0/0/0/11 INPUT 3 0 4 v:123
1/08/2020 8:56:40 AM,252 Event OK
1/08/2020 8:56:41 AM,EVENT 44725 1596268879 0/0/0/0/6 INPUT 4 0 150 v:124
1/08/2020 8:56:41 AM,252 Event OK
1/08/2020 8:56:41 AM,EVENT 44726 1596268880 0/0/0/0/0 INPUT 4 1 0 v:124
1/08/2020 8:56:41 AM,252 Event OK
1/08/2020 8:56:42 AM,EVENT 44727 1596268882 0/0/0/0/5 INPUT 3 1 0 v:124
1/08/2020 8:56:42 AM,252 Event OK
1/08/2020 8:56:43 AM,EVENT 44728 1596268953 0/0/0/0/11 INPUT 3 0 71 v:124
1/08/2020 8:56:43 AM,252 Event OK
1/08/2020 8:56:43 AM,EVENT 44729 1596268953 0/0/0/0/11 INPUT 4 0 74 v:124
1/08/2020 8:56:43 AM,252 Event OK
1/08/2020 8:56:44 AM,EVENT 44730 1596268953 0/0/0/0/11 INPUT 4 1 0 v:124
1/08/2020 8:56:44 AM,252 Event OK
1/08/2020 8:56:44 AM,EVENT 44731 1596268966 0/0/0/0/4 INPUT 7 1 0 v:124
1/08/2020 8:56:44 AM,252 Event OK
1/08/2020 8:56:45 AM,EVENT 44732 1596268966 0/0/0/0/4 INPUT 8 0 253 v:124
1/08/2020 8:56:45 AM,252 Event OK
1/08/2020 8:56:46 AM,EVENT 44733 1596268967 0/0/0/0/4 INPUT 1 1 0 v:124
1/08/2020 8:56:46 AM,252 Event OK
1/08/2020 8:56:46 AM,EVENT 44734 1596268968 0/0/0/0/5 INPUT 4 0 15 v:123
1/08/2020 8:56:46 AM,252 Event OK
1/08/2020 8:56:47 AM,EVENT 44735 1596268970 0/0/0/0/0 TRIP 44715 209 30 10 8 249 v:123
1/08/2020 8:56:47 AM,252 Event OK
1/08/2020 8:56:48 AM,EVENT 44736 1596268970 0/0/0/0/0 TRIPSUMMARY 44715 v:124
1/08/2020 8:56:48 AM,252 Event OK
1/08/2020 8:56:48 AM,EVENT 44737 1596269019 0/0/0/0/0 REPORT * 0 0 v:124
1/08/2020 8:56:48 AM,252 Event OK
1/08/2020 8:56:49 AM,EVENT 44738 1596270586 0/0/0/0/0 INPUT 8 1 0 v:124
1/08/2020 8:56:49 AM,252 Event OK
1/08/2020 8:56:50 AM,EVENT 44739 1596270587 0/0/0/0/0 INPUT 7 0 1621 v:124
1/08/2020 8:56:50 AM,252 Event OK
1/08/2020 8:56:50 AM,EVENT 44740 1596270597 0/0/0/0/0 SIGNON * 0 NOCARD 26 0 235000 v:124
1/08/2020 8:56:50 AM,252 Event OK
1/08/2020 8:56:51 AM,EVENT 44741 1596270609 0/0/0/0/0 SIGNON 2473 01b9f4cc OK 26 230599 0 v:124
1/08/2020 8:56:51 AM,252 Event OK
1/08/2020 8:56:52 AM,EVENT 44742 1596270616 0/0/0/0/0 INPUT 1 0 1649 v:124
1/08/2020 8:56:52 AM,252 Event OK
1/08/2020 8:56:52 AM,EVENT 44743 1596270616 0/0/0/0/0 INPUT 4 1 0 v:124
1/08/2020 8:56:52 AM,252 Event OK
1/08/2020 8:56:53 AM,EVENT 44744 1596270617 0/0/0/0/0 OILPRESSURE 44741 3 v:124
1/08/2020 8:56:53 AM,252 Event OK
1/08/2020 8:56:54 AM,EVENT 44745 1596270623 0/0/0/0/0 INPUT 4 0 7 v:124
1/08/2020 8:56:54 AM,252 Event OK
1/08/2020 8:56:54 AM,EVENT 44746 1596270624 0/0/0/0/0 INPUT 4 1 0 v:124
1/08/2020 8:56:54 AM,252 Event OK
1/08/2020 8:56:55 AM,EVENT 44747 1596270633 0/0/0/0/7 INPUT 3 1 0 v:124
1/08/2020 8:56:55 AM,252 Event OK
1/08/2020 8:56:56 AM,EVENT 44748 1596270643 0/0/0/0/11 INPUT 3 0 10 v:124
1/08/2020 8:56:56 AM,252 Event OK
1/08/2020 8:56:57 AM,EVENT 44749 1596270700 0/0/0/0/0 INPUT 4 0 77 v:124
1/08/2020 8:56:57 AM,252 Event OK
1/08/2020 8:56:57 AM,EVENT 44750 1596270700 0/0/0/0/0 INPUT 4 1 0 v:124
1/08/2020 8:56:57 AM,252 Event OK
1/08/2020 8:56:58 AM,EVENT 44751 1596270704 0/0/0/0/6 INPUT 3 1 0 v:124
1/08/2020 8:56:58 AM,252 Event OK
1/08/2020 8:56:59 AM,EVENT 44752 1596270706 0/0/0/0/10 INPUT 3 0 2 v:124
1/08/2020 8:56:59 AM,252 Event OK
1/08/2020 8:56:59 AM,EVENT 44753 1596270706 0/0/0/0/8 INPUT 3 1 0 v:124
1/08/2020 8:56:59 AM,252 Event OK
1/08/2020 8:57:00 AM,EVENT 44754 1596270828 0/0/0/0/9 INPUT 3 0 121 v:124
1/08/2020 8:57:00 AM,252 Event OK
1/08/2020 8:57:01 AM,EVENT 44755 1596270839 0/0/0/0/3 INPUT 4 0 139 v:124
1/08/2020 8:57:01 AM,252 Event OK
1/08/2020 8:57:01 AM,EVENT 44756 1596270839 0/0/0/0/3 INPUT 4 1 0 v:124
1/08/2020 8:57:01 AM,252 Event OK
1/08/2020 8:57:02 AM,EVENT 44757 1596270844 0/0/0/0/3 INPUT 4 0 5 v:124
1/08/2020 8:57:02 AM,252 Event OK
1/08/2020 8:57:03 AM,EVENT 44758 1596270844 0/0/0/0/3 INPUT 4 1 0 v:124
1/08/2020 8:57:03 AM,252 Event OK
1/08/2020 8:57:03 AM,EVENT 44759 1596270849 0/0/0/0/3 REPORT 44741 0 0 v:124
1/08/2020 8:57:03 AM,252 Event OK
1/08/2020 8:57:04 AM,EVENT 44760 1596270866 0/0/0/0/6 INPUT 3 1 0 v:124
1/08/2020 8:57:04 AM,252 Event OK
1/08/2020 8:57:05 AM,EVENT 44761 1596270870 0/0/0/0/13 INPUT 3 0 4 v:124
1/08/2020 8:57:05 AM,252 Event OK
1/08/2020 8:57:05 AM,EVENT 44762 1596270871 0/0/0/0/8 INPUT 3 1 0 v:124
1/08/2020 8:57:05 AM,252 Event OK
1/08/2020 8:57:06 AM,EVENT 44763 1596270878 0/0/0/0/13 INPUT 3 0 8 v:124
1/08/2020 8:57:06 AM,252 Event OK
1/08/2020 8:57:06 AM,EVENT 44764 1596270886 0/0/0/0/0 INPUT 4 0 42 v:124
1/08/2020 8:57:06 AM,252 Event OK
1/08/2020 8:57:07 AM,EVENT 44765 1596270886 0/0/0/0/0 INPUT 4 1 0 v:124
1/08/2020 8:57:07 AM,252 Event OK
1/08/2020 8:57:08 AM,EVENT 44766 1596270895 0/0/0/0/5 INPUT 3 1 0 v:124
1/08/2020 8:57:08 AM,252 Event OK
1/08/2020 8:57:08 AM,EVENT 44767 1596270896 0/0/0/0/7 INPUT 3 0 1 v:124
1/08/2020 8:57:08 AM,252 Event OK
1/08/2020 8:57:09 AM,EVENT 44768 1596270898 0/0/0/0/6 INPUT 3 1 0 v:124
1/08/2020 8:57:09 AM,252 Event OK
1/08/2020 8:57:09 AM,EVENT 44769 1596270966 0/0/0/0/12 INPUT 3 0 69 v:124
1/08/2020 8:57:09 AM,252 Event OK
1/08/2020 8:57:10 AM,EVENT 44770 1596270983 0/0/0/0/5 INPUT 3 1 0 v:124
1/08/2020 8:57:10 AM,252 Event OK
1/08/2020 8:57:10 AM,EVENT 44771 1596271811 0/0/0/0/14 INPUT 3 0 829 v:124
1/08/2020 8:57:10 AM,252 Event OK
1/08/2020 8:57:11 AM,EVENT 44772 1596271820 0/0/0/0/5 INPUT 3 1 0 v:124
1/08/2020 8:57:11 AM,252 Event OK
1/08/2020 8:57:12 AM,EVENT 44773 1596271822 0/0/0/0/10 INPUT 3 0 1 v:124
1/08/2020 8:57:12 AM,252 Event OK
1/08/2020 8:57:12 AM,EVENT 44774 1596271823 0/0/0/0/7 INPUT 3 1 0 v:124
1/08/2020 8:57:12 AM,252 Event OK
1/08/2020 8:57:13 AM,EVENT 44775 1596271845 0/0/0/99/9 INPUT 3 0 22 v:124
1/08/2020 8:57:13 AM,252 Event OK
1/08/2020 8:57:14 AM,EVENT 44776 1596271847 0/0/0/99/8 INPUT 3 1 0 v:124
1/08/2020 8:57:14 AM,252 Event OK
1/08/2020 8:57:14 AM,EVENT 44777 1596271930 0/0/0/0/9 INPUT 3 0 83 v:124
1/08/2020 8:57:14 AM,252 Event OK
1/08/2020 8:57:15 AM,EVENT 44778 1596271933 0/0/0/0/8 INPUT 3 1 0 v:124
1/08/2020 8:57:15 AM,252 Event OK
1/08/2020 8:57:15 AM,EVENT 44779 1596271935 0/0/0/0/9 INPUT 3 0 1 v:124
1/08/2020 8:57:15 AM,252 Event OK
1/08/2020 8:57:16 AM,EVENT 44780 1596271936 0/0/0/0/8 INPUT 3 1 0 v:124
1/08/2020 8:57:16 AM,252 Event OK
1/08/2020 8:57:17 AM,EVENT 44781 1596271937 0/0/0/0/9 INPUT 3 0 2 v:124
1/08/2020 8:57:17 AM,252 Event OK
1/08/2020 8:57:17 AM,EVENT 44782 1596271943 0/0/0/0/8 INPUT 3 1 0 v:124
1/08/2020 8:57:17 AM,252 Event OK
1/08/2020 8:57:18 AM,EVENT 44783 1596271944 0/0/0/0/9 INPUT 3 0 2 v:124
1/08/2020 8:57:18 AM,252 Event OK
1/08/2020 8:57:18 AM,EVENT 44784 1596271950 0/0/0/0/8 INPUT 3 1 0 v:124
1/08/2020 8:57:18 AM,252 Event OK
1/08/2020 8:57:19 AM,EVENT 44785 1596271954 0/0/0/0/9 INPUT 3 0 4 v:124
1/08/2020 8:57:19 AM,252 Event OK
1/08/2020 8:57:20 AM,EVENT 44786 1596271957 0/0/0/0/8 INPUT 3 1 0 v:124
1/08/2020 8:57:20 AM,252 Event OK
1/08/2020 8:57:20 AM,EVENT 44787 1596271958 0/0/0/0/8 INPUT 3 0 1 v:124
1/08/2020 8:57:20 AM,252 Event OK
1/08/2020 8:57:21 AM,EVENT 44788 1596271960 0/0/0/0/8 INPUT 3 1 0 v:124
1/08/2020 8:57:21 AM,252 Event OK
1/08/2020 8:57:21 AM,EVENT 44789 1596271965 0/0/0/0/9 INPUT 3 0 6 v:124
1/08/2020 8:57:21 AM,252 Event OK
1/08/2020 8:57:22 AM,EVENT 44790 1596271968 0/0/0/0/8 INPUT 3 1 0 v:124
1/08/2020 8:57:22 AM,252 Event OK
1/08/2020 8:57:23 AM,EVENT 44791 1596271970 0/0/0/0/9 INPUT 3 0 1 v:124
1/08/2020 8:57:23 AM,252 Event OK
1/08/2020 8:57:23 AM,EVENT 44792 1596271971 0/0/0/0/8 INPUT 3 1 0 v:124
1/08/2020 8:57:23 AM,252 Event OK
1/08/2020 8:57:24 AM,EVENT 44793 1596272003 0/0/0/0/9 INPUT 3 0 33 v:124
1/08/2020 8:57:24 AM,252 Event OK
1/08/2020 8:57:24 AM,EVENT 44794 1596272006 -310127097/1219218498/13327/0/8 INPUT 3 1 0 v:124
1/08/2020 8:57:24 AM,252 Event OK
1/08/2020 8:57:25 AM,EVENT 44795 1596272041 -310122055/1219228351/1453/0/10 INPUT 3 0 35 v:124
1/08/2020 8:57:25 AM,252 Event OK
1/08/2020 8:57:26 AM,EVENT 44796 1596272045 -310122017/1219228482/1308/0/6 INPUT 7 1 0 v:124
1/08/2020 8:57:26 AM,252 Event OK
1/08/2020 8:57:26 AM,EVENT 44797 1596272045 -310122017/1219228482/1308/0/6 INPUT 8 0 1458 v:124
1/08/2020 8:57:26 AM,252 Event OK
1/08/2020 8:57:27 AM,EVENT 44798 1596272046 -310122017/1219228481/1296/0/0 INPUT 1 1 0 v:124
1/08/2020 8:57:27 AM,252 Event OK
1/08/2020 8:57:28 AM,EVENT 44799 1596272046 -310122018/1219228480/1286/0/0 INPUT 4 0 1160 v:124
1/08/2020 8:57:28 AM,252 Event OK
1/08/2020 8:57:29 AM,EVENT 44800 1596272049 -310122023/1219228476/1215/0/0 TRIP 44741 1235 195 10 7 1440 v:124
1/08/2020 8:57:29 AM,252 Event OK
1/08/2020 8:57:29 AM,EVENT 44801 1596272049 -310122023/1219228476/1215/0/0 TRIPSUMMARY 44741 v:124
1/08/2020 8:57:29 AM,252 Event OK
1/08/2020 8:57:30 AM,QUIT
1/08/2020 8:57:30 AM,221 Session ended - goodbye
1/08/2020 9:00:13 AM,UNIT 9279
1/08/2020 9:00:13 AM,333 CHAL 38127314
1/08/2020 9:00:13 AM,RESP A8BB4CB9
1/08/2020 9:00:13 AM,230 Auth OK
1/08/2020 9:00:14 AM,TIME
1/08/2020 9:00:14 AM,211 TIME 1596272414
1/08/2020 9:00:15 AM,EVCOUNT 2
1/08/2020 9:00:15 AM,252 Event OK
1/08/2020 9:00:15 AM,TODO
1/08/2020 9:00:15 AM,125 TODO GETXML 2000 Operators 
225 Work list complete
1/08/2020 9:00:16 AM,GETXML
1/08/2020 9:00:16 AM,Binary data 4200 bytes
1/08/2020 9:00:31 AM,GOT Operators 4152 1C8F75B1
1/08/2020 9:00:31 AM,250 Download OK
1/08/2020 9:00:34 AM,EVENT 44802 1596272404 -310121974/1219228365/837/0/0 INPUT 8 1 0 v:124
1/08/2020 9:00:34 AM,252 Event OK
1/08/2020 9:00:40 AM,EVENT 44803 1596272405 -310121973/1219228369/836/0/0 INPUT 7 0 360 v:124
1/08/2020 9:00:40 AM,252 Event OK
1/08/2020 9:00:40 AM,EVENT 44804 1596272413 -310121977/1219228389/830/0/0 SIGNON 2473 01b9f4cc OK 26 230599 0 v:124
1/08/2020 9:00:40 AM,252 Event OK
1/08/2020 9:00:41 AM,EVENT 44805 1596272420 -310121967/1219228441/832/1/0 INPUT 1 0 374 v:123
1/08/2020 9:00:41 AM,252 Event OK
1/08/2020 9:00:42 AM,EVENT 44806 1596272420 -310121967/1219228441/832/1/0 INPUT 4 1 0 v:123
1/08/2020 9:00:42 AM,252 Event OK
1/08/2020 9:00:42 AM,EVENT 44807 1596272421 -310121966/1219228455/835/1/0 OILPRESSURE 44804 3 v:123
1/08/2020 9:00:42 AM,252 Event OK
1/08/2020 9:00:42 AM,EVENT 44808 1596272430 -310121829/1219228852/834/1/5 INPUT 3 1 0 v:124
1/08/2020 9:00:42 AM,252 Event OK
1/08/2020 9:00:42 AM,QUIT
1/08/2020 9:00:42 AM,221 Session ended - goodbye
1/08/2020 9:01:33 AM,UNIT 9279
1/08/2020 9:01:33 AM,333 CHAL 2E5033C5
1/08/2020 9:01:34 AM,RESP 744DE870
1/08/2020 9:01:34 AM,230 Auth OK
1/08/2020 9:01:35 AM,TIME
1/08/2020 9:01:35 AM,211 TIME 1596272495
1/08/2020 9:01:37 AM,EVCOUNT 1
1/08/2020 9:01:37 AM,252 Event OK
1/08/2020 9:01:38 AM,TODO
1/08/2020 9:01:38 AM,226 Nothing to do
1/08/2020 9:01:40 AM,EVENT 44809 1596272485 -310128281/1219230516/846/9/11 INPUT 3 0 55 v:124
1/08/2020 9:01:40 AM,252 Event OK
1/08/2020 9:01:41 AM,QUIT
1/08/2020 9:01:41 AM,221 Session ended - goodbye
1/08/2020 9:02:01 AM,UNIT 9279
1/08/2020 9:02:01 AM,333 CHAL 3B334959
1/08/2020 9:02:03 AM,RESP FAEFD32B
1/08/2020 9:02:03 AM,230 Auth OK
1/08/2020 9:02:05 AM,TIME
1/08/2020 9:02:05 AM,211 TIME 1596272525
1/08/2020 9:02:06 AM,EVCOUNT 2
1/08/2020 9:02:06 AM,252 Event OK
1/08/2020 9:02:07 AM,TODO
1/08/2020 9:02:07 AM,226 Nothing to do
1/08/2020 9:02:09 AM,EVENT 44810 1596272513 -310128386/1219230407/865/3/0 INPUT 4 0 94 v:124
1/08/2020 9:02:09 AM,252 Event OK
1/08/2020 9:02:12 AM,EVENT 44811 1596272513 -310128386/1219230407/865/3/0 INPUT 4 1 0 v:124
1/08/2020 9:02:12 AM,252 Event OK
1/08/2020 9:02:13 AM,QUIT
1/08/2020 9:02:13 AM,221 Session ended - goodbye
1/08/2020 9:02:34 AM,UNIT 9279
1/08/2020 9:02:34 AM,333 CHAL 66F484DE
1/08/2020 9:02:35 AM,RESP 60557FB7
1/08/2020 9:02:35 AM,230 Auth OK
1/08/2020 9:02:36 AM,TIME
1/08/2020 9:02:36 AM,211 TIME 1596272556
1/08/2020 9:02:38 AM,EVCOUNT 2
1/08/2020 9:02:38 AM,252 Event OK
1/08/2020 9:02:39 AM,TODO
1/08/2020 9:02:39 AM,226 Nothing to do
1/08/2020 9:02:40 AM,EVENT 44812 1596272546 -310128513/1219230481/864/3/0 INPUT 4 0 33 v:124
1/08/2020 9:02:40 AM,252 Event OK
1/08/2020 9:02:42 AM,EVENT 44813 1596272546 -310128513/1219230481/864/3/0 INPUT 4 1 0 v:124
1/08/2020 9:02:42 AM,252 Event OK
1/08/2020 9:02:43 AM,QUIT
1/08/2020 9:02:43 AM,221 Session ended - goodbye
1/08/2020 9:03:19 AM,UNIT 9279
1/08/2020 9:03:19 AM,333 CHAL 36512D15
1/08/2020 9:03:20 AM,RESP 77810C76
1/08/2020 9:03:20 AM,230 Auth OK
1/08/2020 9:03:22 AM,TIME
1/08/2020 9:03:22 AM,211 TIME 1596272602
1/08/2020 9:03:24 AM,EVCOUNT 2
1/08/2020 9:03:24 AM,252 Event OK
1/08/2020 9:03:25 AM,TODO
1/08/2020 9:03:25 AM,226 Nothing to do
1/08/2020 9:03:27 AM,EVENT 44814 1596272590 -310128448/1219230509/905/3/0 INPUT 4 0 44 v:124
1/08/2020 9:03:27 AM,252 Event OK
1/08/2020 9:03:28 AM,EVENT 44815 1596272590 -310128448/1219230509/905/3/0 INPUT 4 1 0 v:124
1/08/2020 9:03:28 AM,252 Event OK
1/08/2020 9:03:29 AM,QUIT
1/08/2020 9:03:29 AM,221 Session ended - goodbye
1/08/2020 9:08:20 AM,UNIT 9279
1/08/2020 9:08:20 AM,333 CHAL 28C63BE9
1/08/2020 9:08:20 AM,RESP E7C3614F
1/08/2020 9:08:20 AM,230 Auth OK
1/08/2020 9:08:21 AM,TIME
1/08/2020 9:08:21 AM,211 TIME 1596272901
1/08/2020 9:08:22 AM,EVCOUNT 11
1/08/2020 9:08:22 AM,252 Event OK
1/08/2020 9:08:22 AM,TODO
1/08/2020 9:08:22 AM,226 Nothing to do
1/08/2020 9:08:23 AM,EVENT 44816 1596272665 -310128457/1219230457/779/2/0 INPUT 4 0 75 v:124
1/08/2020 9:08:23 AM,252 Event OK
1/08/2020 9:08:24 AM,EVENT 44817 1596272665 -310128457/1219230457/779/2/0 INPUT 4 1 0 v:124
1/08/2020 9:08:24 AM,252 Event OK
1/08/2020 9:08:25 AM,EVENT 44818 1596272679 -310128467/1219230405/780/2/0 REPORT 44804 0 225 v:124
1/08/2020 9:08:25 AM,252 Event OK
1/08/2020 9:08:25 AM,EVENT 44819 1596272701 -310128521/1219228522/775/0/5 INPUT 4 0 36 v:124
1/08/2020 9:08:25 AM,252 Event OK
1/08/2020 9:08:26 AM,EVENT 44820 1596272701 -310128512/1219228518/777/0/0 INPUT 4 1 0 v:124
1/08/2020 9:08:26 AM,252 Event OK
1/08/2020 9:08:27 AM,EVENT 44821 1596272711 -310128455/1219228497/798/0/0 INPUT 7 1 0 v:124
1/08/2020 9:08:27 AM,252 Event OK
1/08/2020 9:08:28 AM,EVENT 44822 1596272711 -310128455/1219228497/798/0/0 INPUT 8 0 308 v:124
1/08/2020 9:08:28 AM,252 Event OK
1/08/2020 9:08:29 AM,EVENT 44823 1596272712 -310128453/1219228497/798/0/0 INPUT 1 1 0 v:124
1/08/2020 9:08:29 AM,252 Event OK
1/08/2020 9:08:29 AM,EVENT 44824 1596272715 -310128446/1219228496/791/0/0 INPUT 4 0 14 v:124
1/08/2020 9:08:29 AM,252 Event OK
1/08/2020 9:08:30 AM,EVENT 44825 1596272716 -310128444/1219228498/787/0/0 TRIP 44804 55 241 8 7 304 v:124
1/08/2020 9:08:30 AM,252 Event OK
1/08/2020 9:08:31 AM,EVENT 44826 1596272716 -310128444/1219228498/787/0/0 TRIPSUMMARY 44804 v:124
1/08/2020 9:08:31 AM,252 Event OK
1/08/2020 9:08:32 AM,EVENT 44827 1596272903 -310128439/1219228590/777/3/0 INPUT 8 1 0 v:123
1/08/2020 9:08:32 AM,252 Event OK
1/08/2020 9:08:33 AM,EVENT 44828 1596272904 -310128440/1219228588/779/3/0 INPUT 7 0 192 v:123
1/08/2020 9:08:33 AM,252 Event OK
1/08/2020 9:08:33 AM,QUIT
1/08/2020 9:08:33 AM,221 Session ended - goodbye
1/08/2020 9:08:44 AM,UNIT 9279
1/08/2020 9:08:44 AM,333 CHAL 4C467E62
1/08/2020 9:08:45 AM,RESP D78924A9
1/08/2020 9:08:45 AM,230 Auth OK
1/08/2020 9:08:46 AM,TIME
1/08/2020 9:08:46 AM,211 TIME 1596272926
1/08/2020 9:08:46 AM,EVCOUNT 4
1/08/2020 9:08:46 AM,252 Event OK
1/08/2020 9:08:47 AM,TODO
1/08/2020 9:08:47 AM,226 Nothing to do
1/08/2020 9:08:48 AM,EVENT 44829 1596272912 -310128482/1219228560/796/3/0 SIGNON 2473 01b9f4cc OK 26 230599 0 v:124
1/08/2020 9:08:48 AM,252 Event OK
1/08/2020 9:08:49 AM,EVENT 44830 1596272918 -310128509/1219228532/820/3/0 INPUT 4 1 0 v:124
1/08/2020 9:08:49 AM,252 Event OK
1/08/2020 9:08:50 AM,EVENT 44831 1596272918 -310128511/1219228530/822/3/0 INPUT 1 0 206 v:124
1/08/2020 9:08:50 AM,252 Event OK
1/08/2020 9:08:51 AM,EVENT 44832 1596272919 -310128516/1219228524/826/3/0 OILPRESSURE 44829 2 v:124
1/08/2020 9:08:51 AM,252 Event OK
1/08/2020 9:08:52 AM,QUIT
1/08/2020 9:08:52 AM,221 Session ended - goodbye
1/08/2020 9:09:12 AM,UNIT 9279
1/08/2020 9:09:12 AM,333 CHAL 410398EA
1/08/2020 9:09:12 AM,RESP 66C3041A
1/08/2020 9:09:12 AM,230 Auth OK
1/08/2020 9:09:13 AM,TIME
1/08/2020 9:09:13 AM,211 TIME 1596272953
1/08/2020 9:09:13 AM,EVCOUNT 1
1/08/2020 9:09:13 AM,252 Event OK
1/08/2020 9:09:14 AM,TODO
1/08/2020 9:09:14 AM,226 Nothing to do
1/08/2020 9:09:15 AM,EVENT 44833 1596272942 -310129105/1219228502/768/0/5 INPUT 3 1 0 v:124
1/08/2020 9:09:15 AM,252 Event OK
1/08/2020 9:09:15 AM,QUIT
1/08/2020 9:09:15 AM,221 Session ended - goodbye
1/08/2020 9:17:55 AM,UNIT 9279
1/08/2020 9:17:55 AM,333 CHAL 8E1DFA1
1/08/2020 9:17:55 AM,RESP 58D829B0
1/08/2020 9:17:55 AM,230 Auth OK
1/08/2020 9:17:55 AM,TIME
1/08/2020 9:17:55 AM,211 TIME 1596273475
1/08/2020 9:17:56 AM,EVCOUNT 23
1/08/2020 9:17:56 AM,252 Event OK
1/08/2020 9:17:56 AM,TODO
1/08/2020 9:17:56 AM,226 Nothing to do
1/08/2020 9:17:56 AM,EVENT 44834 1596273081 -310130229/1219222060/732/0/10 INPUT 3 0 139 v:124
1/08/2020 9:17:56 AM,252 Event OK
1/08/2020 9:17:56 AM,EVENT 44835 1596273140 -310130273/1219221899/741/4/0 INPUT 7 1 0 v:124
1/08/2020 9:17:56 AM,252 Event OK
1/08/2020 9:17:57 AM,EVENT 44836 1596273140 -310130272/1219221901/741/4/0 INPUT 8 0 238 v:124
1/08/2020 9:17:57 AM,252 Event OK
1/08/2020 9:17:57 AM,EVENT 44837 1596273141 -310130268/1219221904/739/4/0 INPUT 1 1 0 v:124
1/08/2020 9:17:57 AM,252 Event OK
1/08/2020 9:17:57 AM,EVENT 44838 1596273142 -310130266/1219221907/739/4/0 INPUT 4 0 225 v:124
1/08/2020 9:17:57 AM,252 Event OK
1/08/2020 9:17:58 AM,EVENT 44839 1596273145 -310130253/1219221916/737/4/0 TRIP 44829 139 86 9 6 234 v:124
1/08/2020 9:17:58 AM,252 Event OK
1/08/2020 9:17:58 AM,EVENT 44840 1596273145 -310130252/1219221916/735/4/0 TRIPSUMMARY 44829 v:124
1/08/2020 9:17:58 AM,252 Event OK
1/08/2020 9:17:58 AM,EVENT 44841 1596273264 -310130233/1219222003/712/4/0 INPUT 8 1 0 v:124
1/08/2020 9:17:58 AM,252 Event OK
1/08/2020 9:17:58 AM,EVENT 44842 1596273264 -310130234/1219222001/712/4/0 INPUT 7 0 123 v:124
1/08/2020 9:17:58 AM,252 Event OK
1/08/2020 9:17:59 AM,EVENT 44843 1596273272 -310130269/1219221988/707/4/0 SIGNON 2473 01b9f4cc OK 26 230599 0 v:124
1/08/2020 9:17:59 AM,252 Event OK
1/08/2020 9:17:59 AM,EVENT 44844 1596273281 -310130318/1219221990/695/4/0 INPUT 4 1 0 v:124
1/08/2020 9:17:59 AM,252 Event OK
1/08/2020 9:17:59 AM,EVENT 44845 1596273289 -310130358/1219221990/703/4/0 INPUT 1 0 148 v:124
1/08/2020 9:17:59 AM,252 Event OK
1/08/2020 9:18:00 AM,EVENT 44846 1596273291 -310130348/1219221999/702/4/0 OILPRESSURE 44843 13 v:124
1/08/2020 9:18:00 AM,252 Event OK
1/08/2020 9:18:00 AM,EVENT 44847 1596273299 -310130696/1219221608/714/4/7 INPUT 3 1 0 v:124
1/08/2020 9:18:00 AM,252 Event OK
1/08/2020 9:18:00 AM,EVENT 44848 1596273300 -310130865/1219221471/724/4/9 INPUT 3 0 1 v:124
1/08/2020 9:18:00 AM,252 Event OK
1/08/2020 9:18:01 AM,EVENT 44849 1596273302 -310131241/1219221204/748/4/7 INPUT 3 1 0 v:124
1/08/2020 9:18:01 AM,252 Event OK
1/08/2020 9:18:01 AM,EVENT 44850 1596273351 -310143365/1219230586/836/2/10 INPUT 3 0 48 v:124
1/08/2020 9:18:01 AM,252 Event OK
1/08/2020 9:18:01 AM,EVENT 44851 1596273356 -310143507/1219230606/839/2/0 INPUT 7 1 0 v:124
1/08/2020 9:18:01 AM,252 Event OK
1/08/2020 9:18:02 AM,EVENT 44852 1596273356 -310143507/1219230606/839/2/0 INPUT 8 0 92 v:124
1/08/2020 9:18:02 AM,252 Event OK
1/08/2020 9:18:02 AM,EVENT 44853 1596273357 -310143503/1219230602/839/2/0 INPUT 1 1 0 v:124
1/08/2020 9:18:02 AM,252 Event OK
1/08/2020 9:18:02 AM,EVENT 44854 1596273359 -310143492/1219230591/841/2/0 INPUT 4 0 77 v:124
1/08/2020 9:18:02 AM,252 Event OK
1/08/2020 9:18:03 AM,EVENT 44855 1596273360 -310143486/1219230587/836/2/0 TRIP 44843 49 28 11 9 88 v:124
1/08/2020 9:18:03 AM,252 Event OK
1/08/2020 9:18:03 AM,EVENT 44856 1596273360 -310143486/1219230587/836/2/0 TRIPSUMMARY 44843 v:124
1/08/2020 9:18:03 AM,252 Event OK
1/08/2020 9:18:03 AM,QUIT
1/08/2020 9:18:03 AM,221 Session ended - goodbye
1/08/2020 10:10:57 AM,UNIT 9279
1/08/2020 10:10:57 AM,333 CHAL 514B05BC
1/08/2020 10:10:57 AM,RESP FB552274
1/08/2020 10:10:57 AM,230 Auth OK
1/08/2020 10:10:58 AM,TIME
1/08/2020 10:10:58 AM,211 TIME 1596276658
1/08/2020 10:10:58 AM,EVCOUNT 9
1/08/2020 10:10:58 AM,252 Event OK
1/08/2020 10:10:58 AM,TODO
1/08/2020 10:10:58 AM,226 Nothing to do
1/08/2020 10:10:58 AM,EVENT 44857 1596276628 0/0/0/0/0 SWSTART OpusFC 5.0.58.510 R v:123
1/08/2020 10:10:58 AM,252 Event OK
1/08/2020 10:10:59 AM,EVENT 44858 1596273360 0/0/0/0/0 POWERDOWN v:124
1/08/2020 10:10:59 AM,252 Event OK
1/08/2020 10:10:59 AM,EVENT 44859 1596276628 0/0/0/0/0 INPUT 1 1 0 v:123
1/08/2020 10:10:59 AM,252 Event OK
1/08/2020 10:10:59 AM,EVENT 44860 1596276628 0/0/0/0/0 INPUT 2 0 0 v:123
1/08/2020 10:10:59 AM,252 Event OK
1/08/2020 10:10:59 AM,EVENT 44861 1596276628 0/0/0/0/0 INPUT 3 0 0 v:123
1/08/2020 10:10:59 AM,252 Event OK
1/08/2020 10:11:00 AM,EVENT 44862 1596276628 0/0/0/0/0 INPUT 4 0 0 v:123
1/08/2020 10:11:00 AM,252 Event OK
1/08/2020 10:11:00 AM,EVENT 44863 1596276628 0/0/0/0/0 INPUT 7 0 0 v:123
1/08/2020 10:11:00 AM,252 Event OK
1/08/2020 10:11:00 AM,EVENT 44864 1596276628 0/0/0/0/0 INPUT 8 1 0 v:123
1/08/2020 10:11:00 AM,252 Event OK
1/08/2020 10:11:01 AM,EVENT 44865 1596276630 0/0/0/0/0 ZONE_OK 2 100 FW=NO VERSION v:123
1/08/2020 10:11:01 AM,252 Event OK
1/08/2020 10:11:01 AM,QUIT
1/08/2020 10:11:01 AM,221 Session ended - goodbye
1/08/2020 10:12:46 AM,UNIT 9279
1/08/2020 10:12:46 AM,333 CHAL 2A8B67CC
1/08/2020 10:12:47 AM,RESP D121066A
1/08/2020 10:12:47 AM,230 Auth OK
1/08/2020 10:12:47 AM,TIME
1/08/2020 10:12:47 AM,211 TIME 1596276767
1/08/2020 10:12:48 AM,EVCOUNT 1
1/08/2020 10:12:48 AM,252 Event OK
1/08/2020 10:12:48 AM,TODO
1/08/2020 10:12:48 AM,226 Nothing to do
1/08/2020 10:12:49 AM,EVENT 44866 1596276760 -310143593/1219230752/1002/4/0 SIGNON 2539 01d5f6d3 OK_CL 26 150496 0 v:123
1/08/2020 10:12:49 AM,252 Event OK
1/08/2020 10:12:50 AM,QUIT
1/08/2020 10:12:50 AM,221 Session ended - goodbye
1/08/2020 10:13:00 AM,UNIT 9279
1/08/2020 10:13:00 AM,333 CHAL 59558029
1/08/2020 10:13:01 AM,RESP 901FE568
1/08/2020 10:13:01 AM,230 Auth OK
1/08/2020 10:13:01 AM,TIME
1/08/2020 10:13:01 AM,211 TIME 1596276781
1/08/2020 10:13:02 AM,EVCOUNT 4
1/08/2020 10:13:02 AM,252 Event OK
1/08/2020 10:13:02 AM,TODO
1/08/2020 10:13:02 AM,226 Nothing to do
1/08/2020 10:13:03 AM,EVENT 44867 1596276766 -310143559/1219230774/1001/4/0 CHECKLIST 44866 OK 0 6 432 F v:123
1/08/2020 10:13:03 AM,252 Event OK
1/08/2020 10:13:04 AM,EVENT 44868 1596276772 -310143466/1219230773/973/4/0 INPUT 4 1 0 v:124
1/08/2020 10:13:04 AM,252 Event OK
1/08/2020 10:13:05 AM,EVENT 44869 1596276773 -310143466/1219230773/973/4/0 INPUT 1 0 144 v:124
1/08/2020 10:13:05 AM,252 Event OK
1/08/2020 10:13:06 AM,EVENT 44870 1596276774 -310143450/1219230775/975/4/0 OILPRESSURE 44866 6 v:124
1/08/2020 10:13:06 AM,252 Event OK
1/08/2020 10:13:07 AM,QUIT
1/08/2020 10:13:07 AM,221 Session ended - goodbye
1/08/2020 10:14:04 AM,UNIT 9279
1/08/2020 10:14:04 AM,333 CHAL 73457808
1/08/2020 10:14:04 AM,RESP F63901B1
1/08/2020 10:14:04 AM,230 Auth OK
1/08/2020 10:14:05 AM,TIME
1/08/2020 10:14:05 AM,211 TIME 1596276845
1/08/2020 10:14:06 AM,EVCOUNT 2
1/08/2020 10:14:06 AM,252 Event OK
1/08/2020 10:14:06 AM,TODO
1/08/2020 10:14:06 AM,226 Nothing to do
1/08/2020 10:14:07 AM,EVENT 44871 1596276837 -310143270/1219230794/985/4/2 INPUT 4 0 65 v:123
1/08/2020 10:14:07 AM,252 Event OK
1/08/2020 10:14:08 AM,EVENT 44872 1596276838 -310143270/1219230794/985/4/2 INPUT 4 1 0 v:123
1/08/2020 10:14:08 AM,252 Event OK
1/08/2020 10:14:08 AM,QUIT
1/08/2020 10:14:08 AM,221 Session ended - goodbye
1/08/2020 10:14:21 AM,UNIT 9279
1/08/2020 10:14:21 AM,333 CHAL 70A63D74
1/08/2020 10:14:21 AM,RESP 88810EC5
1/08/2020 10:14:21 AM,230 Auth OK
1/08/2020 10:14:22 AM,TIME
1/08/2020 10:14:22 AM,211 TIME 1596276862
1/08/2020 10:14:23 AM,EVCOUNT 1
1/08/2020 10:14:23 AM,252 Event OK
1/08/2020 10:14:23 AM,TODO
1/08/2020 10:14:23 AM,226 Nothing to do
1/08/2020 10:14:24 AM,EVENT 44873 1596276854 -310143010/1219230682/1027/2/7 INPUT 3 1 0 v:124
1/08/2020 10:14:24 AM,252 Event OK
1/08/2020 10:14:25 AM,QUIT
1/08/2020 10:14:25 AM,221 Session ended - goodbye
1/08/2020 10:15:31 AM,UNIT 9279
1/08/2020 10:15:31 AM,333 CHAL 335BDD61
1/08/2020 10:15:31 AM,RESP E6E3823C
1/08/2020 10:15:31 AM,230 Auth OK
1/08/2020 10:15:32 AM,TIME
1/08/2020 10:15:32 AM,211 TIME 1596276932
1/08/2020 10:15:32 AM,EVCOUNT 1
1/08/2020 10:15:32 AM,252 Event OK
1/08/2020 10:15:33 AM,TODO
1/08/2020 10:15:33 AM,226 Nothing to do
1/08/2020 10:15:34 AM,EVENT 44874 1596276924 -310124890/1219231901/984/7/11 INPUT 3 0 70 v:124
1/08/2020 10:15:34 AM,252 Event OK
1/08/2020 10:15:34 AM,QUIT
1/08/2020 10:15:34 AM,221 Session ended - goodbye
1/08/2020 10:15:46 AM,UNIT 9279
1/08/2020 10:15:46 AM,333 CHAL 3FD0F0F6
1/08/2020 10:15:46 AM,RESP 50A93824
1/08/2020 10:15:46 AM,230 Auth OK
1/08/2020 10:15:47 AM,TIME
1/08/2020 10:15:47 AM,211 TIME 1596276947
1/08/2020 10:15:47 AM,EVCOUNT 4
1/08/2020 10:15:47 AM,252 Event OK
1/08/2020 10:15:48 AM,TODO
1/08/2020 10:15:48 AM,226 Nothing to do
1/08/2020 10:15:49 AM,EVENT 44875 1596276940 -310124961/1219231611/992/10/0 INPUT 7 1 0 v:124
1/08/2020 10:15:49 AM,252 Event OK
1/08/2020 10:15:50 AM,EVENT 44876 1596276940 -310124961/1219231611/992/10/0 INPUT 8 0 311 v:124
1/08/2020 10:15:50 AM,252 Event OK
1/08/2020 10:15:51 AM,EVENT 44877 1596276941 -310124958/1219231609/991/10/0 INPUT 1 1 0 v:123
1/08/2020 10:15:51 AM,252 Event OK
1/08/2020 10:15:52 AM,EVENT 44878 1596276942 -310124956/1219231610/989/10/0 INPUT 4 0 105 v:123
1/08/2020 10:15:52 AM,252 Event OK
1/08/2020 10:15:52 AM,EVENT 44879 1596276944 -310124956/1219231610/987/10/0 TRIP 44866 70 100 11 9 181 v:123
1/08/2020 10:15:52 AM,252 Event OK
1/08/2020 10:15:53 AM,EVENT 44880 1596276944 -310124956/1219231610/987/10/0 TRIPSUMMARY 44866 v:123
1/08/2020 10:15:53 AM,252 Event OK
1/08/2020 10:15:54 AM,QUIT
1/08/2020 10:15:54 AM,221 Session ended - goodbye
1/08/2020 10:16:42 AM,UNIT 9279
1/08/2020 10:16:42 AM,333 CHAL 33A16BC8
1/08/2020 10:16:42 AM,RESP CD45AFE7
1/08/2020 10:16:42 AM,230 Auth OK
1/08/2020 10:16:43 AM,TIME
1/08/2020 10:16:43 AM,211 TIME 1596277003
1/08/2020 10:16:44 AM,EVCOUNT 1
1/08/2020 10:16:44 AM,252 Event OK
1/08/2020 10:16:44 AM,TODO
1/08/2020 10:16:44 AM,226 Nothing to do
1/08/2020 10:16:45 AM,EVENT 44881 1596276996 -310124897/1219231587/944/10/0 REPORT * 0 247 v:123
1/08/2020 10:16:45 AM,252 Event OK
1/08/2020 10:16:45 AM,QUIT
1/08/2020 10:16:45 AM,221 Session ended - goodbye
1/08/2020 10:17:02 AM,UNIT 9279
1/08/2020 10:17:02 AM,333 CHAL 746F53F8
1/08/2020 10:17:02 AM,RESP 7CBE871D
1/08/2020 10:17:02 AM,230 Auth OK
1/08/2020 10:17:03 AM,TIME
1/08/2020 10:17:03 AM,211 TIME 1596277023
1/08/2020 10:17:03 AM,EVCOUNT 2
1/08/2020 10:17:03 AM,252 Event OK
1/08/2020 10:17:04 AM,TODO
1/08/2020 10:17:04 AM,226 Nothing to do
1/08/2020 10:17:05 AM,EVENT 44882 1596277015 -310124943/1219231641/977/10/0 INPUT 8 1 0 v:123
1/08/2020 10:17:05 AM,252 Event OK
1/08/2020 10:17:05 AM,EVENT 44883 1596277016 -310124943/1219231641/977/10/0 INPUT 7 0 76 v:124
1/08/2020 10:17:05 AM,252 Event OK
1/08/2020 10:17:06 AM,QUIT
1/08/2020 10:17:06 AM,221 Session ended - goodbye
1/08/2020 10:17:31 AM,UNIT 9279
1/08/2020 10:17:31 AM,333 CHAL 75BF3CFE
1/08/2020 10:17:32 AM,RESP DA851C19
1/08/2020 10:17:32 AM,230 Auth OK
1/08/2020 10:17:32 AM,TIME
1/08/2020 10:17:32 AM,211 TIME 1596277052
1/08/2020 10:17:33 AM,EVCOUNT 1
1/08/2020 10:17:33 AM,252 Event OK
1/08/2020 10:17:33 AM,TODO
1/08/2020 10:17:33 AM,226 Nothing to do
1/08/2020 10:17:34 AM,EVENT 44884 1596277045 -310124996/1219231697/1007/10/0 SIGNON 2539 01d5f6d3 OK 26 150496 0 v:124
1/08/2020 10:17:34 AM,252 Event OK
1/08/2020 10:17:35 AM,QUIT
1/08/2020 10:17:35 AM,221 Session ended - goodbye
1/08/2020 10:17:45 AM,UNIT 9279
1/08/2020 10:17:45 AM,333 CHAL 745F79E7
1/08/2020 10:17:46 AM,RESP 1801C4EF
1/08/2020 10:17:46 AM,230 Auth OK
1/08/2020 10:17:46 AM,TIME
1/08/2020 10:17:46 AM,211 TIME 1596277066
1/08/2020 10:17:47 AM,EVCOUNT 3
1/08/2020 10:17:47 AM,252 Event OK
1/08/2020 10:17:47 AM,TODO
1/08/2020 10:17:47 AM,226 Nothing to do
1/08/2020 10:17:48 AM,EVENT 44885 1596277055 -310124923/1219231713/1030/10/0 INPUT 1 0 114 v:124
1/08/2020 10:17:48 AM,252 Event OK
1/08/2020 10:17:49 AM,EVENT 44886 1596277056 -310124919/1219231716/1032/10/0 INPUT 4 1 0 v:124
1/08/2020 10:17:49 AM,252 Event OK
1/08/2020 10:17:50 AM,EVENT 44887 1596277056 -310124912/1219231722/1035/10/0 OILPRESSURE 44884 6 v:124
1/08/2020 10:17:50 AM,252 Event OK
1/08/2020 10:17:50 AM,QUIT
1/08/2020 10:17:50 AM,221 Session ended - goodbye
1/08/2020 10:18:01 AM,UNIT 9279
1/08/2020 10:18:01 AM,333 CHAL 62F6097B
1/08/2020 10:18:02 AM,RESP 5EC661C5
1/08/2020 10:18:02 AM,230 Auth OK
1/08/2020 10:18:02 AM,TIME
1/08/2020 10:18:02 AM,211 TIME 1596277082
1/08/2020 10:18:03 AM,EVCOUNT 1
1/08/2020 10:18:03 AM,252 Event OK
1/08/2020 10:18:03 AM,TODO
1/08/2020 10:18:03 AM,226 Nothing to do
1/08/2020 10:18:04 AM,EVENT 44888 1596277073 -310124151/1219232505/975/10/3 INPUT 3 1 0 v:123
1/08/2020 10:18:04 AM,252 Event OK
1/08/2020 10:18:04 AM,QUIT
1/08/2020 10:18:04 AM,221 Session ended - goodbye
1/08/2020 10:18:50 AM,UNIT 9279
1/08/2020 10:18:50 AM,333 CHAL 4049A302
1/08/2020 10:18:50 AM,RESP 51D4F71C
1/08/2020 10:18:50 AM,230 Auth OK
1/08/2020 10:18:51 AM,TIME
1/08/2020 10:18:51 AM,211 TIME 1596277131
1/08/2020 10:18:51 AM,EVCOUNT 3
1/08/2020 10:18:51 AM,252 Event OK
1/08/2020 10:18:52 AM,TODO
1/08/2020 10:18:52 AM,226 Nothing to do
1/08/2020 10:18:52 AM,EVENT 44889 1596277116 -310120718/1219230543/979/8/12 INPUT 3 0 43 v:124
1/08/2020 10:18:52 AM,252 Event OK
1/08/2020 10:18:53 AM,EVENT 44890 1596277125 -310121382/1219229320/988/1/3 INPUT 4 0 70 v:124
1/08/2020 10:18:53 AM,252 Event OK
1/08/2020 10:18:54 AM,EVENT 44891 1596277126 -310121395/1219229301/993/1/3 INPUT 4 1 0 v:124
1/08/2020 10:18:54 AM,252 Event OK
1/08/2020 10:18:54 AM,QUIT
1/08/2020 10:18:54 AM,221 Session ended - goodbye
1/08/2020 10:19:11 AM,UNIT 9279
1/08/2020 10:19:11 AM,333 CHAL 6A5843A9
1/08/2020 10:19:11 AM,RESP 4C39B388
1/08/2020 10:19:11 AM,230 Auth OK
1/08/2020 10:19:12 AM,TIME
1/08/2020 10:19:12 AM,211 TIME 1596277152
1/08/2020 10:19:12 AM,EVCOUNT 2
1/08/2020 10:19:12 AM,252 Event OK
1/08/2020 10:19:13 AM,TODO
1/08/2020 10:19:13 AM,226 Nothing to do
1/08/2020 10:19:13 AM,EVENT 44892 1596277144 -310121420/1219229189/977/1/0 INPUT 4 0 19 v:124
1/08/2020 10:19:13 AM,252 Event OK
1/08/2020 10:19:14 AM,EVENT 44893 1596277144 -310121421/1219229188/976/1/0 INPUT 4 1 0 v:124
1/08/2020 10:19:14 AM,252 Event OK
1/08/2020 10:19:14 AM,QUIT
1/08/2020 10:19:14 AM,221 Session ended - goodbye
1/08/2020 10:19:44 AM,UNIT 9279
1/08/2020 10:19:44 AM,333 CHAL 40F1E341
1/08/2020 10:19:45 AM,RESP 453E89B9
1/08/2020 10:19:45 AM,230 Auth OK
1/08/2020 10:19:45 AM,TIME
1/08/2020 10:19:45 AM,211 TIME 1596277185
1/08/2020 10:19:46 AM,EVCOUNT 2
1/08/2020 10:19:46 AM,252 Event OK
1/08/2020 10:19:47 AM,TODO
1/08/2020 10:19:47 AM,226 Nothing to do
1/08/2020 10:19:48 AM,EVENT 44894 1596277177 -310121496/1219229393/912/0/0 INPUT 4 0 33 v:124
1/08/2020 10:19:48 AM,252 Event OK
1/08/2020 10:19:48 AM,EVENT 44895 1596277177 -310121498/1219229395/913/0/0 INPUT 4 1 0 v:124
1/08/2020 10:19:48 AM,252 Event OK
1/08/2020 10:19:49 AM,QUIT
1/08/2020 10:19:49 AM,221 Session ended - goodbye
1/08/2020 10:20:06 AM,UNIT 9279
1/08/2020 10:20:06 AM,333 CHAL 7EAFFE2D
1/08/2020 10:20:06 AM,RESP 0548B637
1/08/2020 10:20:06 AM,230 Auth OK
1/08/2020 10:20:07 AM,TIME
1/08/2020 10:20:07 AM,211 TIME 1596277207
1/08/2020 10:20:07 AM,EVCOUNT 1
1/08/2020 10:20:07 AM,252 Event OK
1/08/2020 10:20:08 AM,TODO
1/08/2020 10:20:08 AM,226 Nothing to do
1/08/2020 10:20:09 AM,EVENT 44896 1596277200 -310121646/1219229231/905/0/6 INPUT 3 1 0 v:124
1/08/2020 10:20:09 AM,252 Event OK
1/08/2020 10:20:09 AM,QUIT
1/08/2020 10:20:09 AM,221 Session ended - goodbye
1/08/2020 9:00:14 PM,UNIT 9279
1/08/2020 9:00:14 PM,333 CHAL 33CD5FD9
1/08/2020 9:00:14 PM,RESP F7A205DD
1/08/2020 9:00:14 PM,230 Auth OK
1/08/2020 9:00:14 PM,TIME
1/08/2020 9:00:14 PM,211 TIME 1596315614
1/08/2020 9:00:15 PM,EVCOUNT 133
1/08/2020 9:00:15 PM,252 Event OK
1/08/2020 9:00:15 PM,TODO
1/08/2020 9:00:15 PM,226 Nothing to do
1/08/2020 9:00:15 PM,EVENT 44897 1596277936 0/0/0/0/14 INPUT 3 0 737 v:124
1/08/2020 9:00:15 PM,252 Event OK
1/08/2020 9:00:16 PM,EVENT 44898 1596277948 0/0/0/0/0 INPUT 7 1 0 v:124
1/08/2020 9:00:16 PM,252 Event OK
1/08/2020 9:00:16 PM,EVENT 44899 1596277948 0/0/0/0/0 INPUT 8 0 932 v:124
1/08/2020 9:00:16 PM,252 Event OK
1/08/2020 9:00:16 PM,EVENT 44900 1596277949 0/0/0/0/0 INPUT 1 1 0 v:124
1/08/2020 9:00:16 PM,252 Event OK
1/08/2020 9:00:17 PM,EVENT 44901 1596277949 0/0/0/0/0 INPUT 4 0 771 v:124
1/08/2020 9:00:17 PM,252 Event OK
1/08/2020 9:00:17 PM,EVENT 44902 1596277950 0/0/0/0/0 INPUT 4 1 0 v:124
1/08/2020 9:00:17 PM,252 Event OK
1/08/2020 9:00:17 PM,EVENT 44903 1596277951 0/0/0/0/0 INPUT 4 0 2 v:124
1/08/2020 9:00:17 PM,252 Event OK
1/08/2020 9:00:18 PM,EVENT 44904 1596277952 0/0/0/0/0 TRIP 44884 780 115 13 11 908 v:124
1/08/2020 9:00:18 PM,252 Event OK
1/08/2020 9:00:18 PM,EVENT 44905 1596277952 0/0/0/0/0 TRIPSUMMARY 44884 v:124
1/08/2020 9:00:18 PM,252 Event OK
1/08/2020 9:00:21 PM,EVENT 44906 1596278331 0/0/0/0/0 INPUT 8 1 0 v:124
1/08/2020 9:00:21 PM,252 Event OK
1/08/2020 9:00:21 PM,EVENT 44907 1596278332 0/0/0/0/0 INPUT 7 0 384 v:124
1/08/2020 9:00:21 PM,252 Event OK
1/08/2020 9:00:22 PM,EVENT 44908 1596278341 0/0/0/0/0 SIGNON 2539 01d5f6d3 OK 26 150496 0 v:124
1/08/2020 9:00:22 PM,252 Event OK
1/08/2020 9:00:22 PM,EVENT 44909 1596278345 0/0/0/0/0 INPUT 7 1 0 v:124
1/08/2020 9:00:22 PM,252 Event OK
1/08/2020 9:00:23 PM,EVENT 44910 1596278345 0/0/0/0/0 INPUT 8 0 13 v:124
1/08/2020 9:00:23 PM,252 Event OK
1/08/2020 9:00:24 PM,EVENT 44911 1596278345 0/0/0/0/0 INPUT 8 1 0 v:124
1/08/2020 9:00:24 PM,252 Event OK
1/08/2020 9:00:24 PM,EVENT 44912 1596278345 0/0/0/0/0 INPUT 7 0 1 v:124
1/08/2020 9:00:24 PM,252 Event OK
1/08/2020 9:00:25 PM,EVENT 44913 1596278351 0/0/0/0/0 INPUT 1 0 403 v:124
1/08/2020 9:00:25 PM,252 Event OK
1/08/2020 9:00:25 PM,EVENT 44914 1596278352 0/0/0/0/0 INPUT 4 1 0 v:124
1/08/2020 9:00:25 PM,252 Event OK
1/08/2020 9:00:25 PM,EVENT 44915 1596278353 0/0/0/0/0 OILPRESSURE 44908 7 v:124
1/08/2020 9:00:25 PM,252 Event OK
1/08/2020 9:00:26 PM,EVENT 44916 1596278361 0/0/0/0/7 INPUT 3 1 0 v:124
1/08/2020 9:00:26 PM,252 Event OK
1/08/2020 9:00:26 PM,EVENT 44917 1596278671 0/0/0/0/10 INPUT 3 0 311 v:124
1/08/2020 9:00:26 PM,252 Event OK
1/08/2020 9:00:26 PM,EVENT 44918 1596278759 0/0/0/0/0 INPUT 4 0 408 v:124
1/08/2020 9:00:26 PM,252 Event OK
1/08/2020 9:00:27 PM,EVENT 44919 1596278759 0/0/0/0/0 INPUT 4 1 0 v:124
1/08/2020 9:00:27 PM,252 Event OK
1/08/2020 9:00:27 PM,EVENT 44920 1596278833 0/0/0/0/0 REPORT 44908 0 0 v:124
1/08/2020 9:00:27 PM,252 Event OK
1/08/2020 9:00:27 PM,EVENT 44921 1596278870 0/0/0/0/0 INPUT 4 0 111 v:124
1/08/2020 9:00:27 PM,252 Event OK
1/08/2020 9:00:28 PM,EVENT 44922 1596278870 0/0/0/0/0 INPUT 4 1 0 v:124
1/08/2020 9:00:28 PM,252 Event OK
1/08/2020 9:00:28 PM,EVENT 44923 1596278936 0/0/0/0/0 INPUT 4 0 66 v:124
1/08/2020 9:00:28 PM,252 Event OK
1/08/2020 9:00:28 PM,EVENT 44924 1596278936 0/0/0/0/0 INPUT 4 1 0 v:124
1/08/2020 9:00:28 PM,252 Event OK
1/08/2020 9:00:29 PM,EVENT 44925 1596278957 0/0/0/0/0 INPUT 4 0 21 v:124
1/08/2020 9:00:29 PM,252 Event OK
1/08/2020 9:00:29 PM,EVENT 44926 1596278957 0/0/0/0/0 INPUT 4 1 0 v:124
1/08/2020 9:00:29 PM,252 Event OK
1/08/2020 9:00:30 PM,EVENT 44927 1596278990 0/0/0/0/0 INPUT 4 0 33 v:124
1/08/2020 9:00:30 PM,252 Event OK
1/08/2020 9:00:30 PM,EVENT 44928 1596278990 0/0/0/0/0 INPUT 4 1 0 v:124
1/08/2020 9:00:30 PM,252 Event OK
1/08/2020 9:00:30 PM,EVENT 44929 1596279032 0/0/0/0/0 INPUT 4 0 42 v:124
1/08/2020 9:00:30 PM,252 Event OK
1/08/2020 9:00:31 PM,EVENT 44930 1596279033 0/0/0/0/0 INPUT 4 1 0 v:124
1/08/2020 9:00:31 PM,252 Event OK
1/08/2020 9:00:31 PM,EVENT 44931 1596279038 0/0/0/0/8 INPUT 3 1 0 v:124
1/08/2020 9:00:31 PM,252 Event OK
1/08/2020 9:00:31 PM,EVENT 44932 1596279069 0/0/0/99/10 INPUT 3 0 31 v:124
1/08/2020 9:00:31 PM,252 Event OK
1/08/2020 9:00:32 PM,EVENT 44933 1596279072 0/0/0/99/6 INPUT 4 0 40 v:124
1/08/2020 9:00:32 PM,252 Event OK
1/08/2020 9:00:32 PM,EVENT 44934 1596279072 0/0/0/99/6 INPUT 4 1 0 v:124
1/08/2020 9:00:32 PM,252 Event OK
1/08/2020 9:00:33 PM,EVENT 44935 1596279114 0/0/0/0/0 INPUT 7 1 0 v:124
1/08/2020 9:00:33 PM,252 Event OK
1/08/2020 9:00:33 PM,EVENT 44936 1596279114 0/0/0/0/0 INPUT 8 0 769 v:124
1/08/2020 9:00:33 PM,252 Event OK
1/08/2020 9:00:42 PM,EVENT 44937 1596279114 0/0/0/0/0 INPUT 4 0 42 v:124
1/08/2020 9:00:42 PM,252 Event OK
1/08/2020 9:00:43 PM,EVENT 44938 1596279114 0/0/0/0/0 INPUT 4 1 0 v:124
1/08/2020 9:00:43 PM,252 Event OK
1/08/2020 9:00:43 PM,EVENT 44939 1596279115 0/0/0/0/0 INPUT 1 1 0 v:123
1/08/2020 9:00:43 PM,252 Event OK
1/08/2020 9:00:44 PM,EVENT 44940 1596279117 0/0/0/0/0 INPUT 4 0 2 v:124
1/08/2020 9:00:44 PM,252 Event OK
1/08/2020 9:00:44 PM,EVENT 44941 1596279118 0/0/0/0/0 TRIP 44908 342 423 13 11 778 v:124
1/08/2020 9:00:44 PM,252 Event OK
1/08/2020 9:00:44 PM,EVENT 44942 1596279118 0/0/0/0/0 TRIPSUMMARY 44908 v:124
1/08/2020 9:00:44 PM,252 Event OK
1/08/2020 9:00:45 PM,EVENT 44943 1596279327 0/0/0/0/0 INPUT 8 1 0 v:124
1/08/2020 9:00:45 PM,252 Event OK
1/08/2020 9:00:45 PM,EVENT 44944 1596279327 0/0/0/0/0 INPUT 7 0 214 v:124
1/08/2020 9:00:45 PM,252 Event OK
1/08/2020 9:00:46 PM,EVENT 44945 1596279333 0/0/0/0/0 SIGNON * 0 NOCARD 26 0 051119 v:124
1/08/2020 9:00:46 PM,252 Event OK
1/08/2020 9:00:47 PM,EVENT 44946 1596279345 0/0/0/0/0 SIGNON 2525 01f5dcf1 OK 26 51187 0 v:124
1/08/2020 9:00:47 PM,252 Event OK
1/08/2020 9:00:47 PM,EVENT 44947 1596279351 0/0/0/0/0 INPUT 1 0 236 v:124
1/08/2020 9:00:47 PM,252 Event OK
1/08/2020 9:00:48 PM,EVENT 44948 1596279351 0/0/0/0/0 INPUT 4 1 0 v:124
1/08/2020 9:00:48 PM,252 Event OK
1/08/2020 9:00:48 PM,EVENT 44949 1596279352 0/0/0/0/0 OILPRESSURE 44946 2 v:124
1/08/2020 9:00:48 PM,252 Event OK
1/08/2020 9:00:48 PM,EVENT 44950 1596279360 0/0/0/0/0 INPUT 4 0 9 v:124
1/08/2020 9:00:48 PM,252 Event OK
1/08/2020 9:00:49 PM,EVENT 44951 1596279360 0/0/0/0/0 INPUT 4 1 0 v:124
1/08/2020 9:00:49 PM,252 Event OK
1/08/2020 9:00:50 PM,EVENT 44952 1596279393 0/0/0/99/0 INPUT 4 0 33 v:124
1/08/2020 9:00:50 PM,252 Event OK
1/08/2020 9:00:51 PM,EVENT 44953 1596279393 0/0/0/99/0 INPUT 4 1 0 v:124
1/08/2020 9:00:51 PM,252 Event OK
1/08/2020 9:00:52 PM,EVENT 44954 1596279426 0/0/0/0/0 INPUT 4 0 33 v:124
1/08/2020 9:00:52 PM,252 Event OK
1/08/2020 9:00:52 PM,EVENT 44955 1596279426 0/0/0/0/0 INPUT 4 1 0 v:124
1/08/2020 9:00:52 PM,252 Event OK
1/08/2020 9:00:53 PM,EVENT 44956 1596279438 0/0/0/0/7 INPUT 3 1 0 v:124
1/08/2020 9:00:53 PM,252 Event OK
1/08/2020 9:00:53 PM,EVENT 44957 1596279439 0/0/0/0/10 INPUT 3 0 1 v:124
1/08/2020 9:00:53 PM,252 Event OK
1/08/2020 9:00:53 PM,EVENT 44958 1596279450 0/0/0/0/0 INPUT 4 0 24 v:124
1/08/2020 9:00:53 PM,252 Event OK
1/08/2020 9:00:54 PM,EVENT 44959 1596279450 0/0/0/0/0 INPUT 4 1 0 v:124
1/08/2020 9:00:54 PM,252 Event OK
1/08/2020 9:00:54 PM,EVENT 44960 1596279453 0/0/0/0/4 INPUT 4 0 3 v:124
1/08/2020 9:00:54 PM,252 Event OK
1/08/2020 9:00:55 PM,EVENT 44961 1596279453 0/0/0/0/4 INPUT 4 1 0 v:124
1/08/2020 9:00:55 PM,252 Event OK
1/08/2020 9:00:55 PM,EVENT 44962 1596279466 0/0/0/0/5 INPUT 3 1 0 v:124
1/08/2020 9:00:55 PM,252 Event OK
1/08/2020 9:00:55 PM,EVENT 44963 1596279579 0/0/0/0/13 INPUT 3 0 113 v:124
1/08/2020 9:00:55 PM,252 Event OK
1/08/2020 9:00:56 PM,EVENT 44964 1596279588 0/0/0/0/8 INPUT 4 0 135 v:124
1/08/2020 9:00:56 PM,252 Event OK
1/08/2020 9:00:56 PM,EVENT 44965 1596279588 0/0/0/0/8 INPUT 4 1 0 v:124
1/08/2020 9:00:56 PM,252 Event OK
1/08/2020 9:00:57 PM,EVENT 44966 1596279591 0/0/0/0/5 INPUT 3 1 0 v:124
1/08/2020 9:00:57 PM,252 Event OK
1/08/2020 9:00:57 PM,EVENT 44967 1596279604 0/0/0/0/10 INPUT 3 0 13 v:124
1/08/2020 9:00:57 PM,252 Event OK
1/08/2020 9:00:58 PM,EVENT 44968 1596279609 0/0/0/0/5 INPUT 7 1 0 v:124
1/08/2020 9:00:58 PM,252 Event OK
1/08/2020 9:01:35 PM,EVENT 44969 1596279609 0/0/0/0/5 INPUT 8 0 282 v:124
1/08/2020 9:01:35 PM,252 Event OK
1/08/2020 9:03:07 PM,UNIT 9279
1/08/2020 9:03:07 PM,333 CHAL 204D40F6
1/08/2020 9:03:07 PM,RESP 6ECF7D83
1/08/2020 9:03:07 PM,230 Auth OK
1/08/2020 9:03:08 PM,TIME
1/08/2020 9:03:08 PM,211 TIME 1596315788
1/08/2020 9:03:08 PM,EVCOUNT 67
1/08/2020 9:03:08 PM,252 Event OK
1/08/2020 9:03:09 PM,TODO
1/08/2020 9:03:09 PM,125 TODO GETXML 2000 Operators 
225 Work list complete
1/08/2020 9:03:10 PM,GETXML
1/08/2020 9:03:10 PM,Binary data 4200 bytes
1/08/2020 9:03:10 PM,GOT Operators 4152 1C8F75B1
1/08/2020 9:03:10 PM,250 Download OK
1/08/2020 9:03:11 PM,EVENT 44969 1596279609 0/0/0/0/5 INPUT 8 0 282 v:124
1/08/2020 9:03:11 PM,253 Event OK - Duplicate
1/08/2020 9:03:11 PM,EVENT 44970 1596279610 0/0/0/0/5 INPUT 1 1 0 v:124
1/08/2020 9:03:11 PM,252 Event OK
1/08/2020 9:03:11 PM,EVENT 44971 1596279610 0/0/0/0/5 INPUT 4 0 22 v:124
1/08/2020 9:03:11 PM,252 Event OK
1/08/2020 9:03:12 PM,EVENT 44972 1596279614 0/0/0/0/0 TRIP 44946 127 132 11 7 270 v:124
1/08/2020 9:03:12 PM,252 Event OK
1/08/2020 9:03:12 PM,EVENT 44973 1596279614 0/0/0/0/0 TRIPSUMMARY 44946 v:124
1/08/2020 9:03:12 PM,252 Event OK
1/08/2020 9:03:12 PM,EVENT 44974 1596313749 0/0/0/0/0 SWSTART OpusFC 5.0.58.510 R v:123
1/08/2020 9:03:12 PM,252 Event OK
1/08/2020 9:03:13 PM,EVENT 44975 1596279614 0/0/0/0/0 POWERDOWN v:124
1/08/2020 9:03:13 PM,252 Event OK
1/08/2020 9:03:13 PM,EVENT 44976 1596313749 0/0/0/0/0 INPUT 1 1 0 v:123
1/08/2020 9:03:13 PM,252 Event OK
1/08/2020 9:03:13 PM,EVENT 44977 1596313749 0/0/0/0/0 INPUT 2 0 0 v:123
1/08/2020 9:03:13 PM,252 Event OK
1/08/2020 9:03:14 PM,EVENT 44978 1596313749 0/0/0/0/0 INPUT 3 0 0 v:123
1/08/2020 9:03:14 PM,252 Event OK
1/08/2020 9:03:14 PM,EVENT 44979 1596313749 0/0/0/0/0 INPUT 4 0 0 v:123
1/08/2020 9:03:14 PM,252 Event OK
1/08/2020 9:03:14 PM,EVENT 44980 1596313749 0/0/0/0/0 INPUT 7 0 0 v:123
1/08/2020 9:03:14 PM,252 Event OK
1/08/2020 9:03:14 PM,EVENT 44981 1596313749 0/0/0/0/0 INPUT 8 1 0 v:123
1/08/2020 9:03:14 PM,252 Event OK
1/08/2020 9:03:15 PM,EVENT 44982 1596313751 0/0/0/0/0 ZONE_OK 2 100 FW=NO VERSION v:123
1/08/2020 9:03:15 PM,252 Event OK
1/08/2020 9:03:15 PM,EVENT 44983 1596313760 0/0/0/0/0 SIGNON 2539 01d5f6d3 OK 26 150496 0 v:123
1/08/2020 9:03:15 PM,252 Event OK
1/08/2020 9:03:15 PM,EVENT 44984 1596313781 0/0/0/0/0 INPUT 4 1 0 v:124
1/08/2020 9:03:15 PM,252 Event OK
1/08/2020 9:03:15 PM,EVENT 44985 1596313781 0/0/0/0/0 INPUT 1 0 32 v:124
1/08/2020 9:03:15 PM,252 Event OK
1/08/2020 9:03:15 PM,EVENT 44986 1596313783 0/0/0/0/0 OILPRESSURE 44983 18 v:124
1/08/2020 9:03:15 PM,252 Event OK
1/08/2020 9:03:16 PM,EVENT 44987 1596313800 0/0/0/0/4 INPUT 3 1 0 v:123
1/08/2020 9:03:16 PM,252 Event OK
1/08/2020 9:03:16 PM,EVENT 44988 1596313811 0/0/0/0/10 INPUT 3 0 11 v:124
1/08/2020 9:03:16 PM,252 Event OK
1/08/2020 9:03:16 PM,EVENT 44989 1596313813 0/0/0/0/8 INPUT 3 1 0 v:124
1/08/2020 9:03:16 PM,252 Event OK
1/08/2020 9:03:16 PM,EVENT 44990 1596313873 0/0/0/0/20 INPUT 3 0 60 v:123
1/08/2020 9:03:16 PM,252 Event OK
1/08/2020 9:03:17 PM,EVENT 44991 1596313876 0/0/0/0/9 INPUT 4 0 96 v:124
1/08/2020 9:03:17 PM,252 Event OK
1/08/2020 9:03:17 PM,EVENT 44992 1596313876 0/0/0/0/9 INPUT 4 1 0 v:124
1/08/2020 9:03:17 PM,252 Event OK
1/08/2020 9:03:17 PM,EVENT 44993 1596313884 0/0/0/0/5 INPUT 3 1 0 v:124
1/08/2020 9:03:17 PM,252 Event OK
1/08/2020 9:03:17 PM,EVENT 44994 1596313887 0/0/0/0/10 INPUT 3 0 2 v:124
1/08/2020 9:03:17 PM,252 Event OK
1/08/2020 9:03:18 PM,EVENT 44995 1596313914 0/0/0/0/6 INPUT 3 1 0 v:124
1/08/2020 9:03:18 PM,252 Event OK
1/08/2020 9:03:18 PM,EVENT 44996 1596314409 0/0/0/0/17 INPUT 3 0 496 v:124
1/08/2020 9:03:18 PM,252 Event OK
1/08/2020 9:03:18 PM,EVENT 44997 1596314412 0/0/0/0/17 INPUT 3 1 0 v:124
1/08/2020 9:03:18 PM,252 Event OK
1/08/2020 9:03:18 PM,EVENT 44998 1596314415 0/0/0/0/13 INPUT 3 0 3 v:124
1/08/2020 9:03:18 PM,252 Event OK
1/08/2020 9:03:18 PM,EVENT 44999 1596314419 0/0/0/0/8 INPUT 4 0 543 v:124
1/08/2020 9:03:18 PM,252 Event OK
1/08/2020 9:03:19 PM,EVENT 45000 1596314419 0/0/0/0/0 INPUT 4 1 0 v:124
1/08/2020 9:03:19 PM,252 Event OK
1/08/2020 9:03:19 PM,EVENT 45001 1596314437 0/0/0/0/8 INPUT 3 1 0 v:124
1/08/2020 9:03:19 PM,252 Event OK
1/08/2020 9:03:19 PM,EVENT 45002 1596314445 0/0/0/99/11 INPUT 3 0 8 v:124
1/08/2020 9:03:19 PM,252 Event OK
1/08/2020 9:03:19 PM,EVENT 45003 1596314448 0/0/0/99/5 INPUT 3 1 0 v:124
1/08/2020 9:03:19 PM,252 Event OK
1/08/2020 9:03:19 PM,EVENT 45004 1596314451 0/0/0/99/9 INPUT 3 0 2 v:124
1/08/2020 9:03:19 PM,252 Event OK
1/08/2020 9:03:20 PM,EVENT 45005 1596314461 0/0/0/99/6 INPUT 3 1 0 v:124
1/08/2020 9:03:20 PM,252 Event OK
1/08/2020 9:03:20 PM,EVENT 45006 1596314542 0/0/0/0/13 INPUT 3 0 82 v:124
1/08/2020 9:03:20 PM,252 Event OK
1/08/2020 9:03:20 PM,EVENT 45007 1596314545 0/0/0/0/5 INPUT 3 1 0 v:124
1/08/2020 9:03:20 PM,252 Event OK
1/08/2020 9:03:20 PM,EVENT 45008 1596314547 0/0/0/0/11 INPUT 3 0 2 v:124
1/08/2020 9:03:20 PM,252 Event OK
1/08/2020 9:03:20 PM,EVENT 45009 1596314549 0/0/0/0/11 INPUT 3 1 0 v:124
1/08/2020 9:03:20 PM,252 Event OK
1/08/2020 9:03:21 PM,EVENT 45010 1596314608 0/0/0/0/10 INPUT 3 0 60 v:124
1/08/2020 9:03:21 PM,252 Event OK
1/08/2020 9:03:21 PM,EVENT 45011 1596314651 0/0/0/0/0 INPUT 4 0 232 v:124
1/08/2020 9:03:21 PM,252 Event OK
1/08/2020 9:03:21 PM,EVENT 45012 1596314652 0/0/0/0/0 INPUT 4 1 0 v:124
1/08/2020 9:03:21 PM,252 Event OK
1/08/2020 9:03:21 PM,EVENT 45013 1596314657 0/0/0/0/0 INPUT 7 1 0 v:124
1/08/2020 9:03:21 PM,252 Event OK
1/08/2020 9:03:21 PM,EVENT 45014 1596314657 0/0/0/0/0 INPUT 8 0 908 v:124
1/08/2020 9:03:21 PM,252 Event OK
1/08/2020 9:03:22 PM,EVENT 45015 1596314658 0/0/0/0/0 INPUT 1 1 0 v:124
1/08/2020 9:03:22 PM,252 Event OK
1/08/2020 9:03:22 PM,EVENT 45016 1596314660 0/0/0/0/0 INPUT 4 0 8 v:124
1/08/2020 9:03:22 PM,252 Event OK
1/08/2020 9:03:22 PM,EVENT 45017 1596314662 0/0/0/0/0 TRIP 44983 726 153 23 20 902 v:124
1/08/2020 9:03:22 PM,252 Event OK
1/08/2020 9:03:22 PM,EVENT 45018 1596314662 0/0/0/0/0 TRIPSUMMARY 44983 v:124
1/08/2020 9:03:22 PM,252 Event OK
1/08/2020 9:03:23 PM,EVENT 45019 1596314666 0/0/0/0/0 REPORT * 0 0 v:124
1/08/2020 9:03:23 PM,252 Event OK
1/08/2020 9:03:23 PM,EVENT 45020 1596314922 0/0/0/0/0 INPUT 8 1 0 v:124
1/08/2020 9:03:23 PM,252 Event OK
1/08/2020 9:03:23 PM,EVENT 45021 1596314923 0/0/0/0/0 INPUT 7 0 265 v:124
1/08/2020 9:03:23 PM,252 Event OK
1/08/2020 9:03:23 PM,EVENT 45022 1596314934 0/0/0/0/0 SIGNON 2539 01d5f6d3 OK 26 150496 0 v:124
1/08/2020 9:03:23 PM,252 Event OK
1/08/2020 9:03:23 PM,EVENT 45023 1596314940 0/0/0/0/0 INPUT 4 1 0 v:124
1/08/2020 9:03:23 PM,252 Event OK
1/08/2020 9:03:24 PM,EVENT 45024 1596314941 0/0/0/0/0 INPUT 1 0 282 v:124
1/08/2020 9:03:24 PM,252 Event OK
1/08/2020 9:03:24 PM,EVENT 45025 1596314942 0/0/0/0/0 OILPRESSURE 45022 3 v:123
1/08/2020 9:03:24 PM,252 Event OK
1/08/2020 9:03:24 PM,EVENT 45026 1596314967 0/0/0/0/4 INPUT 4 0 27 v:123
1/08/2020 9:03:24 PM,252 Event OK
1/08/2020 9:03:24 PM,EVENT 45027 1596314967 0/0/0/0/3 INPUT 4 1 0 v:123
1/08/2020 9:03:24 PM,252 Event OK
1/08/2020 9:03:25 PM,EVENT 45028 1596314991 0/0/0/0/5 INPUT 3 1 0 v:123
1/08/2020 9:03:25 PM,252 Event OK
1/08/2020 9:03:25 PM,EVENT 45029 1596315575 -310121796/1219226596/14036/0/10 INPUT 3 0 584 v:124
1/08/2020 9:03:25 PM,252 Event OK
1/08/2020 9:03:25 PM,EVENT 45030 1596315656 -310121848/1219228731/980/0/0 INPUT 4 0 689 v:123
1/08/2020 9:03:25 PM,252 Event OK
1/08/2020 9:03:25 PM,EVENT 45031 1596315656 -310121848/1219228731/980/0/0 INPUT 4 1 0 v:123
1/08/2020 9:03:25 PM,252 Event OK
1/08/2020 9:03:25 PM,EVENT 45032 1596315696 -310121779/1219228882/950/1/0 INPUT 4 0 40 v:123
1/08/2020 9:03:25 PM,252 Event OK
1/08/2020 9:03:26 PM,EVENT 45033 1596315696 -310121761/1219228916/949/1/0 INPUT 4 1 0 v:123
1/08/2020 9:03:26 PM,252 Event OK
1/08/2020 9:03:26 PM,EVENT 45034 1596315702 -310121289/1219229404/990/1/7 INPUT 3 1 0 v:123
1/08/2020 9:03:26 PM,252 Event OK
1/08/2020 9:03:26 PM,EVENT 45035 1596315760 -310128693/1219229182/948/1/9 INPUT 3 0 58 v:124
1/08/2020 9:03:26 PM,252 Event OK
1/08/2020 9:03:26 PM,QUIT
1/08/2020 9:03:26 PM,221 Session ended - goodbye
1/08/2020 9:05:35 PM,UNIT 9279
1/08/2020 9:05:35 PM,333 CHAL 4FE4DC5F
1/08/2020 9:05:50 PM,RESP 651C9567
1/08/2020 9:05:50 PM,230 Auth OK
1/08/2020 9:05:51 PM,TIME
1/08/2020 9:05:51 PM,211 TIME 1596315951
1/08/2020 9:05:52 PM,EVCOUNT 3
1/08/2020 9:05:52 PM,252 Event OK
1/08/2020 9:05:52 PM,TODO
1/08/2020 9:05:52 PM,226 Nothing to do
1/08/2020 9:05:53 PM,EVENT 45036 1596315929 -310128595/1219228889/929/2/0 INPUT 4 0 233 v:123
1/08/2020 9:05:53 PM,252 Event OK
1/08/2020 9:05:53 PM,EVENT 45037 1596315929 -310128617/1219228899/934/2/0 INPUT 4 1 0 v:123
1/08/2020 9:05:53 PM,252 Event OK
1/08/2020 9:05:54 PM,EVENT 45038 1596315941 -310128969/1219228987/957/2/5 INPUT 3 1 0 v:123
1/08/2020 9:05:54 PM,252 Event OK
1/08/2020 9:05:54 PM,QUIT
1/08/2020 9:05:54 PM,221 Session ended - goodbye
1/08/2020 9:06:49 PM,UNIT 9279
1/08/2020 9:06:49 PM,333 CHAL 51911E49
1/08/2020 9:06:50 PM,RESP E5A91466
1/08/2020 9:06:50 PM,230 Auth OK
1/08/2020 9:06:50 PM,TIME
1/08/2020 9:06:50 PM,211 TIME 1596316010
1/08/2020 9:06:50 PM,EVCOUNT 1
1/08/2020 9:06:50 PM,252 Event OK
1/08/2020 9:06:51 PM,TODO
1/08/2020 9:06:51 PM,226 Nothing to do
1/08/2020 9:06:52 PM,EVENT 45039 1596316003 -310122750/1219227757/920/7/9 INPUT 3 0 63 v:124
1/08/2020 9:06:52 PM,252 Event OK
1/08/2020 9:06:52 PM,QUIT
1/08/2020 9:06:52 PM,221 Session ended - goodbye
1/08/2020 9:07:03 PM,UNIT 9279
1/08/2020 9:07:03 PM,333 CHAL 497E51AF
1/08/2020 9:07:03 PM,RESP 4DD7F504
1/08/2020 9:07:03 PM,230 Auth OK
1/08/2020 9:07:04 PM,TIME
1/08/2020 9:07:04 PM,211 TIME 1596316024
1/08/2020 9:07:05 PM,EVCOUNT 4
1/08/2020 9:07:05 PM,252 Event OK
1/08/2020 9:07:05 PM,TODO
1/08/2020 9:07:05 PM,226 Nothing to do
1/08/2020 9:07:06 PM,EVENT 45040 1596316012 -310122355/1219228340/900/7/0 INPUT 4 0 83 v:124
1/08/2020 9:07:06 PM,252 Event OK
1/08/2020 9:07:07 PM,EVENT 45041 1596316012 -310122355/1219228340/900/7/0 INPUT 4 1 0 v:124
1/08/2020 9:07:07 PM,252 Event OK
1/08/2020 9:07:08 PM,EVENT 45042 1596316016 -310122209/1219228512/896/3/3 INPUT 4 0 4 v:124
1/08/2020 9:07:08 PM,252 Event OK
1/08/2020 9:07:09 PM,EVENT 45043 1596316016 -310122209/1219228512/896/3/3 INPUT 4 1 0 v:124
1/08/2020 9:07:09 PM,252 Event OK
1/08/2020 9:07:10 PM,QUIT
1/08/2020 9:07:10 PM,221 Session ended - goodbye
1/08/2020 9:07:41 PM,UNIT 9279
1/08/2020 9:07:41 PM,333 CHAL 74FA9645
1/08/2020 9:07:42 PM,RESP CBA609E6
1/08/2020 9:07:42 PM,230 Auth OK
1/08/2020 9:07:43 PM,TIME
1/08/2020 9:07:43 PM,211 TIME 1596316063
1/08/2020 9:07:43 PM,EVCOUNT 6
1/08/2020 9:07:43 PM,252 Event OK
1/08/2020 9:07:44 PM,TODO
1/08/2020 9:07:44 PM,226 Nothing to do
1/08/2020 9:07:45 PM,EVENT 45044 1596316056 -310122235/1219228460/941/5/0 INPUT 7 1 0 v:124
1/08/2020 9:07:45 PM,252 Event OK
1/08/2020 9:07:46 PM,EVENT 45045 1596316056 -310122235/1219228460/941/5/0 INPUT 8 0 1133 v:124
1/08/2020 9:07:46 PM,252 Event OK
1/08/2020 9:07:47 PM,EVENT 45046 1596316056 -310122237/1219228457/941/5/0 INPUT 4 0 40 v:124
1/08/2020 9:07:47 PM,252 Event OK
1/08/2020 9:07:48 PM,EVENT 45047 1596316057 -310122238/1219228455/940/5/0 INPUT 4 1 0 v:124
1/08/2020 9:07:48 PM,252 Event OK
1/08/2020 9:07:48 PM,EVENT 45048 1596316057 -310122238/1219228455/940/5/0 INPUT 1 1 0 v:124
1/08/2020 9:07:48 PM,252 Event OK
1/08/2020 9:07:49 PM,EVENT 45049 1596316058 -310122243/1219228450/937/5/0 INPUT 4 0 2 v:123
1/08/2020 9:07:49 PM,252 Event OK
1/08/2020 9:07:50 PM,EVENT 45050 1596316060 -310122249/1219228444/945/5/0 TRIP 45022 705 413 8 6 1126 v:123
1/08/2020 9:07:50 PM,252 Event OK
1/08/2020 9:07:51 PM,EVENT 45051 1596316061 -310122249/1219228444/945/5/0 TRIPSUMMARY 45022 v:123
1/08/2020 9:07:51 PM,252 Event OK
1/08/2020 9:07:52 PM,QUIT
1/08/2020 9:07:52 PM,221 Session ended - goodbye
1/08/2020 9:20:18 PM,UNIT 9279
1/08/2020 9:20:18 PM,333 CHAL 1FF40F3F
1/08/2020 9:20:18 PM,RESP D665E25B
1/08/2020 9:20:18 PM,230 Auth OK
1/08/2020 9:20:19 PM,TIME
1/08/2020 9:20:19 PM,211 TIME 1596316819
1/08/2020 9:20:20 PM,EVCOUNT 2
1/08/2020 9:20:20 PM,252 Event OK
1/08/2020 9:20:20 PM,TODO
1/08/2020 9:20:20 PM,226 Nothing to do
1/08/2020 9:20:21 PM,EVENT 45052 1596316811 -310122082/1219228243/846/5/0 INPUT 8 1 0 v:123
1/08/2020 9:20:21 PM,252 Event OK
1/08/2020 9:20:22 PM,EVENT 45053 1596316811 -310122083/1219228241/845/5/0 INPUT 7 0 756 v:124
1/08/2020 9:20:22 PM,252 Event OK
1/08/2020 9:20:22 PM,QUIT
1/08/2020 9:20:22 PM,221 Session ended - goodbye
1/08/2020 9:21:28 PM,UNIT 9279
1/08/2020 9:21:28 PM,333 CHAL 37651825
1/08/2020 9:21:29 PM,RESP D1640204
1/08/2020 9:21:29 PM,230 Auth OK
1/08/2020 9:21:30 PM,TIME
1/08/2020 9:21:30 PM,211 TIME 1596316890
1/08/2020 9:21:30 PM,EVCOUNT 1
1/08/2020 9:21:30 PM,252 Event OK
1/08/2020 9:21:31 PM,TODO
1/08/2020 9:21:31 PM,226 Nothing to do
1/08/2020 9:21:32 PM,EVENT 45054 1596316882 -310121887/1219228345/869/5/0 SIGNON 2539 01d5f6d3 OK 26 150496 0 v:124
1/08/2020 9:21:32 PM,252 Event OK
1/08/2020 9:21:33 PM,EVENT 45055 1596316889 -310121891/1219228348/875/5/0 INPUT 4 1 0 v:124
1/08/2020 9:21:33 PM,252 Event OK
1/08/2020 9:21:34 PM,EVENT 45056 1596316889 -310121891/1219228348/876/5/0 INPUT 1 0 833 v:124
1/08/2020 9:21:34 PM,252 Event OK
1/08/2020 9:21:35 PM,EVENT 45057 1596316891 -310121893/1219228349/876/5/0 INPUT 4 0 3 v:123
1/08/2020 9:21:35 PM,252 Event OK
1/08/2020 9:21:36 PM,EVENT 45058 1596316891 -310121893/1219228349/876/5/0 OILPRESSURE 45054 4 v:123
1/08/2020 9:21:36 PM,252 Event OK
1/08/2020 9:21:37 PM,EVENT 45059 1596316891 -310121893/1219228349/876/5/0 INPUT 4 1 0 v:123
1/08/2020 9:21:37 PM,252 Event OK
1/08/2020 9:21:38 PM,QUIT
1/08/2020 9:21:38 PM,221 Session ended - goodbye
1/08/2020 9:22:08 PM,UNIT 9279
1/08/2020 9:22:08 PM,333 CHAL DBC517F
1/08/2020 9:22:09 PM,RESP 891C338C
1/08/2020 9:22:09 PM,230 Auth OK
1/08/2020 9:22:09 PM,TIME
1/08/2020 9:22:09 PM,211 TIME 1596316929
1/08/2020 9:22:10 PM,EVCOUNT 1
1/08/2020 9:22:10 PM,252 Event OK
1/08/2020 9:22:11 PM,TODO
1/08/2020 9:22:11 PM,226 Nothing to do
1/08/2020 9:22:11 PM,EVENT 45060 1596316923 -310122078/1219228312/912/5/0 REPORT 45054 0 54 v:124
1/08/2020 9:22:11 PM,252 Event OK
1/08/2020 9:22:12 PM,QUIT
1/08/2020 9:22:12 PM,221 Session ended - goodbye
1/08/2020 9:23:57 PM,UNIT 9279
1/08/2020 9:23:57 PM,333 CHAL DCAC9CF
1/08/2020 9:23:58 PM,RESP C6DF9033
1/08/2020 9:23:58 PM,230 Auth OK
1/08/2020 9:23:58 PM,TIME
1/08/2020 9:23:58 PM,211 TIME 1596317038
1/08/2020 9:23:59 PM,EVCOUNT 2
1/08/2020 9:23:59 PM,252 Event OK
1/08/2020 9:24:00 PM,TODO
1/08/2020 9:24:00 PM,226 Nothing to do
1/08/2020 9:24:01 PM,EVENT 45061 1596317031 -310121983/1219228619/989/5/0 INPUT 4 0 140 v:124
1/08/2020 9:24:01 PM,252 Event OK
1/08/2020 9:24:01 PM,EVENT 45062 1596317031 -310121983/1219228619/989/5/0 INPUT 4 1 0 v:124
1/08/2020 9:24:01 PM,252 Event OK
1/08/2020 9:24:02 PM,QUIT
1/08/2020 9:24:02 PM,221 Session ended - goodbye
1/08/2020 9:24:40 PM,UNIT 9279
1/08/2020 9:24:40 PM,333 CHAL 2FB07B8
1/08/2020 9:24:41 PM,RESP F8736A34
1/08/2020 9:24:41 PM,230 Auth OK
1/08/2020 9:24:42 PM,TIME
1/08/2020 9:24:42 PM,211 TIME 1596317082
1/08/2020 9:24:44 PM,EVCOUNT 3
1/08/2020 9:24:44 PM,252 Event OK
1/08/2020 9:24:45 PM,TODO
1/08/2020 9:24:45 PM,226 Nothing to do
1/08/2020 9:24:46 PM,EVENT 45063 1596317073 -310122086/1219228448/914/5/0 INPUT 4 0 42 v:124
1/08/2020 9:24:46 PM,252 Event OK
1/08/2020 9:24:47 PM,EVENT 45064 1596317073 -310122061/1219228490/915/5/5 INPUT 4 1 0 v:124
1/08/2020 9:24:47 PM,252 Event OK
1/08/2020 9:24:49 PM,EVENT 45065 1596317075 -310121886/1219228742/925/5/6 INPUT 3 1 0 v:123
1/08/2020 9:24:49 PM,252 Event OK
1/08/2020 9:24:50 PM,QUIT
1/08/2020 9:24:50 PM,221 Session ended - goodbye
1/08/2020 9:26:20 PM,UNIT 9279
1/08/2020 9:26:20 PM,333 CHAL 34024049
1/08/2020 9:28:22 PM,UNIT 9279
1/08/2020 9:28:22 PM,333 CHAL 16EDE97
1/08/2020 9:28:23 PM,RESP 5255D9D9
1/08/2020 9:28:23 PM,230 Auth OK
1/08/2020 9:28:23 PM,TIME
1/08/2020 9:28:23 PM,211 TIME 1596317303
1/08/2020 9:28:23 PM,EVCOUNT 7
1/08/2020 9:28:23 PM,252 Event OK
1/08/2020 9:28:23 PM,TODO
1/08/2020 9:28:23 PM,226 Nothing to do
1/08/2020 9:28:24 PM,EVENT 45066 1596317163 -310143305/1219230653/895/0/9 INPUT 3 0 88 v:124
1/08/2020 9:28:24 PM,252 Event OK
1/08/2020 9:28:24 PM,EVENT 45067 1596317166 -310143555/1219230621/884/0/5 INPUT 7 1 0 v:123
1/08/2020 9:28:24 PM,252 Event OK
1/08/2020 9:28:24 PM,EVENT 45068 1596317166 -310143555/1219230621/884/0/5 INPUT 8 0 356 v:123
1/08/2020 9:28:24 PM,252 Event OK
1/08/2020 9:28:24 PM,EVENT 45069 1596317167 -310143547/1219230614/879/0/5 INPUT 1 1 0 v:123
1/08/2020 9:28:24 PM,252 Event OK
1/08/2020 9:28:25 PM,EVENT 45070 1596317171 -310143529/1219230573/875/0/0 TRIP 45054 88 195 6 6 289 v:124
1/08/2020 9:28:25 PM,252 Event OK
1/08/2020 9:28:25 PM,EVENT 45071 1596317171 -310143529/1219230573/875/0/0 TRIPSUMMARY 45054 v:124
1/08/2020 9:28:25 PM,252 Event OK
1/08/2020 9:28:25 PM,EVENT 45072 1596317172 -310143529/1219230573/875/0/0 INPUT 4 0 98 v:124
1/08/2020 9:28:25 PM,252 Event OK
1/08/2020 9:28:25 PM,QUIT
1/08/2020 9:28:25 PM,221 Session ended - goodbye
1/08/2020 10:10:19 PM,UNIT 9279
1/08/2020 10:10:19 PM,333 CHAL 2AE5731F
1/08/2020 10:10:19 PM,RESP F72F8A59
1/08/2020 10:10:19 PM,230 Auth OK
1/08/2020 10:10:20 PM,TIME
1/08/2020 10:10:20 PM,211 TIME 1596319820
1/08/2020 10:10:20 PM,EVCOUNT 14
1/08/2020 10:10:20 PM,252 Event OK
1/08/2020 10:10:20 PM,TODO
1/08/2020 10:10:20 PM,226 Nothing to do
1/08/2020 10:10:20 PM,EVENT 45073 1596319792 0/0/0/0/0 SWSTART OpusFC 5.0.58.510 R v:123
1/08/2020 10:10:20 PM,252 Event OK
1/08/2020 10:10:21 PM,EVENT 45074 1596317171 0/0/0/0/0 POWERDOWN v:124
1/08/2020 10:10:21 PM,252 Event OK
1/08/2020 10:10:21 PM,EVENT 45075 1596319792 0/0/0/0/0 INPUT 1 1 0 v:123
1/08/2020 10:10:21 PM,252 Event OK
1/08/2020 10:10:21 PM,EVENT 45076 1596319792 0/0/0/0/0 INPUT 2 0 0 v:123
1/08/2020 10:10:21 PM,252 Event OK
1/08/2020 10:10:21 PM,EVENT 45077 1596319792 0/0/0/0/0 INPUT 3 0 0 v:123
1/08/2020 10:10:21 PM,252 Event OK
1/08/2020 10:10:22 PM,EVENT 45078 1596319792 0/0/0/0/0 INPUT 4 0 0 v:123
1/08/2020 10:10:22 PM,252 Event OK
1/08/2020 10:10:22 PM,EVENT 45079 1596319792 0/0/0/0/0 INPUT 7 0 0 v:123
1/08/2020 10:10:22 PM,252 Event OK
1/08/2020 10:10:22 PM,EVENT 45080 1596319792 0/0/0/0/0 INPUT 8 1 0 v:123
1/08/2020 10:10:22 PM,252 Event OK
1/08/2020 10:10:22 PM,EVENT 45081 1596319794 0/0/0/0/0 ZONE_OK 2 100 FW=NO VERSION v:123
1/08/2020 10:10:22 PM,252 Event OK
1/08/2020 10:10:23 PM,EVENT 45082 1596319802 0/0/0/0/0 SIGNON 2544 03d5def0 OK_CL 26 151087 0 v:123
1/08/2020 10:10:23 PM,252 Event OK
1/08/2020 10:10:23 PM,EVENT 45083 1596319808 0/0/0/99/0 CHECKLIST 45082 OK 0 5 432 F v:123
1/08/2020 10:10:23 PM,252 Event OK
1/08/2020 10:10:23 PM,EVENT 45084 1596319815 0/0/0/4/0 INPUT 1 0 22 v:123
1/08/2020 10:10:23 PM,252 Event OK
1/08/2020 10:10:23 PM,EVENT 45085 1596319815 0/0/0/4/0 INPUT 4 1 0 v:123
1/08/2020 10:10:23 PM,252 Event OK
1/08/2020 10:10:24 PM,EVENT 45086 1596319816 0/0/0/4/0 OILPRESSURE 45082 6 v:123
1/08/2020 10:10:24 PM,252 Event OK
1/08/2020 10:10:24 PM,EVENT 45087 1596319819 0/0/0/4/0 INPUT 4 0 5 v:123
1/08/2020 10:10:24 PM,252 Event OK
1/08/2020 10:10:24 PM,EVENT 45088 1596319819 0/0/0/4/0 INPUT 4 1 0 v:123
1/08/2020 10:10:24 PM,252 Event OK
1/08/2020 10:10:24 PM,QUIT
1/08/2020 10:10:24 PM,221 Session ended - goodbye
1/08/2020 10:11:01 PM,UNIT 9279
1/08/2020 10:11:01 PM,333 CHAL 1FA97E13
1/08/2020 10:11:02 PM,RESP F0687511
1/08/2020 10:11:02 PM,230 Auth OK
1/08/2020 10:11:02 PM,TIME
1/08/2020 10:11:02 PM,211 TIME 1596319862
1/08/2020 10:11:03 PM,EVCOUNT 1
1/08/2020 10:11:03 PM,252 Event OK
1/08/2020 10:11:05 PM,TODO
1/08/2020 10:11:05 PM,226 Nothing to do
1/08/2020 10:11:06 PM,EVENT 45089 1596319856 -310142863/1219230812/905/3/5 INPUT 3 1 0 v:123
1/08/2020 10:11:06 PM,252 Event OK
1/08/2020 10:11:07 PM,QUIT
1/08/2020 10:11:07 PM,221 Session ended - goodbye
1/08/2020 10:12:18 PM,UNIT 9279
1/08/2020 10:12:18 PM,333 CHAL 621A2710
1/08/2020 10:12:18 PM,RESP 0F0E00AF
1/08/2020 10:12:18 PM,230 Auth OK
1/08/2020 10:12:19 PM,TIME
1/08/2020 10:12:19 PM,211 TIME 1596319939
1/08/2020 10:12:19 PM,EVCOUNT 2
1/08/2020 10:12:19 PM,252 Event OK
1/08/2020 10:12:20 PM,TODO
1/08/2020 10:12:20 PM,226 Nothing to do
1/08/2020 10:12:21 PM,EVENT 45090 1596319931 -310119395/1219234467/837/5/11 INPUT 3 0 75 v:124
1/08/2020 10:12:21 PM,252 Event OK
1/08/2020 10:12:22 PM,EVENT 45091 1596319932 -310119138/1219234302/834/5/8 INPUT 3 1 0 v:123
1/08/2020 10:12:22 PM,252 Event OK
1/08/2020 10:12:22 PM,QUIT
1/08/2020 10:12:22 PM,221 Session ended - goodbye
1/08/2020 10:16:49 PM,UNIT 9279
1/08/2020 10:16:49 PM,333 CHAL 73C68C90
2/08/2020 9:11:15 AM,UNIT 9279
2/08/2020 9:11:15 AM,333 CHAL 4CE9E90C
2/08/2020 9:11:16 AM,RESP 611CEDFC
2/08/2020 9:11:16 AM,230 Auth OK
2/08/2020 9:11:16 AM,TIME
2/08/2020 9:11:16 AM,211 TIME 1596359476
2/08/2020 9:11:16 AM,EVCOUNT 398
2/08/2020 9:11:16 AM,252 Event OK
2/08/2020 9:11:16 AM,TODO
2/08/2020 9:11:16 AM,226 Nothing to do
2/08/2020 9:11:17 AM,EVENT 45092 1596319947 -310121767/1219229266/861/5/10 INPUT 3 0 14 v:123
2/08/2020 9:11:17 AM,252 Event OK
2/08/2020 9:11:17 AM,EVENT 45093 1596320028 -310121990/1219229086/870/0/0 INPUT 4 0 209 v:123
2/08/2020 9:11:17 AM,252 Event OK
2/08/2020 9:11:17 AM,EVENT 45094 1596320028 -310121990/1219229086/870/0/0 INPUT 4 1 0 v:123
2/08/2020 9:11:17 AM,252 Event OK
2/08/2020 9:11:17 AM,EVENT 45095 1596320127 -310121968/1219229357/764/0/0 INPUT 4 0 99 v:123
2/08/2020 9:11:17 AM,252 Event OK
2/08/2020 9:11:18 AM,EVENT 45096 1596320127 -310121968/1219229357/764/0/0 INPUT 4 1 0 v:123
2/08/2020 9:11:18 AM,252 Event OK
2/08/2020 9:11:18 AM,EVENT 45097 1596320247 -310122000/1219229151/799/0/0 INPUT 4 0 120 v:123
2/08/2020 9:11:18 AM,252 Event OK
2/08/2020 9:11:19 AM,EVENT 45098 1596320247 -310122000/1219229151/799/0/0 INPUT 4 1 0 v:123
2/08/2020 9:11:19 AM,252 Event OK
2/08/2020 9:11:20 AM,EVENT 45099 1596320378 -310121768/1219229158/827/0/0 INPUT 4 0 131 v:123
2/08/2020 9:11:20 AM,252 Event OK
2/08/2020 9:11:21 AM,EVENT 45100 1596320378 -310121768/1219229158/827/0/0 INPUT 4 1 0 v:123
2/08/2020 9:11:21 AM,252 Event OK
2/08/2020 9:11:21 AM,EVENT 45101 1596320630 -310121788/1219229172/748/0/0 INPUT 4 0 252 v:123
2/08/2020 9:11:21 AM,252 Event OK
2/08/2020 9:11:21 AM,EVENT 45102 1596320630 -310121788/1219229172/748/0/0 INPUT 4 1 0 v:123
2/08/2020 9:11:21 AM,252 Event OK
2/08/2020 9:11:21 AM,EVENT 45103 1596320663 -310121773/1219229151/737/0/0 INPUT 4 0 33 v:123
2/08/2020 9:11:21 AM,252 Event OK
2/08/2020 9:11:22 AM,EVENT 45104 1596320663 -310121773/1219229151/737/0/0 INPUT 4 1 0 v:123
2/08/2020 9:11:22 AM,252 Event OK
2/08/2020 9:11:22 AM,EVENT 45105 1596320816 -310121857/1219229007/788/0/0 INPUT 4 0 153 v:123
2/08/2020 9:11:22 AM,252 Event OK
2/08/2020 9:11:22 AM,EVENT 45106 1596320816 -310121857/1219229007/788/0/0 INPUT 4 1 0 v:123
2/08/2020 9:11:22 AM,252 Event OK
2/08/2020 9:11:22 AM,EVENT 45107 1596320915 -310122011/1219229159/821/0/0 INPUT 4 0 99 v:123
2/08/2020 9:11:22 AM,252 Event OK
2/08/2020 9:11:23 AM,EVENT 45108 1596320915 -310122011/1219229159/821/0/0 INPUT 4 1 0 v:123
2/08/2020 9:11:23 AM,252 Event OK
2/08/2020 9:11:23 AM,EVENT 45109 1596320981 -310121975/1219229142/763/0/0 INPUT 4 0 66 v:123
2/08/2020 9:11:23 AM,252 Event OK
2/08/2020 9:11:23 AM,EVENT 45110 1596320981 -310121975/1219229142/763/0/0 INPUT 4 1 0 v:123
2/08/2020 9:11:23 AM,252 Event OK
2/08/2020 9:11:23 AM,EVENT 45111 1596321071 -310121797/1219229369/747/0/0 INPUT 3 1 0 v:123
2/08/2020 9:11:23 AM,252 Event OK
2/08/2020 9:11:24 AM,EVENT 45112 1596321071 -310121797/1219229369/747/0/0 INPUT 7 1 0 v:123
2/08/2020 9:11:24 AM,252 Event OK
2/08/2020 9:11:24 AM,EVENT 45113 1596321071 -310121797/1219229369/747/0/0 INPUT 8 0 1278 v:123
2/08/2020 9:11:24 AM,252 Event OK
2/08/2020 9:11:24 AM,EVENT 45114 1596321072 -310121802/1219229369/748/0/150 INPUT 1 1 0 v:123
2/08/2020 9:11:24 AM,252 Event OK
2/08/2020 9:11:24 AM,EVENT 45115 1596321072 -310121804/1219229370/749/0/150 INPUT 3 0 2 v:123
2/08/2020 9:11:24 AM,252 Event OK
2/08/2020 9:11:25 AM,EVENT 45116 1596321072 -310121804/1219229370/749/0/150 INPUT 4 0 91 v:123
2/08/2020 9:11:25 AM,252 Event OK
2/08/2020 9:11:25 AM,EVENT 45117 1596321075 -310121814/1219229373/756/0/150 REPORT 45082 0 235 v:124
2/08/2020 9:11:25 AM,252 Event OK
2/08/2020 9:11:26 AM,EVENT 45118 1596321075 -310121817/1219229374/758/0/0 TRIP 45082 91 1167 11 8 1269 v:124
2/08/2020 9:11:26 AM,252 Event OK
2/08/2020 9:11:26 AM,EVENT 45119 1596321075 -310121817/1219229374/758/0/0 TRIPSUMMARY 45082 v:124
2/08/2020 9:11:26 AM,252 Event OK
2/08/2020 9:11:26 AM,EVENT 45120 1596321406 -310122043/1219229179/831/0/0 INPUT 8 1 0 v:124
2/08/2020 9:11:26 AM,252 Event OK
2/08/2020 9:11:27 AM,EVENT 45121 1596321407 -310122043/1219229175/829/0/0 INPUT 7 0 336 v:124
2/08/2020 9:11:27 AM,252 Event OK
2/08/2020 9:11:27 AM,EVENT 45122 1596321419 -310122017/1219229176/819/0/0 SIGNON 2544 03d5def0 OK 26 151087 0 v:124
2/08/2020 9:11:27 AM,252 Event OK
2/08/2020 9:11:27 AM,EVENT 45123 1596321424 -310122018/1219229182/812/0/0 INPUT 3 1 0 v:123
2/08/2020 9:11:27 AM,252 Event OK
2/08/2020 9:11:27 AM,EVENT 45124 1596321425 -310122018/1219229183/810/0/150 INPUT 1 0 353 v:123
2/08/2020 9:11:27 AM,252 Event OK
2/08/2020 9:11:28 AM,EVENT 45125 1596321425 -310122018/1219229184/810/0/150 INPUT 3 0 2 v:123
2/08/2020 9:11:28 AM,252 Event OK
2/08/2020 9:11:28 AM,EVENT 45126 1596321425 -310122018/1219229184/810/0/150 INPUT 4 1 0 v:123
2/08/2020 9:11:28 AM,252 Event OK
2/08/2020 9:11:28 AM,EVENT 45127 1596321426 -310122018/1219229182/806/0/150 OILPRESSURE 45122 2 v:123
2/08/2020 9:11:28 AM,252 Event OK
2/08/2020 9:11:28 AM,EVENT 45128 1596321430 -310122170/1219228724/776/0/6 INPUT 3 1 0 v:123
2/08/2020 9:11:28 AM,252 Event OK
2/08/2020 9:11:29 AM,EVENT 45129 1596321824 0/0/0/0/12 INPUT 3 0 394 v:123
2/08/2020 9:11:29 AM,252 Event OK
2/08/2020 9:11:29 AM,EVENT 45130 1596321845 0/0/0/0/0 INPUT 4 0 420 v:123
2/08/2020 9:11:29 AM,252 Event OK
2/08/2020 9:11:29 AM,EVENT 45131 1596321845 0/0/0/0/0 INPUT 4 1 0 v:123
2/08/2020 9:11:29 AM,252 Event OK
2/08/2020 9:11:29 AM,EVENT 45132 1596321854 0/0/0/0/0 INPUT 4 0 9 v:124
2/08/2020 9:11:29 AM,252 Event OK
2/08/2020 9:11:29 AM,EVENT 45133 1596321854 0/0/0/0/0 INPUT 4 1 0 v:124
2/08/2020 9:11:29 AM,252 Event OK
2/08/2020 9:11:30 AM,EVENT 45134 1596321859 0/0/0/0/6 INPUT 3 1 0 v:124
2/08/2020 9:11:30 AM,252 Event OK
2/08/2020 9:11:30 AM,EVENT 45135 1596322468 0/0/0/0/12 INPUT 3 0 609 v:123
2/08/2020 9:11:30 AM,252 Event OK
2/08/2020 9:11:30 AM,EVENT 45136 1596322482 0/0/0/0/6 INPUT 7 1 0 v:124
2/08/2020 9:11:30 AM,252 Event OK
2/08/2020 9:11:30 AM,EVENT 45137 1596322482 0/0/0/0/6 INPUT 8 0 1075 v:124
2/08/2020 9:11:30 AM,252 Event OK
2/08/2020 9:11:30 AM,EVENT 45138 1596322483 0/0/0/0/6 INPUT 1 1 0 v:124
2/08/2020 9:11:30 AM,252 Event OK
2/08/2020 9:11:31 AM,EVENT 45139 1596322483 0/0/0/0/6 INPUT 4 0 629 v:124
2/08/2020 9:11:31 AM,252 Event OK
2/08/2020 9:11:31 AM,EVENT 45140 1596322484 0/0/0/0/0 INPUT 4 1 0 v:124
2/08/2020 9:11:31 AM,252 Event OK
2/08/2020 9:11:31 AM,EVENT 45141 1596322486 0/0/0/0/0 TRIP 45122 1005 57 6 5 1068 v:124
2/08/2020 9:11:31 AM,252 Event OK
2/08/2020 9:11:31 AM,EVENT 45142 1596322486 0/0/0/0/0 TRIPSUMMARY 45122 v:124
2/08/2020 9:11:31 AM,252 Event OK
2/08/2020 9:11:32 AM,EVENT 45143 1596322487 0/0/0/0/0 INPUT 4 0 2 v:124
2/08/2020 9:11:32 AM,252 Event OK
2/08/2020 9:11:32 AM,EVENT 45144 1596322650 0/0/0/0/0 INPUT 8 1 0 v:124
2/08/2020 9:11:32 AM,252 Event OK
2/08/2020 9:11:32 AM,EVENT 45145 1596322650 0/0/0/0/0 INPUT 7 0 169 v:124
2/08/2020 9:11:32 AM,252 Event OK
2/08/2020 9:11:32 AM,EVENT 45146 1596322660 0/0/0/0/0 SIGNON 2544 03d5def0 OK 26 151087 0 v:124
2/08/2020 9:11:32 AM,252 Event OK
2/08/2020 9:11:32 AM,EVENT 45147 1596322669 0/0/0/0/0 INPUT 4 1 0 v:124
2/08/2020 9:11:32 AM,252 Event OK
2/08/2020 9:11:33 AM,EVENT 45148 1596322669 0/0/0/0/0 INPUT 1 0 187 v:124
2/08/2020 9:11:33 AM,252 Event OK
2/08/2020 9:11:33 AM,EVENT 45149 1596322671 0/0/0/0/0 OILPRESSURE 45146 6 v:123
2/08/2020 9:11:33 AM,252 Event OK
2/08/2020 9:11:33 AM,EVENT 45150 1596322681 0/0/0/0/3 INPUT 4 0 13 v:124
2/08/2020 9:11:33 AM,252 Event OK
2/08/2020 9:11:33 AM,EVENT 45151 1596322681 0/0/0/0/3 INPUT 4 1 0 v:124
2/08/2020 9:11:33 AM,252 Event OK
2/08/2020 9:11:34 AM,EVENT 45152 1596322685 0/0/0/0/3 INPUT 4 0 4 v:124
2/08/2020 9:11:34 AM,252 Event OK
2/08/2020 9:11:34 AM,EVENT 45153 1596322685 0/0/0/0/3 INPUT 4 1 0 v:123
2/08/2020 9:11:34 AM,252 Event OK
2/08/2020 9:11:34 AM,EVENT 45154 1596322689 0/0/0/0/3 INPUT 7 1 0 v:123
2/08/2020 9:11:34 AM,252 Event OK
2/08/2020 9:11:35 AM,EVENT 45155 1596322689 0/0/0/0/3 INPUT 8 0 40 v:124
2/08/2020 9:11:35 AM,252 Event OK
2/08/2020 9:11:35 AM,EVENT 45156 1596322690 0/0/0/0/3 INPUT 1 1 0 v:124
2/08/2020 9:11:35 AM,252 Event OK
2/08/2020 9:11:35 AM,EVENT 45157 1596322691 0/0/0/0/3 INPUT 4 0 6 v:124
2/08/2020 9:11:35 AM,252 Event OK
2/08/2020 9:11:35 AM,EVENT 45158 1596322694 0/0/0/0/0 TRIP 45146 0 23 12 9 35 v:124
2/08/2020 9:11:35 AM,252 Event OK
2/08/2020 9:11:36 AM,EVENT 45159 1596322694 0/0/0/0/0 TRIPSUMMARY 45146 v:124
2/08/2020 9:11:36 AM,252 Event OK
2/08/2020 9:11:37 AM,EVENT 45160 1596336348 0/0/0/0/0 SWSTART OpusFC 5.0.58.510 R v:124
2/08/2020 9:11:37 AM,252 Event OK
2/08/2020 9:11:38 AM,EVENT 45161 1596322694 0/0/0/0/0 POWERDOWN v:124
2/08/2020 9:11:38 AM,252 Event OK
2/08/2020 9:11:38 AM,EVENT 45162 1596336348 0/0/0/0/0 INPUT 1 1 0 v:123
2/08/2020 9:11:38 AM,252 Event OK
2/08/2020 9:11:38 AM,EVENT 45163 1596336348 0/0/0/0/0 INPUT 2 0 0 v:123
2/08/2020 9:11:38 AM,252 Event OK
2/08/2020 9:11:38 AM,EVENT 45164 1596336348 0/0/0/0/0 INPUT 3 0 0 v:123
2/08/2020 9:11:38 AM,252 Event OK
2/08/2020 9:11:39 AM,EVENT 45165 1596336348 0/0/0/0/0 INPUT 4 0 0 v:123
2/08/2020 9:11:39 AM,252 Event OK
2/08/2020 9:11:40 AM,EVENT 45166 1596336348 0/0/0/0/0 INPUT 7 0 0 v:123
2/08/2020 9:11:40 AM,252 Event OK
2/08/2020 9:11:40 AM,EVENT 45167 1596336348 0/0/0/0/0 INPUT 8 1 0 v:123
2/08/2020 9:11:40 AM,252 Event OK
2/08/2020 9:11:41 AM,EVENT 45168 1596336349 0/0/0/0/0 ZONE_OK 2 100 FW=NO VERSION v:123
2/08/2020 9:11:41 AM,252 Event OK
2/08/2020 9:11:41 AM,EVENT 45169 1596336360 0/0/0/99/0 SIGNON 2544 03d5def0 OK 26 151087 0 v:123
2/08/2020 9:11:41 AM,252 Event OK
2/08/2020 9:11:41 AM,EVENT 45170 1596336369 0/0/0/99/0 INPUT 1 0 22 v:124
2/08/2020 9:11:41 AM,252 Event OK
2/08/2020 9:11:42 AM,EVENT 45171 1596336369 0/0/0/99/0 INPUT 4 1 0 v:124
2/08/2020 9:11:42 AM,252 Event OK
2/08/2020 9:11:42 AM,EVENT 45172 1596336371 0/0/0/0/0 OILPRESSURE 45169 6 v:123
2/08/2020 9:11:42 AM,252 Event OK
2/08/2020 9:11:42 AM,EVENT 45173 1596336378 0/0/0/0/0 INPUT 4 0 9 v:123
2/08/2020 9:11:42 AM,252 Event OK
2/08/2020 9:11:43 AM,EVENT 45174 1596336378 0/0/0/0/0 INPUT 4 1 0 v:123
2/08/2020 9:11:43 AM,252 Event OK
2/08/2020 9:11:43 AM,EVENT 45175 1596336390 0/0/0/0/3 INPUT 4 0 12 v:123
2/08/2020 9:11:43 AM,252 Event OK
2/08/2020 9:11:43 AM,EVENT 45176 1596336391 0/0/0/0/3 INPUT 4 1 0 v:123
2/08/2020 9:11:43 AM,252 Event OK
2/08/2020 9:11:43 AM,EVENT 45177 1596336393 0/0/0/0/3 INPUT 4 0 3 v:123
2/08/2020 9:11:43 AM,252 Event OK
2/08/2020 9:11:43 AM,EVENT 45178 1596336393 0/0/0/0/3 INPUT 4 1 0 v:123
2/08/2020 9:11:43 AM,252 Event OK
2/08/2020 9:11:44 AM,EVENT 45179 1596336408 0/0/0/0/5 INPUT 3 1 0 v:124
2/08/2020 9:11:44 AM,252 Event OK
2/08/2020 9:11:48 AM,EVENT 45180 1596336458 0/0/0/0/20 INPUT 3 0 50 v:123
2/08/2020 9:11:48 AM,252 Event OK
2/08/2020 9:11:50 AM,EVENT 45181 1596336459 0/0/0/0/20 INPUT 4 0 66 v:124
2/08/2020 9:11:50 AM,252 Event OK
2/08/2020 9:11:51 AM,EVENT 45182 1596336459 0/0/0/0/18 INPUT 4 1 0 v:123
2/08/2020 9:11:51 AM,252 Event OK
2/08/2020 9:11:51 AM,EVENT 45183 1596336468 0/0/0/0/5 INPUT 3 1 0 v:124
2/08/2020 9:11:51 AM,252 Event OK
2/08/2020 9:11:51 AM,EVENT 45184 1596336878 0/0/0/0/10 INPUT 3 0 410 v:124
2/08/2020 9:11:51 AM,252 Event OK
2/08/2020 9:11:52 AM,EVENT 45185 1596336881 0/0/0/0/6 INPUT 3 1 0 v:124
2/08/2020 9:11:52 AM,252 Event OK
2/08/2020 9:11:52 AM,EVENT 45186 1596336899 0/0/0/0/10 INPUT 3 0 18 v:124
2/08/2020 9:11:52 AM,252 Event OK
2/08/2020 9:11:52 AM,EVENT 45187 1596336899 0/0/0/0/8 INPUT 3 1 0 v:124
2/08/2020 9:11:52 AM,252 Event OK
2/08/2020 9:11:52 AM,EVENT 45188 1596336944 0/0/0/0/10 INPUT 3 0 44 v:124
2/08/2020 9:11:52 AM,252 Event OK
2/08/2020 9:11:53 AM,EVENT 45189 1596336948 0/0/0/0/3 INPUT 3 1 0 v:124
2/08/2020 9:11:53 AM,252 Event OK
2/08/2020 9:11:56 AM,EVENT 45190 1596336962 0/0/0/0/14 INPUT 3 0 14 v:124
2/08/2020 9:11:56 AM,252 Event OK
2/08/2020 9:11:57 AM,EVENT 45191 1596336964 0/0/0/0/6 INPUT 3 1 0 v:124
2/08/2020 9:11:57 AM,252 Event OK
2/08/2020 9:11:57 AM,EVENT 45192 1596336999 0/0/0/0/13 INPUT 3 0 35 v:124
2/08/2020 9:11:57 AM,252 Event OK
2/08/2020 9:11:57 AM,EVENT 45193 1596337009 0/0/0/0/3 INPUT 4 0 550 v:124
2/08/2020 9:11:57 AM,252 Event OK
2/08/2020 9:11:57 AM,EVENT 45194 1596337009 0/0/0/0/3 INPUT 4 1 0 v:124
2/08/2020 9:11:57 AM,252 Event OK
2/08/2020 9:11:57 AM,EVENT 45195 1596337011 0/0/0/0/4 INPUT 3 1 0 v:124
2/08/2020 9:11:57 AM,252 Event OK
2/08/2020 9:11:58 AM,EVENT 45196 1596337019 0/0/0/0/14 INPUT 3 0 7 v:124
2/08/2020 9:11:58 AM,252 Event OK
2/08/2020 9:11:58 AM,EVENT 45197 1596337020 0/0/0/0/7 INPUT 4 0 11 v:124
2/08/2020 9:11:58 AM,252 Event OK
2/08/2020 9:11:58 AM,EVENT 45198 1596337021 0/0/0/0/7 INPUT 4 1 0 v:124
2/08/2020 9:11:58 AM,252 Event OK
2/08/2020 9:11:58 AM,EVENT 45199 1596337032 0/0/0/0/6 INPUT 3 1 0 v:124
2/08/2020 9:11:58 AM,252 Event OK
2/08/2020 9:12:01 AM,EVENT 45200 1596337035 0/0/0/0/10 INPUT 3 0 4 v:124
2/08/2020 9:12:01 AM,252 Event OK
2/08/2020 9:12:02 AM,EVENT 45201 1596337053 0/0/0/99/3 INPUT 4 0 33 v:124
2/08/2020 9:12:02 AM,252 Event OK
2/08/2020 9:12:02 AM,EVENT 45202 1596337053 0/0/0/99/0 INPUT 4 1 0 v:124
2/08/2020 9:12:02 AM,252 Event OK
2/08/2020 9:12:02 AM,EVENT 45203 1596337065 0/0/0/0/2 INPUT 4 0 12 v:123
2/08/2020 9:12:02 AM,252 Event OK
2/08/2020 9:12:02 AM,EVENT 45204 1596337066 0/0/0/0/2 INPUT 4 1 0 v:123
2/08/2020 9:12:02 AM,252 Event OK
2/08/2020 9:12:02 AM,EVENT 45205 1596337102 0/0/0/0/3 INPUT 3 1 0 v:123
2/08/2020 9:12:02 AM,252 Event OK
2/08/2020 9:12:03 AM,EVENT 45206 1596337103 0/0/0/0/7 INPUT 3 0 1 v:123
2/08/2020 9:12:03 AM,252 Event OK
2/08/2020 9:12:03 AM,EVENT 45207 1596337122 0/0/0/0/0 INPUT 4 0 57 v:124
2/08/2020 9:12:03 AM,252 Event OK
2/08/2020 9:12:03 AM,EVENT 45208 1596337122 0/0/0/0/0 INPUT 4 1 0 v:124
2/08/2020 9:12:03 AM,252 Event OK
2/08/2020 9:12:03 AM,EVENT 45209 1596337263 0/0/0/0/8 INPUT 3 1 0 v:124
2/08/2020 9:12:03 AM,252 Event OK
2/08/2020 9:12:04 AM,EVENT 45210 1596337272 0/0/0/0/10 INPUT 3 0 9 v:124
2/08/2020 9:12:04 AM,252 Event OK
2/08/2020 9:12:04 AM,EVENT 45211 1596337294 0/0/0/0/0 INPUT 4 0 172 v:124
2/08/2020 9:12:04 AM,252 Event OK
2/08/2020 9:12:04 AM,EVENT 45212 1596337295 0/0/0/0/0 INPUT 4 1 0 v:124
2/08/2020 9:12:04 AM,252 Event OK
2/08/2020 9:12:05 AM,EVENT 45213 1596337300 0/0/0/0/0 INPUT 4 0 6 v:124
2/08/2020 9:12:05 AM,252 Event OK
2/08/2020 9:12:05 AM,EVENT 45214 1596337301 0/0/0/0/0 INPUT 4 1 0 v:124
2/08/2020 9:12:05 AM,252 Event OK
2/08/2020 9:12:05 AM,EVENT 45215 1596337308 0/0/0/0/6 INPUT 3 1 0 v:123
2/08/2020 9:12:05 AM,252 Event OK
2/08/2020 9:12:06 AM,EVENT 45216 1596337310 0/0/0/0/9 INPUT 3 0 1 v:124
2/08/2020 9:12:06 AM,252 Event OK
2/08/2020 9:12:06 AM,EVENT 45217 1596337313 0/0/0/0/4 INPUT 3 1 0 v:124
2/08/2020 9:12:06 AM,252 Event OK
2/08/2020 9:12:06 AM,EVENT 45218 1596337318 0/0/0/0/10 INPUT 3 0 5 v:124
2/08/2020 9:12:06 AM,252 Event OK
2/08/2020 9:12:07 AM,EVENT 45219 1596337319 0/0/0/0/8 INPUT 3 1 0 v:124
2/08/2020 9:12:07 AM,252 Event OK
2/08/2020 9:12:07 AM,EVENT 45220 1596337320 0/0/0/0/9 INPUT 3 0 2 v:124
2/08/2020 9:12:07 AM,252 Event OK
2/08/2020 9:12:07 AM,EVENT 45221 1596337329 0/0/0/0/7 INPUT 3 1 0 v:124
2/08/2020 9:12:07 AM,252 Event OK
2/08/2020 9:12:08 AM,EVENT 45222 1596337332 0/0/0/0/9 INPUT 3 0 4 v:124
2/08/2020 9:12:08 AM,252 Event OK
2/08/2020 9:12:08 AM,EVENT 45223 1596337332 0/0/0/0/9 INPUT 7 1 0 v:124
2/08/2020 9:12:08 AM,252 Event OK
2/08/2020 9:12:08 AM,EVENT 45224 1596337332 0/0/0/0/9 INPUT 8 0 985 v:124
2/08/2020 9:12:08 AM,252 Event OK
2/08/2020 9:12:08 AM,EVENT 45225 1596337333 0/0/0/0/9 INPUT 1 1 0 v:124
2/08/2020 9:12:08 AM,252 Event OK
2/08/2020 9:12:08 AM,EVENT 45226 1596337334 0/0/0/0/9 INPUT 4 0 34 v:124
2/08/2020 9:12:08 AM,252 Event OK
2/08/2020 9:12:09 AM,EVENT 45227 1596337334 0/0/0/0/9 INPUT 4 1 0 v:124
2/08/2020 9:12:09 AM,252 Event OK
2/08/2020 9:12:09 AM,EVENT 45228 1596337336 0/0/0/0/0 INPUT 4 0 2 v:124
2/08/2020 9:12:09 AM,252 Event OK
2/08/2020 9:12:09 AM,EVENT 45229 1596337337 0/0/0/0/0 TRIP 45169 604 363 11 10 978 v:124
2/08/2020 9:12:09 AM,252 Event OK
2/08/2020 9:12:10 AM,EVENT 45230 1596337337 0/0/0/0/0 TRIPSUMMARY 45169 v:124
2/08/2020 9:12:10 AM,252 Event OK
2/08/2020 9:12:10 AM,EVENT 45231 1596337387 0/0/0/0/0 REPORT * 0 0 v:124
2/08/2020 9:12:10 AM,252 Event OK
2/08/2020 9:12:10 AM,EVENT 45232 1596337923 0/0/0/0/0 INPUT 8 1 0 v:124
2/08/2020 9:12:10 AM,252 Event OK
2/08/2020 9:12:10 AM,EVENT 45233 1596337923 0/0/0/0/0 INPUT 7 0 590 v:124
2/08/2020 9:12:10 AM,252 Event OK
2/08/2020 9:12:11 AM,EVENT 45234 1596337933 0/0/0/0/0 SIGNON 2544 03d5def0 OK 26 151087 0 v:124
2/08/2020 9:12:11 AM,252 Event OK
2/08/2020 9:12:11 AM,EVENT 45235 1596337940 0/0/0/0/0 INPUT 1 0 606 v:124
2/08/2020 9:12:11 AM,252 Event OK
2/08/2020 9:12:11 AM,EVENT 45236 1596337940 0/0/0/0/0 INPUT 4 1 0 v:124
2/08/2020 9:12:11 AM,252 Event OK
2/08/2020 9:12:12 AM,EVENT 45237 1596337941 0/0/0/0/0 INPUT 4 0 2 v:124
2/08/2020 9:12:12 AM,252 Event OK
2/08/2020 9:12:12 AM,EVENT 45238 1596337941 0/0/0/0/0 OILPRESSURE 45234 3 v:124
2/08/2020 9:12:12 AM,252 Event OK
2/08/2020 9:12:12 AM,EVENT 45239 1596337941 0/0/0/0/0 INPUT 4 1 0 v:124
2/08/2020 9:12:12 AM,252 Event OK
2/08/2020 9:12:13 AM,EVENT 45240 1596337944 0/0/0/0/7 INPUT 3 1 0 v:124
2/08/2020 9:12:13 AM,252 Event OK
2/08/2020 9:12:13 AM,EVENT 45241 1596337945 0/0/0/0/8 INPUT 3 0 1 v:124
2/08/2020 9:12:13 AM,252 Event OK
2/08/2020 9:12:13 AM,EVENT 45242 1596337952 0/0/0/0/5 INPUT 4 0 11 v:124
2/08/2020 9:12:13 AM,252 Event OK
2/08/2020 9:12:14 AM,EVENT 45243 1596337952 0/0/0/0/5 INPUT 4 1 0 v:124
2/08/2020 9:12:14 AM,252 Event OK
2/08/2020 9:12:23 AM,EVENT 45244 1596337958 0/0/0/0/0 INPUT 4 0 6 v:124
2/08/2020 9:12:23 AM,252 Event OK
2/08/2020 9:12:42 AM,UNIT 9279
2/08/2020 9:12:42 AM,333 CHAL 391D4B56
2/08/2020 9:12:42 AM,RESP 35C1354D
2/08/2020 9:12:42 AM,230 Auth OK
2/08/2020 9:12:43 AM,TIME
2/08/2020 9:12:43 AM,211 TIME 1596359563
2/08/2020 9:12:44 AM,EVCOUNT 253
2/08/2020 9:12:44 AM,252 Event OK
2/08/2020 9:12:44 AM,TODO
2/08/2020 9:12:44 AM,226 Nothing to do
2/08/2020 9:12:45 AM,EVENT 45244 1596337958 0/0/0/0/0 INPUT 4 0 6 v:124
2/08/2020 9:12:45 AM,253 Event OK - Duplicate
2/08/2020 9:12:46 AM,EVENT 45245 1596337959 0/0/0/0/3 INPUT 4 1 0 v:124
2/08/2020 9:12:46 AM,252 Event OK
2/08/2020 9:12:46 AM,EVENT 45246 1596337963 0/0/0/0/3 INPUT 4 0 5 v:124
2/08/2020 9:12:46 AM,252 Event OK
2/08/2020 9:12:47 AM,EVENT 45247 1596337963 0/0/0/0/3 INPUT 4 1 0 v:124
2/08/2020 9:12:47 AM,252 Event OK
2/08/2020 9:12:48 AM,EVENT 45248 1596337968 0/0/0/0/3 INPUT 3 1 0 v:124
2/08/2020 9:12:48 AM,252 Event OK
2/08/2020 9:12:48 AM,EVENT 45249 1596338015 0/0/0/0/9 INPUT 3 0 47 v:124
2/08/2020 9:12:48 AM,252 Event OK
2/08/2020 9:12:49 AM,EVENT 45250 1596338020 0/0/0/0/5 INPUT 4 0 57 v:124
2/08/2020 9:12:49 AM,252 Event OK
2/08/2020 9:12:50 AM,EVENT 45251 1596338020 0/0/0/0/5 INPUT 4 1 0 v:124
2/08/2020 9:12:50 AM,252 Event OK
2/08/2020 9:12:50 AM,EVENT 45252 1596338038 0/0/0/0/5 INPUT 4 0 18 v:124
2/08/2020 9:12:50 AM,252 Event OK
2/08/2020 9:12:51 AM,EVENT 45253 1596338038 0/0/0/0/0 INPUT 4 1 0 v:124
2/08/2020 9:12:51 AM,252 Event OK
2/08/2020 9:12:52 AM,EVENT 45254 1596338050 0/0/0/0/3 INPUT 7 1 0 v:124
2/08/2020 9:12:52 AM,252 Event OK
2/08/2020 9:12:53 AM,EVENT 45255 1596338050 0/0/0/0/3 INPUT 8 0 127 v:124
2/08/2020 9:12:53 AM,252 Event OK
2/08/2020 9:12:53 AM,EVENT 45256 1596338051 0/0/0/0/3 INPUT 1 1 0 v:124
2/08/2020 9:12:53 AM,252 Event OK
2/08/2020 9:12:54 AM,EVENT 45257 1596338052 0/0/0/0/3 INPUT 4 0 14 v:124
2/08/2020 9:12:54 AM,252 Event OK
2/08/2020 9:12:55 AM,EVENT 45258 1596338054 0/0/0/0/0 TRIP 45234 48 65 8 6 121 v:124
2/08/2020 9:12:55 AM,252 Event OK
2/08/2020 9:12:56 AM,EVENT 45259 1596338054 0/0/0/0/0 TRIPSUMMARY 45234 v:124
2/08/2020 9:12:56 AM,252 Event OK
2/08/2020 9:12:56 AM,EVENT 45260 1596338159 0/0/0/0/0 INPUT 8 1 0 v:124
2/08/2020 9:12:56 AM,252 Event OK
2/08/2020 9:12:57 AM,EVENT 45261 1596338159 0/0/0/0/0 INPUT 7 0 110 v:124
2/08/2020 9:12:57 AM,252 Event OK
2/08/2020 9:12:58 AM,EVENT 45262 1596338167 0/0/0/0/0 SIGNON 2544 03d5def0 OK 26 151087 0 v:124
2/08/2020 9:12:58 AM,252 Event OK
2/08/2020 9:12:59 AM,EVENT 45263 1596338173 0/0/0/0/0 INPUT 1 0 122 v:124
2/08/2020 9:12:59 AM,252 Event OK
2/08/2020 9:12:59 AM,EVENT 45264 1596338173 0/0/0/0/0 INPUT 4 1 0 v:124
2/08/2020 9:12:59 AM,252 Event OK
2/08/2020 9:13:00 AM,EVENT 45265 1596338174 0/0/0/0/0 OILPRESSURE 45262 2 v:124
2/08/2020 9:13:00 AM,252 Event OK
2/08/2020 9:13:01 AM,EVENT 45266 1596338179 0/0/0/0/5 INPUT 3 1 0 v:124
2/08/2020 9:13:01 AM,252 Event OK
2/08/2020 9:13:02 AM,EVENT 45267 1596338185 0/0/0/0/13 INPUT 3 0 7 v:124
2/08/2020 9:13:02 AM,252 Event OK
2/08/2020 9:13:02 AM,EVENT 45268 1596338187 0/0/0/0/8 INPUT 7 1 0 v:124
2/08/2020 9:13:02 AM,252 Event OK
2/08/2020 9:13:03 AM,EVENT 45269 1596338187 0/0/0/0/8 INPUT 8 0 29 v:124
2/08/2020 9:13:03 AM,252 Event OK
2/08/2020 9:13:04 AM,EVENT 45270 1596338188 0/0/0/0/8 INPUT 1 1 0 v:124
2/08/2020 9:13:04 AM,252 Event OK
2/08/2020 9:13:04 AM,EVENT 45271 1596338189 0/0/0/0/8 INPUT 4 0 17 v:124
2/08/2020 9:13:04 AM,252 Event OK
2/08/2020 9:13:05 AM,EVENT 45272 1596338192 0/0/0/0/0 TRIP 45262 7 10 9 6 26 v:124
2/08/2020 9:13:05 AM,252 Event OK
2/08/2020 9:13:06 AM,EVENT 45273 1596338192 0/0/0/0/0 TRIPSUMMARY 45262 v:124
2/08/2020 9:13:06 AM,252 Event OK
2/08/2020 9:13:07 AM,EVENT 45274 1596339402 0/0/0/0/0 INPUT 8 1 0 v:124
2/08/2020 9:13:07 AM,252 Event OK
2/08/2020 9:13:08 AM,EVENT 45275 1596339402 0/0/0/0/0 INPUT 7 0 1215 v:124
2/08/2020 9:13:08 AM,252 Event OK
2/08/2020 9:13:09 AM,EVENT 45276 1596339425 0/0/0/0/0 SIGNON 2503 03d7f2de OK 26 140690 0 v:124
2/08/2020 9:13:09 AM,252 Event OK
2/08/2020 9:13:09 AM,EVENT 45277 1596339431 0/0/0/0/0 INPUT 1 0 1244 v:124
2/08/2020 9:13:09 AM,252 Event OK
2/08/2020 9:13:10 AM,EVENT 45278 1596339432 0/0/0/0/0 INPUT 4 1 0 v:124
2/08/2020 9:13:10 AM,252 Event OK
2/08/2020 9:13:11 AM,EVENT 45279 1596339433 0/0/0/0/0 OILPRESSURE 45276 3 v:124
2/08/2020 9:13:11 AM,252 Event OK
2/08/2020 9:13:11 AM,EVENT 45280 1596339459 0/0/0/99/3 INPUT 4 0 28 v:124
2/08/2020 9:13:11 AM,252 Event OK
2/08/2020 9:13:12 AM,EVENT 45281 1596339459 0/0/0/99/3 INPUT 4 1 0 v:124
2/08/2020 9:13:12 AM,252 Event OK
2/08/2020 9:13:13 AM,EVENT 45282 1596339462 0/0/0/99/3 REPORT 45276 0 0 v:124
2/08/2020 9:13:13 AM,252 Event OK
2/08/2020 9:13:14 AM,EVENT 45283 1596339479 0/0/0/0/3 INPUT 4 0 20 v:124
2/08/2020 9:13:14 AM,252 Event OK
2/08/2020 9:13:15 AM,EVENT 45284 1596339480 0/0/0/0/0 INPUT 4 1 0 v:124
2/08/2020 9:13:15 AM,252 Event OK
2/08/2020 9:13:20 AM,EVENT 45285 1596339480 0/0/0/0/3 INPUT 3 1 0 v:124
2/08/2020 9:13:20 AM,252 Event OK
2/08/2020 9:13:20 AM,EVENT 45286 1596339882 0/0/0/0/9 INPUT 3 0 402 v:124
2/08/2020 9:13:20 AM,252 Event OK
2/08/2020 9:13:20 AM,EVENT 45287 1596339898 0/0/0/0/8 INPUT 3 1 0 v:124
2/08/2020 9:13:20 AM,252 Event OK
2/08/2020 9:13:20 AM,EVENT 45288 1596339898 0/0/0/0/9 INPUT 3 0 1 v:124
2/08/2020 9:13:20 AM,252 Event OK
2/08/2020 9:13:21 AM,EVENT 45289 1596339905 0/0/0/0/0 INPUT 4 0 426 v:124
2/08/2020 9:13:21 AM,252 Event OK
2/08/2020 9:13:21 AM,EVENT 45290 1596339905 0/0/0/0/0 INPUT 4 1 0 v:124
2/08/2020 9:13:21 AM,252 Event OK
2/08/2020 9:13:22 AM,EVENT 45291 1596339910 0/0/0/0/5 INPUT 3 1 0 v:124
2/08/2020 9:13:22 AM,252 Event OK
2/08/2020 9:13:23 AM,EVENT 45292 1596340181 0/0/0/0/12 INPUT 3 0 270 v:124
2/08/2020 9:13:23 AM,252 Event OK
2/08/2020 9:13:23 AM,EVENT 45293 1596340192 0/0/0/0/3 INPUT 4 0 287 v:124
2/08/2020 9:13:23 AM,252 Event OK
2/08/2020 9:13:23 AM,EVENT 45294 1596340192 0/0/0/0/3 INPUT 4 1 0 v:124
2/08/2020 9:13:23 AM,252 Event OK
2/08/2020 9:13:24 AM,EVENT 45295 1596340217 0/0/0/0/3 INPUT 4 0 25 v:124
2/08/2020 9:13:24 AM,252 Event OK
2/08/2020 9:13:24 AM,EVENT 45296 1596340217 0/0/0/0/3 INPUT 4 1 0 v:124
2/08/2020 9:13:24 AM,252 Event OK
2/08/2020 9:13:25 AM,EVENT 45297 1596340228 0/0/0/0/3 INPUT 4 0 11 v:124
2/08/2020 9:13:25 AM,252 Event OK
2/08/2020 9:13:25 AM,EVENT 45298 1596340229 0/0/0/0/3 INPUT 4 1 0 v:124
2/08/2020 9:13:25 AM,252 Event OK
2/08/2020 9:13:25 AM,EVENT 45299 1596340247 0/0/0/0/0 INPUT 4 0 19 v:124
2/08/2020 9:13:25 AM,252 Event OK
2/08/2020 9:13:26 AM,EVENT 45300 1596340247 0/0/0/0/0 INPUT 4 1 0 v:124
2/08/2020 9:13:26 AM,252 Event OK
2/08/2020 9:13:26 AM,EVENT 45301 1596340259 0/0/0/0/3 INPUT 4 0 12 v:124
2/08/2020 9:13:26 AM,252 Event OK
2/08/2020 9:13:26 AM,EVENT 45302 1596340260 0/0/0/0/3 INPUT 4 1 0 v:124
2/08/2020 9:13:26 AM,252 Event OK
2/08/2020 9:13:27 AM,EVENT 45303 1596340262 0/0/0/0/3 INPUT 4 0 3 v:124
2/08/2020 9:13:27 AM,252 Event OK
2/08/2020 9:13:27 AM,EVENT 45304 1596340263 0/0/0/0/0 INPUT 4 1 0 v:124
2/08/2020 9:13:27 AM,252 Event OK
2/08/2020 9:13:27 AM,EVENT 45305 1596340265 0/0/0/0/0 INPUT 4 0 3 v:124
2/08/2020 9:13:27 AM,252 Event OK
2/08/2020 9:13:27 AM,EVENT 45306 1596340266 0/0/0/0/0 INPUT 4 1 0 v:124
2/08/2020 9:13:27 AM,252 Event OK
2/08/2020 9:13:28 AM,EVENT 45307 1596340268 0/0/0/0/0 INPUT 4 0 3 v:124
2/08/2020 9:13:28 AM,252 Event OK
2/08/2020 9:13:29 AM,EVENT 45308 1596340269 0/0/0/0/0 INPUT 4 1 0 v:124
2/08/2020 9:13:29 AM,252 Event OK
2/08/2020 9:13:29 AM,EVENT 45309 1596340274 0/0/0/0/0 INPUT 4 0 6 v:124
2/08/2020 9:13:29 AM,252 Event OK
2/08/2020 9:13:30 AM,EVENT 45310 1596340275 0/0/0/0/3 INPUT 4 1 0 v:124
2/08/2020 9:13:30 AM,252 Event OK
2/08/2020 9:13:30 AM,EVENT 45311 1596340280 0/0/0/0/0 INPUT 4 0 6 v:124
2/08/2020 9:13:30 AM,252 Event OK
2/08/2020 9:13:30 AM,EVENT 45312 1596340281 0/0/0/0/0 INPUT 4 1 0 v:124
2/08/2020 9:13:30 AM,252 Event OK
2/08/2020 9:13:31 AM,EVENT 45313 1596340302 0/0/0/0/3 INPUT 3 1 0 v:124
2/08/2020 9:13:31 AM,252 Event OK
2/08/2020 9:13:31 AM,EVENT 45314 1596340325 0/0/0/0/11 INPUT 3 0 23 v:124
2/08/2020 9:13:31 AM,252 Event OK
2/08/2020 9:13:32 AM,EVENT 45315 1596340378 0/0/0/0/0 INPUT 4 0 98 v:124
2/08/2020 9:13:32 AM,252 Event OK
2/08/2020 9:13:32 AM,EVENT 45316 1596340378 0/0/0/0/0 INPUT 4 1 0 v:124
2/08/2020 9:13:32 AM,252 Event OK
2/08/2020 9:13:33 AM,EVENT 45317 1596340390 0/0/0/0/4 INPUT 3 1 0 v:124
2/08/2020 9:13:33 AM,252 Event OK
2/08/2020 9:13:33 AM,EVENT 45318 1596340395 0/0/0/0/10 INPUT 3 0 6 v:124
2/08/2020 9:13:33 AM,252 Event OK
2/08/2020 9:13:33 AM,EVENT 45319 1596340432 0/0/0/0/8 INPUT 3 1 0 v:124
2/08/2020 9:13:33 AM,252 Event OK
2/08/2020 9:13:34 AM,EVENT 45320 1596340433 0/0/0/0/9 INPUT 3 0 2 v:124
2/08/2020 9:13:34 AM,252 Event OK
2/08/2020 9:13:34 AM,EVENT 45321 1596340457 0/0/0/0/7 INPUT 3 1 0 v:124
2/08/2020 9:13:34 AM,252 Event OK
2/08/2020 9:13:35 AM,EVENT 45322 1596340530 0/0/0/0/10 INPUT 3 0 73 v:124
2/08/2020 9:13:35 AM,252 Event OK
2/08/2020 9:13:35 AM,EVENT 45323 1596340531 0/0/0/0/7 INPUT 3 1 0 v:124
2/08/2020 9:13:35 AM,252 Event OK
2/08/2020 9:13:35 AM,EVENT 45324 1596340572 0/0/0/0/15 INPUT 3 0 41 v:124
2/08/2020 9:13:35 AM,252 Event OK
2/08/2020 9:13:36 AM,EVENT 45325 1596340586 0/0/0/0/4 INPUT 4 0 208 v:124
2/08/2020 9:13:36 AM,252 Event OK
2/08/2020 9:13:36 AM,EVENT 45326 1596340586 0/0/0/0/4 INPUT 4 1 0 v:124
2/08/2020 9:13:36 AM,252 Event OK
2/08/2020 9:13:37 AM,EVENT 45327 1596340591 0/0/0/0/3 INPUT 4 0 5 v:124
2/08/2020 9:13:37 AM,252 Event OK
2/08/2020 9:13:37 AM,EVENT 45328 1596340591 0/0/0/0/3 INPUT 4 1 0 v:124
2/08/2020 9:13:37 AM,252 Event OK
2/08/2020 9:13:38 AM,EVENT 45329 1596340594 0/0/0/0/3 INPUT 4 0 3 v:124
2/08/2020 9:13:38 AM,252 Event OK
2/08/2020 9:13:38 AM,EVENT 45330 1596340595 0/0/0/0/3 INPUT 4 1 0 v:124
2/08/2020 9:13:38 AM,252 Event OK
2/08/2020 9:13:40 AM,EVENT 45331 1596340595 0/0/0/0/3 INPUT 3 1 0 v:124
2/08/2020 9:13:40 AM,252 Event OK
2/08/2020 9:13:41 AM,EVENT 45332 1596340634 0/0/0/0/12 INPUT 3 0 39 v:124
2/08/2020 9:13:41 AM,252 Event OK
2/08/2020 9:13:41 AM,EVENT 45333 1596340638 0/0/0/0/8 INPUT 3 1 0 v:124
2/08/2020 9:13:41 AM,252 Event OK
2/08/2020 9:13:41 AM,EVENT 45334 1596340643 0/0/0/0/9 INPUT 3 0 4 v:124
2/08/2020 9:13:41 AM,252 Event OK
2/08/2020 9:13:42 AM,EVENT 45335 1596340649 0/0/0/0/8 INPUT 3 1 0 v:124
2/08/2020 9:13:42 AM,252 Event OK
2/08/2020 9:13:42 AM,EVENT 45336 1596340650 0/0/0/0/8 INPUT 3 0 1 v:124
2/08/2020 9:13:42 AM,252 Event OK
2/08/2020 9:13:42 AM,EVENT 45337 1596340661 0/0/0/0/8 INPUT 3 1 0 v:124
2/08/2020 9:13:42 AM,252 Event OK
2/08/2020 9:13:43 AM,EVENT 45338 1596340662 0/0/0/0/9 INPUT 3 0 1 v:124
2/08/2020 9:13:43 AM,252 Event OK
2/08/2020 9:13:43 AM,EVENT 45339 1596340677 0/0/0/0/5 INPUT 3 1 0 v:124
2/08/2020 9:13:43 AM,252 Event OK
2/08/2020 9:13:43 AM,EVENT 45340 1596340684 0/0/0/0/10 INPUT 3 0 6 v:124
2/08/2020 9:13:43 AM,252 Event OK
2/08/2020 9:13:44 AM,EVENT 45341 1596340687 0/0/0/0/8 INPUT 3 1 0 v:124
2/08/2020 9:13:44 AM,252 Event OK
2/08/2020 9:13:44 AM,EVENT 45342 1596340688 0/0/0/0/9 INPUT 3 0 1 v:124
2/08/2020 9:13:44 AM,252 Event OK
2/08/2020 9:13:45 AM,EVENT 45343 1596340700 0/0/0/0/0 INPUT 4 0 106 v:124
2/08/2020 9:13:45 AM,252 Event OK
2/08/2020 9:13:45 AM,EVENT 45344 1596340700 0/0/0/0/0 INPUT 4 1 0 v:124
2/08/2020 9:13:45 AM,252 Event OK
2/08/2020 9:13:45 AM,EVENT 45345 1596340707 0/0/0/0/8 INPUT 3 1 0 v:124
2/08/2020 9:13:45 AM,252 Event OK
2/08/2020 9:13:46 AM,EVENT 45346 1596340713 0/0/0/0/10 INPUT 3 0 5 v:124
2/08/2020 9:13:46 AM,252 Event OK
2/08/2020 9:13:46 AM,EVENT 45347 1596340713 0/0/0/0/8 INPUT 3 1 0 v:124
2/08/2020 9:13:46 AM,252 Event OK
2/08/2020 9:13:46 AM,EVENT 45348 1596340821 0/0/0/0/12 INPUT 3 0 108 v:124
2/08/2020 9:13:46 AM,252 Event OK
2/08/2020 9:13:47 AM,EVENT 45349 1596340823 0/0/0/0/8 INPUT 3 1 0 v:124
2/08/2020 9:13:47 AM,252 Event OK
2/08/2020 9:13:47 AM,EVENT 45350 1596340826 0/0/0/0/14 INPUT 3 0 3 v:124
2/08/2020 9:13:47 AM,252 Event OK
2/08/2020 9:13:47 AM,EVENT 45351 1596340849 0/0/0/99/3 INPUT 4 0 149 v:124
2/08/2020 9:13:47 AM,252 Event OK
2/08/2020 9:13:48 AM,EVENT 45352 1596340849 0/0/0/99/3 INPUT 4 1 0 v:124
2/08/2020 9:13:48 AM,252 Event OK
2/08/2020 9:13:48 AM,EVENT 45353 1596340853 0/0/0/99/0 INPUT 7 1 0 v:124
2/08/2020 9:13:48 AM,252 Event OK
2/08/2020 9:13:48 AM,EVENT 45354 1596340853 0/0/0/99/0 INPUT 8 0 1452 v:124
2/08/2020 9:13:48 AM,252 Event OK
2/08/2020 9:13:49 AM,EVENT 45355 1596340854 0/0/0/0/0 INPUT 1 1 0 v:124
2/08/2020 9:13:49 AM,252 Event OK
2/08/2020 9:13:49 AM,EVENT 45356 1596340857 0/0/0/0/0 INPUT 4 0 8 v:124
2/08/2020 9:13:49 AM,252 Event OK
2/08/2020 9:13:50 AM,EVENT 45357 1596340858 0/0/0/0/0 TRIP 45276 987 439 8 7 1434 v:124
2/08/2020 9:13:50 AM,252 Event OK
2/08/2020 9:13:50 AM,EVENT 45358 1596340858 0/0/0/0/0 TRIPSUMMARY 45276 v:124
2/08/2020 9:13:50 AM,252 Event OK
2/08/2020 9:13:50 AM,EVENT 45359 1596341299 0/0/0/0/0 INPUT 8 1 0 v:124
2/08/2020 9:13:50 AM,252 Event OK
2/08/2020 9:13:51 AM,EVENT 45360 1596341300 0/0/0/0/0 INPUT 7 0 446 v:124
2/08/2020 9:13:51 AM,252 Event OK
2/08/2020 9:13:51 AM,EVENT 45361 1596341310 0/0/0/0/0 SIGNON 2503 03d7f2de OK 26 140690 0 v:124
2/08/2020 9:13:51 AM,252 Event OK
2/08/2020 9:13:51 AM,EVENT 45362 1596341316 0/0/0/0/0 INPUT 4 1 0 v:124
2/08/2020 9:13:51 AM,252 Event OK
2/08/2020 9:13:51 AM,EVENT 45363 1596341316 0/0/0/0/0 INPUT 1 0 462 v:124
2/08/2020 9:13:51 AM,252 Event OK
2/08/2020 9:13:52 AM,EVENT 45364 1596341318 0/0/0/0/0 OILPRESSURE 45361 3 v:124
2/08/2020 9:13:52 AM,252 Event OK
2/08/2020 9:13:52 AM,EVENT 45365 1596341321 0/0/0/0/0 INPUT 4 0 6 v:124
2/08/2020 9:13:52 AM,252 Event OK
2/08/2020 9:13:52 AM,EVENT 45366 1596341321 0/0/0/0/5 INPUT 4 1 0 v:124
2/08/2020 9:13:52 AM,252 Event OK
2/08/2020 9:13:53 AM,EVENT 45367 1596341324 0/0/0/0/8 INPUT 3 1 0 v:124
2/08/2020 9:13:53 AM,252 Event OK
2/08/2020 9:13:53 AM,EVENT 45368 1596341339 0/0/0/0/10 INPUT 3 0 14 v:124
2/08/2020 9:13:53 AM,252 Event OK
2/08/2020 9:13:53 AM,EVENT 45369 1596341350 0/0/0/0/6 INPUT 7 1 0 v:124
2/08/2020 9:13:53 AM,252 Event OK
2/08/2020 9:13:54 AM,EVENT 45370 1596341350 0/0/0/0/6 INPUT 8 0 50 v:124
2/08/2020 9:13:54 AM,252 Event OK
2/08/2020 9:13:54 AM,EVENT 45371 1596341350 0/0/0/0/6 INPUT 4 0 29 v:124
2/08/2020 9:13:54 AM,252 Event OK
2/08/2020 9:13:54 AM,EVENT 45372 1596341350 0/0/0/0/0 INPUT 4 1 0 v:124
2/08/2020 9:13:54 AM,252 Event OK
2/08/2020 9:13:55 AM,EVENT 45373 1596341351 0/0/0/0/0 INPUT 1 1 0 v:124
2/08/2020 9:13:55 AM,252 Event OK
2/08/2020 9:13:55 AM,EVENT 45374 1596341352 0/0/0/0/0 INPUT 4 0 2 v:123
2/08/2020 9:13:55 AM,252 Event OK
2/08/2020 9:13:55 AM,EVENT 45375 1596341353 0/0/0/0/0 REPORT 45361 0 0 v:124
2/08/2020 9:13:55 AM,252 Event OK
2/08/2020 9:13:56 AM,EVENT 45376 1596341354 0/0/0/0/0 TRIP 45361 14 23 8 6 45 v:124
2/08/2020 9:13:56 AM,252 Event OK
2/08/2020 9:13:56 AM,EVENT 45377 1596341354 0/0/0/0/0 TRIPSUMMARY 45361 v:124
2/08/2020 9:13:56 AM,252 Event OK
2/08/2020 9:13:56 AM,EVENT 45378 1596348853 0/0/0/0/0 SWSTART OpusFC 5.0.58.510 R v:124
2/08/2020 9:13:56 AM,252 Event OK
2/08/2020 9:13:57 AM,EVENT 45379 1596341354 0/0/0/0/0 POWERDOWN v:124
2/08/2020 9:13:57 AM,252 Event OK
2/08/2020 9:13:58 AM,EVENT 45380 1596348853 0/0/0/0/0 INPUT 1 1 0 v:123
2/08/2020 9:13:58 AM,252 Event OK
2/08/2020 9:13:58 AM,EVENT 45381 1596348853 0/0/0/0/0 INPUT 2 0 0 v:123
2/08/2020 9:13:58 AM,252 Event OK
2/08/2020 9:13:58 AM,EVENT 45382 1596348853 0/0/0/0/0 INPUT 3 0 0 v:123
2/08/2020 9:13:58 AM,252 Event OK
2/08/2020 9:13:59 AM,EVENT 45383 1596348853 0/0/0/0/0 INPUT 4 0 0 v:123
2/08/2020 9:13:59 AM,252 Event OK
2/08/2020 9:13:59 AM,EVENT 45384 1596348853 0/0/0/0/0 INPUT 7 0 0 v:123
2/08/2020 9:13:59 AM,252 Event OK
2/08/2020 9:13:59 AM,EVENT 45385 1596348853 0/0/0/0/0 INPUT 8 1 0 v:123
2/08/2020 9:13:59 AM,252 Event OK
2/08/2020 9:14:00 AM,EVENT 45386 1596348855 0/0/0/0/0 ZONE_OK 2 100 FW=NO VERSION v:123
2/08/2020 9:14:00 AM,252 Event OK
2/08/2020 9:14:00 AM,EVENT 45387 1596348868 0/0/0/99/0 SIGNON 2503 03d7f2de OK 26 140690 0 v:123
2/08/2020 9:14:00 AM,252 Event OK
2/08/2020 9:14:00 AM,EVENT 45388 1596348874 0/0/0/99/0 INPUT 4 1 0 v:124
2/08/2020 9:14:00 AM,252 Event OK
2/08/2020 9:14:00 AM,EVENT 45389 1596348875 0/0/0/99/0 INPUT 1 0 21 v:124
2/08/2020 9:14:00 AM,252 Event OK
2/08/2020 9:14:01 AM,EVENT 45390 1596348876 0/0/0/99/0 OILPRESSURE 45387 2 v:124
2/08/2020 9:14:01 AM,252 Event OK
2/08/2020 9:14:01 AM,EVENT 45391 1596348887 0/0/0/0/0 INPUT 4 0 14 v:123
2/08/2020 9:14:01 AM,252 Event OK
2/08/2020 9:14:01 AM,EVENT 45392 1596348888 0/0/0/0/0 INPUT 4 1 0 v:123
2/08/2020 9:14:01 AM,252 Event OK
2/08/2020 9:14:02 AM,EVENT 45393 1596348896 0/0/0/0/5 INPUT 4 0 9 v:123
2/08/2020 9:14:02 AM,252 Event OK
2/08/2020 9:14:02 AM,EVENT 45394 1596348896 0/0/0/0/4 INPUT 4 1 0 v:123
2/08/2020 9:14:02 AM,252 Event OK
2/08/2020 9:14:02 AM,EVENT 45395 1596348903 0/0/0/0/3 INPUT 4 0 7 v:123
2/08/2020 9:14:02 AM,252 Event OK
2/08/2020 9:14:03 AM,EVENT 45396 1596348903 0/0/0/0/3 INPUT 4 1 0 v:124
2/08/2020 9:14:03 AM,252 Event OK
2/08/2020 9:14:03 AM,EVENT 45397 1596348917 0/0/0/0/5 INPUT 3 1 0 v:124
2/08/2020 9:14:03 AM,252 Event OK
2/08/2020 9:14:03 AM,EVENT 45398 1596348980 0/0/0/0/12 INPUT 3 0 63 v:124
2/08/2020 9:14:03 AM,252 Event OK
2/08/2020 9:14:04 AM,EVENT 45399 1596349004 0/0/0/0/8 INPUT 3 1 0 v:124
2/08/2020 9:14:04 AM,252 Event OK
2/08/2020 9:14:04 AM,EVENT 45400 1596349101 0/0/0/0/10 INPUT 3 0 96 v:124
2/08/2020 9:14:04 AM,252 Event OK
2/08/2020 9:14:04 AM,EVENT 45401 1596349103 0/0/0/0/8 INPUT 3 1 0 v:124
2/08/2020 9:14:04 AM,252 Event OK
2/08/2020 9:14:05 AM,EVENT 45402 1596349522 0/0/0/0/11 INPUT 3 0 419 v:124
2/08/2020 9:14:05 AM,252 Event OK
2/08/2020 9:14:05 AM,EVENT 45403 1596349526 0/0/0/0/5 INPUT 7 1 0 v:124
2/08/2020 9:14:05 AM,252 Event OK
2/08/2020 9:14:05 AM,EVENT 45404 1596349526 0/0/0/0/5 INPUT 8 0 673 v:124
2/08/2020 9:14:05 AM,252 Event OK
2/08/2020 9:14:06 AM,EVENT 45405 1596349527 0/0/0/0/5 INPUT 1 1 0 v:124
2/08/2020 9:14:06 AM,252 Event OK
2/08/2020 9:14:06 AM,EVENT 45406 1596349527 0/0/0/0/5 INPUT 4 0 624 v:124
2/08/2020 9:14:06 AM,252 Event OK
2/08/2020 9:14:06 AM,EVENT 45407 1596349529 0/0/0/0/0 INPUT 4 1 0 v:123
2/08/2020 9:14:06 AM,252 Event OK
2/08/2020 9:14:06 AM,EVENT 45408 1596349530 0/0/0/0/0 INPUT 4 0 2 v:123
2/08/2020 9:14:06 AM,252 Event OK
2/08/2020 9:14:07 AM,EVENT 45409 1596349531 0/0/0/0/0 TRIP 45387 578 78 8 6 664 v:123
2/08/2020 9:14:07 AM,252 Event OK
2/08/2020 9:14:07 AM,EVENT 45410 1596349531 0/0/0/0/0 TRIPSUMMARY 45387 v:124
2/08/2020 9:14:07 AM,252 Event OK
2/08/2020 9:14:07 AM,EVENT 45411 1596349587 0/0/0/0/0 REPORT * 0 0 v:124
2/08/2020 9:14:07 AM,252 Event OK
2/08/2020 9:14:08 AM,EVENT 45412 1596357522 0/0/0/0/0 SWSTART OpusFC 5.0.58.510 R v:124
2/08/2020 9:14:08 AM,252 Event OK
2/08/2020 9:14:08 AM,EVENT 45413 1596349531 0/0/0/0/0 POWERDOWN v:123
2/08/2020 9:14:08 AM,252 Event OK
2/08/2020 9:14:09 AM,EVENT 45414 1596357522 0/0/0/0/0 INPUT 1 1 0 v:124
2/08/2020 9:14:09 AM,252 Event OK
2/08/2020 9:14:09 AM,EVENT 45415 1596357522 0/0/0/0/0 INPUT 2 0 0 v:124
2/08/2020 9:14:09 AM,252 Event OK
2/08/2020 9:14:09 AM,EVENT 45416 1596357522 0/0/0/0/0 INPUT 3 0 0 v:124
2/08/2020 9:14:09 AM,252 Event OK
2/08/2020 9:14:10 AM,EVENT 45417 1596357522 0/0/0/0/0 INPUT 4 0 0 v:124
2/08/2020 9:14:10 AM,252 Event OK
2/08/2020 9:14:10 AM,EVENT 45418 1596357522 0/0/0/0/0 INPUT 7 0 0 v:124
2/08/2020 9:14:10 AM,252 Event OK
2/08/2020 9:14:10 AM,EVENT 45419 1596357522 0/0/0/0/0 INPUT 8 1 0 v:124
2/08/2020 9:14:10 AM,252 Event OK
2/08/2020 9:14:10 AM,EVENT 45420 1596357524 0/0/0/0/0 ZONE_OK 2 100 FW=NO VERSION v:123
2/08/2020 9:14:10 AM,252 Event OK
2/08/2020 9:14:11 AM,EVENT 45421 1596357533 0/0/0/0/0 SIGNON 2503 03d7f2de OK 26 140690 0 v:124
2/08/2020 9:14:11 AM,252 Event OK
2/08/2020 9:14:11 AM,EVENT 45422 1596357540 0/0/0/99/0 INPUT 1 0 17 v:124
2/08/2020 9:14:11 AM,252 Event OK
2/08/2020 9:14:12 AM,EVENT 45423 1596357540 0/0/0/99/0 INPUT 4 1 0 v:124
2/08/2020 9:14:12 AM,252 Event OK
2/08/2020 9:14:12 AM,EVENT 45424 1596357541 0/0/0/99/0 OILPRESSURE 45421 3 v:124
2/08/2020 9:14:12 AM,252 Event OK
2/08/2020 9:14:12 AM,EVENT 45425 1596357550 0/0/0/0/0 INPUT 4 0 11 v:124
2/08/2020 9:14:12 AM,252 Event OK
2/08/2020 9:14:13 AM,EVENT 45426 1596357550 0/0/0/0/2 INPUT 4 1 0 v:124
2/08/2020 9:14:13 AM,252 Event OK
2/08/2020 9:14:13 AM,EVENT 45427 1596357571 0/0/0/0/3 INPUT 4 0 21 v:124
2/08/2020 9:14:13 AM,252 Event OK
2/08/2020 9:14:13 AM,EVENT 45428 1596357571 0/0/0/0/3 INPUT 4 1 0 v:124
2/08/2020 9:14:13 AM,252 Event OK
2/08/2020 9:14:13 AM,EVENT 45429 1596357580 0/0/0/0/6 INPUT 3 1 0 v:124
2/08/2020 9:14:13 AM,252 Event OK
2/08/2020 9:14:14 AM,EVENT 45430 1596357583 0/0/0/0/10 INPUT 3 0 3 v:124
2/08/2020 9:14:14 AM,252 Event OK
2/08/2020 9:14:14 AM,EVENT 45431 1596357633 0/0/0/0/5 INPUT 3 1 0 v:124
2/08/2020 9:14:14 AM,252 Event OK
2/08/2020 9:14:14 AM,EVENT 45432 1596357640 0/0/0/0/11 INPUT 3 0 7 v:124
2/08/2020 9:14:14 AM,252 Event OK
2/08/2020 9:14:15 AM,EVENT 45433 1596357641 0/0/0/0/6 INPUT 3 1 0 v:124
2/08/2020 9:14:15 AM,252 Event OK
2/08/2020 9:14:15 AM,EVENT 45434 1596357718 0/0/0/0/10 INPUT 3 0 77 v:124
2/08/2020 9:14:15 AM,252 Event OK
2/08/2020 9:14:16 AM,EVENT 45435 1596357727 0/0/0/0/6 INPUT 4 0 156 v:124
2/08/2020 9:14:16 AM,252 Event OK
2/08/2020 9:14:16 AM,EVENT 45436 1596357727 0/0/0/0/6 INPUT 4 1 0 v:124
2/08/2020 9:14:16 AM,252 Event OK
2/08/2020 9:14:16 AM,EVENT 45437 1596357742 0/0/0/0/7 INPUT 4 0 15 v:124
2/08/2020 9:14:16 AM,252 Event OK
2/08/2020 9:14:17 AM,EVENT 45438 1596357742 0/0/0/0/7 INPUT 4 1 0 v:124
2/08/2020 9:14:17 AM,252 Event OK
2/08/2020 9:14:17 AM,EVENT 45439 1596357748 0/0/0/0/6 INPUT 3 1 0 v:124
2/08/2020 9:14:17 AM,252 Event OK
2/08/2020 9:14:17 AM,EVENT 45440 1596357870 0/0/0/0/14 INPUT 3 0 122 v:124
2/08/2020 9:14:17 AM,252 Event OK
2/08/2020 9:14:17 AM,EVENT 45441 1596357892 0/0/0/0/6 INPUT 3 1 0 v:124
2/08/2020 9:14:17 AM,252 Event OK
2/08/2020 9:14:18 AM,EVENT 45442 1596358260 0/0/0/0/18 ZONEOVERSPEED 45421 12 33 1 v:124
2/08/2020 9:14:18 AM,252 Event OK
2/08/2020 9:14:18 AM,EVENT 45443 1596358306 0/0/0/0/29 ZONEOVERSPEED 45421 12 32 1 v:124
2/08/2020 9:14:18 AM,252 Event OK
2/08/2020 9:14:19 AM,EVENT 45444 1596358319 0/0/0/0/9 INPUT 3 0 427 v:124
2/08/2020 9:14:19 AM,252 Event OK
2/08/2020 9:14:19 AM,EVENT 45445 1596358342 0/0/0/0/0 INPUT 4 0 600 v:124
2/08/2020 9:14:19 AM,252 Event OK
2/08/2020 9:14:19 AM,EVENT 45446 1596358342 0/0/0/0/0 INPUT 4 1 0 v:124
2/08/2020 9:14:19 AM,252 Event OK
2/08/2020 9:14:20 AM,EVENT 45447 1596358354 0/0/0/0/7 INPUT 3 1 0 v:124
2/08/2020 9:14:20 AM,252 Event OK
2/08/2020 9:14:20 AM,EVENT 45448 1596358413 0/0/0/0/30 ZONEOVERSPEED 45421 12 32 1 v:124
2/08/2020 9:14:20 AM,252 Event OK
2/08/2020 9:14:20 AM,EVENT 45449 1596358498 0/0/0/0/29 ZONEOVERSPEED 45421 10 32 1 v:124
2/08/2020 9:14:20 AM,252 Event OK
2/08/2020 9:14:21 AM,EVENT 45450 1596358525 0/0/0/0/21 ZONEOVERSPEED 45421 12 32 1 v:124
2/08/2020 9:14:21 AM,252 Event OK
2/08/2020 9:14:21 AM,EVENT 45451 1596358588 0/0/0/0/13 INPUT 3 0 234 v:124
2/08/2020 9:14:21 AM,252 Event OK
2/08/2020 9:14:21 AM,EVENT 45452 1596358593 0/0/0/0/7 INPUT 3 1 0 v:124
2/08/2020 9:14:21 AM,252 Event OK
2/08/2020 9:14:22 AM,EVENT 45453 1596358595 0/0/0/0/10 INPUT 3 0 2 v:124
2/08/2020 9:14:22 AM,252 Event OK
2/08/2020 9:14:22 AM,EVENT 45454 1596358596 0/0/0/0/6 INPUT 4 0 254 v:124
2/08/2020 9:14:22 AM,252 Event OK
2/08/2020 9:14:22 AM,EVENT 45455 1596358597 0/0/0/0/6 INPUT 4 1 0 v:124
2/08/2020 9:14:22 AM,252 Event OK
2/08/2020 9:14:23 AM,EVENT 45456 1596358606 0/0/0/0/2 INPUT 4 0 10 v:124
2/08/2020 9:14:23 AM,252 Event OK
2/08/2020 9:14:23 AM,EVENT 45457 1596358607 0/0/0/0/2 INPUT 4 1 0 v:124
2/08/2020 9:14:23 AM,252 Event OK
2/08/2020 9:14:23 AM,EVENT 45458 1596358640 0/0/0/0/5 INPUT 3 1 0 v:124
2/08/2020 9:14:23 AM,252 Event OK
2/08/2020 9:14:23 AM,EVENT 45459 1596358715 0/0/0/0/14 INPUT 3 0 76 v:124
2/08/2020 9:14:23 AM,252 Event OK
2/08/2020 9:14:24 AM,EVENT 45460 1596358754 0/0/0/0/6 INPUT 3 1 0 v:124
2/08/2020 9:14:24 AM,252 Event OK
2/08/2020 9:14:24 AM,EVENT 45461 1596358759 0/0/0/0/10 INPUT 3 0 4 v:124
2/08/2020 9:14:24 AM,252 Event OK
2/08/2020 9:14:24 AM,EVENT 45462 1596358767 0/0/0/0/4 INPUT 3 1 0 v:124
2/08/2020 9:14:24 AM,252 Event OK
2/08/2020 9:14:25 AM,EVENT 45463 1596358793 0/0/0/0/13 INPUT 3 0 25 v:124
2/08/2020 9:14:25 AM,252 Event OK
2/08/2020 9:14:25 AM,EVENT 45464 1596358897 0/0/0/0/0 INPUT 4 0 291 v:124
2/08/2020 9:14:25 AM,252 Event OK
2/08/2020 9:14:26 AM,EVENT 45465 1596358897 0/0/0/0/0 INPUT 4 1 0 v:124
2/08/2020 9:14:26 AM,252 Event OK
2/08/2020 9:14:26 AM,EVENT 45466 1596358963 0/0/0/0/3 INPUT 4 0 66 v:124
2/08/2020 9:14:26 AM,252 Event OK
2/08/2020 9:14:27 AM,EVENT 45467 1596358963 0/0/0/0/3 INPUT 4 1 0 v:124
2/08/2020 9:14:27 AM,252 Event OK
2/08/2020 9:14:27 AM,EVENT 45468 1596358975 0/0/0/0/3 INPUT 4 0 12 v:124
2/08/2020 9:14:27 AM,252 Event OK
2/08/2020 9:14:27 AM,EVENT 45469 1596358975 0/0/0/0/3 INPUT 4 1 0 v:124
2/08/2020 9:14:27 AM,252 Event OK
2/08/2020 9:14:28 AM,EVENT 45470 1596358982 0/0/0/0/5 INPUT 3 1 0 v:124
2/08/2020 9:14:28 AM,252 Event OK
2/08/2020 9:14:28 AM,EVENT 45471 1596359110 0/0/0/0/29 ZONEOVERSPEED 45421 8 34 1 v:124
2/08/2020 9:14:28 AM,252 Event OK
2/08/2020 9:14:29 AM,EVENT 45472 1596359134 0/0/0/0/27 ZONEOVERSPEED 45421 17 33 1 v:124
2/08/2020 9:14:29 AM,252 Event OK
2/08/2020 9:14:29 AM,EVENT 45473 1596359175 0/0/0/0/29 ZONEOVERSPEED 45421 29 32 1 v:124
2/08/2020 9:14:29 AM,252 Event OK
2/08/2020 9:14:29 AM,EVENT 45474 1596359193 0/0/0/0/29 ZONEOVERSPEED 45421 8 32 1 v:124
2/08/2020 9:14:29 AM,252 Event OK
2/08/2020 9:14:30 AM,EVENT 45475 1596359274 0/0/0/99/29 ZONEOVERSPEED 45421 29 34 1 v:124
2/08/2020 9:14:30 AM,252 Event OK
2/08/2020 9:14:30 AM,EVENT 45476 1596359316 0/0/0/0/28 ZONEOVERSPEED 45421 33 32 1 v:124
2/08/2020 9:14:30 AM,252 Event OK
2/08/2020 9:14:34 AM,EVENT 45477 1596359343 0/0/0/0/27 ZONEOVERSPEED 45421 13 32 1 v:124
2/08/2020 9:14:34 AM,252 Event OK
2/08/2020 9:14:34 AM,EVENT 45478 1596359354 0/0/0/0/30 REPORT 45421 0 0 v:124
2/08/2020 9:14:34 AM,252 Event OK
2/08/2020 9:14:35 AM,EVENT 45479 1596359413 0/0/0/0/23 ZONEOVERSPEED 45421 36 32 1 v:124
2/08/2020 9:14:35 AM,252 Event OK
2/08/2020 9:14:35 AM,EVENT 45480 1596359449 0/0/0/0/23 ZONEOVERSPEED 45421 25 33 1 v:124
2/08/2020 9:14:35 AM,252 Event OK
2/08/2020 9:14:36 AM,EVENT 45481 1596359457 -310122171/1219228918/16707/0/10 INPUT 3 0 476 v:124
2/08/2020 9:14:36 AM,252 Event OK
2/08/2020 9:14:36 AM,EVENT 45482 1596359457 -310122171/1219228918/16707/0/10 INPUT 4 0 482 v:124
2/08/2020 9:14:36 AM,252 Event OK
2/08/2020 9:14:36 AM,EVENT 45483 1596359458 -310122163/1219228905/10763/0/10 INPUT 4 1 0 v:124
2/08/2020 9:14:36 AM,252 Event OK
2/08/2020 9:14:36 AM,EVENT 45484 1596359458 -310122162/1219228907/10615/0/10 INPUT 7 1 0 v:124
2/08/2020 9:14:36 AM,252 Event OK
2/08/2020 9:14:37 AM,EVENT 45485 1596359458 -310122162/1219228907/10615/0/10 INPUT 8 0 1936 v:124
2/08/2020 9:14:37 AM,252 Event OK
2/08/2020 9:14:37 AM,EVENT 45486 1596359459 -310122167/1219228916/8315/0/10 INPUT 1 1 0 v:124
2/08/2020 9:14:37 AM,252 Event OK
2/08/2020 9:14:37 AM,EVENT 45487 1596359460 -310122175/1219228940/7122/0/10 INPUT 4 0 3 v:124
2/08/2020 9:14:37 AM,252 Event OK
2/08/2020 9:14:38 AM,EVENT 45488 1596359463 -310122216/1219229055/5344/0/0 TRIP 45421 1453 468 9 6 1930 v:124
2/08/2020 9:14:38 AM,252 Event OK
2/08/2020 9:14:38 AM,EVENT 45489 1596359463 -310122216/1219229055/5344/0/0 TRIPSUMMARY 45421 v:124
2/08/2020 9:14:38 AM,252 Event OK
2/08/2020 9:14:38 AM,EVENT 45490 1596359505 -310121881/1219228836/898/2/0 INPUT 8 1 0 v:124
2/08/2020 9:14:38 AM,252 Event OK
2/08/2020 9:14:39 AM,EVENT 45491 1596359505 -310121883/1219228835/897/2/0 INPUT 7 0 46 v:124
2/08/2020 9:14:39 AM,252 Event OK
2/08/2020 9:14:39 AM,EVENT 45492 1596359515 -310121914/1219228799/883/2/0 SIGNON 2503 03d7f2de OK 26 140690 0 v:124
2/08/2020 9:14:39 AM,252 Event OK
2/08/2020 9:14:40 AM,EVENT 45493 1596359525 -310121965/1219228752/893/2/0 INPUT 1 0 66 v:124
2/08/2020 9:14:40 AM,252 Event OK
2/08/2020 9:14:40 AM,EVENT 45494 1596359525 -310121966/1219228751/894/2/0 INPUT 4 1 0 v:124
2/08/2020 9:14:40 AM,252 Event OK
2/08/2020 9:14:40 AM,EVENT 45495 1596359526 -310121970/1219228748/895/2/0 OILPRESSURE 45492 6 v:123
2/08/2020 9:14:40 AM,252 Event OK
2/08/2020 9:14:41 AM,EVENT 45496 1596359536 -310121333/1219229610/907/1/7 INPUT 3 1 0 v:123
2/08/2020 9:14:41 AM,252 Event OK
2/08/2020 9:14:41 AM,EVENT 45497 1596359597 -310128584/1219229048/954/1/9 INPUT 3 0 60 v:124
2/08/2020 9:14:41 AM,252 Event OK
2/08/2020 9:14:41 AM,EVENT 45498 1596359621 -310128543/1219229026/998/1/0 INPUT 4 0 96 v:123
2/08/2020 9:14:41 AM,252 Event OK
2/08/2020 9:14:41 AM,EVENT 45499 1596359621 -310128543/1219229026/998/1/0 INPUT 4 1 0 v:123
2/08/2020 9:14:41 AM,252 Event OK
2/08/2020 9:14:42 AM,EVENT 45500 1596359663 -310128593/1219229007/998/1/0 INPUT 4 0 42 v:123
2/08/2020 9:14:42 AM,252 Event OK
2/08/2020 9:14:42 AM,EVENT 45501 1596359663 -310128593/1219229007/998/1/0 INPUT 4 1 0 v:123
2/08/2020 9:14:42 AM,252 Event OK
2/08/2020 9:14:42 AM,QUIT
2/08/2020 9:14:42 AM,221 Session ended - goodbye
2/08/2020 9:15:01 AM,UNIT 9279
2/08/2020 9:15:01 AM,333 CHAL 5EA397EC
2/08/2020 9:15:02 AM,RESP D4226321
2/08/2020 9:15:02 AM,230 Auth OK
2/08/2020 9:15:03 AM,TIME
2/08/2020 9:15:03 AM,211 TIME 1596359703
2/08/2020 9:15:03 AM,EVCOUNT 2
2/08/2020 9:15:03 AM,252 Event OK
2/08/2020 9:15:04 AM,TODO
2/08/2020 9:15:04 AM,226 Nothing to do
2/08/2020 9:15:04 AM,EVENT 45502 1596359696 -310128662/1219228891/941/1/0 INPUT 4 0 33 v:124
2/08/2020 9:15:04 AM,252 Event OK
2/08/2020 9:15:05 AM,EVENT 45503 1596359696 -310128662/1219228891/941/1/0 INPUT 4 1 0 v:124
2/08/2020 9:15:05 AM,252 Event OK
2/08/2020 9:15:06 AM,QUIT
2/08/2020 9:15:06 AM,221 Session ended - goodbye
2/08/2020 9:15:56 AM,UNIT 9279
2/08/2020 9:15:56 AM,333 CHAL 3A4E17B2
2/08/2020 9:15:56 AM,RESP 6AE520FC
2/08/2020 9:15:56 AM,230 Auth OK
2/08/2020 9:15:57 AM,TIME
2/08/2020 9:15:57 AM,211 TIME 1596359757
2/08/2020 9:15:57 AM,EVCOUNT 2
2/08/2020 9:15:57 AM,252 Event OK
2/08/2020 9:15:58 AM,TODO
2/08/2020 9:15:58 AM,226 Nothing to do
2/08/2020 9:15:58 AM,EVENT 45504 1596359750 -310128897/1219228904/959/1/0 INPUT 4 0 54 v:124
2/08/2020 9:15:58 AM,252 Event OK
2/08/2020 9:15:59 AM,EVENT 45505 1596359750 -310128897/1219228904/959/1/0 INPUT 4 1 0 v:124
2/08/2020 9:15:59 AM,252 Event OK
2/08/2020 9:16:00 AM,QUIT
2/08/2020 9:16:00 AM,221 Session ended - goodbye
2/08/2020 9:16:15 AM,UNIT 9279
2/08/2020 9:16:15 AM,333 CHAL 64C65A9D
2/08/2020 9:16:17 AM,RESP 538AC343
2/08/2020 9:16:17 AM,230 Auth OK
2/08/2020 9:16:18 AM,TIME
2/08/2020 9:16:18 AM,211 TIME 1596359778
2/08/2020 9:16:19 AM,EVCOUNT 3
2/08/2020 9:16:19 AM,252 Event OK
2/08/2020 9:16:20 AM,TODO
2/08/2020 9:16:20 AM,226 Nothing to do
2/08/2020 9:16:22 AM,EVENT 45506 1596359757 -310129067/1219229096/935/1/3 INPUT 4 0 7 v:123
2/08/2020 9:16:22 AM,252 Event OK
2/08/2020 9:16:23 AM,EVENT 45507 1596359757 -310129067/1219229096/935/1/3 INPUT 4 1 0 v:123
2/08/2020 9:16:23 AM,252 Event OK
2/08/2020 9:16:24 AM,EVENT 45508 1596359769 -310129148/1219229621/914/1/4 INPUT 3 1 0 v:124
2/08/2020 9:16:24 AM,252 Event OK
2/08/2020 9:16:25 AM,QUIT
2/08/2020 9:16:25 AM,221 Session ended - goodbye
2/08/2020 9:17:23 AM,UNIT 9279
2/08/2020 9:17:23 AM,333 CHAL 31416202
2/08/2020 9:17:24 AM,RESP BE0705CC
2/08/2020 9:17:24 AM,230 Auth OK
2/08/2020 9:17:24 AM,TIME
2/08/2020 9:17:24 AM,211 TIME 1596359844
2/08/2020 9:17:24 AM,EVCOUNT 1
2/08/2020 9:17:24 AM,252 Event OK
2/08/2020 9:17:24 AM,TODO
2/08/2020 9:17:24 AM,226 Nothing to do
2/08/2020 9:17:25 AM,EVENT 45509 1596359837 -310143438/1219231177/924/5/10 INPUT 3 0 69 v:124
2/08/2020 9:17:25 AM,252 Event OK
2/08/2020 9:17:25 AM,QUIT
2/08/2020 9:17:25 AM,221 Session ended - goodbye
2/08/2020 9:17:34 AM,UNIT 9279
2/08/2020 9:17:34 AM,333 CHAL 3A7CDB9C
2/08/2020 9:17:35 AM,RESP BD03CCF0
2/08/2020 9:17:35 AM,230 Auth OK
2/08/2020 9:17:35 AM,TIME
2/08/2020 9:17:35 AM,211 TIME 1596359855
2/08/2020 9:17:36 AM,EVCOUNT 6
2/08/2020 9:17:36 AM,252 Event OK
2/08/2020 9:17:36 AM,TODO
2/08/2020 9:17:36 AM,226 Nothing to do
2/08/2020 9:17:37 AM,EVENT 45510 1596359845 -310143736/1219231194/1006/4/0 INPUT 7 1 0 v:124
2/08/2020 9:17:37 AM,252 Event OK
2/08/2020 9:17:38 AM,EVENT 45511 1596359845 -310143736/1219231194/1006/4/0 INPUT 8 0 340 v:124
2/08/2020 9:17:38 AM,252 Event OK
2/08/2020 9:17:38 AM,EVENT 45512 1596359845 -310143732/1219231192/1009/4/0 INPUT 1 1 0 v:124
2/08/2020 9:17:38 AM,252 Event OK
2/08/2020 9:17:39 AM,EVENT 45513 1596359847 -310143719/1219231181/1020/4/0 INPUT 4 0 90 v:124
2/08/2020 9:17:39 AM,252 Event OK
2/08/2020 9:17:40 AM,EVENT 45514 1596359849 -310143706/1219231172/1024/4/0 TRIP 45492 129 193 13 11 335 v:124
2/08/2020 9:17:40 AM,252 Event OK
2/08/2020 9:17:41 AM,EVENT 45515 1596359849 -310143706/1219231172/1024/4/0 TRIPSUMMARY 45492 v:124
2/08/2020 9:17:41 AM,252 Event OK
2/08/2020 9:17:41 AM,QUIT
2/08/2020 9:17:41 AM,221 Session ended - goodbye
2/08/2020 10:17:39 AM,UNIT 9279
2/08/2020 10:17:39 AM,333 CHAL 27436E7D
2/08/2020 10:17:39 AM,RESP 715F251D
2/08/2020 10:17:39 AM,230 Auth OK
2/08/2020 10:17:40 AM,TIME
2/08/2020 10:17:40 AM,211 TIME 1596363460
2/08/2020 10:17:40 AM,EVCOUNT 9
2/08/2020 10:17:40 AM,252 Event OK
2/08/2020 10:17:41 AM,TODO
2/08/2020 10:17:41 AM,226 Nothing to do
2/08/2020 10:17:42 AM,EVENT 45516 1596363429 0/0/0/0/0 SWSTART OpusFC 5.0.58.510 R v:123
2/08/2020 10:17:42 AM,252 Event OK
2/08/2020 10:17:42 AM,EVENT 45517 1596359849 0/0/0/0/0 POWERDOWN v:124
2/08/2020 10:17:42 AM,252 Event OK
2/08/2020 10:17:43 AM,EVENT 45518 1596363429 0/0/0/0/0 INPUT 1 1 0 v:123
2/08/2020 10:17:43 AM,252 Event OK
2/08/2020 10:17:44 AM,EVENT 45519 1596363429 0/0/0/0/0 INPUT 2 0 0 v:123
2/08/2020 10:17:44 AM,252 Event OK
2/08/2020 10:17:44 AM,EVENT 45520 1596363429 0/0/0/0/0 INPUT 3 0 0 v:123
2/08/2020 10:17:44 AM,252 Event OK
2/08/2020 10:17:45 AM,EVENT 45521 1596363429 0/0/0/0/0 INPUT 4 0 0 v:123
2/08/2020 10:17:45 AM,252 Event OK
2/08/2020 10:17:46 AM,EVENT 45522 1596363429 0/0/0/0/0 INPUT 7 0 0 v:123
2/08/2020 10:17:46 AM,252 Event OK
2/08/2020 10:17:46 AM,EVENT 45523 1596363429 0/0/0/0/0 INPUT 8 1 0 v:123
2/08/2020 10:17:46 AM,252 Event OK
2/08/2020 10:17:47 AM,EVENT 45524 1596363431 0/0/0/0/0 ZONE_OK 2 100 FW=NO VERSION v:123
2/08/2020 10:17:47 AM,252 Event OK
2/08/2020 10:17:48 AM,QUIT
2/08/2020 10:17:48 AM,221 Session ended - goodbye
2/08/2020 10:21:07 AM,UNIT 9279
2/08/2020 10:21:07 AM,333 CHAL 37234679
2/08/2020 10:21:08 AM,RESP 2E5626ED
2/08/2020 10:21:08 AM,230 Auth OK
2/08/2020 10:21:08 AM,TIME
2/08/2020 10:21:08 AM,211 TIME 1596363668
2/08/2020 10:21:09 AM,EVCOUNT 1
2/08/2020 10:21:09 AM,252 Event OK
2/08/2020 10:21:09 AM,TODO
2/08/2020 10:21:09 AM,226 Nothing to do
2/08/2020 10:21:10 AM,EVENT 45525 1596363661 -310143567/1219231255/986/4/1 SIGNON 2463 01b1def3 OK_CL 26 271086 0 v:124
2/08/2020 10:21:10 AM,252 Event OK
2/08/2020 10:21:11 AM,QUIT
2/08/2020 10:21:11 AM,221 Session ended - goodbye
2/08/2020 10:21:21 AM,UNIT 9279
2/08/2020 10:21:21 AM,333 CHAL 30E0CFA6
2/08/2020 10:21:22 AM,RESP EC0A4EA2
2/08/2020 10:21:22 AM,230 Auth OK
2/08/2020 10:21:22 AM,TIME
2/08/2020 10:21:22 AM,211 TIME 1596363682
2/08/2020 10:21:23 AM,EVCOUNT 7
2/08/2020 10:21:23 AM,252 Event OK
2/08/2020 10:21:24 AM,TODO
2/08/2020 10:21:24 AM,226 Nothing to do
2/08/2020 10:21:24 AM,EVENT 45526 1596363670 -310143573/1219231258/1004/4/1 CHECKLIST 45525 OK 0 10 432 F v:124
2/08/2020 10:21:24 AM,252 Event OK
2/08/2020 10:21:25 AM,EVENT 45527 1596363674 -310143564/1219231263/997/4/0 INPUT 7 1 0 v:124
2/08/2020 10:21:25 AM,252 Event OK
2/08/2020 10:21:26 AM,EVENT 45528 1596363674 -310143564/1219231263/997/4/0 INPUT 8 0 244 v:124
2/08/2020 10:21:26 AM,252 Event OK
2/08/2020 10:21:27 AM,EVENT 45529 1596363675 -310143559/1219231263/993/4/0 REPORT 45525 0 157 v:123
2/08/2020 10:21:27 AM,252 Event OK
2/08/2020 10:21:27 AM,EVENT 45530 1596363675 -310143559/1219231263/990/4/0 OILPRESSURE 45525 3 v:123
2/08/2020 10:21:27 AM,252 Event OK
2/08/2020 10:21:28 AM,EVENT 45531 1596363678 -310143543/1219231258/972/4/0 TRIP 45525 0 0 10 10 10 v:123
2/08/2020 10:21:28 AM,252 Event OK
2/08/2020 10:21:29 AM,EVENT 45532 1596363678 -310143543/1219231258/972/4/0 TRIPSUMMARY 45525 v:123
2/08/2020 10:21:29 AM,252 Event OK
2/08/2020 10:21:29 AM,QUIT
2/08/2020 10:21:29 AM,221 Session ended - goodbye
2/08/2020 10:29:15 AM,UNIT 9279
2/08/2020 10:29:15 AM,333 CHAL 44738B21
2/08/2020 10:29:16 AM,RESP 827F708D
2/08/2020 10:29:16 AM,230 Auth OK
2/08/2020 10:29:16 AM,TIME
2/08/2020 10:29:16 AM,211 TIME 1596364156
2/08/2020 10:29:17 AM,EVCOUNT 2
2/08/2020 10:29:17 AM,252 Event OK
2/08/2020 10:29:17 AM,TODO
2/08/2020 10:29:17 AM,226 Nothing to do
2/08/2020 10:29:18 AM,EVENT 45533 1596364150 -310143737/1219231246/848/4/0 INPUT 8 1 0 v:123
2/08/2020 10:29:18 AM,252 Event OK
2/08/2020 10:29:19 AM,EVENT 45534 1596364150 -310143734/1219231249/850/4/0 INPUT 7 0 476 v:123
2/08/2020 10:29:19 AM,252 Event OK
2/08/2020 10:29:19 AM,QUIT
2/08/2020 10:29:19 AM,221 Session ended - goodbye
2/08/2020 10:29:30 AM,UNIT 9279
2/08/2020 10:29:30 AM,333 CHAL 2771CCC5
2/08/2020 10:29:31 AM,RESP 25D51318
2/08/2020 10:29:31 AM,230 Auth OK
2/08/2020 10:29:31 AM,TIME
2/08/2020 10:29:31 AM,211 TIME 1596364171
2/08/2020 10:29:32 AM,EVCOUNT 4
2/08/2020 10:29:32 AM,252 Event OK
2/08/2020 10:29:32 AM,TODO
2/08/2020 10:29:32 AM,226 Nothing to do
2/08/2020 10:29:33 AM,EVENT 45535 1596364159 -310143696/1219231309/864/4/0 SIGNON 2463 01b1def3 OK 26 271086 0 v:123
2/08/2020 10:29:33 AM,252 Event OK
2/08/2020 10:29:34 AM,EVENT 45536 1596364166 -310143693/1219231333/901/4/0 INPUT 1 0 736 v:124
2/08/2020 10:29:34 AM,252 Event OK
2/08/2020 10:29:35 AM,EVENT 45537 1596364166 -310143693/1219231333/901/4/0 INPUT 4 1 0 v:124
2/08/2020 10:29:35 AM,252 Event OK
2/08/2020 10:29:36 AM,EVENT 45538 1596364167 -310143692/1219231338/909/4/0 OILPRESSURE 45535 3 v:124
2/08/2020 10:29:36 AM,252 Event OK
2/08/2020 10:29:36 AM,QUIT
2/08/2020 10:29:36 AM,221 Session ended - goodbye
2/08/2020 10:30:12 AM,UNIT 9279
2/08/2020 10:30:12 AM,333 CHAL 614EA4EF
2/08/2020 10:30:12 AM,RESP A8EE48B8
2/08/2020 10:30:12 AM,230 Auth OK
2/08/2020 10:30:13 AM,TIME
2/08/2020 10:30:13 AM,211 TIME 1596364213
2/08/2020 10:30:13 AM,EVCOUNT 1
2/08/2020 10:30:13 AM,252 Event OK
2/08/2020 10:30:15 AM,TODO
2/08/2020 10:30:15 AM,226 Nothing to do
2/08/2020 10:30:16 AM,EVENT 45539 1596364206 -310143471/1219231412/956/4/7 INPUT 3 1 0 v:124
2/08/2020 10:30:16 AM,252 Event OK
2/08/2020 10:30:17 AM,QUIT
2/08/2020 10:30:17 AM,221 Session ended - goodbye
2/08/2020 10:31:19 AM,UNIT 9279
2/08/2020 10:31:19 AM,333 CHAL 7588A48A
2/08/2020 10:31:20 AM,RESP 9B35520E
2/08/2020 10:31:20 AM,230 Auth OK
2/08/2020 10:31:20 AM,TIME
2/08/2020 10:31:20 AM,211 TIME 1596364280
2/08/2020 10:31:21 AM,EVCOUNT 5
2/08/2020 10:31:21 AM,252 Event OK
2/08/2020 10:31:21 AM,TODO
2/08/2020 10:31:21 AM,226 Nothing to do
2/08/2020 10:31:22 AM,EVENT 45540 1596364274 -310121794/1219236242/965/7/9 INPUT 3 0 67 v:124
2/08/2020 10:31:22 AM,252 Event OK
2/08/2020 10:31:23 AM,EVENT 45541 1596364274 -310121732/1219236198/964/7/8 INPUT 7 1 0 v:124
2/08/2020 10:31:23 AM,252 Event OK
2/08/2020 10:31:24 AM,EVENT 45542 1596364274 -310121732/1219236198/964/7/8 INPUT 8 0 124 v:124
2/08/2020 10:31:24 AM,252 Event OK
2/08/2020 10:31:24 AM,EVENT 45543 1596364275 -310121691/1219236166/965/7/6 INPUT 1 1 0 v:124
2/08/2020 10:31:24 AM,252 Event OK
2/08/2020 10:31:25 AM,EVENT 45544 1596364276 -310121699/1219236168/962/7/6 INPUT 4 0 111 v:123
2/08/2020 10:31:25 AM,252 Event OK
2/08/2020 10:31:26 AM,EVENT 45545 1596364278 -310121711/1219236164/954/7/0 TRIP 45535 67 44 8 6 119 v:123
2/08/2020 10:31:26 AM,252 Event OK
2/08/2020 10:31:27 AM,EVENT 45546 1596364278 -310121711/1219236164/954/7/0 TRIPSUMMARY 45535 v:123
2/08/2020 10:31:27 AM,252 Event OK
2/08/2020 10:31:27 AM,QUIT
2/08/2020 10:31:27 AM,221 Session ended - goodbye
2/08/2020 10:32:39 AM,UNIT 9279
2/08/2020 10:32:39 AM,333 CHAL 11BC1592
2/08/2020 10:32:40 AM,RESP 12CCC980
2/08/2020 10:32:40 AM,230 Auth OK
2/08/2020 10:32:40 AM,TIME
2/08/2020 10:32:40 AM,211 TIME 1596364360
2/08/2020 10:32:41 AM,EVCOUNT 2
2/08/2020 10:32:41 AM,252 Event OK
2/08/2020 10:32:42 AM,TODO
2/08/2020 10:32:42 AM,226 Nothing to do
2/08/2020 10:32:42 AM,EVENT 45547 1596364354 -310121670/1219236097/894/4/0 INPUT 8 1 0 v:124
2/08/2020 10:32:42 AM,252 Event OK
2/08/2020 10:32:43 AM,EVENT 45548 1596364354 -310121670/1219236097/894/4/0 INPUT 7 0 80 v:124
2/08/2020 10:32:43 AM,252 Event OK
2/08/2020 10:32:44 AM,QUIT
2/08/2020 10:32:44 AM,221 Session ended - goodbye
2/08/2020 10:32:54 AM,UNIT 9279
2/08/2020 10:32:54 AM,333 CHAL 2206A3C
2/08/2020 10:32:55 AM,RESP FA1AEF73
2/08/2020 10:32:55 AM,230 Auth OK
2/08/2020 10:32:55 AM,TIME
2/08/2020 10:32:55 AM,211 TIME 1596364375
2/08/2020 10:32:56 AM,EVCOUNT 6
2/08/2020 10:32:56 AM,252 Event OK
2/08/2020 10:32:56 AM,TODO
2/08/2020 10:32:56 AM,226 Nothing to do
2/08/2020 10:32:57 AM,EVENT 45549 1596364362 -310121677/1219236107/913/4/0 SIGNON 2463 01b1def3 OK 26 271086 0 v:124
2/08/2020 10:32:57 AM,252 Event OK
2/08/2020 10:32:58 AM,EVENT 45550 1596364368 -310121684/1219236116/918/4/0 INPUT 1 0 92 v:124
2/08/2020 10:32:58 AM,252 Event OK
2/08/2020 10:32:59 AM,EVENT 45551 1596364368 -310121684/1219236116/918/4/0 INPUT 4 1 0 v:124
2/08/2020 10:32:59 AM,252 Event OK
2/08/2020 10:32:59 AM,EVENT 45552 1596364369 -310121689/1219236117/917/4/0 OILPRESSURE 45549 2 v:124
2/08/2020 10:32:59 AM,252 Event OK
2/08/2020 10:33:00 AM,EVENT 45553 1596364370 -310121672/1219236110/918/4/0 INPUT 4 0 3 v:124
2/08/2020 10:33:00 AM,252 Event OK
2/08/2020 10:33:01 AM,EVENT 45554 1596364370 -310121672/1219236110/918/4/0 INPUT 4 1 0 v:124
2/08/2020 10:33:01 AM,252 Event OK
2/08/2020 10:33:02 AM,EVENT 45555 1596364373 -310121333/1219235877/939/4/5 INPUT 3 1 0 v:124
2/08/2020 10:33:02 AM,252 Event OK
2/08/2020 10:33:02 AM,QUIT
2/08/2020 10:33:02 AM,221 Session ended - goodbye
2/08/2020 10:33:24 AM,UNIT 9279
2/08/2020 10:33:24 AM,333 CHAL 5178B2B7
2/08/2020 10:33:25 AM,RESP 6ACC1DDC
2/08/2020 10:33:25 AM,230 Auth OK
2/08/2020 10:33:25 AM,TIME
2/08/2020 10:33:25 AM,211 TIME 1596364405
2/08/2020 10:33:26 AM,EVCOUNT 6
2/08/2020 10:33:26 AM,252 Event OK
2/08/2020 10:33:26 AM,TODO
2/08/2020 10:33:26 AM,226 Nothing to do
2/08/2020 10:33:27 AM,EVENT 45556 1596364397 -310121581/1219229198/988/8/10 INPUT 3 0 23 v:124
2/08/2020 10:33:27 AM,252 Event OK
2/08/2020 10:33:27 AM,EVENT 45557 1596364399 -310121795/1219229066/1015/8/4 INPUT 4 0 29 v:124
2/08/2020 10:33:27 AM,252 Event OK
2/08/2020 10:33:28 AM,EVENT 45558 1596364399 -310121795/1219229066/1015/8/4 INPUT 7 1 0 v:124
2/08/2020 10:33:28 AM,252 Event OK
2/08/2020 10:33:29 AM,EVENT 45559 1596364399 -310121795/1219229066/1015/8/4 INPUT 8 0 46 v:124
2/08/2020 10:33:29 AM,252 Event OK
2/08/2020 10:33:30 AM,EVENT 45560 1596364399 -310121795/1219229066/1015/8/4 INPUT 4 1 0 v:124
2/08/2020 10:33:30 AM,252 Event OK
2/08/2020 10:33:30 AM,EVENT 45561 1596364400 -310121797/1219229068/1023/8/4 INPUT 1 1 0 v:123
2/08/2020 10:33:30 AM,252 Event OK
2/08/2020 10:33:31 AM,EVENT 45562 1596364403 -310121785/1219229070/1058/8/0 INPUT 4 0 4 v:123
2/08/2020 10:33:31 AM,252 Event OK
2/08/2020 10:33:32 AM,EVENT 45563 1596364404 -310121781/1219229077/1064/8/0 TRIP 45549 23 13 7 6 43 v:123
2/08/2020 10:33:32 AM,252 Event OK
2/08/2020 10:33:32 AM,EVENT 45564 1596364404 -310121781/1219229077/1064/8/0 TRIPSUMMARY 45549 v:123
2/08/2020 10:33:32 AM,252 Event OK
2/08/2020 10:33:33 AM,QUIT
2/08/2020 10:33:33 AM,221 Session ended - goodbye
2/08/2020 10:35:15 AM,UNIT 9279
2/08/2020 10:35:15 AM,333 CHAL C70EE82
2/08/2020 10:35:15 AM,RESP 34654986
2/08/2020 10:35:15 AM,230 Auth OK
2/08/2020 10:35:16 AM,TIME
2/08/2020 10:35:16 AM,211 TIME 1596364516
2/08/2020 10:35:16 AM,EVCOUNT 2
2/08/2020 10:35:16 AM,252 Event OK
2/08/2020 10:35:17 AM,TODO
2/08/2020 10:35:17 AM,226 Nothing to do
2/08/2020 10:35:18 AM,EVENT 45565 1596364510 -310121778/1219229610/982/0/0 INPUT 8 1 0 v:124
2/08/2020 10:35:18 AM,252 Event OK
2/08/2020 10:35:18 AM,EVENT 45566 1596364510 -310121778/1219229610/982/0/0 INPUT 7 0 110 v:124
2/08/2020 10:35:18 AM,252 Event OK
2/08/2020 10:35:19 AM,QUIT
2/08/2020 10:35:19 AM,221 Session ended - goodbye
2/08/2020 10:35:29 AM,UNIT 9279
2/08/2020 10:35:29 AM,333 CHAL 31DF41AB
2/08/2020 10:35:29 AM,RESP CB34C534
2/08/2020 10:35:29 AM,230 Auth OK
2/08/2020 10:35:30 AM,TIME
2/08/2020 10:35:30 AM,211 TIME 1596364530
2/08/2020 10:35:30 AM,EVCOUNT 4
2/08/2020 10:35:30 AM,252 Event OK
2/08/2020 10:35:31 AM,TODO
2/08/2020 10:35:31 AM,226 Nothing to do
2/08/2020 10:35:32 AM,EVENT 45567 1596364518 -310121821/1219229579/967/0/0 SIGNON 2463 01b1def3 OK 26 271086 0 v:124
2/08/2020 10:35:32 AM,252 Event OK
2/08/2020 10:35:32 AM,EVENT 45568 1596364524 -310121816/1219229595/969/0/0 INPUT 4 1 0 v:124
2/08/2020 10:35:32 AM,252 Event OK
2/08/2020 10:35:33 AM,EVENT 45569 1596364524 -310121816/1219229595/969/0/0 INPUT 1 0 125 v:124
2/08/2020 10:35:33 AM,252 Event OK
2/08/2020 10:35:34 AM,EVENT 45570 1596364526 -310121809/1219229601/969/0/0 OILPRESSURE 45567 3 v:124
2/08/2020 10:35:34 AM,252 Event OK
2/08/2020 10:35:34 AM,QUIT
2/08/2020 10:35:34 AM,221 Session ended - goodbye
2/08/2020 10:35:49 AM,UNIT 9279
2/08/2020 10:35:49 AM,333 CHAL 39964CD9
2/08/2020 10:35:49 AM,RESP 738665A5
2/08/2020 10:35:49 AM,230 Auth OK
2/08/2020 10:35:50 AM,TIME
2/08/2020 10:35:50 AM,211 TIME 1596364550
2/08/2020 10:35:50 AM,EVCOUNT 1
2/08/2020 10:35:50 AM,252 Event OK
2/08/2020 10:35:51 AM,TODO
2/08/2020 10:35:51 AM,226 Nothing to do
2/08/2020 10:35:51 AM,EVENT 45571 1596364543 -310122457/1219228903/1008/1/3 INPUT 1 1 0 v:124
2/08/2020 10:35:51 AM,252 Event OK
2/08/2020 10:35:52 AM,QUIT
2/08/2020 10:35:52 AM,221 Session ended - goodbye
2/08/2020 10:36:02 AM,UNIT 9279
2/08/2020 10:36:02 AM,333 CHAL 58BDC974
2/08/2020 10:36:03 AM,RESP A1908136
2/08/2020 10:36:03 AM,230 Auth OK
2/08/2020 10:36:03 AM,TIME
2/08/2020 10:36:03 AM,211 TIME 1596364563
2/08/2020 10:36:04 AM,EVCOUNT 5
2/08/2020 10:36:04 AM,252 Event OK
2/08/2020 10:36:04 AM,TODO
2/08/2020 10:36:04 AM,226 Nothing to do
2/08/2020 10:36:05 AM,EVENT 45572 1596364550 -310122435/1219228822/1026/1/0 INPUT 1 0 7 v:124
2/08/2020 10:36:05 AM,252 Event OK
2/08/2020 10:36:06 AM,EVENT 45573 1596364551 -310122426/1219228817/1030/1/0 INPUT 4 0 27 v:124
2/08/2020 10:36:06 AM,252 Event OK
2/08/2020 10:36:06 AM,EVENT 45574 1596364551 -310122426/1219228817/1030/1/0 OILPRESSURE 45567 7 v:124
2/08/2020 10:36:06 AM,252 Event OK
2/08/2020 10:36:07 AM,EVENT 45575 1596364551 -310122426/1219228817/1030/1/0 INPUT 4 1 0 v:124
2/08/2020 10:36:07 AM,252 Event OK
2/08/2020 10:36:08 AM,EVENT 45576 1596364558 -310122365/1219228789/1047/1/0 ENGINEOVERSPEED 45567 8 11330 v:124
2/08/2020 10:36:08 AM,252 Event OK
2/08/2020 10:36:08 AM,QUIT
2/08/2020 10:36:08 AM,221 Session ended - goodbye
2/08/2020 10:37:17 AM,UNIT 9279
2/08/2020 10:37:17 AM,333 CHAL 12AB1328
2/08/2020 10:37:18 AM,RESP 10C65A77
2/08/2020 10:37:18 AM,230 Auth OK
2/08/2020 10:37:18 AM,TIME
2/08/2020 10:37:18 AM,211 TIME 1596364638
2/08/2020 10:37:19 AM,EVCOUNT 1
2/08/2020 10:37:19 AM,252 Event OK
2/08/2020 10:37:20 AM,TODO
2/08/2020 10:37:20 AM,226 Nothing to do
2/08/2020 10:37:21 AM,EVENT 45577 1596364631 -310122618/1219227894/949/0/7 INPUT 3 1 0 v:124
2/08/2020 10:37:21 AM,252 Event OK
2/08/2020 10:37:21 AM,QUIT
2/08/2020 10:37:21 AM,221 Session ended - goodbye
2/08/2020 9:00:22 PM,UNIT 9279
2/08/2020 9:00:22 PM,333 CHAL 647BBC1E
2/08/2020 9:00:22 PM,RESP 2B952947
2/08/2020 9:00:22 PM,230 Auth OK
2/08/2020 9:00:23 PM,TIME
2/08/2020 9:00:23 PM,211 TIME 1596402023
2/08/2020 9:00:23 PM,EVCOUNT 655
2/08/2020 9:00:23 PM,252 Event OK
2/08/2020 9:00:23 PM,TODO
2/08/2020 9:00:23 PM,226 Nothing to do
2/08/2020 9:00:24 PM,EVENT 45578 1596365217 0/0/0/0/11 INPUT 3 0 587 v:124
2/08/2020 9:00:24 PM,252 Event OK
2/08/2020 9:00:25 PM,EVENT 45579 1596365242 0/0/0/0/0 INPUT 4 0 691 v:124
2/08/2020 9:00:25 PM,252 Event OK
2/08/2020 9:00:25 PM,EVENT 45580 1596365242 0/0/0/0/0 INPUT 4 1 0 v:124
2/08/2020 9:00:25 PM,252 Event OK
2/08/2020 9:00:26 PM,EVENT 45581 1596365273 0/0/0/0/6 INPUT 3 1 0 v:124
2/08/2020 9:00:26 PM,252 Event OK
2/08/2020 9:00:26 PM,EVENT 45582 1596365505 0/0/0/0/20 REPORT 45567 0 0 v:124
2/08/2020 9:00:26 PM,252 Event OK
2/08/2020 9:00:27 PM,EVENT 45583 1596365577 0/0/0/0/14 INPUT 3 0 303 v:124
2/08/2020 9:00:27 PM,252 Event OK
2/08/2020 9:00:28 PM,EVENT 45584 1596365605 0/0/0/0/0 INPUT 4 0 363 v:124
2/08/2020 9:00:28 PM,252 Event OK
2/08/2020 9:00:28 PM,EVENT 45585 1596365606 0/0/0/0/0 INPUT 4 1 0 v:124
2/08/2020 9:00:28 PM,252 Event OK
2/08/2020 9:00:29 PM,EVENT 45586 1596365617 0/0/0/0/6 INPUT 3 1 0 v:124
2/08/2020 9:00:29 PM,252 Event OK
2/08/2020 9:00:29 PM,EVENT 45587 1596366060 0/0/0/0/11 INPUT 3 0 444 v:124
2/08/2020 9:00:29 PM,252 Event OK
2/08/2020 9:00:30 PM,EVENT 45588 1596366091 0/0/0/0/0 INPUT 4 0 486 v:124
2/08/2020 9:00:30 PM,252 Event OK
2/08/2020 9:00:30 PM,EVENT 45589 1596366091 0/0/0/0/0 INPUT 4 1 0 v:124
2/08/2020 9:00:30 PM,252 Event OK
2/08/2020 9:00:31 PM,EVENT 45590 1596366129 0/0/0/0/5 INPUT 3 1 0 v:124
2/08/2020 9:00:31 PM,252 Event OK
2/08/2020 9:00:32 PM,EVENT 45591 1596366147 0/0/0/0/12 INPUT 3 0 17 v:124
2/08/2020 9:00:32 PM,252 Event OK
2/08/2020 9:00:32 PM,EVENT 45592 1596366160 0/0/0/0/5 INPUT 3 1 0 v:124
2/08/2020 9:00:32 PM,252 Event OK
2/08/2020 9:00:33 PM,EVENT 45593 1596366194 0/0/0/0/10 INPUT 3 0 34 v:124
2/08/2020 9:00:33 PM,252 Event OK
2/08/2020 9:00:33 PM,EVENT 45594 1596366234 0/0/0/0/6 INPUT 3 1 0 v:124
2/08/2020 9:00:33 PM,252 Event OK
2/08/2020 9:00:34 PM,EVENT 45595 1596366742 0/0/0/0/10 INPUT 3 0 508 v:124
2/08/2020 9:00:34 PM,252 Event OK
2/08/2020 9:00:35 PM,EVENT 45596 1596366745 0/0/0/0/8 INPUT 3 1 0 v:124
2/08/2020 9:00:35 PM,252 Event OK
2/08/2020 9:00:35 PM,EVENT 45597 1596366748 0/0/0/0/9 INPUT 3 0 2 v:124
2/08/2020 9:00:35 PM,252 Event OK
2/08/2020 9:00:36 PM,EVENT 45598 1596366755 0/0/0/0/8 INPUT 3 1 0 v:124
2/08/2020 9:00:36 PM,252 Event OK
2/08/2020 9:00:37 PM,EVENT 45599 1596366755 0/0/0/0/8 INPUT 3 0 1 v:124
2/08/2020 9:00:37 PM,252 Event OK
2/08/2020 9:00:37 PM,EVENT 45600 1596366758 0/0/0/0/8 INPUT 3 1 0 v:124
2/08/2020 9:00:37 PM,252 Event OK
2/08/2020 9:00:38 PM,EVENT 45601 1596366795 0/0/0/0/14 INPUT 3 0 37 v:124
2/08/2020 9:00:38 PM,252 Event OK
2/08/2020 9:00:39 PM,EVENT 45602 1596366797 0/0/0/0/8 INPUT 3 1 0 v:124
2/08/2020 9:00:39 PM,252 Event OK
2/08/2020 9:00:39 PM,EVENT 45603 1596366989 0/0/0/0/12 INPUT 3 0 192 v:124
2/08/2020 9:00:39 PM,252 Event OK
2/08/2020 9:00:40 PM,EVENT 45604 1596366997 0/0/0/0/0 INPUT 4 0 906 v:124
2/08/2020 9:00:40 PM,252 Event OK
2/08/2020 9:00:40 PM,EVENT 45605 1596366997 0/0/0/0/0 INPUT 4 1 0 v:124
2/08/2020 9:00:40 PM,252 Event OK
2/08/2020 9:00:41 PM,EVENT 45606 1596367009 0/0/0/0/7 INPUT 3 1 0 v:124
2/08/2020 9:00:41 PM,252 Event OK
2/08/2020 9:00:41 PM,EVENT 45607 1596367039 0/0/0/0/9 INPUT 3 0 30 v:124
2/08/2020 9:00:41 PM,252 Event OK
2/08/2020 9:00:42 PM,EVENT 45608 1596367044 0/0/0/0/7 INPUT 3 1 0 v:124
2/08/2020 9:00:42 PM,252 Event OK
2/08/2020 9:00:43 PM,EVENT 45609 1596367046 0/0/0/0/9 INPUT 3 0 3 v:124
2/08/2020 9:00:43 PM,252 Event OK
2/08/2020 9:00:43 PM,EVENT 45610 1596367051 0/0/0/0/5 INPUT 3 1 0 v:124
2/08/2020 9:00:43 PM,252 Event OK
2/08/2020 9:00:44 PM,EVENT 45611 1596367056 0/0/0/0/14 INPUT 3 0 6 v:124
2/08/2020 9:00:44 PM,252 Event OK
2/08/2020 9:00:44 PM,EVENT 45612 1596367066 0/0/0/0/5 INPUT 4 0 69 v:124
2/08/2020 9:00:44 PM,252 Event OK
2/08/2020 9:00:45 PM,EVENT 45613 1596367066 0/0/0/0/5 INPUT 4 1 0 v:124
2/08/2020 9:00:45 PM,252 Event OK
2/08/2020 9:00:45 PM,EVENT 45614 1596367079 0/0/0/0/8 INPUT 3 1 0 v:124
2/08/2020 9:00:45 PM,252 Event OK
2/08/2020 9:00:46 PM,EVENT 45615 1596367082 0/0/0/0/10 INPUT 3 0 2 v:124
2/08/2020 9:00:46 PM,252 Event OK
2/08/2020 9:00:47 PM,EVENT 45616 1596367095 0/0/0/0/7 INPUT 3 1 0 v:124
2/08/2020 9:00:47 PM,252 Event OK
2/08/2020 9:00:47 PM,EVENT 45617 1596367100 0/0/0/0/9 INPUT 3 0 5 v:124
2/08/2020 9:00:47 PM,252 Event OK
2/08/2020 9:00:48 PM,EVENT 45618 1596367102 0/0/0/0/6 INPUT 3 1 0 v:124
2/08/2020 9:00:48 PM,252 Event OK
2/08/2020 9:00:48 PM,EVENT 45619 1596367105 0/0/0/0/9 INPUT 3 0 4 v:124
2/08/2020 9:00:48 PM,252 Event OK
2/08/2020 9:00:49 PM,EVENT 45620 1596367107 0/0/0/0/8 INPUT 3 1 0 v:124
2/08/2020 9:00:49 PM,252 Event OK
2/08/2020 9:00:49 PM,EVENT 45621 1596367108 0/0/0/0/9 INPUT 3 0 1 v:124
2/08/2020 9:00:49 PM,252 Event OK
2/08/2020 9:00:50 PM,EVENT 45622 1596367119 0/0/0/0/0 INPUT 4 0 53 v:124
2/08/2020 9:00:50 PM,252 Event OK
2/08/2020 9:00:51 PM,EVENT 45623 1596367120 0/0/0/0/0 INPUT 4 1 0 v:124
2/08/2020 9:00:51 PM,252 Event OK
2/08/2020 9:00:51 PM,EVENT 45624 1596367120 0/0/0/0/0 INPUT 7 1 0 v:124
2/08/2020 9:00:51 PM,252 Event OK
2/08/2020 9:00:52 PM,EVENT 45625 1596367120 0/0/0/0/0 INPUT 8 0 2611 v:124
2/08/2020 9:00:52 PM,252 Event OK
2/08/2020 9:00:52 PM,EVENT 45626 1596367121 0/0/0/0/0 INPUT 1 1 0 v:124
2/08/2020 9:00:52 PM,252 Event OK
2/08/2020 9:00:53 PM,EVENT 45627 1596367123 0/0/0/0/0 INPUT 4 0 4 v:124
2/08/2020 9:00:53 PM,252 Event OK
2/08/2020 9:01:18 PM,EVENT 45628 1596367123 0/0/0/0/0 INPUT 4 1 0 v:124
2/08/2020 9:01:18 PM,252 Event OK
2/08/2020 9:01:20 PM,UNIT 9279
2/08/2020 9:01:20 PM,333 CHAL 3C409967
2/08/2020 9:01:20 PM,RESP 98D64312
2/08/2020 9:01:20 PM,230 Auth OK
2/08/2020 9:01:20 PM,TIME
2/08/2020 9:01:20 PM,211 TIME 1596402080
2/08/2020 9:01:21 PM,EVCOUNT 608
2/08/2020 9:01:21 PM,252 Event OK
2/08/2020 9:01:21 PM,TODO
2/08/2020 9:01:21 PM,226 Nothing to do
2/08/2020 9:01:21 PM,EVENT 45628 1596367123 0/0/0/0/0 INPUT 4 1 0 v:124
2/08/2020 9:01:21 PM,253 Event OK - Duplicate
2/08/2020 9:01:21 PM,EVENT 45629 1596367125 0/0/0/0/0 TRIP 45567 2176 425 6 6 2607 v:124
2/08/2020 9:01:21 PM,252 Event OK
2/08/2020 9:01:21 PM,EVENT 45630 1596367125 0/0/0/0/0 TRIPSUMMARY 45567 v:124
2/08/2020 9:01:21 PM,252 Event OK
2/08/2020 9:01:22 PM,EVENT 45631 1596367126 0/0/0/0/0 INPUT 4 0 2 v:124
2/08/2020 9:01:22 PM,252 Event OK
2/08/2020 9:01:22 PM,EVENT 45632 1596367140 0/0/0/0/0 INPUT 8 1 0 v:124
2/08/2020 9:01:22 PM,252 Event OK
2/08/2020 9:01:22 PM,EVENT 45633 1596367140 0/0/0/0/0 INPUT 7 0 20 v:124
2/08/2020 9:01:22 PM,252 Event OK
2/08/2020 9:01:23 PM,EVENT 45634 1596367150 0/0/0/0/0 SIGNON 2463 01b1def3 OK 26 271086 0 v:124
2/08/2020 9:01:23 PM,252 Event OK
2/08/2020 9:01:23 PM,EVENT 45635 1596367154 0/0/0/0/0 INPUT 3 1 0 v:124
2/08/2020 9:01:23 PM,252 Event OK
2/08/2020 9:01:23 PM,EVENT 45636 1596367166 0/0/0/0/15 INPUT 1 0 45 v:124
2/08/2020 9:01:23 PM,252 Event OK
2/08/2020 9:01:24 PM,EVENT 45637 1596367166 0/0/0/0/15 INPUT 4 1 0 v:124
2/08/2020 9:01:24 PM,252 Event OK
2/08/2020 9:01:24 PM,EVENT 45638 1596367167 0/0/0/0/19 OILPRESSURE 45634 12 v:124
2/08/2020 9:01:24 PM,252 Event OK
2/08/2020 9:01:24 PM,EVENT 45639 1596367171 0/0/0/0/10 INPUT 3 0 17 v:124
2/08/2020 9:01:24 PM,252 Event OK
2/08/2020 9:01:25 PM,EVENT 45640 1596367172 0/0/0/0/7 INPUT 3 1 0 v:124
2/08/2020 9:01:25 PM,252 Event OK
2/08/2020 9:01:25 PM,EVENT 45641 1596367176 0/0/0/0/12 INPUT 3 0 3 v:124
2/08/2020 9:01:25 PM,252 Event OK
2/08/2020 9:01:25 PM,EVENT 45642 1596367177 0/0/0/0/10 INPUT 3 1 0 v:124
2/08/2020 9:01:25 PM,252 Event OK
2/08/2020 9:01:26 PM,EVENT 45643 1596367201 0/0/0/0/12 INPUT 3 0 24 v:124
2/08/2020 9:01:26 PM,252 Event OK
2/08/2020 9:01:26 PM,EVENT 45644 1596367205 0/0/0/0/5 INPUT 4 0 39 v:124
2/08/2020 9:01:26 PM,252 Event OK
2/08/2020 9:01:26 PM,EVENT 45645 1596367205 0/0/0/0/5 INPUT 4 1 0 v:124
2/08/2020 9:01:26 PM,252 Event OK
2/08/2020 9:01:27 PM,EVENT 45646 1596367224 0/0/0/0/6 INPUT 3 1 0 v:124
2/08/2020 9:01:27 PM,252 Event OK
2/08/2020 9:01:27 PM,EVENT 45647 1596367282 0/0/0/0/10 INPUT 3 0 58 v:124
2/08/2020 9:01:27 PM,252 Event OK
2/08/2020 9:01:27 PM,EVENT 45648 1596367286 0/0/0/0/5 INPUT 7 1 0 v:124
2/08/2020 9:01:27 PM,252 Event OK
2/08/2020 9:01:28 PM,EVENT 45649 1596367286 0/0/0/0/5 INPUT 8 0 145 v:124
2/08/2020 9:01:28 PM,252 Event OK
2/08/2020 9:01:28 PM,EVENT 45650 1596367287 0/0/0/0/5 INPUT 1 1 0 v:124
2/08/2020 9:01:28 PM,252 Event OK
2/08/2020 9:01:29 PM,EVENT 45651 1596367287 0/0/0/0/5 INPUT 4 0 82 v:124
2/08/2020 9:01:29 PM,252 Event OK
2/08/2020 9:01:29 PM,EVENT 45652 1596367290 0/0/0/0/0 TRIP 45634 102 32 7 4 141 v:124
2/08/2020 9:01:29 PM,252 Event OK
2/08/2020 9:01:29 PM,EVENT 45653 1596367290 0/0/0/0/0 TRIPSUMMARY 45634 v:123
2/08/2020 9:01:29 PM,252 Event OK
2/08/2020 9:01:30 PM,EVENT 45654 1596370944 0/0/0/0/0 SWSTART OpusFC 5.0.58.510 R v:123
2/08/2020 9:01:30 PM,252 Event OK
2/08/2020 9:01:31 PM,EVENT 45655 1596367290 0/0/0/0/0 POWERDOWN v:123
2/08/2020 9:01:31 PM,252 Event OK
2/08/2020 9:01:32 PM,EVENT 45656 1596370944 0/0/0/0/0 INPUT 1 1 0 v:123
2/08/2020 9:01:32 PM,252 Event OK
2/08/2020 9:01:32 PM,EVENT 45657 1596370944 0/0/0/0/0 INPUT 2 0 0 v:123
2/08/2020 9:01:32 PM,252 Event OK
2/08/2020 9:01:33 PM,EVENT 45658 1596370944 0/0/0/0/0 INPUT 3 0 0 v:123
2/08/2020 9:01:33 PM,252 Event OK
2/08/2020 9:01:33 PM,EVENT 45659 1596370944 0/0/0/0/0 INPUT 4 0 0 v:123
2/08/2020 9:01:33 PM,252 Event OK
2/08/2020 9:01:33 PM,EVENT 45660 1596370944 0/0/0/0/0 INPUT 7 0 0 v:123
2/08/2020 9:01:33 PM,252 Event OK
2/08/2020 9:01:33 PM,EVENT 45661 1596370944 0/0/0/0/0 INPUT 8 1 0 v:123
2/08/2020 9:01:33 PM,252 Event OK
2/08/2020 9:01:34 PM,EVENT 45662 1596370946 0/0/0/0/0 ZONE_OK 2 100 FW=NO VERSION v:123
2/08/2020 9:01:34 PM,252 Event OK
2/08/2020 9:01:34 PM,EVENT 45663 1596370955 0/0/0/0/0 SIGNON 2463 01b1def3 OK 26 271086 0 v:123
2/08/2020 9:01:34 PM,252 Event OK
2/08/2020 9:01:34 PM,EVENT 45664 1596371255 0/0/0/0/0 XSIDLESTART 45663 v:124
2/08/2020 9:01:34 PM,252 Event OK
2/08/2020 9:01:35 PM,EVENT 45665 1596371507 0/0/0/0/0 INPUT 1 0 563 v:124
2/08/2020 9:01:35 PM,252 Event OK
2/08/2020 9:01:35 PM,EVENT 45666 1596371508 0/0/0/0/0 XSIDLE 45663 552 v:124
2/08/2020 9:01:35 PM,252 Event OK
2/08/2020 9:01:35 PM,EVENT 45667 1596371508 0/0/0/0/0 INPUT 4 1 0 v:124
2/08/2020 9:01:35 PM,252 Event OK
2/08/2020 9:01:36 PM,EVENT 45668 1596371509 0/0/0/0/0 OILPRESSURE 45663 549 v:123
2/08/2020 9:01:36 PM,252 Event OK
2/08/2020 9:01:36 PM,EVENT 45669 1596371525 0/0/0/0/0 INPUT 4 0 18 v:123
2/08/2020 9:01:36 PM,252 Event OK
2/08/2020 9:01:36 PM,EVENT 45670 1596371525 0/0/0/0/0 INPUT 4 1 0 v:123
2/08/2020 9:01:36 PM,252 Event OK
2/08/2020 9:01:36 PM,EVENT 45671 1596371535 0/0/0/0/0 INPUT 4 0 10 v:124
2/08/2020 9:01:36 PM,252 Event OK
2/08/2020 9:01:37 PM,EVENT 45672 1596371536 0/0/0/0/0 INPUT 4 1 0 v:124
2/08/2020 9:01:37 PM,252 Event OK
2/08/2020 9:01:37 PM,EVENT 45673 1596371544 0/0/0/0/4 INPUT 4 0 9 v:124
2/08/2020 9:01:37 PM,252 Event OK
2/08/2020 9:01:37 PM,EVENT 45674 1596371544 0/0/0/0/0 INPUT 4 1 0 v:124
2/08/2020 9:01:37 PM,252 Event OK
2/08/2020 9:01:37 PM,EVENT 45675 1596371582 0/0/0/0/3 INPUT 4 0 38 v:124
2/08/2020 9:01:37 PM,252 Event OK
2/08/2020 9:01:38 PM,EVENT 45676 1596371582 0/0/0/0/3 INPUT 4 1 0 v:124
2/08/2020 9:01:38 PM,252 Event OK
2/08/2020 9:01:38 PM,EVENT 45677 1596371610 0/0/0/0/0 INPUT 4 0 28 v:124
2/08/2020 9:01:38 PM,252 Event OK
2/08/2020 9:01:38 PM,EVENT 45678 1596371610 0/0/0/0/0 INPUT 4 1 0 v:124
2/08/2020 9:01:38 PM,252 Event OK
2/08/2020 9:01:38 PM,EVENT 45679 1596371630 0/0/0/0/7 INPUT 3 1 0 v:124
2/08/2020 9:01:38 PM,252 Event OK
2/08/2020 9:01:38 PM,EVENT 45680 1596371634 0/0/0/0/9 INPUT 3 0 3 v:124
2/08/2020 9:01:38 PM,252 Event OK
2/08/2020 9:01:39 PM,EVENT 45681 1596371688 0/0/0/0/0 INPUT 4 0 78 v:124
2/08/2020 9:01:39 PM,252 Event OK
2/08/2020 9:01:39 PM,EVENT 45682 1596371688 0/0/0/0/0 INPUT 4 1 0 v:124
2/08/2020 9:01:39 PM,252 Event OK
2/08/2020 9:01:39 PM,EVENT 45683 1596371706 0/0/0/0/3 INPUT 4 0 18 v:124
2/08/2020 9:01:39 PM,252 Event OK
2/08/2020 9:01:39 PM,EVENT 45684 1596371707 0/0/0/0/3 INPUT 4 1 0 v:124
2/08/2020 9:01:39 PM,252 Event OK
2/08/2020 9:01:39 PM,EVENT 45685 1596371739 0/0/0/0/0 INPUT 4 0 33 v:124
2/08/2020 9:01:39 PM,252 Event OK
2/08/2020 9:01:40 PM,EVENT 45686 1596371739 0/0/0/0/0 INPUT 4 1 0 v:124
2/08/2020 9:01:40 PM,252 Event OK
2/08/2020 9:01:40 PM,EVENT 45687 1596371810 0/0/0/0/3 INPUT 4 0 71 v:124
2/08/2020 9:01:40 PM,252 Event OK
2/08/2020 9:01:40 PM,EVENT 45688 1596371810 0/0/0/0/3 INPUT 4 1 0 v:124
2/08/2020 9:01:40 PM,252 Event OK
2/08/2020 9:01:40 PM,EVENT 45689 1596371818 0/0/0/0/6 INPUT 3 1 0 v:124
2/08/2020 9:01:40 PM,252 Event OK
2/08/2020 9:01:41 PM,EVENT 45690 1596371826 0/0/0/0/11 INPUT 3 0 8 v:124
2/08/2020 9:01:41 PM,252 Event OK
2/08/2020 9:01:41 PM,EVENT 45691 1596371828 0/0/0/0/8 INPUT 7 1 0 v:124
2/08/2020 9:01:41 PM,252 Event OK
2/08/2020 9:01:41 PM,EVENT 45692 1596371828 0/0/0/0/8 INPUT 8 0 883 v:124
2/08/2020 9:01:41 PM,252 Event OK
2/08/2020 9:01:41 PM,EVENT 45693 1596371829 0/0/0/0/8 INPUT 1 1 0 v:124
2/08/2020 9:01:41 PM,252 Event OK
2/08/2020 9:01:42 PM,EVENT 45694 1596371829 0/0/0/0/8 INPUT 4 0 19 v:124
2/08/2020 9:01:42 PM,252 Event OK
2/08/2020 9:01:42 PM,EVENT 45695 1596371832 0/0/0/0/0 TRIP 45663 11 311 555 552 877 v:124
2/08/2020 9:01:42 PM,252 Event OK
2/08/2020 9:01:42 PM,EVENT 45696 1596371832 0/0/0/0/0 TRIPSUMMARY 45663 v:124
2/08/2020 9:01:42 PM,252 Event OK
2/08/2020 9:01:42 PM,EVENT 45697 1596371861 0/0/0/0/0 REPORT * 0 0 v:124
2/08/2020 9:01:42 PM,252 Event OK
2/08/2020 9:01:42 PM,EVENT 45698 1596373795 0/0/0/0/0 SWSTART OpusFC 5.0.58.510 R v:124
2/08/2020 9:01:42 PM,252 Event OK
2/08/2020 9:01:43 PM,EVENT 45699 1596371832 0/0/0/0/0 POWERDOWN v:124
2/08/2020 9:01:43 PM,252 Event OK
2/08/2020 9:01:43 PM,EVENT 45700 1596373795 0/0/0/0/0 INPUT 1 1 0 v:124
2/08/2020 9:01:43 PM,252 Event OK
2/08/2020 9:01:44 PM,EVENT 45701 1596373795 0/0/0/0/0 INPUT 2 0 0 v:124
2/08/2020 9:01:44 PM,252 Event OK
2/08/2020 9:01:44 PM,EVENT 45702 1596373795 0/0/0/0/0 INPUT 3 0 0 v:124
2/08/2020 9:01:44 PM,252 Event OK
2/08/2020 9:01:44 PM,EVENT 45703 1596373795 0/0/0/0/0 INPUT 4 0 0 v:124
2/08/2020 9:01:44 PM,252 Event OK
2/08/2020 9:01:44 PM,EVENT 45704 1596373795 0/0/0/0/0 INPUT 7 0 0 v:124
2/08/2020 9:01:44 PM,252 Event OK
2/08/2020 9:01:44 PM,EVENT 45705 1596373795 0/0/0/0/0 INPUT 8 1 0 v:124
2/08/2020 9:01:44 PM,252 Event OK
2/08/2020 9:01:45 PM,EVENT 45706 1596373797 0/0/0/0/0 ZONE_OK 2 100 FW=NO VERSION v:124
2/08/2020 9:01:45 PM,252 Event OK
2/08/2020 9:01:45 PM,EVENT 45707 1596373805 0/0/0/0/0 SIGNON 2463 01b1def3 OK 26 271086 0 v:124
2/08/2020 9:01:45 PM,252 Event OK
2/08/2020 9:01:45 PM,EVENT 45708 1596373811 0/0/0/99/0 INPUT 1 0 15 v:124
2/08/2020 9:01:45 PM,252 Event OK
2/08/2020 9:01:45 PM,EVENT 45709 1596373811 0/0/0/99/0 INPUT 4 1 0 v:124
2/08/2020 9:01:45 PM,252 Event OK
2/08/2020 9:01:46 PM,EVENT 45710 1596373812 0/0/0/99/0 OILPRESSURE 45707 2 v:124
2/08/2020 9:01:46 PM,252 Event OK
2/08/2020 9:01:46 PM,EVENT 45711 1596373820 0/0/0/0/0 INPUT 4 0 9 v:124
2/08/2020 9:01:46 PM,252 Event OK
2/08/2020 9:01:46 PM,EVENT 45712 1596373820 0/0/0/0/0 INPUT 4 1 0 v:124
2/08/2020 9:01:46 PM,252 Event OK
2/08/2020 9:01:46 PM,EVENT 45713 1596373827 0/0/0/0/7 INPUT 3 1 0 v:124
2/08/2020 9:01:46 PM,252 Event OK
2/08/2020 9:01:46 PM,EVENT 45714 1596373834 0/0/0/0/10 INPUT 3 0 6 v:124
2/08/2020 9:01:46 PM,252 Event OK
2/08/2020 9:01:47 PM,EVENT 45715 1596373837 0/0/0/0/6 INPUT 3 1 0 v:124
2/08/2020 9:01:47 PM,252 Event OK
2/08/2020 9:01:47 PM,EVENT 45716 1596373839 0/0/0/0/9 INPUT 3 0 1 v:124
2/08/2020 9:01:47 PM,252 Event OK
2/08/2020 9:01:47 PM,EVENT 45717 1596373841 0/0/0/0/8 INPUT 3 1 0 v:124
2/08/2020 9:01:47 PM,252 Event OK
2/08/2020 9:01:47 PM,EVENT 45718 1596373849 0/0/0/0/11 INPUT 3 0 9 v:124
2/08/2020 9:01:47 PM,252 Event OK
2/08/2020 9:01:48 PM,EVENT 45719 1596373853 0/0/0/0/4 INPUT 4 0 33 v:124
2/08/2020 9:01:48 PM,252 Event OK
2/08/2020 9:01:48 PM,EVENT 45720 1596373853 0/0/0/0/4 INPUT 4 1 0 v:124
2/08/2020 9:01:48 PM,252 Event OK
2/08/2020 9:01:48 PM,EVENT 45721 1596373857 0/0/0/0/5 INPUT 3 1 0 v:124
2/08/2020 9:01:48 PM,252 Event OK
2/08/2020 9:01:48 PM,EVENT 45722 1596373861 0/0/0/0/11 INPUT 3 0 4 v:124
2/08/2020 9:01:48 PM,252 Event OK
2/08/2020 9:01:48 PM,EVENT 45723 1596373866 0/0/0/0/3 INPUT 7 1 0 v:124
2/08/2020 9:01:48 PM,252 Event OK
2/08/2020 9:01:49 PM,EVENT 45724 1596373866 0/0/0/0/3 INPUT 8 0 70 v:124
2/08/2020 9:01:49 PM,252 Event OK
2/08/2020 9:01:49 PM,EVENT 45725 1596373866 0/0/0/0/3 INPUT 4 0 13 v:124
2/08/2020 9:01:49 PM,252 Event OK
2/08/2020 9:01:49 PM,EVENT 45726 1596373867 0/0/0/0/3 INPUT 1 1 0 v:124
2/08/2020 9:01:49 PM,252 Event OK
2/08/2020 9:01:49 PM,EVENT 45727 1596373870 0/0/0/0/0 TRIP 45707 20 35 11 7 66 v:123
2/08/2020 9:01:49 PM,252 Event OK
2/08/2020 9:01:50 PM,EVENT 45728 1596373870 0/0/0/0/0 TRIPSUMMARY 45707 v:124
2/08/2020 9:01:50 PM,252 Event OK
2/08/2020 9:01:50 PM,EVENT 45729 1596373919 0/0/0/0/0 REPORT * 0 0 v:124
2/08/2020 9:01:50 PM,252 Event OK
2/08/2020 9:01:50 PM,EVENT 45730 1596373934 0/0/0/0/0 INPUT 8 1 0 v:124
2/08/2020 9:01:50 PM,252 Event OK
2/08/2020 9:01:50 PM,EVENT 45731 1596373935 0/0/0/0/0 INPUT 7 0 69 v:124
2/08/2020 9:01:50 PM,252 Event OK
2/08/2020 9:01:50 PM,EVENT 45732 1596373943 0/0/0/0/0 SIGNON 2463 01b1def3 OK 26 271086 0 v:124
2/08/2020 9:01:50 PM,252 Event OK
2/08/2020 9:01:51 PM,EVENT 45733 1596373950 0/0/0/0/0 INPUT 1 0 83 v:124
2/08/2020 9:01:51 PM,252 Event OK
2/08/2020 9:01:51 PM,EVENT 45734 1596373951 0/0/0/0/0 INPUT 4 1 0 v:124
2/08/2020 9:01:51 PM,252 Event OK
2/08/2020 9:01:51 PM,EVENT 45735 1596373951 0/0/0/0/0 OILPRESSURE 45732 3 v:124
2/08/2020 9:01:51 PM,252 Event OK
2/08/2020 9:01:51 PM,EVENT 45736 1596373953 0/0/0/0/0 INPUT 4 0 3 v:124
2/08/2020 9:01:51 PM,252 Event OK
2/08/2020 9:01:52 PM,EVENT 45737 1596373953 0/0/0/0/3 INPUT 4 1 0 v:124
2/08/2020 9:01:52 PM,252 Event OK
2/08/2020 9:01:52 PM,EVENT 45738 1596373963 0/0/0/0/5 INPUT 4 0 10 v:124
2/08/2020 9:01:52 PM,252 Event OK
2/08/2020 9:01:52 PM,EVENT 45739 1596373963 0/0/0/0/5 INPUT 4 1 0 v:124
2/08/2020 9:01:52 PM,252 Event OK
2/08/2020 9:01:52 PM,EVENT 45740 1596373965 0/0/0/0/5 INPUT 3 1 0 v:124
2/08/2020 9:01:52 PM,252 Event OK
2/08/2020 9:01:53 PM,EVENT 45741 1596373975 0/0/0/0/10 INPUT 3 0 10 v:124
2/08/2020 9:01:53 PM,252 Event OK
2/08/2020 9:01:54 PM,EVENT 45742 1596373978 0/0/0/0/4 INPUT 7 1 0 v:124
2/08/2020 9:01:54 PM,252 Event OK
2/08/2020 9:01:56 PM,EVENT 45743 1596373978 0/0/0/0/4 INPUT 8 0 43 v:124
2/08/2020 9:01:56 PM,252 Event OK
2/08/2020 9:01:57 PM,EVENT 45744 1596373978 0/0/0/0/4 INPUT 4 0 15 v:124
2/08/2020 9:01:57 PM,252 Event OK
2/08/2020 9:01:57 PM,EVENT 45745 1596373979 0/0/0/0/4 INPUT 4 1 0 v:124
2/08/2020 9:01:57 PM,252 Event OK
2/08/2020 9:01:58 PM,EVENT 45746 1596373979 0/0/0/0/4 INPUT 1 1 0 v:124
2/08/2020 9:01:58 PM,252 Event OK
2/08/2020 9:01:58 PM,EVENT 45747 1596373982 0/0/0/0/0 TRIP 45732 10 22 7 7 39 v:124
2/08/2020 9:01:58 PM,252 Event OK
2/08/2020 9:01:59 PM,EVENT 45748 1596373982 0/0/0/0/0 TRIPSUMMARY 45732 v:124
2/08/2020 9:01:59 PM,252 Event OK
2/08/2020 9:01:59 PM,EVENT 45749 1596373983 0/0/0/0/0 INPUT 4 0 4 v:124
2/08/2020 9:01:59 PM,252 Event OK
2/08/2020 9:02:00 PM,EVENT 45750 1596375256 0/0/0/0/0 INPUT 8 1 0 v:124
2/08/2020 9:02:00 PM,252 Event OK
2/08/2020 9:02:00 PM,EVENT 45751 1596375257 0/0/0/0/0 INPUT 7 0 1279 v:124
2/08/2020 9:02:00 PM,252 Event OK
2/08/2020 9:02:01 PM,EVENT 45752 1596375264 0/0/0/0/0 SIGNON 2463 01b1def3 OK 26 271086 0 v:124
2/08/2020 9:02:01 PM,252 Event OK
2/08/2020 9:04:57 PM,UNIT 9279
2/08/2020 9:04:57 PM,333 CHAL 50548BEC
2/08/2020 9:05:11 PM,RESP 80E807AE
2/08/2020 9:05:11 PM,230 Auth OK
2/08/2020 9:05:11 PM,TIME
2/08/2020 9:05:11 PM,211 TIME 1596402311
2/08/2020 9:05:11 PM,EVCOUNT 506
2/08/2020 9:05:11 PM,252 Event OK
2/08/2020 9:05:11 PM,TODO
2/08/2020 9:05:11 PM,226 Nothing to do
2/08/2020 9:05:12 PM,EVENT 45752 1596375264 0/0/0/0/0 SIGNON 2463 01b1def3 OK 26 271086 0 v:124
2/08/2020 9:05:12 PM,253 Event OK - Duplicate
2/08/2020 9:05:12 PM,EVENT 45753 1596375271 0/0/0/0/0 INPUT 1 0 1292 v:124
2/08/2020 9:05:12 PM,252 Event OK
2/08/2020 9:05:12 PM,EVENT 45754 1596375271 0/0/0/0/0 INPUT 4 1 0 v:124
2/08/2020 9:05:12 PM,252 Event OK
2/08/2020 9:05:12 PM,EVENT 45755 1596375272 0/0/0/0/0 OILPRESSURE 45752 3 v:124
2/08/2020 9:05:12 PM,252 Event OK
2/08/2020 9:05:12 PM,EVENT 45756 1596375273 0/0/0/0/0 INPUT 4 0 3 v:124
2/08/2020 9:05:12 PM,252 Event OK
2/08/2020 9:05:13 PM,EVENT 45757 1596375274 0/0/0/0/0 INPUT 4 1 0 v:124
2/08/2020 9:05:13 PM,252 Event OK
2/08/2020 9:05:13 PM,EVENT 45758 1596375280 0/0/0/0/7 INPUT 3 1 0 v:124
2/08/2020 9:05:13 PM,252 Event OK
2/08/2020 9:05:13 PM,EVENT 45759 1596375285 0/0/0/0/10 INPUT 3 0 5 v:124
2/08/2020 9:05:13 PM,252 Event OK
2/08/2020 9:05:13 PM,EVENT 45760 1596375295 0/0/0/0/6 INPUT 4 0 22 v:124
2/08/2020 9:05:13 PM,252 Event OK
2/08/2020 9:05:13 PM,EVENT 45761 1596375295 0/0/0/0/6 INPUT 4 1 0 v:124
2/08/2020 9:05:13 PM,252 Event OK
2/08/2020 9:05:14 PM,EVENT 45762 1596375297 0/0/0/0/7 INPUT 3 1 0 v:124
2/08/2020 9:05:14 PM,252 Event OK
2/08/2020 9:05:14 PM,EVENT 45763 1596375321 0/0/0/0/10 INPUT 3 0 25 v:124
2/08/2020 9:05:14 PM,252 Event OK
2/08/2020 9:05:14 PM,EVENT 45764 1596375327 0/0/0/0/5 INPUT 7 1 0 v:124
2/08/2020 9:05:14 PM,252 Event OK
2/08/2020 9:05:14 PM,EVENT 45765 1596375327 0/0/0/0/5 INPUT 8 0 70 v:124
2/08/2020 9:05:14 PM,252 Event OK
2/08/2020 9:05:14 PM,EVENT 45766 1596375327 0/0/0/0/5 INPUT 1 1 0 v:124
2/08/2020 9:05:14 PM,252 Event OK
2/08/2020 9:05:15 PM,EVENT 45767 1596375327 0/0/0/0/5 INPUT 4 0 32 v:124
2/08/2020 9:05:15 PM,252 Event OK
2/08/2020 9:05:15 PM,EVENT 45768 1596375329 0/0/0/0/0 INPUT 4 1 0 v:124
2/08/2020 9:05:15 PM,252 Event OK
2/08/2020 9:05:15 PM,EVENT 45769 1596375330 0/0/0/0/0 INPUT 4 0 2 v:124
2/08/2020 9:05:15 PM,252 Event OK
2/08/2020 9:05:15 PM,EVENT 45770 1596375331 0/0/0/0/0 TRIP 45752 30 29 8 6 67 v:124
2/08/2020 9:05:15 PM,252 Event OK
2/08/2020 9:05:16 PM,EVENT 45771 1596375331 0/0/0/0/0 TRIPSUMMARY 45752 v:124
2/08/2020 9:05:16 PM,252 Event OK
2/08/2020 9:05:16 PM,EVENT 45772 1596375463 0/0/0/0/0 INPUT 8 1 0 v:124
2/08/2020 9:05:16 PM,252 Event OK
2/08/2020 9:05:16 PM,EVENT 45773 1596375463 0/0/0/0/0 INPUT 7 0 136 v:124
2/08/2020 9:05:16 PM,252 Event OK
2/08/2020 9:05:16 PM,EVENT 45774 1596375471 0/0/0/0/0 SIGNON 2463 01b1def3 OK 26 271086 0 v:124
2/08/2020 9:05:16 PM,252 Event OK
2/08/2020 9:05:16 PM,EVENT 45775 1596375477 0/0/0/0/0 INPUT 1 0 151 v:124
2/08/2020 9:05:16 PM,252 Event OK
2/08/2020 9:05:17 PM,EVENT 45776 1596375478 0/0/0/0/0 INPUT 4 1 0 v:124
2/08/2020 9:05:17 PM,252 Event OK
2/08/2020 9:05:17 PM,EVENT 45777 1596375479 0/0/0/0/0 OILPRESSURE 45774 3 v:124
2/08/2020 9:05:17 PM,252 Event OK
2/08/2020 9:05:17 PM,EVENT 45778 1596375495 0/0/0/0/8 INPUT 3 1 0 v:124
2/08/2020 9:05:17 PM,252 Event OK
2/08/2020 9:05:17 PM,EVENT 45779 1596375534 0/0/0/99/13 INPUT 3 0 39 v:124
2/08/2020 9:05:17 PM,252 Event OK
2/08/2020 9:05:18 PM,EVENT 45780 1596375537 0/0/0/99/5 INPUT 7 1 0 v:124
2/08/2020 9:05:18 PM,252 Event OK
2/08/2020 9:05:18 PM,EVENT 45781 1596375537 0/0/0/99/5 INPUT 8 0 74 v:124
2/08/2020 9:05:18 PM,252 Event OK
2/08/2020 9:05:18 PM,EVENT 45782 1596375538 0/0/0/99/5 INPUT 1 1 0 v:124
2/08/2020 9:05:18 PM,252 Event OK
2/08/2020 9:05:18 PM,EVENT 45783 1596375538 0/0/0/99/5 INPUT 4 0 60 v:124
2/08/2020 9:05:18 PM,252 Event OK
2/08/2020 9:05:18 PM,EVENT 45784 1596375538 0/0/0/99/5 INPUT 4 1 0 v:124
2/08/2020 9:05:18 PM,252 Event OK
2/08/2020 9:05:19 PM,EVENT 45785 1596375541 0/0/0/99/0 TRIP 45774 39 24 7 7 70 v:124
2/08/2020 9:05:19 PM,252 Event OK
2/08/2020 9:05:19 PM,EVENT 45786 1596375541 0/0/0/99/0 TRIPSUMMARY 45774 v:124
2/08/2020 9:05:19 PM,252 Event OK
2/08/2020 9:05:19 PM,EVENT 45787 1596375542 0/0/0/99/0 INPUT 4 0 3 v:124
2/08/2020 9:05:19 PM,252 Event OK
2/08/2020 9:05:19 PM,EVENT 45788 1596377616 0/0/0/0/0 SWSTART OpusFC 5.0.58.510 R v:124
2/08/2020 9:05:19 PM,252 Event OK
2/08/2020 9:05:20 PM,EVENT 45789 1596375541 0/0/0/0/0 POWERDOWN v:124
2/08/2020 9:05:20 PM,252 Event OK
2/08/2020 9:05:20 PM,EVENT 45790 1596377616 0/0/0/0/0 INPUT 1 1 0 v:124
2/08/2020 9:05:20 PM,252 Event OK
2/08/2020 9:05:20 PM,EVENT 45791 1596377616 0/0/0/0/0 INPUT 2 0 0 v:124
2/08/2020 9:05:20 PM,252 Event OK
2/08/2020 9:05:20 PM,EVENT 45792 1596377616 0/0/0/0/0 INPUT 3 0 0 v:124
2/08/2020 9:05:20 PM,252 Event OK
2/08/2020 9:05:21 PM,EVENT 45793 1596377616 0/0/0/0/0 INPUT 4 0 0 v:124
2/08/2020 9:05:21 PM,252 Event OK
2/08/2020 9:05:21 PM,EVENT 45794 1596377616 0/0/0/0/0 INPUT 7 0 0 v:124
2/08/2020 9:05:21 PM,252 Event OK
2/08/2020 9:05:21 PM,EVENT 45795 1596377616 0/0/0/0/0 INPUT 8 1 0 v:124
2/08/2020 9:05:21 PM,252 Event OK
2/08/2020 9:05:21 PM,EVENT 45796 1596377618 0/0/0/0/0 ZONE_OK 2 100 FW=NO VERSION v:124
2/08/2020 9:05:21 PM,252 Event OK
2/08/2020 9:05:21 PM,EVENT 45797 1596377625 0/0/0/0/0 SIGNON 2463 01b1def3 OK 26 271086 0 v:124
2/08/2020 9:05:21 PM,252 Event OK
2/08/2020 9:05:22 PM,EVENT 45798 1596377631 0/0/0/99/0 INPUT 4 1 0 v:124
2/08/2020 9:05:22 PM,252 Event OK
2/08/2020 9:05:22 PM,EVENT 45799 1596377631 0/0/0/99/0 INPUT 1 0 15 v:124
2/08/2020 9:05:22 PM,252 Event OK
2/08/2020 9:05:22 PM,EVENT 45800 1596377633 0/0/0/99/0 OILPRESSURE 45797 3 v:124
2/08/2020 9:05:22 PM,252 Event OK
2/08/2020 9:05:22 PM,EVENT 45801 1596377643 0/0/0/0/7 INPUT 3 1 0 v:124
2/08/2020 9:05:22 PM,252 Event OK
2/08/2020 9:05:23 PM,EVENT 45802 1596377654 0/0/0/0/10 INPUT 3 0 10 v:124
2/08/2020 9:05:23 PM,252 Event OK
2/08/2020 9:05:23 PM,EVENT 45803 1596377656 0/0/0/0/5 INPUT 7 1 0 v:124
2/08/2020 9:05:23 PM,252 Event OK
2/08/2020 9:05:23 PM,EVENT 45804 1596377656 0/0/0/0/5 INPUT 8 0 39 v:124
2/08/2020 9:05:23 PM,252 Event OK
2/08/2020 9:05:23 PM,EVENT 45805 1596377656 0/0/0/0/5 INPUT 4 0 26 v:124
2/08/2020 9:05:23 PM,252 Event OK
2/08/2020 9:05:23 PM,EVENT 45806 1596377657 0/0/0/0/5 INPUT 1 1 0 v:124
2/08/2020 9:05:23 PM,252 Event OK
2/08/2020 9:05:24 PM,EVENT 45807 1596377658 0/0/0/0/5 INPUT 4 1 0 v:124
2/08/2020 9:05:24 PM,252 Event OK
2/08/2020 9:05:24 PM,EVENT 45808 1596377659 0/0/0/0/5 INPUT 4 0 2 v:124
2/08/2020 9:05:24 PM,252 Event OK
2/08/2020 9:05:24 PM,EVENT 45809 1596377660 0/0/0/0/0 TRIP 45797 10 18 8 6 36 v:124
2/08/2020 9:05:24 PM,252 Event OK
2/08/2020 9:05:24 PM,EVENT 45810 1596377660 0/0/0/0/0 TRIPSUMMARY 45797 v:124
2/08/2020 9:05:24 PM,252 Event OK
2/08/2020 9:05:25 PM,EVENT 45811 1596377679 0/0/0/0/0 REPORT * 0 0 v:124
2/08/2020 9:05:25 PM,252 Event OK
2/08/2020 9:05:25 PM,EVENT 45812 1596386135 0/0/0/0/0 SWSTART OpusFC 5.0.58.510 R v:123
2/08/2020 9:05:25 PM,252 Event OK
2/08/2020 9:05:25 PM,EVENT 45813 1596377660 0/0/0/0/0 POWERDOWN v:124
2/08/2020 9:05:25 PM,252 Event OK
2/08/2020 9:05:26 PM,EVENT 45814 1596386135 0/0/0/0/0 INPUT 1 1 0 v:123
2/08/2020 9:05:26 PM,252 Event OK
2/08/2020 9:05:26 PM,EVENT 45815 1596386135 0/0/0/0/0 INPUT 2 0 0 v:123
2/08/2020 9:05:26 PM,252 Event OK
2/08/2020 9:05:26 PM,EVENT 45816 1596386135 0/0/0/0/0 INPUT 3 0 0 v:123
2/08/2020 9:05:26 PM,252 Event OK
2/08/2020 9:05:26 PM,EVENT 45817 1596386135 0/0/0/0/0 INPUT 4 0 0 v:123
2/08/2020 9:05:26 PM,252 Event OK
2/08/2020 9:05:26 PM,EVENT 45818 1596386135 0/0/0/0/0 INPUT 7 0 0 v:123
2/08/2020 9:05:26 PM,252 Event OK
2/08/2020 9:05:27 PM,EVENT 45819 1596386135 0/0/0/0/0 INPUT 8 1 0 v:123
2/08/2020 9:05:27 PM,252 Event OK
2/08/2020 9:05:27 PM,EVENT 45820 1596386137 0/0/0/0/0 ZONE_OK 2 100 FW=NO VERSION v:123
2/08/2020 9:05:27 PM,252 Event OK
2/08/2020 9:05:27 PM,EVENT 45821 1596386144 0/0/0/0/0 SIGNON 2463 01b1def3 OK 26 271086 0 v:123
2/08/2020 9:05:27 PM,252 Event OK
2/08/2020 9:05:27 PM,EVENT 45822 1596386150 0/0/0/99/0 INPUT 4 1 0 v:124
2/08/2020 9:05:27 PM,252 Event OK
2/08/2020 9:05:27 PM,EVENT 45823 1596386151 0/0/0/99/0 INPUT 1 0 15 v:124
2/08/2020 9:05:27 PM,252 Event OK
2/08/2020 9:05:28 PM,EVENT 45824 1596386152 0/0/0/99/0 OILPRESSURE 45821 3 v:123
2/08/2020 9:05:28 PM,252 Event OK
2/08/2020 9:05:28 PM,EVENT 45825 1596386155 0/0/0/99/0 INPUT 4 0 6 v:123
2/08/2020 9:05:28 PM,252 Event OK
2/08/2020 9:05:28 PM,EVENT 45826 1596386155 0/0/0/99/0 INPUT 4 1 0 v:123
2/08/2020 9:05:28 PM,252 Event OK
2/08/2020 9:05:29 PM,EVENT 45827 1596386165 0/0/0/0/8 INPUT 3 1 0 v:123
2/08/2020 9:05:29 PM,252 Event OK
2/08/2020 9:05:29 PM,EVENT 45828 1596386169 0/0/0/0/9 INPUT 3 0 4 v:123
2/08/2020 9:05:29 PM,252 Event OK
2/08/2020 9:05:29 PM,EVENT 45829 1596386170 0/0/0/0/8 INPUT 3 1 0 v:123
2/08/2020 9:05:29 PM,252 Event OK
2/08/2020 9:05:29 PM,EVENT 45830 1596386171 0/0/0/0/8 INPUT 3 0 0 v:123
2/08/2020 9:05:29 PM,252 Event OK
2/08/2020 9:05:29 PM,EVENT 45831 1596386191 0/0/0/0/3 INPUT 7 1 0 v:124
2/08/2020 9:05:29 PM,252 Event OK
2/08/2020 9:05:30 PM,EVENT 45832 1596386191 0/0/0/0/3 INPUT 8 0 55 v:124
2/08/2020 9:05:30 PM,252 Event OK
2/08/2020 9:05:30 PM,EVENT 45833 1596386192 0/0/0/0/3 INPUT 1 1 0 v:124
2/08/2020 9:05:30 PM,252 Event OK
2/08/2020 9:05:30 PM,EVENT 45834 1596386194 0/0/0/0/0 INPUT 4 0 39 v:123
2/08/2020 9:05:30 PM,252 Event OK
2/08/2020 9:05:30 PM,EVENT 45835 1596386195 0/0/0/0/0 TRIP 45821 4 41 7 6 52 v:123
2/08/2020 9:05:30 PM,252 Event OK
2/08/2020 9:05:30 PM,EVENT 45836 1596386195 0/0/0/0/0 TRIPSUMMARY 45821 v:123
2/08/2020 9:05:30 PM,252 Event OK
2/08/2020 9:05:31 PM,EVENT 45837 1596386198 0/0/0/0/0 REPORT * 0 0 v:123
2/08/2020 9:05:31 PM,252 Event OK
2/08/2020 9:05:31 PM,EVENT 45838 1596386470 0/0/0/0/0 INPUT 8 1 0 v:123
2/08/2020 9:05:31 PM,252 Event OK
2/08/2020 9:05:31 PM,EVENT 45839 1596386470 0/0/0/0/0 INPUT 7 0 279 v:123
2/08/2020 9:05:31 PM,252 Event OK
2/08/2020 9:05:32 PM,EVENT 45840 1596386480 0/0/0/0/0 SIGNON 2463 01b1def3 OK 26 271086 0 v:124
2/08/2020 9:05:32 PM,252 Event OK
2/08/2020 9:05:32 PM,EVENT 45841 1596386486 0/0/0/0/0 INPUT 4 1 0 v:124
2/08/2020 9:05:32 PM,252 Event OK
2/08/2020 9:05:32 PM,EVENT 45842 1596386486 0/0/0/0/0 INPUT 1 0 295 v:124
2/08/2020 9:05:32 PM,252 Event OK
2/08/2020 9:05:33 PM,EVENT 45843 1596386488 0/0/0/0/0 INPUT 4 0 3 v:124
2/08/2020 9:05:33 PM,252 Event OK
2/08/2020 9:05:34 PM,EVENT 45844 1596386488 0/0/0/0/0 OILPRESSURE 45840 3 v:124
2/08/2020 9:05:34 PM,252 Event OK
2/08/2020 9:05:34 PM,EVENT 45845 1596386488 0/0/0/0/0 INPUT 4 1 0 v:124
2/08/2020 9:05:34 PM,252 Event OK
2/08/2020 9:05:34 PM,EVENT 45846 1596386511 0/0/0/99/0 INPUT 4 0 23 v:124
2/08/2020 9:05:34 PM,252 Event OK
2/08/2020 9:05:35 PM,EVENT 45847 1596386512 0/0/0/99/0 INPUT 4 1 0 v:124
2/08/2020 9:05:35 PM,252 Event OK
2/08/2020 9:05:35 PM,EVENT 45848 1596386532 0/0/0/0/3 INPUT 3 1 0 v:124
2/08/2020 9:05:35 PM,252 Event OK
2/08/2020 9:05:36 PM,EVENT 45849 1596386537 0/0/0/0/12 INPUT 3 0 5 v:124
2/08/2020 9:05:36 PM,252 Event OK
2/08/2020 9:05:36 PM,EVENT 45850 1596386538 0/0/0/0/8 INPUT 3 1 0 v:124
2/08/2020 9:05:36 PM,252 Event OK
2/08/2020 9:05:36 PM,EVENT 45851 1596386540 0/0/0/0/10 INPUT 3 0 1 v:124
2/08/2020 9:05:36 PM,252 Event OK
2/08/2020 9:05:36 PM,EVENT 45852 1596386546 0/0/0/0/3 INPUT 4 0 35 v:124
2/08/2020 9:05:36 PM,252 Event OK
2/08/2020 9:05:37 PM,EVENT 45853 1596386546 0/0/0/0/3 INPUT 4 1 0 v:124
2/08/2020 9:05:37 PM,252 Event OK
2/08/2020 9:05:37 PM,EVENT 45854 1596386560 0/0/0/0/4 INPUT 4 0 14 v:124
2/08/2020 9:05:37 PM,252 Event OK
2/08/2020 9:05:37 PM,EVENT 45855 1596386560 0/0/0/0/4 INPUT 4 1 0 v:124
2/08/2020 9:05:37 PM,252 Event OK
2/08/2020 9:05:37 PM,EVENT 45856 1596386587 0/0/0/0/3 INPUT 4 0 27 v:124
2/08/2020 9:05:37 PM,252 Event OK
2/08/2020 9:05:38 PM,EVENT 45857 1596386587 0/0/0/0/3 INPUT 4 1 0 v:124
2/08/2020 9:05:38 PM,252 Event OK
2/08/2020 9:05:39 PM,EVENT 45858 1596386638 0/0/0/0/0 INPUT 4 0 51 v:124
2/08/2020 9:05:39 PM,252 Event OK
2/08/2020 9:05:39 PM,EVENT 45859 1596386638 0/0/0/0/0 INPUT 4 1 0 v:124
2/08/2020 9:05:39 PM,252 Event OK
2/08/2020 9:05:39 PM,EVENT 45860 1596386671 0/0/0/0/0 INPUT 4 0 33 v:124
2/08/2020 9:05:39 PM,252 Event OK
2/08/2020 9:05:39 PM,EVENT 45861 1596386671 0/0/0/0/0 INPUT 4 1 0 v:124
2/08/2020 9:05:39 PM,252 Event OK
2/08/2020 9:05:40 PM,EVENT 45862 1596386725 0/0/0/0/0 INPUT 4 0 54 v:124
2/08/2020 9:05:40 PM,252 Event OK
2/08/2020 9:05:42 PM,EVENT 45863 1596386725 0/0/0/0/0 INPUT 4 1 0 v:124
2/08/2020 9:05:42 PM,252 Event OK
2/08/2020 9:05:42 PM,EVENT 45864 1596386803 0/0/0/0/0 INPUT 4 0 78 v:124
2/08/2020 9:05:42 PM,252 Event OK
2/08/2020 9:05:43 PM,EVENT 45865 1596386803 0/0/0/0/0 INPUT 4 1 0 v:124
2/08/2020 9:05:43 PM,252 Event OK
2/08/2020 9:05:44 PM,EVENT 45866 1596386923 0/0/0/0/0 INPUT 4 0 120 v:124
2/08/2020 9:05:44 PM,252 Event OK
2/08/2020 9:05:44 PM,EVENT 45867 1596386923 0/0/0/0/0 INPUT 4 1 0 v:124
2/08/2020 9:05:44 PM,252 Event OK
2/08/2020 9:05:44 PM,EVENT 45868 1596386956 0/0/0/0/0 INPUT 4 0 33 v:124
2/08/2020 9:05:44 PM,252 Event OK
2/08/2020 9:05:44 PM,EVENT 45869 1596386956 0/0/0/0/0 INPUT 4 1 0 v:124
2/08/2020 9:05:44 PM,252 Event OK
2/08/2020 9:05:45 PM,EVENT 45870 1596386989 0/0/0/0/0 INPUT 4 0 33 v:124
2/08/2020 9:05:45 PM,252 Event OK
2/08/2020 9:05:45 PM,EVENT 45871 1596386989 0/0/0/0/0 INPUT 4 1 0 v:124
2/08/2020 9:05:45 PM,252 Event OK
2/08/2020 9:05:45 PM,EVENT 45872 1596387022 0/0/0/0/0 INPUT 4 0 33 v:124
2/08/2020 9:05:45 PM,252 Event OK
2/08/2020 9:05:45 PM,EVENT 45873 1596387022 0/0/0/0/0 INPUT 4 1 0 v:124
2/08/2020 9:05:45 PM,252 Event OK
2/08/2020 9:05:46 PM,EVENT 45874 1596387187 0/0/0/0/0 INPUT 4 0 165 v:124
2/08/2020 9:05:46 PM,252 Event OK
2/08/2020 9:05:46 PM,EVENT 45875 1596387187 0/0/0/0/0 INPUT 4 1 0 v:124
2/08/2020 9:05:46 PM,252 Event OK
2/08/2020 9:05:46 PM,EVENT 45876 1596387298 0/0/0/0/0 INPUT 4 0 111 v:124
2/08/2020 9:05:46 PM,252 Event OK
2/08/2020 9:05:46 PM,EVENT 45877 1596387298 0/0/0/0/0 INPUT 4 1 0 v:124
2/08/2020 9:05:46 PM,252 Event OK
2/08/2020 9:05:46 PM,EVENT 45878 1596387410 0/0/0/0/5 INPUT 3 1 0 v:124
2/08/2020 9:05:46 PM,252 Event OK
2/08/2020 9:05:47 PM,EVENT 45879 1596387417 0/0/0/0/13 INPUT 3 0 7 v:124
2/08/2020 9:05:47 PM,252 Event OK
2/08/2020 9:05:47 PM,EVENT 45880 1596387429 0/0/0/0/5 INPUT 4 0 131 v:124
2/08/2020 9:05:47 PM,252 Event OK
2/08/2020 9:05:47 PM,EVENT 45881 1596387429 0/0/0/0/5 INPUT 4 1 0 v:124
2/08/2020 9:05:47 PM,252 Event OK
2/08/2020 9:05:47 PM,EVENT 45882 1596387448 0/0/0/0/0 INPUT 4 0 19 v:124
2/08/2020 9:05:47 PM,252 Event OK
2/08/2020 9:05:47 PM,EVENT 45883 1596387448 0/0/0/0/0 INPUT 4 1 0 v:124
2/08/2020 9:05:47 PM,252 Event OK
2/08/2020 9:05:48 PM,EVENT 45884 1596387521 0/0/0/0/3 INPUT 4 0 73 v:124
2/08/2020 9:05:48 PM,252 Event OK
2/08/2020 9:05:48 PM,EVENT 45885 1596387521 0/0/0/0/3 INPUT 4 1 0 v:124
2/08/2020 9:05:48 PM,252 Event OK
2/08/2020 9:05:48 PM,EVENT 45886 1596387525 0/0/0/0/3 INPUT 4 0 4 v:124
2/08/2020 9:05:48 PM,252 Event OK
2/08/2020 9:05:48 PM,EVENT 45887 1596387525 0/0/0/0/3 INPUT 4 1 0 v:124
2/08/2020 9:05:48 PM,252 Event OK
2/08/2020 9:05:49 PM,EVENT 45888 1596387538 0/0/0/0/6 INPUT 3 1 0 v:124
2/08/2020 9:05:49 PM,252 Event OK
2/08/2020 9:05:49 PM,EVENT 45889 1596387540 0/0/0/0/9 INPUT 3 0 2 v:124
2/08/2020 9:05:49 PM,252 Event OK
2/08/2020 9:05:49 PM,EVENT 45890 1596387550 0/0/0/99/4 INPUT 4 0 25 v:124
2/08/2020 9:05:49 PM,252 Event OK
2/08/2020 9:05:49 PM,EVENT 45891 1596387551 0/0/0/99/4 INPUT 4 1 0 v:124
2/08/2020 9:05:49 PM,252 Event OK
2/08/2020 9:05:49 PM,EVENT 45892 1596387578 0/0/0/0/5 INPUT 3 1 0 v:124
2/08/2020 9:05:49 PM,252 Event OK
2/08/2020 9:05:50 PM,EVENT 45893 1596387587 0/0/0/0/10 INPUT 3 0 9 v:124
2/08/2020 9:05:50 PM,252 Event OK
2/08/2020 9:05:50 PM,EVENT 45894 1596387587 0/0/0/0/10 INPUT 4 0 37 v:124
2/08/2020 9:05:50 PM,252 Event OK
2/08/2020 9:05:50 PM,EVENT 45895 1596387587 0/0/0/0/10 INPUT 4 1 0 v:124
2/08/2020 9:05:50 PM,252 Event OK
2/08/2020 9:05:50 PM,EVENT 45896 1596387592 0/0/0/0/2 INPUT 7 1 0 v:124
2/08/2020 9:05:50 PM,252 Event OK
2/08/2020 9:05:50 PM,EVENT 45897 1596387592 0/0/0/0/2 INPUT 8 0 1122 v:124
2/08/2020 9:05:50 PM,252 Event OK
2/08/2020 9:05:51 PM,EVENT 45898 1596387592 0/0/0/0/2 INPUT 4 0 5 v:124
2/08/2020 9:05:51 PM,252 Event OK
2/08/2020 9:05:51 PM,EVENT 45899 1596387592 0/0/0/0/2 INPUT 4 1 0 v:124
2/08/2020 9:05:51 PM,252 Event OK
2/08/2020 9:05:51 PM,EVENT 45900 1596387593 0/0/0/0/2 INPUT 1 1 0 v:124
2/08/2020 9:05:51 PM,252 Event OK
2/08/2020 9:05:51 PM,EVENT 45901 1596387595 0/0/0/0/0 INPUT 4 0 2 v:124
2/08/2020 9:05:51 PM,252 Event OK
2/08/2020 9:05:52 PM,EVENT 45902 1596387596 0/0/0/0/0 TRIP 45840 24 1085 8 6 1117 v:124
2/08/2020 9:05:52 PM,252 Event OK
2/08/2020 9:05:52 PM,EVENT 45903 1596387596 0/0/0/0/0 TRIPSUMMARY 45840 v:124
2/08/2020 9:05:52 PM,252 Event OK
2/08/2020 9:05:52 PM,EVENT 45904 1596388959 0/0/0/0/0 INPUT 7 0 1367 v:124
2/08/2020 9:05:52 PM,252 Event OK
2/08/2020 9:05:53 PM,EVENT 45905 1596388959 0/0/0/0/0 INPUT 8 1 0 v:124
2/08/2020 9:05:53 PM,252 Event OK
2/08/2020 9:05:53 PM,EVENT 45906 1596388966 0/0/0/0/0 SIGNON 2463 01b1def3 OK 26 271086 0 v:124
2/08/2020 9:05:53 PM,252 Event OK
2/08/2020 9:05:53 PM,EVENT 45907 1596388972 0/0/0/0/0 INPUT 4 1 0 v:124
2/08/2020 9:05:53 PM,252 Event OK
2/08/2020 9:05:53 PM,EVENT 45908 1596388972 0/0/0/0/0 INPUT 1 0 1380 v:124
2/08/2020 9:05:53 PM,252 Event OK
2/08/2020 9:05:53 PM,EVENT 45909 1596388974 0/0/0/0/0 OILPRESSURE 45906 3 v:124
2/08/2020 9:05:53 PM,252 Event OK
2/08/2020 9:05:54 PM,EVENT 45910 1596388977 0/0/0/0/6 INPUT 3 1 0 v:124
2/08/2020 9:05:54 PM,252 Event OK
2/08/2020 9:05:54 PM,EVENT 45911 1596389004 0/0/0/0/11 REPORT 45906 0 0 v:124
2/08/2020 9:05:54 PM,252 Event OK
2/08/2020 9:05:54 PM,EVENT 45912 1596389005 0/0/0/0/9 INPUT 3 0 28 v:124
2/08/2020 9:05:54 PM,252 Event OK
2/08/2020 9:05:54 PM,EVENT 45913 1596389005 0/0/0/0/8 INPUT 7 1 0 v:124
2/08/2020 9:05:54 PM,252 Event OK
2/08/2020 9:05:55 PM,EVENT 45914 1596389005 0/0/0/0/8 INPUT 8 0 47 v:124
2/08/2020 9:05:55 PM,252 Event OK
2/08/2020 9:05:55 PM,EVENT 45915 1596389006 0/0/0/0/6 INPUT 1 1 0 v:124
2/08/2020 9:05:55 PM,252 Event OK
2/08/2020 9:05:55 PM,EVENT 45916 1596389008 0/0/0/0/6 INPUT 8 1 0 v:123
2/08/2020 9:05:55 PM,252 Event OK
2/08/2020 9:05:55 PM,EVENT 45917 1596389008 0/0/0/0/6 INPUT 7 0 2 v:123
2/08/2020 9:05:55 PM,252 Event OK
2/08/2020 9:05:55 PM,EVENT 45918 1596389015 0/0/0/0/0 INPUT 1 0 9 v:124
2/08/2020 9:05:55 PM,252 Event OK
2/08/2020 9:05:56 PM,EVENT 45919 1596389017 0/0/0/0/0 OILPRESSURE 45906 8 v:124
2/08/2020 9:05:56 PM,252 Event OK
2/08/2020 9:05:56 PM,EVENT 45920 1596389020 0/0/0/0/4 INPUT 7 1 0 v:124
2/08/2020 9:05:56 PM,252 Event OK
2/08/2020 9:05:56 PM,EVENT 45921 1596389020 0/0/0/0/4 INPUT 8 0 12 v:124
2/08/2020 9:05:56 PM,252 Event OK
2/08/2020 9:05:56 PM,EVENT 45922 1596389021 0/0/0/0/3 INPUT 1 1 0 v:124
2/08/2020 9:05:56 PM,252 Event OK
2/08/2020 9:05:56 PM,EVENT 45923 1596389021 0/0/0/0/3 INPUT 4 0 50 v:124
2/08/2020 9:05:56 PM,252 Event OK
2/08/2020 9:05:57 PM,EVENT 45924 1596389021 0/0/0/0/3 ENGINEOVERSPEED 45906 7 10909 v:123
2/08/2020 9:05:57 PM,252 Event OK
2/08/2020 9:05:57 PM,EVENT 45925 1596389024 0/0/0/0/0 TRIP 45906 28 22 9 6 59 v:123
2/08/2020 9:05:57 PM,252 Event OK
2/08/2020 9:05:57 PM,EVENT 45926 1596389024 0/0/0/0/0 TRIPSUMMARY 45906 v:124
2/08/2020 9:05:57 PM,252 Event OK
2/08/2020 9:05:57 PM,EVENT 45927 1596390562 0/0/0/0/0 INPUT 8 1 0 v:124
2/08/2020 9:05:57 PM,252 Event OK
2/08/2020 9:05:57 PM,EVENT 45928 1596390562 0/0/0/0/0 INPUT 7 0 1542 v:124
2/08/2020 9:05:57 PM,252 Event OK
2/08/2020 9:05:58 PM,EVENT 45929 1596390570 0/0/0/0/0 SIGNON 2463 01b1def3 OK 26 271086 0 v:124
2/08/2020 9:05:58 PM,252 Event OK
2/08/2020 9:05:58 PM,EVENT 45930 1596390576 0/0/0/0/0 INPUT 4 1 0 v:124
2/08/2020 9:05:58 PM,252 Event OK
2/08/2020 9:05:58 PM,EVENT 45931 1596390576 0/0/0/0/0 INPUT 1 0 1556 v:124
2/08/2020 9:05:58 PM,252 Event OK
2/08/2020 9:05:59 PM,EVENT 45932 1596390578 0/0/0/0/0 OILPRESSURE 45929 3 v:124
2/08/2020 9:05:59 PM,252 Event OK
2/08/2020 9:05:59 PM,EVENT 45933 1596390587 0/0/0/0/8 INPUT 3 1 0 v:124
2/08/2020 9:05:59 PM,252 Event OK
2/08/2020 9:05:59 PM,EVENT 45934 1596390588 0/0/0/0/8 INPUT 3 0 0 v:124
2/08/2020 9:05:59 PM,252 Event OK
2/08/2020 9:05:59 PM,EVENT 45935 1596390592 0/0/0/0/7 INPUT 3 1 0 v:124
2/08/2020 9:05:59 PM,252 Event OK
2/08/2020 9:05:59 PM,EVENT 45936 1596390595 0/0/0/0/9 INPUT 3 0 3 v:124
2/08/2020 9:05:59 PM,252 Event OK
2/08/2020 9:06:00 PM,EVENT 45937 1596390600 0/0/0/0/6 INPUT 3 1 0 v:124
2/08/2020 9:06:00 PM,252 Event OK
2/08/2020 9:06:00 PM,EVENT 45938 1596390619 0/0/0/0/13 INPUT 3 0 19 v:124
2/08/2020 9:06:00 PM,252 Event OK
2/08/2020 9:06:00 PM,EVENT 45939 1596390632 0/0/0/0/2 INPUT 4 0 57 v:124
2/08/2020 9:06:00 PM,252 Event OK
2/08/2020 9:06:00 PM,EVENT 45940 1596390632 0/0/0/0/2 INPUT 4 1 0 v:124
2/08/2020 9:06:00 PM,252 Event OK
2/08/2020 9:06:00 PM,EVENT 45941 1596390638 0/0/0/99/3 INPUT 4 0 6 v:124
2/08/2020 9:06:00 PM,252 Event OK
2/08/2020 9:06:01 PM,EVENT 45942 1596390639 0/0/0/99/3 INPUT 4 1 0 v:124
2/08/2020 9:06:01 PM,252 Event OK
2/08/2020 9:06:01 PM,EVENT 45943 1596390644 0/0/0/99/3 INPUT 4 0 6 v:124
2/08/2020 9:06:01 PM,252 Event OK
2/08/2020 9:06:01 PM,EVENT 45944 1596390645 0/0/0/99/3 INPUT 4 1 0 v:124
2/08/2020 9:06:01 PM,252 Event OK
2/08/2020 9:06:01 PM,EVENT 45945 1596390680 0/0/0/0/0 INPUT 4 0 36 v:124
2/08/2020 9:06:01 PM,252 Event OK
2/08/2020 9:06:02 PM,EVENT 45946 1596390680 0/0/0/0/0 INPUT 4 1 0 v:124
2/08/2020 9:06:02 PM,252 Event OK
2/08/2020 9:06:02 PM,EVENT 45947 1596390722 0/0/0/0/3 INPUT 4 0 42 v:124
2/08/2020 9:06:02 PM,252 Event OK
2/08/2020 9:06:02 PM,EVENT 45948 1596390722 0/0/0/0/3 INPUT 4 1 0 v:124
2/08/2020 9:06:02 PM,252 Event OK
2/08/2020 9:06:03 PM,EVENT 45949 1596390728 0/0/0/0/3 INPUT 4 0 6 v:124
2/08/2020 9:06:03 PM,252 Event OK
2/08/2020 9:06:03 PM,EVENT 45950 1596390728 0/0/0/0/3 INPUT 4 1 0 v:124
2/08/2020 9:06:03 PM,252 Event OK
2/08/2020 9:06:04 PM,EVENT 45951 1596390763 0/0/0/0/3 INPUT 3 1 0 v:124
2/08/2020 9:06:04 PM,252 Event OK
2/08/2020 9:06:04 PM,EVENT 45952 1596390764 0/0/0/0/17 INPUT 3 0 1 v:124
2/08/2020 9:06:04 PM,252 Event OK
2/08/2020 9:06:04 PM,EVENT 45953 1596390775 0/0/0/0/6 INPUT 3 1 0 v:124
2/08/2020 9:06:04 PM,252 Event OK
2/08/2020 9:06:04 PM,EVENT 45954 1596390789 0/0/0/0/10 INPUT 3 0 13 v:124
2/08/2020 9:06:04 PM,252 Event OK
2/08/2020 9:06:05 PM,EVENT 45955 1596390797 0/0/0/0/5 INPUT 3 1 0 v:124
2/08/2020 9:06:05 PM,252 Event OK
2/08/2020 9:06:05 PM,EVENT 45956 1596390822 0/0/0/0/13 INPUT 3 0 24 v:124
2/08/2020 9:06:05 PM,252 Event OK
2/08/2020 9:06:05 PM,EVENT 45957 1596390834 0/0/0/0/0 REPORT 45929 0 0 v:124
2/08/2020 9:06:05 PM,252 Event OK
2/08/2020 9:06:06 PM,EVENT 45958 1596390851 0/0/0/0/7 INPUT 3 1 0 v:124
2/08/2020 9:06:06 PM,252 Event OK
2/08/2020 9:06:06 PM,EVENT 45959 1596390861 0/0/0/0/11 INPUT 3 0 10 v:124
2/08/2020 9:06:06 PM,252 Event OK
2/08/2020 9:06:06 PM,EVENT 45960 1596390878 0/0/0/0/7 INPUT 3 1 0 v:124
2/08/2020 9:06:06 PM,252 Event OK
2/08/2020 9:06:07 PM,EVENT 45961 1596390883 0/0/0/0/10 INPUT 3 0 4 v:124
2/08/2020 9:06:07 PM,252 Event OK
2/08/2020 9:06:07 PM,EVENT 45962 1596390891 0/0/0/0/5 INPUT 3 1 0 v:124
2/08/2020 9:06:07 PM,252 Event OK
2/08/2020 9:06:07 PM,EVENT 45963 1596390909 0/0/0/0/10 INPUT 3 0 18 v:124
2/08/2020 9:06:07 PM,252 Event OK
2/08/2020 9:06:07 PM,EVENT 45964 1596390917 0/0/0/0/8 INPUT 3 1 0 v:124
2/08/2020 9:06:07 PM,252 Event OK
2/08/2020 9:06:08 PM,EVENT 45965 1596390921 0/0/0/0/9 INPUT 3 0 4 v:124
2/08/2020 9:06:08 PM,252 Event OK
2/08/2020 9:06:08 PM,EVENT 45966 1596390925 0/0/0/0/8 INPUT 3 1 0 v:124
2/08/2020 9:06:08 PM,252 Event OK
2/08/2020 9:06:08 PM,EVENT 45967 1596390930 0/0/0/0/9 INPUT 3 0 4 v:124
2/08/2020 9:06:08 PM,252 Event OK
2/08/2020 9:06:09 PM,EVENT 45968 1596390939 0/0/0/0/8 INPUT 3 1 0 v:124
2/08/2020 9:06:09 PM,252 Event OK
2/08/2020 9:06:09 PM,EVENT 45969 1596390940 0/0/0/0/8 INPUT 3 0 1 v:124
2/08/2020 9:06:09 PM,252 Event OK
2/08/2020 9:06:09 PM,EVENT 45970 1596390948 0/0/0/0/5 INPUT 3 1 0 v:124
2/08/2020 9:06:09 PM,252 Event OK
2/08/2020 9:06:09 PM,EVENT 45971 1596390949 0/0/0/0/8 INPUT 3 0 0 v:124
2/08/2020 9:06:09 PM,252 Event OK
2/08/2020 9:06:10 PM,EVENT 45972 1596391042 0/0/0/0/0 INPUT 4 0 314 v:124
2/08/2020 9:06:10 PM,252 Event OK
2/08/2020 9:06:10 PM,EVENT 45973 1596391042 0/0/0/0/0 INPUT 4 1 0 v:124
2/08/2020 9:06:10 PM,252 Event OK
2/08/2020 9:06:22 PM,EVENT 45974 1596391057 0/0/0/0/7 INPUT 3 1 0 v:124
2/08/2020 9:06:22 PM,252 Event OK
2/08/2020 9:06:22 PM,EVENT 45975 1596391066 0/0/0/0/10 INPUT 3 0 9 v:124
2/08/2020 9:06:22 PM,252 Event OK
2/08/2020 9:06:23 PM,EVENT 45976 1596391079 0/0/0/0/3 INPUT 4 0 37 v:124
2/08/2020 9:06:23 PM,252 Event OK
2/08/2020 9:08:52 PM,UNIT 9279
2/08/2020 9:08:52 PM,333 CHAL 423F156A
2/08/2020 9:08:52 PM,RESP E47B2466
2/08/2020 9:08:52 PM,230 Auth OK
2/08/2020 9:08:53 PM,TIME
2/08/2020 9:08:53 PM,211 TIME 1596402533
2/08/2020 9:08:53 PM,EVCOUNT 290
2/08/2020 9:08:53 PM,252 Event OK
2/08/2020 9:08:53 PM,TODO
2/08/2020 9:08:53 PM,226 Nothing to do
2/08/2020 9:08:54 PM,EVENT 45977 1596391079 0/0/0/0/3 INPUT 4 1 0 v:124
2/08/2020 9:08:54 PM,252 Event OK
2/08/2020 9:08:54 PM,EVENT 45978 1596391089 0/0/0/0/3 INPUT 4 0 10 v:124
2/08/2020 9:08:54 PM,252 Event OK
2/08/2020 9:08:54 PM,EVENT 45979 1596391090 0/0/0/0/3 INPUT 4 1 0 v:124
2/08/2020 9:08:54 PM,252 Event OK
2/08/2020 9:08:55 PM,EVENT 45980 1596391092 0/0/0/0/3 INPUT 4 0 3 v:124
2/08/2020 9:08:55 PM,252 Event OK
2/08/2020 9:08:55 PM,EVENT 45981 1596391092 0/0/0/0/3 INPUT 4 1 0 v:124
2/08/2020 9:08:55 PM,252 Event OK
2/08/2020 9:08:55 PM,EVENT 45982 1596391100 0/0/0/0/2 INPUT 4 0 8 v:124
2/08/2020 9:08:55 PM,252 Event OK
2/08/2020 9:08:56 PM,EVENT 45983 1596391100 0/0/0/0/2 INPUT 4 1 0 v:124
2/08/2020 9:08:56 PM,252 Event OK
2/08/2020 9:08:56 PM,EVENT 45984 1596391123 0/0/0/0/3 INPUT 7 1 0 v:124
2/08/2020 9:08:56 PM,252 Event OK
2/08/2020 9:08:57 PM,EVENT 45985 1596391123 0/0/0/0/3 INPUT 8 0 561 v:124
2/08/2020 9:08:57 PM,252 Event OK
2/08/2020 9:08:57 PM,EVENT 45986 1596391123 0/0/0/0/3 INPUT 1 1 0 v:124
2/08/2020 9:08:57 PM,252 Event OK
2/08/2020 9:08:57 PM,EVENT 45987 1596391125 0/0/0/0/3 INPUT 4 0 25 v:124
2/08/2020 9:08:57 PM,252 Event OK
2/08/2020 9:08:58 PM,EVENT 45988 1596391127 0/0/0/0/0 TRIP 45929 113 437 8 6 558 v:124
2/08/2020 9:08:58 PM,252 Event OK
2/08/2020 9:08:58 PM,EVENT 45989 1596391127 0/0/0/0/0 TRIPSUMMARY 45929 v:124
2/08/2020 9:08:58 PM,252 Event OK
2/08/2020 9:08:58 PM,EVENT 45990 1596392855 0/0/0/0/0 INPUT 8 1 0 v:124
2/08/2020 9:08:58 PM,252 Event OK
2/08/2020 9:08:59 PM,EVENT 45991 1596392856 0/0/0/0/0 INPUT 7 0 1733 v:124
2/08/2020 9:08:59 PM,252 Event OK
2/08/2020 9:09:00 PM,EVENT 45992 1596392864 0/0/0/0/0 SIGNON 2463 01b1def3 OK 26 271086 0 v:124
2/08/2020 9:09:00 PM,252 Event OK
2/08/2020 9:09:00 PM,EVENT 45993 1596392870 0/0/0/0/0 INPUT 1 0 1747 v:124
2/08/2020 9:09:00 PM,252 Event OK
2/08/2020 9:09:00 PM,EVENT 45994 1596392871 0/0/0/0/0 INPUT 4 1 0 v:124
2/08/2020 9:09:00 PM,252 Event OK
2/08/2020 9:09:01 PM,EVENT 45995 1596392872 0/0/0/0/0 OILPRESSURE 45992 3 v:124
2/08/2020 9:09:01 PM,252 Event OK
2/08/2020 9:09:01 PM,EVENT 45996 1596392880 0/0/0/0/7 INPUT 3 1 0 v:124
2/08/2020 9:09:01 PM,252 Event OK
2/08/2020 9:09:01 PM,EVENT 45997 1596392881 0/0/0/0/8 INPUT 3 0 1 v:124
2/08/2020 9:09:01 PM,252 Event OK
2/08/2020 9:09:02 PM,EVENT 45998 1596392881 0/0/0/0/8 INPUT 3 1 0 v:124
2/08/2020 9:09:02 PM,252 Event OK
2/08/2020 9:09:02 PM,EVENT 45999 1596392883 0/0/0/0/10 INPUT 3 0 1 v:124
2/08/2020 9:09:02 PM,252 Event OK
2/08/2020 9:09:03 PM,EVENT 46000 1596392885 0/0/0/0/4 INPUT 4 0 15 v:124
2/08/2020 9:09:03 PM,252 Event OK
2/08/2020 9:09:03 PM,EVENT 46001 1596392885 0/0/0/0/4 INPUT 4 1 0 v:124
2/08/2020 9:09:03 PM,252 Event OK
2/08/2020 9:09:03 PM,EVENT 46002 1596392908 0/0/0/0/0 REPORT 45992 0 0 v:124
2/08/2020 9:09:03 PM,252 Event OK
2/08/2020 9:09:04 PM,EVENT 46003 1596392923 0/0/0/0/7 INPUT 3 1 0 v:124
2/08/2020 9:09:04 PM,252 Event OK
2/08/2020 9:09:04 PM,EVENT 46004 1596392935 0/0/0/0/10 INPUT 3 0 13 v:124
2/08/2020 9:09:04 PM,252 Event OK
2/08/2020 9:09:04 PM,EVENT 46005 1596392951 0/0/0/0/4 INPUT 3 1 0 v:124
2/08/2020 9:09:04 PM,252 Event OK
2/08/2020 9:09:05 PM,EVENT 46006 1596392973 0/0/0/0/10 INPUT 3 0 22 v:124
2/08/2020 9:09:05 PM,252 Event OK
2/08/2020 9:09:06 PM,EVENT 46007 1596392978 0/0/0/0/6 INPUT 7 1 0 v:124
2/08/2020 9:09:06 PM,252 Event OK
2/08/2020 9:09:06 PM,EVENT 46008 1596392978 0/0/0/0/6 INPUT 8 0 123 v:124
2/08/2020 9:09:06 PM,252 Event OK
2/08/2020 9:09:06 PM,EVENT 46009 1596392980 0/0/0/0/4 INPUT 1 1 0 v:124
2/08/2020 9:09:06 PM,252 Event OK
2/08/2020 9:09:07 PM,EVENT 46010 1596392980 0/0/0/0/3 INPUT 4 0 95 v:124
2/08/2020 9:09:07 PM,252 Event OK
2/08/2020 9:09:07 PM,EVENT 46011 1596392983 0/0/0/0/0 TRIP 45992 37 73 10 7 120 v:124
2/08/2020 9:09:07 PM,252 Event OK
2/08/2020 9:09:08 PM,EVENT 46012 1596392983 0/0/0/0/0 TRIPSUMMARY 45992 v:124
2/08/2020 9:09:08 PM,252 Event OK
2/08/2020 9:09:09 PM,EVENT 46013 1596397019 0/0/0/0/0 SWSTART OpusFC 5.0.58.510 R v:124
2/08/2020 9:09:09 PM,252 Event OK
2/08/2020 9:09:09 PM,EVENT 46014 1596392983 0/0/0/0/0 POWERDOWN v:124
2/08/2020 9:09:09 PM,252 Event OK
2/08/2020 9:09:10 PM,EVENT 46015 1596397019 0/0/0/0/0 INPUT 1 1 0 v:124
2/08/2020 9:09:10 PM,252 Event OK
2/08/2020 9:09:10 PM,EVENT 46016 1596397019 0/0/0/0/0 INPUT 2 0 0 v:124
2/08/2020 9:09:10 PM,252 Event OK
2/08/2020 9:09:10 PM,EVENT 46017 1596397019 0/0/0/0/0 INPUT 3 0 0 v:124
2/08/2020 9:09:10 PM,252 Event OK
2/08/2020 9:09:11 PM,EVENT 46018 1596397019 0/0/0/0/0 INPUT 4 0 0 v:124
2/08/2020 9:09:11 PM,252 Event OK
2/08/2020 9:09:11 PM,EVENT 46019 1596397019 0/0/0/0/0 INPUT 7 0 0 v:124
2/08/2020 9:09:11 PM,252 Event OK
2/08/2020 9:09:11 PM,EVENT 46020 1596397019 0/0/0/0/0 INPUT 8 1 0 v:124
2/08/2020 9:09:11 PM,252 Event OK
2/08/2020 9:09:12 PM,EVENT 46021 1596397021 0/0/0/0/0 ZONE_OK 2 100 FW=NO VERSION v:124
2/08/2020 9:09:12 PM,252 Event OK
2/08/2020 9:09:12 PM,EVENT 46022 1596397028 0/0/0/0/0 SIGNON 2463 01b1def3 OK 26 271086 0 v:124
2/08/2020 9:09:12 PM,252 Event OK
2/08/2020 9:09:12 PM,EVENT 46023 1596397034 0/0/0/99/0 INPUT 1 0 15 v:124
2/08/2020 9:09:12 PM,252 Event OK
2/08/2020 9:09:13 PM,EVENT 46024 1596397035 0/0/0/99/0 INPUT 4 1 0 v:124
2/08/2020 9:09:13 PM,252 Event OK
2/08/2020 9:09:13 PM,EVENT 46025 1596397036 0/0/0/99/0 OILPRESSURE 46022 3 v:124
2/08/2020 9:09:13 PM,252 Event OK
2/08/2020 9:09:13 PM,EVENT 46026 1596397042 0/0/0/99/3 INPUT 4 0 8 v:123
2/08/2020 9:09:13 PM,252 Event OK
2/08/2020 9:09:14 PM,EVENT 46027 1596397042 0/0/0/99/3 INPUT 4 1 0 v:123
2/08/2020 9:09:14 PM,252 Event OK
2/08/2020 9:09:14 PM,EVENT 46028 1596397051 0/0/0/0/5 INPUT 3 1 0 v:124
2/08/2020 9:09:14 PM,252 Event OK
2/08/2020 9:09:14 PM,EVENT 46029 1596397083 0/0/0/0/12 INPUT 3 0 33 v:124
2/08/2020 9:09:14 PM,252 Event OK
2/08/2020 9:09:15 PM,EVENT 46030 1596397129 0/0/0/0/3 INPUT 4 0 87 v:124
2/08/2020 9:09:15 PM,252 Event OK
2/08/2020 9:09:15 PM,EVENT 46031 1596397129 0/0/0/0/3 INPUT 4 1 0 v:124
2/08/2020 9:09:15 PM,252 Event OK
2/08/2020 9:09:16 PM,EVENT 46032 1596397142 0/0/0/0/7 INPUT 3 1 0 v:124
2/08/2020 9:09:16 PM,252 Event OK
2/08/2020 9:09:24 PM,EVENT 46033 1596397149 0/0/0/0/11 INPUT 3 0 7 v:124
2/08/2020 9:09:24 PM,252 Event OK
2/08/2020 9:09:25 PM,EVENT 46034 1596397150 0/0/0/0/5 INPUT 4 0 21 v:124
2/08/2020 9:09:25 PM,252 Event OK
2/08/2020 9:09:25 PM,EVENT 46035 1596397151 0/0/0/0/5 INPUT 4 1 0 v:124
2/08/2020 9:09:25 PM,252 Event OK
2/08/2020 9:09:25 PM,EVENT 46036 1596397158 0/0/0/0/0 INPUT 4 0 8 v:124
2/08/2020 9:09:25 PM,252 Event OK
2/08/2020 9:09:26 PM,EVENT 46037 1596397158 0/0/0/0/0 INPUT 4 1 0 v:124
2/08/2020 9:09:26 PM,252 Event OK
2/08/2020 9:09:26 PM,EVENT 46038 1596397196 0/0/0/0/7 INPUT 3 1 0 v:124
2/08/2020 9:09:26 PM,252 Event OK
2/08/2020 9:09:26 PM,EVENT 46039 1596397220 0/0/0/0/14 INPUT 3 0 24 v:124
2/08/2020 9:09:26 PM,252 Event OK
2/08/2020 9:09:27 PM,EVENT 46040 1596397226 0/0/0/0/5 INPUT 4 0 68 v:124
2/08/2020 9:09:27 PM,252 Event OK
2/08/2020 9:09:27 PM,EVENT 46041 1596397226 0/0/0/0/5 INPUT 4 1 0 v:124
2/08/2020 9:09:27 PM,252 Event OK
2/08/2020 9:09:27 PM,EVENT 46042 1596397235 0/0/0/0/3 INPUT 4 0 9 v:124
2/08/2020 9:09:27 PM,252 Event OK
2/08/2020 9:09:28 PM,EVENT 46043 1596397235 0/0/0/0/3 INPUT 4 1 0 v:124
2/08/2020 9:09:28 PM,252 Event OK
2/08/2020 9:09:28 PM,EVENT 46044 1596397240 0/0/0/0/3 INPUT 4 0 5 v:124
2/08/2020 9:09:28 PM,252 Event OK
2/08/2020 9:09:28 PM,EVENT 46045 1596397241 0/0/0/0/3 INPUT 4 1 0 v:124
2/08/2020 9:09:28 PM,252 Event OK
2/08/2020 9:09:29 PM,EVENT 46046 1596397245 0/0/0/0/3 INPUT 4 0 5 v:124
2/08/2020 9:09:29 PM,252 Event OK
2/08/2020 9:09:29 PM,EVENT 46047 1596397245 0/0/0/0/3 INPUT 4 1 0 v:124
2/08/2020 9:09:29 PM,252 Event OK
2/08/2020 9:09:29 PM,EVENT 46048 1596397254 0/0/0/0/8 INPUT 3 1 0 v:124
2/08/2020 9:09:29 PM,252 Event OK
2/08/2020 9:09:30 PM,EVENT 46049 1596397260 0/0/0/0/11 INPUT 3 0 5 v:124
2/08/2020 9:09:30 PM,252 Event OK
2/08/2020 9:09:30 PM,EVENT 46050 1596397263 0/0/0/0/7 INPUT 4 0 18 v:124
2/08/2020 9:09:30 PM,252 Event OK
2/08/2020 9:09:30 PM,EVENT 46051 1596397263 0/0/0/0/7 INPUT 4 1 0 v:124
2/08/2020 9:09:30 PM,252 Event OK
2/08/2020 9:09:31 PM,EVENT 46052 1596397314 0/0/0/0/5 INPUT 4 0 51 v:124
2/08/2020 9:09:31 PM,252 Event OK
2/08/2020 9:09:31 PM,EVENT 46053 1596397315 0/0/0/0/5 INPUT 4 1 0 v:124
2/08/2020 9:09:31 PM,252 Event OK
2/08/2020 9:09:32 PM,EVENT 46054 1596397318 0/0/0/0/0 INPUT 7 1 0 v:124
2/08/2020 9:09:32 PM,252 Event OK
2/08/2020 9:09:32 PM,EVENT 46055 1596397318 0/0/0/0/0 INPUT 8 0 298 v:124
2/08/2020 9:09:32 PM,252 Event OK
2/08/2020 9:09:32 PM,EVENT 46056 1596397319 0/0/0/0/0 INPUT 1 1 0 v:124
2/08/2020 9:09:32 PM,252 Event OK
2/08/2020 9:09:33 PM,EVENT 46057 1596397320 0/0/0/0/0 INPUT 4 0 6 v:124
2/08/2020 9:09:33 PM,252 Event OK
2/08/2020 9:09:33 PM,EVENT 46058 1596397322 0/0/0/0/0 TRIP 46022 69 217 9 7 295 v:124
2/08/2020 9:09:33 PM,252 Event OK
2/08/2020 9:09:33 PM,EVENT 46059 1596397322 0/0/0/0/0 TRIPSUMMARY 46022 v:124
2/08/2020 9:09:33 PM,252 Event OK
2/08/2020 9:09:34 PM,EVENT 46060 1596397326 0/0/0/0/0 REPORT * 0 0 v:124
2/08/2020 9:09:34 PM,252 Event OK
2/08/2020 9:09:34 PM,EVENT 46061 1596397860 0/0/0/0/0 INPUT 8 1 0 v:124
2/08/2020 9:09:34 PM,252 Event OK
2/08/2020 9:09:34 PM,EVENT 46062 1596397861 0/0/0/0/0 INPUT 7 0 543 v:124
2/08/2020 9:09:34 PM,252 Event OK
2/08/2020 9:09:35 PM,EVENT 46063 1596397868 0/0/0/0/0 SIGNON 2463 01b1def3 OK 26 271086 0 v:124
2/08/2020 9:09:35 PM,252 Event OK
2/08/2020 9:09:35 PM,EVENT 46064 1596397875 0/0/0/0/0 INPUT 1 0 556 v:124
2/08/2020 9:09:35 PM,252 Event OK
2/08/2020 9:09:36 PM,EVENT 46065 1596397875 0/0/0/0/0 INPUT 4 1 0 v:124
2/08/2020 9:09:36 PM,252 Event OK
2/08/2020 9:09:36 PM,EVENT 46066 1596397876 0/0/0/0/0 OILPRESSURE 46063 3 v:124
2/08/2020 9:09:36 PM,252 Event OK
2/08/2020 9:09:36 PM,EVENT 46067 1596397877 0/0/0/0/6 INPUT 3 1 0 v:124
2/08/2020 9:09:36 PM,252 Event OK
2/08/2020 9:09:37 PM,EVENT 46068 1596397888 0/0/0/0/9 INPUT 3 0 11 v:124
2/08/2020 9:09:37 PM,252 Event OK
2/08/2020 9:09:37 PM,EVENT 46069 1596397890 0/0/0/0/9 INPUT 4 0 15 v:124
2/08/2020 9:09:37 PM,252 Event OK
2/08/2020 9:09:37 PM,EVENT 46070 1596397890 0/0/0/0/9 INPUT 4 1 0 v:124
2/08/2020 9:09:37 PM,252 Event OK
2/08/2020 9:09:38 PM,EVENT 46071 1596397894 0/0/0/0/0 INPUT 7 1 0 v:124
2/08/2020 9:09:38 PM,252 Event OK
2/08/2020 9:09:38 PM,EVENT 46072 1596397894 0/0/0/0/0 INPUT 8 0 33 v:124
2/08/2020 9:09:38 PM,252 Event OK
2/08/2020 9:09:38 PM,EVENT 46073 1596397895 0/0/0/0/0 INPUT 1 1 0 v:124
2/08/2020 9:09:38 PM,252 Event OK
2/08/2020 9:09:39 PM,EVENT 46074 1596397896 0/0/0/0/0 INPUT 4 0 6 v:124
2/08/2020 9:09:39 PM,252 Event OK
2/08/2020 9:09:39 PM,EVENT 46075 1596397898 0/0/0/0/0 TRIP 46063 11 10 9 7 30 v:124
2/08/2020 9:09:39 PM,252 Event OK
2/08/2020 9:09:39 PM,EVENT 46076 1596397898 0/0/0/0/0 TRIPSUMMARY 46063 v:124
2/08/2020 9:09:39 PM,252 Event OK
2/08/2020 9:09:40 PM,EVENT 46077 1596399039 0/0/0/0/0 INPUT 8 1 0 v:124
2/08/2020 9:09:40 PM,252 Event OK
2/08/2020 9:09:40 PM,EVENT 46078 1596399039 0/0/0/0/0 INPUT 7 0 1145 v:124
2/08/2020 9:09:40 PM,252 Event OK
2/08/2020 9:09:41 PM,EVENT 46079 1596399044 0/0/0/0/0 SIGNON * 0 NOCARD 26 0 170119 v:124
2/08/2020 9:09:41 PM,252 Event OK
2/08/2020 9:09:42 PM,EVENT 46080 1596399055 0/0/0/0/0 SIGNON 2543 03d1fcce OK 26 170198 0 v:124
2/08/2020 9:09:42 PM,252 Event OK
2/08/2020 9:09:42 PM,EVENT 46081 1596399061 0/0/0/0/0 INPUT 1 0 1166 v:124
2/08/2020 9:09:42 PM,252 Event OK
2/08/2020 9:09:42 PM,EVENT 46082 1596399061 0/0/0/0/0 INPUT 4 1 0 v:124
2/08/2020 9:09:42 PM,252 Event OK
2/08/2020 9:12:56 PM,UNIT 9279
2/08/2020 9:12:56 PM,333 CHAL 1C4CFA86
2/08/2020 9:12:56 PM,RESP A5F80D0F
2/08/2020 9:12:56 PM,230 Auth OK
2/08/2020 9:12:56 PM,TIME
2/08/2020 9:12:56 PM,211 TIME 1596402776
2/08/2020 9:12:57 PM,EVCOUNT 184
2/08/2020 9:12:57 PM,252 Event OK
2/08/2020 9:12:57 PM,TODO
2/08/2020 9:12:57 PM,125 TODO GETXML 2000 Operators 
225 Work list complete
2/08/2020 9:12:57 PM,GETXML
2/08/2020 9:12:57 PM,Binary data 4200 bytes
2/08/2020 9:12:58 PM,GOT Operators 4152 1C8F75B1
2/08/2020 9:12:58 PM,250 Download OK
2/08/2020 9:12:59 PM,EVENT 46083 1596399062 0/0/0/0/0 OILPRESSURE 46080 2 v:124
2/08/2020 9:12:59 PM,252 Event OK
2/08/2020 9:12:59 PM,EVENT 46084 1596399065 0/0/0/0/5 INPUT 3 1 0 v:124
2/08/2020 9:12:59 PM,252 Event OK
2/08/2020 9:13:00 PM,EVENT 46085 1596399156 0/0/0/0/28 REPORT 46080 0 0 v:124
2/08/2020 9:13:00 PM,252 Event OK
2/08/2020 9:13:00 PM,EVENT 46086 1596399278 0/0/0/0/10 INPUT 3 0 214 v:124
2/08/2020 9:13:00 PM,252 Event OK
2/08/2020 9:13:00 PM,EVENT 46087 1596399321 0/0/0/0/6 INPUT 3 1 0 v:124
2/08/2020 9:13:00 PM,252 Event OK
2/08/2020 9:13:01 PM,EVENT 46088 1596399327 0/0/0/0/14 INPUT 3 0 6 v:124
2/08/2020 9:13:01 PM,252 Event OK
2/08/2020 9:13:01 PM,EVENT 46089 1596399364 0/0/0/0/0 INPUT 4 0 304 v:124
2/08/2020 9:13:01 PM,252 Event OK
2/08/2020 9:13:02 PM,EVENT 46090 1596399364 0/0/0/0/0 INPUT 4 1 0 v:124
2/08/2020 9:13:02 PM,252 Event OK
2/08/2020 9:13:02 PM,EVENT 46091 1596399417 0/0/0/0/0 INPUT 4 0 53 v:124
2/08/2020 9:13:02 PM,252 Event OK
2/08/2020 9:13:02 PM,EVENT 46092 1596399417 0/0/0/0/0 INPUT 4 1 0 v:124
2/08/2020 9:13:02 PM,252 Event OK
2/08/2020 9:13:03 PM,EVENT 46093 1596399473 0/0/0/0/7 INPUT 3 1 0 v:124
2/08/2020 9:13:03 PM,252 Event OK
2/08/2020 9:13:03 PM,EVENT 46094 1596399475 0/0/0/0/9 INPUT 3 0 1 v:124
2/08/2020 9:13:03 PM,252 Event OK
2/08/2020 9:13:04 PM,EVENT 46095 1596399476 0/0/0/0/8 INPUT 4 0 59 v:124
2/08/2020 9:13:04 PM,252 Event OK
2/08/2020 9:13:04 PM,EVENT 46096 1596399476 0/0/0/0/8 INPUT 4 1 0 v:124
2/08/2020 9:13:04 PM,252 Event OK
2/08/2020 9:13:04 PM,EVENT 46097 1596399478 0/0/0/0/8 INPUT 3 1 0 v:124
2/08/2020 9:13:04 PM,252 Event OK
2/08/2020 9:13:05 PM,EVENT 46098 1596399693 0/0/0/0/12 INPUT 3 0 216 v:124
2/08/2020 9:13:05 PM,252 Event OK
2/08/2020 9:13:05 PM,EVENT 46099 1596399695 0/0/0/0/6 INPUT 7 1 0 v:124
2/08/2020 9:13:05 PM,252 Event OK
2/08/2020 9:13:05 PM,EVENT 46100 1596399695 0/0/0/0/6 INPUT 8 0 656 v:124
2/08/2020 9:13:05 PM,252 Event OK
2/08/2020 9:13:06 PM,EVENT 46101 1596399696 0/0/0/0/6 INPUT 1 1 0 v:124
2/08/2020 9:13:06 PM,252 Event OK
2/08/2020 9:13:06 PM,EVENT 46102 1596399699 0/0/0/0/0 TRIP 46080 437 202 6 6 645 v:124
2/08/2020 9:13:06 PM,252 Event OK
2/08/2020 9:13:06 PM,EVENT 46103 1596399699 0/0/0/0/0 TRIPSUMMARY 46080 v:124
2/08/2020 9:13:06 PM,252 Event OK
2/08/2020 9:13:07 PM,EVENT 46104 1596399700 0/0/0/0/0 INPUT 4 0 223 v:124
2/08/2020 9:13:07 PM,252 Event OK
2/08/2020 9:13:07 PM,EVENT 46105 1596399764 0/0/0/0/0 INPUT 8 1 0 v:124
2/08/2020 9:13:07 PM,252 Event OK
2/08/2020 9:13:07 PM,EVENT 46106 1596399764 0/0/0/0/0 INPUT 7 0 70 v:124
2/08/2020 9:13:07 PM,252 Event OK
2/08/2020 9:13:08 PM,EVENT 46107 1596399786 0/0/0/99/0 SIGNON 2520 03dbed13 OK 26 120976 0 v:124
2/08/2020 9:13:08 PM,252 Event OK
2/08/2020 9:13:08 PM,EVENT 46108 1596399792 0/0/0/99/0 INPUT 4 1 0 v:124
2/08/2020 9:13:08 PM,252 Event OK
2/08/2020 9:13:08 PM,EVENT 46109 1596399792 0/0/0/99/0 INPUT 1 0 96 v:124
2/08/2020 9:13:08 PM,252 Event OK
2/08/2020 9:13:09 PM,EVENT 46110 1596399793 0/0/0/99/0 OILPRESSURE 46107 2 v:124
2/08/2020 9:13:09 PM,252 Event OK
2/08/2020 9:13:09 PM,EVENT 46111 1596399798 0/0/0/99/5 INPUT 4 0 7 v:124
2/08/2020 9:13:09 PM,252 Event OK
2/08/2020 9:13:09 PM,EVENT 46112 1596399798 0/0/0/99/5 INPUT 4 1 0 v:124
2/08/2020 9:13:09 PM,252 Event OK
2/08/2020 9:13:10 PM,EVENT 46113 1596399801 0/0/0/0/7 INPUT 3 1 0 v:124
2/08/2020 9:13:10 PM,252 Event OK
2/08/2020 9:13:10 PM,EVENT 46114 1596399824 0/0/0/0/11 INPUT 3 0 23 v:124
2/08/2020 9:13:10 PM,252 Event OK
2/08/2020 9:13:11 PM,EVENT 46115 1596399839 0/0/0/0/5 INPUT 3 1 0 v:124
2/08/2020 9:13:11 PM,252 Event OK
2/08/2020 9:13:11 PM,EVENT 46116 1596399907 0/0/0/0/10 INPUT 3 0 68 v:124
2/08/2020 9:13:11 PM,252 Event OK
2/08/2020 9:13:11 PM,EVENT 46117 1596399909 0/0/0/0/6 INPUT 7 1 0 v:124
2/08/2020 9:13:11 PM,252 Event OK
2/08/2020 9:13:12 PM,EVENT 46118 1596399909 0/0/0/0/6 INPUT 8 0 145 v:124
2/08/2020 9:13:12 PM,252 Event OK
2/08/2020 9:13:12 PM,EVENT 46119 1596399910 0/0/0/0/6 INPUT 1 1 0 v:124
2/08/2020 9:13:12 PM,252 Event OK
2/08/2020 9:13:12 PM,EVENT 46120 1596399911 0/0/0/0/6 INPUT 4 0 113 v:124
2/08/2020 9:13:12 PM,252 Event OK
2/08/2020 9:13:13 PM,EVENT 46121 1596399914 0/0/0/0/0 TRIP 46107 91 29 9 6 129 v:124
2/08/2020 9:13:13 PM,252 Event OK
2/08/2020 9:13:13 PM,EVENT 46122 1596399914 0/0/0/0/0 TRIPSUMMARY 46107 v:124
2/08/2020 9:13:13 PM,252 Event OK
2/08/2020 9:13:14 PM,EVENT 46123 1596400188 0/0/0/0/0 INPUT 8 1 0 v:124
2/08/2020 9:13:14 PM,252 Event OK
2/08/2020 9:13:14 PM,EVENT 46124 1596400188 0/0/0/0/0 INPUT 7 0 279 v:124
2/08/2020 9:13:14 PM,252 Event OK
2/08/2020 9:13:14 PM,EVENT 46125 1596400197 0/0/0/0/0 SIGNON * 0 NOCARD 26 0 120971 v:124
2/08/2020 9:13:14 PM,252 Event OK
2/08/2020 9:13:15 PM,EVENT 46126 1596400207 0/0/0/0/0 SIGNON * 0 NOCARD 26 0 120761 v:124
2/08/2020 9:13:15 PM,252 Event OK
2/08/2020 9:13:15 PM,EVENT 46127 1596400219 0/0/0/0/0 SIGNON 2520 03dbed13 OK 26 120976 0 v:124
2/08/2020 9:13:15 PM,252 Event OK
2/08/2020 9:13:16 PM,EVENT 46128 1596400225 0/0/0/0/0 INPUT 1 0 315 v:124
2/08/2020 9:13:16 PM,252 Event OK
2/08/2020 9:13:16 PM,EVENT 46129 1596400226 0/0/0/0/0 INPUT 4 1 0 v:124
2/08/2020 9:13:16 PM,252 Event OK
2/08/2020 9:13:16 PM,EVENT 46130 1596400227 0/0/0/0/0 OILPRESSURE 46127 3 v:124
2/08/2020 9:13:16 PM,252 Event OK
2/08/2020 9:13:17 PM,EVENT 46131 1596400230 0/0/0/0/0 INPUT 4 0 5 v:124
2/08/2020 9:13:17 PM,252 Event OK
2/08/2020 9:13:17 PM,EVENT 46132 1596400230 0/0/0/0/0 INPUT 4 1 0 v:124
2/08/2020 9:13:17 PM,252 Event OK
2/08/2020 9:13:17 PM,EVENT 46133 1596400242 0/0/0/0/7 INPUT 3 1 0 v:124
2/08/2020 9:13:17 PM,252 Event OK
2/08/2020 9:13:18 PM,EVENT 46134 1596400300 0/0/0/0/12 INPUT 3 0 59 v:124
2/08/2020 9:13:18 PM,252 Event OK
2/08/2020 9:13:18 PM,EVENT 46135 1596400323 0/0/0/0/6 INPUT 3 1 0 v:124
2/08/2020 9:13:18 PM,252 Event OK
2/08/2020 9:13:18 PM,EVENT 46136 1596400326 0/0/0/0/11 INPUT 3 0 4 v:124
2/08/2020 9:13:18 PM,252 Event OK
2/08/2020 9:13:19 PM,EVENT 46137 1596400329 0/0/0/0/7 INPUT 3 1 0 v:124
2/08/2020 9:13:19 PM,252 Event OK
2/08/2020 9:13:19 PM,EVENT 46138 1596400375 0/0/0/0/9 INPUT 3 0 47 v:124
2/08/2020 9:13:19 PM,252 Event OK
2/08/2020 9:13:19 PM,EVENT 46139 1596400446 0/0/0/0/0 INPUT 4 0 216 v:124
2/08/2020 9:13:19 PM,252 Event OK
2/08/2020 9:13:20 PM,EVENT 46140 1596400447 0/0/0/0/0 INPUT 4 1 0 v:124
2/08/2020 9:13:20 PM,252 Event OK
2/08/2020 9:13:20 PM,EVENT 46141 1596400449 0/0/0/0/0 INPUT 4 0 3 v:124
2/08/2020 9:13:20 PM,252 Event OK
2/08/2020 9:13:20 PM,EVENT 46142 1596400450 0/0/0/0/0 INPUT 4 1 0 v:124
2/08/2020 9:13:20 PM,252 Event OK
2/08/2020 9:13:21 PM,EVENT 46143 1596400452 0/0/0/0/0 INPUT 4 0 3 v:124
2/08/2020 9:13:21 PM,252 Event OK
2/08/2020 9:13:21 PM,EVENT 46144 1596400453 0/0/0/0/0 INPUT 4 1 0 v:124
2/08/2020 9:13:21 PM,252 Event OK
2/08/2020 9:13:21 PM,EVENT 46145 1596400458 0/0/0/0/0 INPUT 4 0 6 v:124
2/08/2020 9:13:21 PM,252 Event OK
2/08/2020 9:13:22 PM,EVENT 46146 1596400458 0/0/0/0/0 INPUT 4 1 0 v:124
2/08/2020 9:13:22 PM,252 Event OK
2/08/2020 9:13:22 PM,EVENT 46147 1596400463 0/0/0/0/3 INPUT 4 0 5 v:124
2/08/2020 9:13:22 PM,252 Event OK
2/08/2020 9:13:23 PM,EVENT 46148 1596400464 0/0/0/0/3 INPUT 4 1 0 v:124
2/08/2020 9:13:23 PM,252 Event OK
2/08/2020 9:13:23 PM,EVENT 46149 1596400469 0/0/0/0/8 INPUT 3 1 0 v:124
2/08/2020 9:13:23 PM,252 Event OK
2/08/2020 9:13:23 PM,EVENT 46150 1596400580 0/0/0/0/13 INPUT 3 0 112 v:124
2/08/2020 9:13:23 PM,252 Event OK
2/08/2020 9:13:24 PM,EVENT 46151 1596400586 0/0/0/0/6 INPUT 3 1 0 v:124
2/08/2020 9:13:24 PM,252 Event OK
2/08/2020 9:13:24 PM,EVENT 46152 1596400671 0/0/0/0/10 INPUT 3 0 85 v:124
2/08/2020 9:13:24 PM,252 Event OK
2/08/2020 9:13:24 PM,EVENT 46153 1596400690 0/0/0/0/7 INPUT 3 1 0 v:124
2/08/2020 9:13:24 PM,252 Event OK
2/08/2020 9:13:25 PM,EVENT 46154 1596400716 0/0/0/0/10 INPUT 3 0 26 v:124
2/08/2020 9:13:25 PM,252 Event OK
2/08/2020 9:13:25 PM,EVENT 46155 1596400721 0/0/0/0/3 INPUT 7 1 0 v:124
2/08/2020 9:13:25 PM,252 Event OK
2/08/2020 9:13:25 PM,EVENT 46156 1596400721 0/0/0/0/3 INPUT 8 0 534 v:124
2/08/2020 9:13:25 PM,252 Event OK
2/08/2020 9:13:26 PM,EVENT 46157 1596400722 0/0/0/0/3 INPUT 1 1 0 v:124
2/08/2020 9:13:26 PM,252 Event OK
2/08/2020 9:13:26 PM,EVENT 46158 1596400723 0/0/0/0/3 INPUT 4 0 259 v:124
2/08/2020 9:13:26 PM,252 Event OK
2/08/2020 9:13:26 PM,EVENT 46159 1596400724 0/0/0/0/0 INPUT 4 1 0 v:124
2/08/2020 9:13:26 PM,252 Event OK
2/08/2020 9:13:27 PM,EVENT 46160 1596400725 0/0/0/0/0 INPUT 4 0 2 v:124
2/08/2020 9:13:27 PM,252 Event OK
2/08/2020 9:13:27 PM,EVENT 46161 1596400726 0/0/0/0/0 TRIP 46127 333 166 9 7 508 v:124
2/08/2020 9:13:27 PM,252 Event OK
2/08/2020 9:13:27 PM,EVENT 46162 1596400726 0/0/0/0/0 TRIPSUMMARY 46127 v:124
2/08/2020 9:13:27 PM,252 Event OK
2/08/2020 9:13:28 PM,EVENT 46163 1596400861 0/0/0/0/0 INPUT 8 1 0 v:124
2/08/2020 9:13:28 PM,252 Event OK
2/08/2020 9:13:28 PM,EVENT 46164 1596400862 0/0/0/0/0 INPUT 7 0 140 v:124
2/08/2020 9:13:28 PM,252 Event OK
2/08/2020 9:13:28 PM,EVENT 46165 1596400874 0/0/0/0/0 SIGNON 2520 03dbed13 OK 26 120976 0 v:124
2/08/2020 9:13:28 PM,252 Event OK
2/08/2020 9:13:29 PM,EVENT 46166 1596400880 0/0/0/0/0 INPUT 1 0 157 v:124
2/08/2020 9:13:29 PM,252 Event OK
2/08/2020 9:13:29 PM,EVENT 46167 1596400881 0/0/0/0/0 INPUT 4 1 0 v:124
2/08/2020 9:13:29 PM,252 Event OK
2/08/2020 9:13:30 PM,EVENT 46168 1596400881 0/0/0/0/0 OILPRESSURE 46165 2 v:124
2/08/2020 9:13:30 PM,252 Event OK
2/08/2020 9:13:30 PM,EVENT 46169 1596400945 0/0/0/0/0 INPUT 4 0 65 v:124
2/08/2020 9:13:30 PM,252 Event OK
2/08/2020 9:13:31 PM,EVENT 46170 1596400945 0/0/0/0/0 INPUT 4 1 0 v:124
2/08/2020 9:13:31 PM,252 Event OK
2/08/2020 9:13:31 PM,EVENT 46171 1596400946 0/0/0/0/3 INPUT 3 1 0 v:124
2/08/2020 9:13:31 PM,252 Event OK
2/08/2020 9:13:31 PM,EVENT 46172 1596400955 0/0/0/0/14 INPUT 3 0 10 v:124
2/08/2020 9:13:31 PM,252 Event OK
2/08/2020 9:13:32 PM,EVENT 46173 1596400965 0/0/0/0/5 INPUT 4 0 20 v:124
2/08/2020 9:13:32 PM,252 Event OK
2/08/2020 9:13:32 PM,EVENT 46174 1596400966 0/0/0/0/0 INPUT 4 1 0 v:124
2/08/2020 9:13:32 PM,252 Event OK
2/08/2020 9:13:32 PM,EVENT 46175 1596400968 0/0/0/0/0 INPUT 4 0 3 v:124
2/08/2020 9:13:32 PM,252 Event OK
2/08/2020 9:13:33 PM,EVENT 46176 1596400968 0/0/0/0/0 INPUT 4 1 0 v:124
2/08/2020 9:13:33 PM,252 Event OK
2/08/2020 9:13:33 PM,EVENT 46177 1596400976 0/0/0/0/0 INPUT 4 0 8 v:124
2/08/2020 9:13:33 PM,252 Event OK
2/08/2020 9:13:33 PM,EVENT 46178 1596400977 0/0/0/0/0 INPUT 4 1 0 v:124
2/08/2020 9:13:33 PM,252 Event OK
2/08/2020 9:13:34 PM,EVENT 46179 1596400986 0/0/0/0/5 REPORT 46165 0 0 v:124
2/08/2020 9:13:34 PM,252 Event OK
2/08/2020 9:13:34 PM,EVENT 46180 1596400989 0/0/0/0/8 INPUT 3 1 0 v:124
2/08/2020 9:13:34 PM,252 Event OK
2/08/2020 9:13:34 PM,EVENT 46181 1596400994 0/0/0/0/10 INPUT 3 0 6 v:124
2/08/2020 9:13:34 PM,252 Event OK
2/08/2020 9:13:35 PM,EVENT 46182 1596401001 0/0/0/0/8 INPUT 3 1 0 v:124
2/08/2020 9:13:35 PM,252 Event OK
2/08/2020 9:13:35 PM,EVENT 46183 1596401010 0/0/0/0/10 INPUT 3 0 9 v:124
2/08/2020 9:13:35 PM,252 Event OK
2/08/2020 9:13:35 PM,EVENT 46184 1596401014 0/0/0/0/5 INPUT 4 0 38 v:124
2/08/2020 9:13:35 PM,252 Event OK
2/08/2020 9:13:36 PM,EVENT 46185 1596401014 0/0/0/0/5 INPUT 4 1 0 v:124
2/08/2020 9:13:36 PM,252 Event OK
2/08/2020 9:13:36 PM,EVENT 46186 1596401021 0/0/0/0/4 INPUT 3 1 0 v:124
2/08/2020 9:13:36 PM,252 Event OK
2/08/2020 9:13:36 PM,EVENT 46187 1596401047 0/0/0/0/10 INPUT 3 0 27 v:124
2/08/2020 9:13:36 PM,252 Event OK
2/08/2020 9:13:37 PM,EVENT 46188 1596401077 0/0/0/0/0 INPUT 4 0 63 v:124
2/08/2020 9:13:37 PM,252 Event OK
2/08/2020 9:13:37 PM,EVENT 46189 1596401077 0/0/0/0/0 INPUT 4 1 0 v:124
2/08/2020 9:13:37 PM,252 Event OK
2/08/2020 9:13:38 PM,EVENT 46190 1596401118 0/0/0/0/3 INPUT 4 0 41 v:124
2/08/2020 9:13:38 PM,252 Event OK
2/08/2020 9:13:38 PM,EVENT 46191 1596401119 0/0/0/0/3 INPUT 4 1 0 v:124
2/08/2020 9:13:38 PM,252 Event OK
2/08/2020 9:13:38 PM,EVENT 46192 1596401121 0/0/0/0/3 INPUT 4 0 3 v:124
2/08/2020 9:13:38 PM,252 Event OK
2/08/2020 9:13:39 PM,EVENT 46193 1596401121 0/0/0/0/3 INPUT 4 1 0 v:124
2/08/2020 9:13:39 PM,252 Event OK
2/08/2020 9:13:39 PM,EVENT 46194 1596401127 0/0/0/0/8 INPUT 3 1 0 v:124
2/08/2020 9:13:39 PM,252 Event OK
2/08/2020 9:13:39 PM,EVENT 46195 1596401154 0/0/0/0/11 INPUT 3 0 27 v:124
2/08/2020 9:13:39 PM,252 Event OK
2/08/2020 9:13:40 PM,EVENT 46196 1596401162 0/0/0/0/7 INPUT 3 1 0 v:124
2/08/2020 9:13:40 PM,252 Event OK
2/08/2020 9:13:40 PM,EVENT 46197 1596401191 0/0/0/0/9 INPUT 3 0 29 v:124
2/08/2020 9:13:40 PM,252 Event OK
2/08/2020 9:13:40 PM,EVENT 46198 1596401254 0/0/0/0/8 INPUT 3 1 0 v:124
2/08/2020 9:13:40 PM,252 Event OK
2/08/2020 9:13:41 PM,EVENT 46199 1596401255 0/0/0/0/30 INPUT 3 0 1 v:124
2/08/2020 9:13:41 PM,252 Event OK
2/08/2020 9:13:41 PM,EVENT 46200 1596401258 0/0/0/0/8 INPUT 3 1 0 v:124
2/08/2020 9:13:41 PM,252 Event OK
2/08/2020 9:13:41 PM,EVENT 46201 1596401263 0/0/0/0/9 INPUT 3 0 5 v:124
2/08/2020 9:13:41 PM,252 Event OK
2/08/2020 9:13:42 PM,EVENT 46202 1596401277 0/0/0/0/8 INPUT 3 1 0 v:124
2/08/2020 9:13:42 PM,252 Event OK
2/08/2020 9:13:42 PM,EVENT 46203 1596401279 0/0/0/0/9 INPUT 3 0 2 v:124
2/08/2020 9:13:42 PM,252 Event OK
2/08/2020 9:13:42 PM,EVENT 46204 1596401287 0/0/0/0/4 INPUT 4 0 166 v:124
2/08/2020 9:13:42 PM,252 Event OK
2/08/2020 9:13:43 PM,EVENT 46205 1596401287 0/0/0/0/4 INPUT 4 1 0 v:124
2/08/2020 9:13:43 PM,252 Event OK
2/08/2020 9:13:43 PM,EVENT 46206 1596401338 0/0/0/0/6 INPUT 4 0 51 v:124
2/08/2020 9:13:43 PM,252 Event OK
2/08/2020 9:13:43 PM,EVENT 46207 1596401338 0/0/0/0/6 INPUT 4 1 0 v:124
2/08/2020 9:13:43 PM,252 Event OK
2/08/2020 9:13:44 PM,EVENT 46208 1596401385 0/0/0/0/0 INPUT 4 0 47 v:124
2/08/2020 9:13:44 PM,252 Event OK
2/08/2020 9:13:44 PM,EVENT 46209 1596401385 0/0/0/0/0 INPUT 4 1 0 v:124
2/08/2020 9:13:44 PM,252 Event OK
2/08/2020 9:13:44 PM,EVENT 46210 1596401391 0/0/0/0/0 INPUT 4 0 6 v:124
2/08/2020 9:13:44 PM,252 Event OK
2/08/2020 9:13:45 PM,EVENT 46211 1596401392 0/0/0/0/0 INPUT 4 1 0 v:124
2/08/2020 9:13:45 PM,252 Event OK
2/08/2020 9:13:45 PM,EVENT 46212 1596401394 0/0/0/0/6 INPUT 3 1 0 v:124
2/08/2020 9:13:45 PM,252 Event OK
2/08/2020 9:13:45 PM,EVENT 46213 1596401398 0/0/0/0/9 INPUT 3 0 3 v:124
2/08/2020 9:13:45 PM,252 Event OK
2/08/2020 9:13:46 PM,EVENT 46214 1596401406 0/0/0/0/7 INPUT 3 1 0 v:124
2/08/2020 9:13:46 PM,252 Event OK
2/08/2020 9:13:46 PM,EVENT 46215 1596401412 0/0/0/0/12 INPUT 3 0 6 v:124
2/08/2020 9:13:46 PM,252 Event OK
2/08/2020 9:13:46 PM,EVENT 46216 1596401437 0/0/0/0/0 INPUT 4 0 46 v:124
2/08/2020 9:13:46 PM,252 Event OK
2/08/2020 9:13:47 PM,EVENT 46217 1596401437 0/0/0/0/0 INPUT 4 1 0 v:124
2/08/2020 9:13:47 PM,252 Event OK
2/08/2020 9:13:47 PM,EVENT 46218 1596401469 0/0/0/99/6 INPUT 3 1 0 v:124
2/08/2020 9:13:47 PM,252 Event OK
2/08/2020 9:13:47 PM,EVENT 46219 1596401471 0/0/0/99/10 INPUT 3 0 2 v:124
2/08/2020 9:13:47 PM,252 Event OK
2/08/2020 9:13:48 PM,EVENT 46220 1596401472 0/0/0/99/9 INPUT 3 1 0 v:124
2/08/2020 9:13:48 PM,252 Event OK
2/08/2020 9:13:48 PM,EVENT 46221 1596401737 0/0/0/0/23 ZONEOVERSPEED 46165 19 31 1 v:124
2/08/2020 9:13:48 PM,252 Event OK
2/08/2020 9:13:48 PM,EVENT 46222 1596401740 0/0/0/0/11 INPUT 3 0 269 v:124
2/08/2020 9:13:48 PM,252 Event OK
2/08/2020 9:13:49 PM,EVENT 46223 1596401755 0/0/0/0/2 INPUT 4 0 318 v:124
2/08/2020 9:13:49 PM,252 Event OK
2/08/2020 9:13:49 PM,EVENT 46224 1596401756 0/0/0/0/0 INPUT 4 1 0 v:124
2/08/2020 9:13:49 PM,252 Event OK
2/08/2020 9:13:49 PM,EVENT 46225 1596401758 0/0/0/0/0 INPUT 4 0 3 v:124
2/08/2020 9:13:49 PM,252 Event OK
2/08/2020 9:13:50 PM,EVENT 46226 1596401759 0/0/0/0/0 INPUT 4 1 0 v:124
2/08/2020 9:13:50 PM,252 Event OK
2/08/2020 9:13:50 PM,EVENT 46227 1596401761 0/0/0/0/0 INPUT 4 0 3 v:124
2/08/2020 9:13:50 PM,252 Event OK
2/08/2020 9:13:50 PM,EVENT 46228 1596401762 0/0/0/0/0 INPUT 4 1 0 v:124
2/08/2020 9:13:50 PM,252 Event OK
2/08/2020 9:13:51 PM,EVENT 46229 1596401768 0/0/0/0/5 INPUT 3 1 0 v:124
2/08/2020 9:13:51 PM,252 Event OK
2/08/2020 9:13:51 PM,EVENT 46230 1596401769 0/0/0/0/9 INPUT 3 0 2 v:124
2/08/2020 9:13:51 PM,252 Event OK
2/08/2020 9:13:51 PM,EVENT 46231 1596401770 0/0/0/0/8 INPUT 3 1 0 v:124
2/08/2020 9:13:51 PM,252 Event OK
2/08/2020 9:13:52 PM,EVENT 46232 1596401998 -310122192/1219228521/3739/0/10 INPUT 3 0 228 v:124
2/08/2020 9:13:52 PM,252 Event OK
2/08/2020 9:13:52 PM,EVENT 46233 1596402062 -310121472/1219228987/920/2/0 INPUT 3 1 0 v:124
2/08/2020 9:13:52 PM,252 Event OK
2/08/2020 9:14:30 PM,UNIT 9279
2/08/2020 9:14:30 PM,333 CHAL 27146A70
2/08/2020 9:15:33 PM,UNIT 9279
2/08/2020 9:15:33 PM,333 CHAL 517F63FB
2/08/2020 9:15:34 PM,RESP 1D6E6D23
2/08/2020 9:15:34 PM,230 Auth OK
2/08/2020 9:15:34 PM,TIME
2/08/2020 9:15:34 PM,211 TIME 1596402934
2/08/2020 9:15:34 PM,EVCOUNT 33
2/08/2020 9:15:34 PM,252 Event OK
2/08/2020 9:15:35 PM,TODO
2/08/2020 9:15:35 PM,125 TODO GETXML 2000 Operators 
225 Work list complete
2/08/2020 9:15:35 PM,GETXML
2/08/2020 9:15:35 PM,Binary data 4200 bytes
2/08/2020 9:15:38 PM,GOT Operators 4152 1C8F75B1
2/08/2020 9:15:38 PM,250 Download OK
2/08/2020 9:15:39 PM,EVENT 46234 1596402064 -310121420/1219229054/916/2/35 INPUT 3 0 1 v:124
2/08/2020 9:15:39 PM,252 Event OK
2/08/2020 9:15:39 PM,EVENT 46235 1596402065 -310121237/1219229278/910/2/6 INPUT 3 1 0 v:124
2/08/2020 9:15:39 PM,252 Event OK
2/08/2020 9:15:39 PM,EVENT 46236 1596402110 -310128509/1219230245/927/5/14 INPUT 3 0 44 v:123
2/08/2020 9:15:39 PM,252 Event OK
2/08/2020 9:15:40 PM,EVENT 46237 1596402145 -310128047/1219230826/917/4/0 INPUT 4 0 384 v:124
2/08/2020 9:15:40 PM,252 Event OK
2/08/2020 9:15:40 PM,EVENT 46238 1596402145 -310128045/1219230825/917/4/0 INPUT 4 1 0 v:124
2/08/2020 9:15:40 PM,252 Event OK
2/08/2020 9:15:41 PM,EVENT 46239 1596402166 -310128387/1219230345/931/4/7 INPUT 3 1 0 v:124
2/08/2020 9:15:41 PM,252 Event OK
2/08/2020 9:15:41 PM,EVENT 46240 1596402170 -310128551/1219229633/946/0/9 INPUT 3 0 3 v:124
2/08/2020 9:15:41 PM,252 Event OK
2/08/2020 9:15:41 PM,EVENT 46241 1596402175 -310128157/1219229151/954/0/3 INPUT 7 1 0 v:124
2/08/2020 9:15:41 PM,252 Event OK
2/08/2020 9:15:42 PM,EVENT 46242 1596402175 -310128157/1219229151/954/0/3 INPUT 8 0 1313 v:124
2/08/2020 9:15:42 PM,252 Event OK
2/08/2020 9:15:42 PM,EVENT 46243 1596402176 -310128162/1219229146/954/0/3 INPUT 1 1 0 v:124
2/08/2020 9:15:42 PM,252 Event OK
2/08/2020 9:15:43 PM,EVENT 46244 1596402176 -310128164/1219229145/954/0/3 INPUT 4 0 31 v:124
2/08/2020 9:15:43 PM,252 Event OK
2/08/2020 9:15:43 PM,EVENT 46245 1596402179 -310128176/1219229134/959/0/0 TRIP 46165 675 621 10 7 1306 v:124
2/08/2020 9:15:43 PM,252 Event OK
2/08/2020 9:15:43 PM,EVENT 46246 1596402179 -310128176/1219229134/959/0/0 TRIPSUMMARY 46165 v:124
2/08/2020 9:15:43 PM,252 Event OK
2/08/2020 9:15:44 PM,EVENT 46247 1596402262 -310128202/1219229221/1003/2/0 INPUT 8 1 0 v:124
2/08/2020 9:15:44 PM,252 Event OK
2/08/2020 9:15:44 PM,EVENT 46248 1596402262 -310128202/1219229225/1004/2/0 INPUT 7 0 87 v:124
2/08/2020 9:15:44 PM,252 Event OK
2/08/2020 9:15:45 PM,EVENT 46249 1596402273 -310128192/1219229248/1022/2/0 SIGNON 2520 03dbed13 OK 26 120976 0 v:124
2/08/2020 9:15:45 PM,252 Event OK
2/08/2020 9:15:45 PM,EVENT 46250 1596402279 -310128176/1219229211/1002/2/0 INPUT 4 1 0 v:124
2/08/2020 9:15:45 PM,252 Event OK
2/08/2020 9:15:46 PM,EVENT 46251 1596402279 -310128176/1219229211/1002/2/0 INPUT 1 0 104 v:124
2/08/2020 9:15:46 PM,252 Event OK
2/08/2020 9:15:46 PM,EVENT 46252 1596402281 -310128170/1219229183/992/2/0 OILPRESSURE 46249 3 v:124
2/08/2020 9:15:46 PM,252 Event OK
2/08/2020 9:15:46 PM,EVENT 46253 1596402285 -310128244/1219229200/987/3/0 INPUT 4 0 7 v:124
2/08/2020 9:15:46 PM,252 Event OK
2/08/2020 9:15:47 PM,EVENT 46254 1596402286 -310128262/1219229209/989/3/0 INPUT 4 1 0 v:124
2/08/2020 9:15:47 PM,252 Event OK
2/08/2020 9:15:47 PM,EVENT 46255 1596402288 -310128386/1219229222/994/3/0 INPUT 4 0 3 v:124
2/08/2020 9:15:47 PM,252 Event OK
2/08/2020 9:15:47 PM,EVENT 46256 1596402288 -310128414/1219229220/991/3/0 INPUT 4 1 0 v:124
2/08/2020 9:15:47 PM,252 Event OK
2/08/2020 9:15:48 PM,EVENT 46257 1596402299 -310128263/1219229652/989/0/8 INPUT 3 1 0 v:124
2/08/2020 9:15:48 PM,252 Event OK
2/08/2020 9:15:48 PM,EVENT 46258 1596402339 -310119207/1219234500/965/0/11 INPUT 3 0 40 v:124
2/08/2020 9:15:48 PM,252 Event OK
2/08/2020 9:15:49 PM,EVENT 46259 1596402343 -310118677/1219234011/995/0/7 INPUT 3 1 0 v:124
2/08/2020 9:15:49 PM,252 Event OK
2/08/2020 9:15:49 PM,EVENT 46260 1596402377 -310121814/1219228380/928/4/9 INPUT 3 0 35 v:124
2/08/2020 9:15:49 PM,252 Event OK
2/08/2020 9:15:49 PM,EVENT 46261 1596402379 -310121716/1219228548/925/4/8 INPUT 7 1 0 v:123
2/08/2020 9:15:49 PM,252 Event OK
2/08/2020 9:15:50 PM,EVENT 46262 1596402379 -310121716/1219228548/925/4/8 INPUT 8 0 117 v:123
2/08/2020 9:15:50 PM,252 Event OK
2/08/2020 9:15:50 PM,EVENT 46263 1596402380 -310121650/1219228661/922/4/6 INPUT 1 1 0 v:123
2/08/2020 9:15:50 PM,252 Event OK
2/08/2020 9:15:50 PM,EVENT 46264 1596402381 -310121607/1219228732/918/4/6 INPUT 4 0 92 v:123
2/08/2020 9:15:50 PM,252 Event OK
2/08/2020 9:15:51 PM,EVENT 46265 1596402383 -310121614/1219228731/920/4/0 TRIP 46249 75 27 9 6 111 v:123
2/08/2020 9:15:51 PM,252 Event OK
2/08/2020 9:15:51 PM,EVENT 46266 1596402383 -310121614/1219228731/920/4/0 TRIPSUMMARY 46249 v:123
2/08/2020 9:15:51 PM,252 Event OK
2/08/2020 9:15:51 PM,QUIT
2/08/2020 9:15:51 PM,221 Session ended - goodbye
2/08/2020 9:19:07 PM,UNIT 9279
2/08/2020 9:19:07 PM,333 CHAL 2F2013CD
2/08/2020 9:19:07 PM,RESP 866F9811
2/08/2020 9:19:07 PM,230 Auth OK
2/08/2020 9:19:08 PM,TIME
2/08/2020 9:19:08 PM,211 TIME 1596403148
2/08/2020 9:19:08 PM,EVCOUNT 2
2/08/2020 9:19:08 PM,252 Event OK
2/08/2020 9:19:09 PM,TODO
2/08/2020 9:19:09 PM,226 Nothing to do
2/08/2020 9:19:09 PM,EVENT 46267 1596403139 -310121417/1219228586/920/0/0 INPUT 8 1 0 v:123
2/08/2020 9:19:09 PM,252 Event OK
2/08/2020 9:19:10 PM,EVENT 46268 1596403139 -310121416/1219228585/919/0/0 INPUT 7 0 761 v:123
2/08/2020 9:19:10 PM,252 Event OK
2/08/2020 9:19:11 PM,QUIT
2/08/2020 9:19:11 PM,221 Session ended - goodbye
2/08/2020 9:19:21 PM,UNIT 9279
2/08/2020 9:19:21 PM,333 CHAL 104DFFAA
2/08/2020 9:19:21 PM,RESP 8DBBA40C
2/08/2020 9:19:21 PM,230 Auth OK
2/08/2020 9:19:22 PM,TIME
2/08/2020 9:19:22 PM,211 TIME 1596403162
2/08/2020 9:19:23 PM,EVCOUNT 4
2/08/2020 9:19:23 PM,252 Event OK
2/08/2020 9:19:23 PM,TODO
2/08/2020 9:19:23 PM,226 Nothing to do
2/08/2020 9:19:24 PM,EVENT 46269 1596403150 -310121405/1219228577/895/0/0 SIGNON 2520 03dbed13 OK 26 120976 0 v:124
2/08/2020 9:19:24 PM,252 Event OK
2/08/2020 9:19:25 PM,EVENT 46270 1596403156 -310121365/1219228596/902/0/0 INPUT 1 0 776 v:124
2/08/2020 9:19:25 PM,252 Event OK
2/08/2020 9:19:25 PM,EVENT 46271 1596403156 -310121362/1219228598/903/0/0 INPUT 4 1 0 v:124
2/08/2020 9:19:25 PM,252 Event OK
2/08/2020 9:19:26 PM,EVENT 46272 1596403157 -310121361/1219228599/904/0/0 OILPRESSURE 46269 2 v:124
2/08/2020 9:19:26 PM,252 Event OK
2/08/2020 9:19:26 PM,QUIT
2/08/2020 9:19:26 PM,221 Session ended - goodbye
2/08/2020 9:19:44 PM,UNIT 9279
2/08/2020 9:19:44 PM,333 CHAL 6FF77D1A
2/08/2020 9:19:45 PM,RESP BD8AD7A4
2/08/2020 9:19:45 PM,230 Auth OK
2/08/2020 9:19:45 PM,TIME
2/08/2020 9:19:45 PM,211 TIME 1596403185
2/08/2020 9:19:46 PM,EVCOUNT 2
2/08/2020 9:19:46 PM,252 Event OK
2/08/2020 9:19:46 PM,TODO
2/08/2020 9:19:46 PM,226 Nothing to do
2/08/2020 9:19:47 PM,EVENT 46273 1596403176 -310121417/1219228535/891/0/0 INPUT 4 0 20 v:124
2/08/2020 9:19:47 PM,252 Event OK
2/08/2020 9:19:50 PM,EVENT 46274 1596403176 -310121417/1219228535/891/0/0 INPUT 4 1 0 v:124
2/08/2020 9:19:50 PM,252 Event OK
2/08/2020 9:19:51 PM,EVENT 46275 1596403182 -310121407/1219228564/911/0/0 REPORT 46269 0 58 v:123
2/08/2020 9:19:51 PM,252 Event OK
2/08/2020 9:19:52 PM,EVENT 46276 1596403185 -310121407/1219228574/929/0/0 INPUT 4 0 9 v:123
2/08/2020 9:19:52 PM,252 Event OK
2/08/2020 9:19:52 PM,EVENT 46277 1596403185 -310121407/1219228574/929/0/0 INPUT 4 1 0 v:123
2/08/2020 9:19:52 PM,252 Event OK
2/08/2020 9:19:53 PM,QUIT
2/08/2020 9:19:53 PM,221 Session ended - goodbye
2/08/2020 9:20:04 PM,UNIT 9279
2/08/2020 9:20:04 PM,333 CHAL 50743F13
2/08/2020 9:20:05 PM,RESP 8D35112B
2/08/2020 9:20:05 PM,230 Auth OK
2/08/2020 9:20:05 PM,TIME
2/08/2020 9:20:05 PM,211 TIME 1596403205
2/08/2020 9:20:06 PM,EVCOUNT 1
2/08/2020 9:20:06 PM,252 Event OK
2/08/2020 9:20:07 PM,TODO
2/08/2020 9:20:07 PM,226 Nothing to do
2/08/2020 9:20:07 PM,EVENT 46278 1596403194 -310121029/1219229235/938/0/6 INPUT 3 1 0 v:124
2/08/2020 9:20:07 PM,252 Event OK
2/08/2020 9:20:08 PM,QUIT
2/08/2020 9:20:08 PM,221 Session ended - goodbye
2/08/2020 9:21:41 PM,UNIT 9279
2/08/2020 9:21:41 PM,333 CHAL 6A74A87B
2/08/2020 9:21:41 PM,RESP 687DB5A7
2/08/2020 9:21:41 PM,230 Auth OK
2/08/2020 9:21:42 PM,TIME
2/08/2020 9:21:42 PM,211 TIME 1596403302
2/08/2020 9:21:42 PM,EVCOUNT 5
2/08/2020 9:21:42 PM,252 Event OK
2/08/2020 9:21:43 PM,TODO
2/08/2020 9:21:43 PM,226 Nothing to do
2/08/2020 9:21:43 PM,EVENT 46279 1596403293 -310142989/1219230738/911/10/9 INPUT 3 0 100 v:124
2/08/2020 9:21:43 PM,252 Event OK
2/08/2020 9:21:44 PM,EVENT 46280 1596403296 -310143390/1219230706/898/10/5 INPUT 4 0 111 v:124
2/08/2020 9:21:44 PM,252 Event OK
2/08/2020 9:21:46 PM,EVENT 46281 1596403296 -310143390/1219230706/898/10/5 INPUT 4 1 0 v:124
2/08/2020 9:21:46 PM,252 Event OK
2/08/2020 9:21:47 PM,EVENT 46282 1596403297 -310143390/1219230707/897/10/5 INPUT 7 1 0 v:124
2/08/2020 9:21:47 PM,252 Event OK
2/08/2020 9:21:47 PM,EVENT 46283 1596403297 -310143390/1219230707/897/10/5 INPUT 8 0 158 v:124
2/08/2020 9:21:47 PM,252 Event OK
2/08/2020 9:21:48 PM,EVENT 46284 1596403297 -310143386/1219230703/893/10/5 INPUT 3 1 0 v:124
2/08/2020 9:21:48 PM,252 Event OK
2/08/2020 9:21:49 PM,EVENT 46285 1596403298 -310143390/1219230701/890/10/15 INPUT 1 1 0 v:124
2/08/2020 9:21:49 PM,252 Event OK
2/08/2020 9:21:50 PM,EVENT 46286 1596403299 -310143388/1219230698/889/10/21 INPUT 4 0 2 v:124
2/08/2020 9:21:50 PM,252 Event OK
2/08/2020 9:21:51 PM,EVENT 46287 1596403299 -310143388/1219230695/889/10/21 INPUT 3 0 2 v:124
2/08/2020 9:21:51 PM,252 Event OK
2/08/2020 9:21:51 PM,EVENT 46288 1596403300 -310143388/1219230693/888/10/21 INPUT 4 1 0 v:124
2/08/2020 9:21:51 PM,252 Event OK
2/08/2020 9:21:52 PM,EVENT 46289 1596403301 -310143390/1219230683/887/10/21 TRIP 46269 102 43 7 7 152 v:124
2/08/2020 9:21:52 PM,252 Event OK
2/08/2020 9:21:53 PM,EVENT 46290 1596403301 -310143390/1219230683/887/10/21 TRIPSUMMARY 46269 v:124
2/08/2020 9:21:53 PM,252 Event OK
2/08/2020 9:21:54 PM,EVENT 46291 1596403302 -310143391/1219230679/885/10/21 INPUT 4 0 2 v:124
2/08/2020 9:21:54 PM,252 Event OK
2/08/2020 9:21:54 PM,QUIT
2/08/2020 9:21:54 PM,221 Session ended - goodbye
2/08/2020 10:10:19 PM,UNIT 9279
2/08/2020 10:10:19 PM,333 CHAL 4580905D
2/08/2020 10:10:19 PM,RESP BBDEBE0F
2/08/2020 10:10:19 PM,230 Auth OK
2/08/2020 10:10:19 PM,TIME
2/08/2020 10:10:19 PM,211 TIME 1596406219
2/08/2020 10:10:20 PM,EVCOUNT 10
2/08/2020 10:10:20 PM,252 Event OK
2/08/2020 10:10:20 PM,TODO
2/08/2020 10:10:20 PM,226 Nothing to do
2/08/2020 10:10:20 PM,EVENT 46292 1596406191 0/0/0/0/0 SWSTART OpusFC 5.0.58.510 R v:123
2/08/2020 10:10:20 PM,252 Event OK
2/08/2020 10:10:21 PM,EVENT 46293 1596403301 0/0/0/0/0 POWERDOWN v:124
2/08/2020 10:10:21 PM,252 Event OK
2/08/2020 10:10:21 PM,EVENT 46294 1596406191 0/0/0/0/0 INPUT 1 1 0 v:123
2/08/2020 10:10:21 PM,252 Event OK
2/08/2020 10:10:21 PM,EVENT 46295 1596406191 0/0/0/0/0 INPUT 2 0 0 v:123
2/08/2020 10:10:21 PM,252 Event OK
2/08/2020 10:10:21 PM,EVENT 46296 1596406191 0/0/0/0/0 INPUT 3 0 0 v:123
2/08/2020 10:10:21 PM,252 Event OK
2/08/2020 10:10:21 PM,EVENT 46297 1596406191 0/0/0/0/0 INPUT 4 0 0 v:123
2/08/2020 10:10:21 PM,252 Event OK
2/08/2020 10:10:22 PM,EVENT 46298 1596406191 0/0/0/0/0 INPUT 7 0 0 v:123
2/08/2020 10:10:22 PM,252 Event OK
2/08/2020 10:10:22 PM,EVENT 46299 1596406191 0/0/0/0/0 INPUT 8 1 0 v:123
2/08/2020 10:10:22 PM,252 Event OK
2/08/2020 10:10:22 PM,EVENT 46300 1596406193 0/0/0/0/0 ZONE_OK 2 100 FW=NO VERSION v:123
2/08/2020 10:10:22 PM,252 Event OK
2/08/2020 10:10:23 PM,EVENT 46301 1596406204 0/0/0/0/0 SIGNON 2544 03d5def0 OK_CL 26 151087 0 v:123
2/08/2020 10:10:23 PM,252 Event OK
2/08/2020 10:10:23 PM,EVENT 46302 1596406215 0/0/0/4/0 CHECKLIST 46301 OK 0 12 432 F v:123
2/08/2020 10:10:23 PM,252 Event OK
2/08/2020 10:10:23 PM,QUIT
2/08/2020 10:10:23 PM,221 Session ended - goodbye
2/08/2020 10:10:33 PM,UNIT 9279
2/08/2020 10:10:33 PM,333 CHAL 6AEEE386
2/08/2020 10:10:33 PM,RESP 3CBB79D5
2/08/2020 10:10:33 PM,230 Auth OK
2/08/2020 10:10:34 PM,TIME
2/08/2020 10:10:34 PM,211 TIME 1596406234
2/08/2020 10:10:34 PM,EVCOUNT 3
2/08/2020 10:10:34 PM,252 Event OK
2/08/2020 10:10:35 PM,TODO
2/08/2020 10:10:35 PM,226 Nothing to do
2/08/2020 10:10:36 PM,EVENT 46303 1596406221 0/0/0/4/0 INPUT 4 1 0 v:124
2/08/2020 10:10:36 PM,252 Event OK
2/08/2020 10:10:36 PM,EVENT 46304 1596406222 0/0/0/4/0 INPUT 1 0 30 v:124
2/08/2020 10:10:36 PM,252 Event OK
2/08/2020 10:10:37 PM,EVENT 46305 1596406223 0/0/0/4/0 OILPRESSURE 46301 6 v:124
2/08/2020 10:10:37 PM,252 Event OK
2/08/2020 10:10:37 PM,QUIT
2/08/2020 10:10:37 PM,221 Session ended - goodbye
2/08/2020 10:10:53 PM,UNIT 9279
2/08/2020 10:10:53 PM,333 CHAL 593DEB7A
2/08/2020 10:10:53 PM,RESP 2FC35213
2/08/2020 10:10:53 PM,230 Auth OK
2/08/2020 10:10:54 PM,TIME
2/08/2020 10:10:54 PM,211 TIME 1596406254
2/08/2020 10:10:54 PM,EVCOUNT 2
2/08/2020 10:10:54 PM,252 Event OK
2/08/2020 10:10:55 PM,TODO
2/08/2020 10:10:55 PM,226 Nothing to do
2/08/2020 10:10:55 PM,EVENT 46306 1596406245 -310143217/1219230800/1120/4/0 INPUT 4 0 24 v:124
2/08/2020 10:10:55 PM,252 Event OK
2/08/2020 10:10:56 PM,EVENT 46307 1596406246 -310143197/1219230804/1098/4/0 INPUT 4 1 0 v:124
2/08/2020 10:10:56 PM,252 Event OK
2/08/2020 10:10:57 PM,QUIT
2/08/2020 10:10:57 PM,221 Session ended - goodbye
2/08/2020 10:11:10 PM,UNIT 9279
2/08/2020 10:11:10 PM,333 CHAL DE53822
2/08/2020 10:11:10 PM,RESP 5B8C37B5
2/08/2020 10:11:10 PM,230 Auth OK
2/08/2020 10:11:11 PM,TIME
2/08/2020 10:11:11 PM,211 TIME 1596406271
2/08/2020 10:11:11 PM,EVCOUNT 1
2/08/2020 10:11:11 PM,252 Event OK
2/08/2020 10:11:12 PM,TODO
2/08/2020 10:11:12 PM,226 Nothing to do
2/08/2020 10:11:12 PM,EVENT 46308 1596406258 -310142841/1219230638/886/4/5 INPUT 3 1 0 v:124
2/08/2020 10:11:12 PM,252 Event OK
2/08/2020 10:11:13 PM,QUIT
2/08/2020 10:11:13 PM,221 Session ended - goodbye
2/08/2020 10:11:59 PM,UNIT 9279
2/08/2020 10:11:59 PM,333 CHAL 56B612DB
2/08/2020 10:12:00 PM,RESP B0566616
2/08/2020 10:12:00 PM,230 Auth OK
2/08/2020 10:12:01 PM,TIME
2/08/2020 10:12:01 PM,211 TIME 1596406321
2/08/2020 10:12:02 PM,EVCOUNT 1
2/08/2020 10:12:02 PM,252 Event OK
2/08/2020 10:12:03 PM,TODO
2/08/2020 10:12:03 PM,226 Nothing to do
2/08/2020 10:12:04 PM,EVENT 46309 1596406311 -310127297/1219241134/830/8/10 INPUT 3 0 54 v:124
2/08/2020 10:12:04 PM,252 Event OK
2/08/2020 10:12:04 PM,QUIT
2/08/2020 10:12:04 PM,221 Session ended - goodbye
2/08/2020 10:12:15 PM,UNIT 9279
2/08/2020 10:12:15 PM,333 CHAL 64FB7C37
2/08/2020 10:12:16 PM,RESP D8BCD2A0
2/08/2020 10:12:16 PM,230 Auth OK
2/08/2020 10:12:16 PM,TIME
2/08/2020 10:12:16 PM,211 TIME 1596406336
2/08/2020 10:12:17 PM,EVCOUNT 1
2/08/2020 10:12:17 PM,252 Event OK
2/08/2020 10:12:17 PM,TODO
2/08/2020 10:12:17 PM,226 Nothing to do
2/08/2020 10:12:18 PM,EVENT 46310 1596406321 -310126514/1219240666/812/8/7 INPUT 3 1 0 v:123
2/08/2020 10:12:18 PM,252 Event OK
2/08/2020 10:12:19 PM,QUIT
2/08/2020 10:12:19 PM,221 Session ended - goodbye
2/08/2020 10:17:20 PM,UNIT 9279
2/08/2020 10:17:20 PM,333 CHAL 828B419
2/08/2020 10:17:22 PM,RESP 3E850DB6
2/08/2020 10:17:22 PM,230 Auth OK
2/08/2020 10:17:22 PM,TIME
2/08/2020 10:17:22 PM,211 TIME 1596406642
2/08/2020 10:17:23 PM,EVCOUNT 8
2/08/2020 10:17:23 PM,252 Event OK
2/08/2020 10:17:28 PM,TODO
2/08/2020 10:17:28 PM,226 Nothing to do
2/08/2020 10:17:40 PM,EVENT 46311 1596406359 -310121512/1219229504/836/4/11 INPUT 3 0 37 v:124
2/08/2020 10:17:40 PM,252 Event OK
2/08/2020 10:20:28 PM,UNIT 9279
2/08/2020 10:20:28 PM,333 CHAL 29B98421
2/08/2020 10:20:29 PM,RESP ACE9D2CC
2/08/2020 10:20:29 PM,230 Auth OK
2/08/2020 10:20:29 PM,TIME
2/08/2020 10:20:29 PM,211 TIME 1596406829
2/08/2020 10:20:29 PM,EVCOUNT 7
2/08/2020 10:20:29 PM,252 Event OK
2/08/2020 10:20:30 PM,TODO
2/08/2020 10:20:30 PM,226 Nothing to do
2/08/2020 10:20:30 PM,EVENT 46312 1596406364 -310121827/1219229089/828/4/5 INPUT 7 1 0 v:124
2/08/2020 10:20:30 PM,252 Event OK
2/08/2020 10:20:30 PM,EVENT 46313 1596406364 -310121827/1219229089/828/4/5 INPUT 8 0 172 v:124
2/08/2020 10:20:30 PM,252 Event OK
2/08/2020 10:20:31 PM,EVENT 46314 1596406365 -310121831/1219229087/828/4/5 INPUT 1 1 0 v:123
2/08/2020 10:20:31 PM,252 Event OK
2/08/2020 10:20:32 PM,EVENT 46315 1596406368 -310121845/1219229070/825/4/0 TRIP 46301 91 56 8 8 155 v:123
2/08/2020 10:20:32 PM,252 Event OK
2/08/2020 10:20:32 PM,EVENT 46316 1596406368 -310121845/1219229070/825/4/0 TRIPSUMMARY 46301 v:123
2/08/2020 10:20:32 PM,252 Event OK
2/08/2020 10:20:33 PM,EVENT 46317 1596406369 -310121847/1219229065/824/4/0 INPUT 4 0 123 v:124
2/08/2020 10:20:33 PM,252 Event OK
2/08/2020 10:20:33 PM,EVENT 46318 1596406376 -310121867/1219229012/822/0/0 REPORT * 0 229 v:124
2/08/2020 10:20:33 PM,252 Event OK
2/08/2020 10:20:33 PM,QUIT
2/08/2020 10:20:33 PM,221 Session ended - goodbye
2/08/2020 10:33:22 PM,UNIT 9279
2/08/2020 10:33:22 PM,333 CHAL 34353E86
3/08/2020 8:57:55 AM,UNIT 9279
3/08/2020 8:57:55 AM,333 CHAL 3AF5533C
3/08/2020 8:57:55 AM,RESP 2F65A045
3/08/2020 8:57:55 AM,230 Auth OK
3/08/2020 8:57:56 AM,TIME
3/08/2020 8:57:56 AM,211 TIME 1596445076
3/08/2020 8:57:56 AM,EVCOUNT 74
3/08/2020 8:57:56 AM,252 Event OK
3/08/2020 8:57:57 AM,TODO
3/08/2020 8:57:57 AM,125 TODO GET 1363338 user.tar.gz_5.0.58.515 
225 Work list complete
3/08/2020 8:57:58 AM,GET
3/08/2020 8:57:58 AM,Binary data 1363402 bytes
3/08/2020 8:59:48 AM,GOT user.tar.gz_5.0.58.515 0 0
3/08/2020 8:59:48 AM,552 File data incorrect
3/08/2020 9:00:14 AM,UNIT 9279
3/08/2020 9:00:14 AM,333 CHAL ED294CF
3/08/2020 9:00:14 AM,RESP CC9EDCD7
3/08/2020 9:00:14 AM,230 Auth OK
3/08/2020 9:00:15 AM,TIME
3/08/2020 9:00:15 AM,211 TIME 1596445215
3/08/2020 9:00:15 AM,EVCOUNT 75
3/08/2020 9:00:15 AM,252 Event OK
3/08/2020 9:00:16 AM,TODO
3/08/2020 9:00:16 AM,226 Nothing to do
3/08/2020 9:00:17 AM,EVENT 46319 1596407570 -310121969/1219229085/692/0/0 INPUT 8 1 0 v:124
3/08/2020 9:00:17 AM,252 Event OK
3/08/2020 9:00:47 AM,UNIT 9279
3/08/2020 9:00:47 AM,333 CHAL A00529C
3/08/2020 9:00:47 AM,RESP 69A20BE9
3/08/2020 9:00:47 AM,230 Auth OK
3/08/2020 9:00:47 AM,TIME
3/08/2020 9:00:47 AM,211 TIME 1596445247
3/08/2020 9:00:48 AM,EVCOUNT 75
3/08/2020 9:00:48 AM,252 Event OK
3/08/2020 9:00:48 AM,TODO
3/08/2020 9:00:48 AM,226 Nothing to do
3/08/2020 9:00:48 AM,EVENT 46319 1596407570 -310121969/1219229085/692/0/0 INPUT 8 1 0 v:124
3/08/2020 9:00:48 AM,253 Event OK - Duplicate
3/08/2020 9:00:49 AM,EVENT 46320 1596407571 -310121970/1219229083/691/0/0 INPUT 7 0 1207 v:124
3/08/2020 9:00:49 AM,252 Event OK
3/08/2020 9:00:49 AM,EVENT 46321 1596407579 -310121984/1219229100/689/0/0 SIGNON 2544 03d5def0 OK 26 151087 0 v:124
3/08/2020 9:00:49 AM,252 Event OK
3/08/2020 9:00:49 AM,EVENT 46322 1596407586 -310121993/1219229108/701/0/0 INPUT 1 0 1221 v:124
3/08/2020 9:00:49 AM,252 Event OK
3/08/2020 9:00:50 AM,EVENT 46323 1596407586 -310121994/1219229110/701/0/0 INPUT 4 1 0 v:124
3/08/2020 9:00:50 AM,252 Event OK
3/08/2020 9:00:50 AM,EVENT 46324 1596407587 -310121995/1219229113/702/0/0 OILPRESSURE 46321 3 v:124
3/08/2020 9:00:50 AM,252 Event OK
3/08/2020 9:00:50 AM,EVENT 46325 1596407594 -310122104/1219228940/709/0/6 INPUT 3 1 0 v:124
3/08/2020 9:00:50 AM,252 Event OK
3/08/2020 9:00:51 AM,EVENT 46326 1596408206 0/0/0/0/20 REPORT 46321 0 0 v:124
3/08/2020 9:00:51 AM,252 Event OK
3/08/2020 9:00:51 AM,EVENT 46327 1596408470 0/0/0/0/10 INPUT 3 0 876 v:124
3/08/2020 9:00:51 AM,252 Event OK
3/08/2020 9:00:51 AM,EVENT 46328 1596408508 0/0/0/0/5 INPUT 7 1 0 v:124
3/08/2020 9:00:51 AM,252 Event OK
3/08/2020 9:00:52 AM,EVENT 46329 1596408508 0/0/0/0/5 INPUT 8 0 938 v:124
3/08/2020 9:00:52 AM,252 Event OK
3/08/2020 9:00:52 AM,EVENT 46330 1596408509 0/0/0/0/5 INPUT 1 1 0 v:124
3/08/2020 9:00:52 AM,252 Event OK
3/08/2020 9:00:52 AM,EVENT 46331 1596408509 0/0/0/0/5 INPUT 4 0 924 v:124
3/08/2020 9:00:52 AM,252 Event OK
3/08/2020 9:00:53 AM,EVENT 46332 1596408512 0/0/0/0/0 TRIP 46321 876 48 9 6 933 v:124
3/08/2020 9:00:53 AM,252 Event OK
3/08/2020 9:00:53 AM,EVENT 46333 1596408512 0/0/0/0/0 TRIPSUMMARY 46321 v:124
3/08/2020 9:00:53 AM,252 Event OK
3/08/2020 9:00:53 AM,EVENT 46334 1596443510 0/0/0/0/0 SWSTART OpusFC 5.0.58.510 R v:123
3/08/2020 9:00:53 AM,252 Event OK
3/08/2020 9:00:54 AM,EVENT 46335 1596408512 0/0/0/0/0 POWERDOWN v:124
3/08/2020 9:00:54 AM,252 Event OK
3/08/2020 9:00:54 AM,EVENT 46336 1596443510 0/0/0/0/0 INPUT 1 1 0 v:124
3/08/2020 9:00:54 AM,252 Event OK
3/08/2020 9:00:55 AM,EVENT 46337 1596443510 0/0/0/0/0 INPUT 2 0 0 v:124
3/08/2020 9:00:55 AM,252 Event OK
3/08/2020 9:00:55 AM,EVENT 46338 1596443510 0/0/0/0/0 INPUT 3 0 0 v:123
3/08/2020 9:00:55 AM,252 Event OK
3/08/2020 9:00:55 AM,EVENT 46339 1596443510 0/0/0/0/0 INPUT 4 0 0 v:123
3/08/2020 9:00:55 AM,252 Event OK
3/08/2020 9:00:56 AM,EVENT 46340 1596443510 0/0/0/0/0 INPUT 7 0 0 v:123
3/08/2020 9:00:56 AM,252 Event OK
3/08/2020 9:00:56 AM,EVENT 46341 1596443510 0/0/0/0/0 INPUT 8 1 0 v:123
3/08/2020 9:00:56 AM,252 Event OK
3/08/2020 9:00:56 AM,EVENT 46342 1596443512 0/0/0/0/0 ZONE_OK 2 100 FW=NO VERSION v:123
3/08/2020 9:00:56 AM,252 Event OK
3/08/2020 9:00:57 AM,EVENT 46343 1596443520 0/0/0/0/0 SIGNON 2544 03d5def0 OK 26 151087 0 v:123
3/08/2020 9:00:57 AM,252 Event OK
3/08/2020 9:00:57 AM,EVENT 46344 1596443528 0/0/0/99/0 INPUT 4 1 0 v:124
3/08/2020 9:00:57 AM,252 Event OK
3/08/2020 9:00:57 AM,EVENT 46345 1596443528 0/0/0/99/0 INPUT 1 0 18 v:124
3/08/2020 9:00:57 AM,252 Event OK
3/08/2020 9:00:57 AM,EVENT 46346 1596443530 0/0/0/99/0 OILPRESSURE 46343 5 v:124
3/08/2020 9:00:57 AM,252 Event OK
3/08/2020 9:00:58 AM,EVENT 46347 1596443574 0/0/0/0/5 INPUT 3 1 0 v:124
3/08/2020 9:00:58 AM,252 Event OK
3/08/2020 9:00:58 AM,EVENT 46348 1596443682 0/0/0/0/12 INPUT 3 0 107 v:124
3/08/2020 9:00:58 AM,252 Event OK
3/08/2020 9:00:59 AM,EVENT 46349 1596443688 0/0/0/0/3 INPUT 3 1 0 v:124
3/08/2020 9:00:59 AM,252 Event OK
3/08/2020 9:00:59 AM,EVENT 46350 1596443696 0/0/0/0/10 INPUT 3 0 9 v:124
3/08/2020 9:00:59 AM,252 Event OK
3/08/2020 9:00:59 AM,EVENT 46351 1596443697 0/0/0/0/8 INPUT 3 1 0 v:124
3/08/2020 9:00:59 AM,252 Event OK
3/08/2020 9:01:00 AM,EVENT 46352 1596443700 0/0/0/0/11 INPUT 3 0 3 v:124
3/08/2020 9:01:00 AM,252 Event OK
3/08/2020 9:01:00 AM,EVENT 46353 1596443701 0/0/0/0/9 INPUT 4 0 174 v:124
3/08/2020 9:01:00 AM,252 Event OK
3/08/2020 9:01:00 AM,EVENT 46354 1596443702 0/0/0/0/9 INPUT 4 1 0 v:124
3/08/2020 9:01:00 AM,252 Event OK
3/08/2020 9:01:01 AM,EVENT 46355 1596443711 0/0/0/0/0 INPUT 4 0 10 v:124
3/08/2020 9:01:01 AM,252 Event OK
3/08/2020 9:01:01 AM,EVENT 46356 1596443712 0/0/0/0/0 INPUT 4 1 0 v:124
3/08/2020 9:01:01 AM,252 Event OK
3/08/2020 9:01:01 AM,EVENT 46357 1596443730 0/0/0/0/5 INPUT 3 1 0 v:124
3/08/2020 9:01:01 AM,252 Event OK
3/08/2020 9:01:02 AM,EVENT 46358 1596443737 0/0/0/0/12 INPUT 3 0 8 v:124
3/08/2020 9:01:02 AM,252 Event OK
3/08/2020 9:01:02 AM,EVENT 46359 1596443741 0/0/0/0/4 INPUT 3 1 0 v:124
3/08/2020 9:01:02 AM,252 Event OK
3/08/2020 9:01:02 AM,EVENT 46360 1596443746 0/0/0/0/10 INPUT 3 0 4 v:124
3/08/2020 9:01:02 AM,252 Event OK
3/08/2020 9:01:03 AM,EVENT 46361 1596443853 0/0/0/0/0 INPUT 4 0 142 v:124
3/08/2020 9:01:03 AM,252 Event OK
3/08/2020 9:01:03 AM,EVENT 46362 1596443853 0/0/0/0/0 INPUT 4 1 0 v:124
3/08/2020 9:01:03 AM,252 Event OK
3/08/2020 9:01:04 AM,EVENT 46363 1596443886 0/0/0/99/0 INPUT 4 0 33 v:124
3/08/2020 9:01:04 AM,252 Event OK
3/08/2020 9:01:04 AM,EVENT 46364 1596443886 0/0/0/99/0 INPUT 4 1 0 v:124
3/08/2020 9:01:04 AM,252 Event OK
3/08/2020 9:01:04 AM,EVENT 46365 1596443994 0/0/0/0/0 INPUT 4 0 108 v:124
3/08/2020 9:01:04 AM,252 Event OK
3/08/2020 9:01:04 AM,EVENT 46366 1596443994 0/0/0/0/0 INPUT 4 1 0 v:124
3/08/2020 9:01:04 AM,252 Event OK
3/08/2020 9:01:05 AM,EVENT 46367 1596444020 0/0/0/0/6 INPUT 3 1 0 v:124
3/08/2020 9:01:05 AM,252 Event OK
3/08/2020 9:01:05 AM,EVENT 46368 1596444069 0/0/0/0/12 INPUT 3 0 48 v:124
3/08/2020 9:01:05 AM,252 Event OK
3/08/2020 9:01:05 AM,EVENT 46369 1596444092 0/0/0/0/6 INPUT 3 1 0 v:124
3/08/2020 9:01:05 AM,252 Event OK
3/08/2020 9:01:06 AM,EVENT 46370 1596444106 0/0/0/0/11 INPUT 3 0 13 v:124
3/08/2020 9:01:06 AM,252 Event OK
3/08/2020 9:01:06 AM,EVENT 46371 1596444109 0/0/0/0/5 INPUT 4 0 115 v:124
3/08/2020 9:01:06 AM,252 Event OK
3/08/2020 9:01:06 AM,EVENT 46372 1596444110 0/0/0/0/5 INPUT 4 1 0 v:124
3/08/2020 9:01:06 AM,252 Event OK
3/08/2020 9:01:07 AM,EVENT 46373 1596444114 0/0/0/0/0 INPUT 4 0 5 v:124
3/08/2020 9:01:07 AM,252 Event OK
3/08/2020 9:01:07 AM,EVENT 46374 1596444114 0/0/0/0/0 INPUT 4 1 0 v:124
3/08/2020 9:01:07 AM,252 Event OK
3/08/2020 9:01:07 AM,EVENT 46375 1596444126 0/0/0/0/5 INPUT 4 0 12 v:124
3/08/2020 9:01:07 AM,252 Event OK
3/08/2020 9:01:08 AM,EVENT 46376 1596444126 0/0/0/0/5 INPUT 4 1 0 v:124
3/08/2020 9:01:08 AM,252 Event OK
3/08/2020 9:01:08 AM,EVENT 46377 1596444129 0/0/0/0/5 INPUT 4 0 3 v:124
3/08/2020 9:01:08 AM,252 Event OK
3/08/2020 9:01:08 AM,EVENT 46378 1596444129 0/0/0/0/0 INPUT 4 1 0 v:124
3/08/2020 9:01:08 AM,252 Event OK
3/08/2020 9:01:09 AM,EVENT 46379 1596444136 0/0/0/0/5 INPUT 3 1 0 v:124
3/08/2020 9:01:09 AM,252 Event OK
3/08/2020 9:01:09 AM,EVENT 46380 1596444171 0/0/0/0/15 INPUT 3 0 35 v:124
3/08/2020 9:01:09 AM,252 Event OK
3/08/2020 9:01:09 AM,EVENT 46381 1596444173 0/0/0/0/7 INPUT 3 1 0 v:124
3/08/2020 9:01:09 AM,252 Event OK
3/08/2020 9:01:10 AM,EVENT 46382 1596444211 0/0/0/99/25 ZONEOVERSPEED 46343 19 34 1 v:124
3/08/2020 9:01:10 AM,252 Event OK
3/08/2020 9:01:10 AM,EVENT 46383 1596444448 0/0/0/0/10 INPUT 3 0 276 v:124
3/08/2020 9:01:10 AM,252 Event OK
3/08/2020 9:01:10 AM,EVENT 46384 1596444470 0/0/0/0/6 INPUT 3 1 0 v:124
3/08/2020 9:01:10 AM,252 Event OK
3/08/2020 9:01:11 AM,EVENT 46385 1596444616 0/0/0/0/29 ZONEOVERSPEED 46343 9 32 1 v:124
3/08/2020 9:01:11 AM,252 Event OK
3/08/2020 9:01:11 AM,EVENT 46386 1596445053 0/0/0/0/12 INPUT 3 0 583 v:124
3/08/2020 9:01:11 AM,252 Event OK
3/08/2020 9:01:11 AM,EVENT 46387 1596445059 0/0/0/0/4 INPUT 7 1 0 v:124
3/08/2020 9:01:11 AM,252 Event OK
3/08/2020 9:01:12 AM,EVENT 46388 1596445059 0/0/0/0/4 INPUT 8 0 1548 v:124
3/08/2020 9:01:12 AM,252 Event OK
3/08/2020 9:01:12 AM,EVENT 46389 1596445059 0/0/0/0/4 INPUT 1 1 0 v:124
3/08/2020 9:01:12 AM,252 Event OK
3/08/2020 9:01:12 AM,EVENT 46390 1596445060 0/0/0/0/0 INPUT 4 0 931 v:124
3/08/2020 9:01:12 AM,252 Event OK
3/08/2020 9:01:13 AM,EVENT 46391 1596445063 0/0/0/0/0 TRIP 46343 1088 445 11 8 1544 v:124
3/08/2020 9:01:13 AM,252 Event OK
3/08/2020 9:01:13 AM,EVENT 46392 1596445063 0/0/0/0/0 TRIPSUMMARY 46343 v:124
3/08/2020 9:01:13 AM,252 Event OK
3/08/2020 9:01:13 AM,EVENT 46393 1596445098 -310121758/1219228935/848/1/0 REPORT * 0 0 v:124
3/08/2020 9:01:13 AM,252 Event OK
3/08/2020 9:01:13 AM,QUIT
3/08/2020 9:01:13 AM,221 Session ended - goodbye
3/08/2020 9:06:05 AM,UNIT 9279
3/08/2020 9:06:05 AM,333 CHAL 3C463861
3/08/2020 9:06:06 AM,RESP BCF328CF
3/08/2020 9:06:06 AM,230 Auth OK
3/08/2020 9:06:07 AM,TIME
3/08/2020 9:06:07 AM,211 TIME 1596445567
3/08/2020 9:06:08 AM,EVCOUNT 25
3/08/2020 9:06:08 AM,252 Event OK
3/08/2020 9:06:09 AM,TODO
3/08/2020 9:06:09 AM,226 Nothing to do
3/08/2020 9:06:10 AM,EVENT 46394 1596445396 -310121765/1219229068/845/0/0 INPUT 8 1 0 v:124
3/08/2020 9:06:10 AM,252 Event OK
3/08/2020 9:06:11 AM,EVENT 46395 1596445396 -310121764/1219229069/843/0/0 INPUT 7 0 337 v:124
3/08/2020 9:06:11 AM,252 Event OK
3/08/2020 9:06:14 AM,EVENT 46396 1596445404 -310121711/1219229117/836/0/0 SIGNON 2544 03d5def0 OK 26 151087 0 v:124
3/08/2020 9:06:14 AM,252 Event OK
3/08/2020 9:06:15 AM,EVENT 46397 1596445411 -310121682/1219229124/822/0/0 INPUT 1 0 351 v:124
3/08/2020 9:06:15 AM,252 Event OK
3/08/2020 9:06:16 AM,EVENT 46398 1596445411 -310121680/1219229125/821/0/0 INPUT 4 1 0 v:124
3/08/2020 9:06:16 AM,252 Event OK
3/08/2020 9:06:17 AM,EVENT 46399 1596445412 -310121677/1219229125/820/0/0 OILPRESSURE 46396 2 v:124
3/08/2020 9:06:17 AM,252 Event OK
3/08/2020 9:06:17 AM,EVENT 46400 1596445416 -310121478/1219229361/812/0/5 INPUT 3 1 0 v:124
3/08/2020 9:06:17 AM,252 Event OK
3/08/2020 9:06:26 AM,EVENT 46401 1596445466 -310128620/1219228477/838/0/9 INPUT 3 0 50 v:124
3/08/2020 9:06:26 AM,252 Event OK
3/08/2020 9:06:27 AM,EVENT 46402 1596445467 -310128613/1219228464/837/0/5 INPUT 4 0 56 v:124
3/08/2020 9:06:27 AM,252 Event OK
3/08/2020 9:06:29 AM,EVENT 46403 1596445467 -310128613/1219228464/837/0/5 INPUT 4 1 0 v:124
3/08/2020 9:06:29 AM,252 Event OK
3/08/2020 9:06:35 AM,EVENT 46404 1596445470 -310128615/1219228465/833/0/5 INPUT 7 1 0 v:124
3/08/2020 9:06:35 AM,252 Event OK
3/08/2020 9:06:35 AM,EVENT 46405 1596445470 -310128615/1219228465/833/0/5 INPUT 8 0 74 v:124
3/08/2020 9:06:35 AM,252 Event OK
3/08/2020 9:06:36 AM,EVENT 46406 1596445470 -310128617/1219228465/831/0/0 INPUT 1 1 0 v:124
3/08/2020 9:06:36 AM,252 Event OK
3/08/2020 9:06:36 AM,EVENT 46407 1596445472 -310128624/1219228467/826/4/0 INPUT 4 0 4 v:124
3/08/2020 9:06:36 AM,252 Event OK
3/08/2020 9:06:36 AM,EVENT 46408 1596445474 -310128626/1219228461/814/4/0 TRIP 46396 49 11 10 7 70 v:124
3/08/2020 9:06:36 AM,252 Event OK
3/08/2020 9:06:37 AM,EVENT 46409 1596445474 -310128626/1219228461/814/4/0 TRIPSUMMARY 46396 v:124
3/08/2020 9:06:37 AM,252 Event OK
3/08/2020 9:06:37 AM,EVENT 46410 1596445538 -310128552/1219228481/775/3/0 INPUT 8 1 0 v:124
3/08/2020 9:06:37 AM,252 Event OK
3/08/2020 9:06:37 AM,EVENT 46411 1596445538 -310128551/1219228479/775/3/0 INPUT 7 0 69 v:124
3/08/2020 9:06:37 AM,252 Event OK
3/08/2020 9:06:38 AM,EVENT 46412 1596445539 -310128549/1219228476/775/3/0 DEBUG Time(BAD):1596445539->4294967295 v:124
3/08/2020 9:06:38 AM,252 Event OK
3/08/2020 9:06:38 AM,EVENT 46413 1596445548 -310128532/1219228444/780/3/0 SIGNON 2544 03d5def0 OK 26 151087 0 v:124
3/08/2020 9:06:38 AM,252 Event OK
3/08/2020 9:06:39 AM,EVENT 46414 1596445554 -310128529/1219228437/784/3/0 INPUT 1 0 83 v:124
3/08/2020 9:06:39 AM,252 Event OK
3/08/2020 9:06:39 AM,EVENT 46415 1596445555 -310128531/1219228439/782/3/0 INPUT 4 1 0 v:124
3/08/2020 9:06:39 AM,252 Event OK
3/08/2020 9:06:40 AM,EVENT 46416 1596445555 -310128532/1219228441/780/3/0 OILPRESSURE 46413 2 v:124
3/08/2020 9:06:40 AM,252 Event OK
3/08/2020 9:06:40 AM,EVENT 46417 1596445560 -310128567/1219228469/768/4/0 INPUT 4 0 6 v:124
3/08/2020 9:06:40 AM,252 Event OK
3/08/2020 9:06:41 AM,EVENT 46418 1596445561 -310128591/1219228485/766/4/0 INPUT 4 1 0 v:124
3/08/2020 9:06:41 AM,252 Event OK
3/08/2020 9:06:41 AM,EVENT 46419 1596445574 -310128975/1219228501/789/2/7 INPUT 3 1 0 v:124
3/08/2020 9:06:41 AM,252 Event OK
3/08/2020 9:06:42 AM,EVENT 46420 1596445575 -310129048/1219228400/783/2/9 INPUT 3 0 1 v:124
3/08/2020 9:06:42 AM,252 Event OK
3/08/2020 9:06:42 AM,EVENT 46421 1596445575 -310129198/1219228230/776/2/8 INPUT 3 1 0 v:124
3/08/2020 9:06:42 AM,252 Event OK
3/08/2020 9:06:52 AM,QUIT
3/08/2020 9:06:52 AM,221 Session ended - goodbye
3/08/2020 9:07:49 AM,UNIT 9279
3/08/2020 9:07:49 AM,333 CHAL 20F7AC5B
3/08/2020 9:07:50 AM,RESP CB664483
3/08/2020 9:07:50 AM,230 Auth OK
3/08/2020 9:07:50 AM,TIME
3/08/2020 9:07:50 AM,211 TIME 1596445670
3/08/2020 9:07:51 AM,EVCOUNT 1
3/08/2020 9:07:51 AM,252 Event OK
3/08/2020 9:07:51 AM,TODO
3/08/2020 9:07:51 AM,226 Nothing to do
3/08/2020 9:07:52 AM,EVENT 46422 1596445663 -310121978/1219228642/850/0/11 INPUT 3 0 88 v:124
3/08/2020 9:07:52 AM,252 Event OK
3/08/2020 9:07:52 AM,QUIT
3/08/2020 9:07:52 AM,221 Session ended - goodbye
3/08/2020 9:08:34 AM,UNIT 9279
3/08/2020 9:08:34 AM,333 CHAL 23245B06
3/08/2020 9:08:34 AM,RESP CC4E8AC1
3/08/2020 9:08:34 AM,230 Auth OK
3/08/2020 9:08:35 AM,TIME
3/08/2020 9:08:35 AM,211 TIME 1596445715
3/08/2020 9:08:35 AM,EVCOUNT 4
3/08/2020 9:08:35 AM,252 Event OK
3/08/2020 9:08:35 AM,TODO
3/08/2020 9:08:35 AM,226 Nothing to do
3/08/2020 9:08:36 AM,EVENT 46423 1596445707 -310121862/1219228541/856/0/0 INPUT 7 1 0 v:124
3/08/2020 9:08:36 AM,252 Event OK
3/08/2020 9:08:37 AM,EVENT 46424 1596445707 -310121862/1219228541/856/0/0 INPUT 8 0 170 v:124
3/08/2020 9:08:37 AM,252 Event OK
3/08/2020 9:08:37 AM,EVENT 46425 1596445708 -310121858/1219228543/856/0/0 INPUT 8 1 0 v:124
3/08/2020 9:08:37 AM,252 Event OK
3/08/2020 9:08:38 AM,EVENT 46426 1596445708 -310121858/1219228543/856/0/6 INPUT 7 0 0 v:124
3/08/2020 9:08:38 AM,252 Event OK
3/08/2020 9:08:39 AM,QUIT
3/08/2020 9:08:39 AM,221 Session ended - goodbye
3/08/2020 9:09:13 AM,UNIT 9279
3/08/2020 9:09:13 AM,333 CHAL 27665667
3/08/2020 9:09:13 AM,RESP 53D4DBC6
3/08/2020 9:09:13 AM,230 Auth OK
3/08/2020 9:09:13 AM,TIME
3/08/2020 9:09:13 AM,211 TIME 1596445753
3/08/2020 9:09:14 AM,EVCOUNT 2
3/08/2020 9:09:14 AM,252 Event OK
3/08/2020 9:09:14 AM,TODO
3/08/2020 9:09:14 AM,226 Nothing to do
3/08/2020 9:09:15 AM,EVENT 46427 1596445746 -310121795/1219228638/865/1/0 INPUT 4 0 186 v:124
3/08/2020 9:09:15 AM,252 Event OK
3/08/2020 9:09:16 AM,EVENT 46428 1596445746 -310121795/1219228638/865/1/0 INPUT 4 1 0 v:124
3/08/2020 9:09:16 AM,252 Event OK
3/08/2020 9:09:16 AM,QUIT
3/08/2020 9:09:16 AM,221 Session ended - goodbye
3/08/2020 9:10:28 AM,UNIT 9279
3/08/2020 9:10:28 AM,333 CHAL 33664D62
3/08/2020 9:10:28 AM,RESP 37B3DCA2
3/08/2020 9:10:28 AM,230 Auth OK
3/08/2020 9:10:28 AM,TIME
3/08/2020 9:10:28 AM,211 TIME 1596445828
3/08/2020 9:10:29 AM,EVCOUNT 2
3/08/2020 9:10:29 AM,252 Event OK
3/08/2020 9:10:29 AM,TODO
3/08/2020 9:10:29 AM,226 Nothing to do
3/08/2020 9:10:30 AM,EVENT 46429 1596445821 -310122017/1219228710/881/3/0 INPUT 4 0 75 v:124
3/08/2020 9:10:30 AM,252 Event OK
3/08/2020 9:10:31 AM,EVENT 46430 1596445821 -310122017/1219228710/881/3/0 INPUT 4 1 0 v:124
3/08/2020 9:10:31 AM,252 Event OK
3/08/2020 9:10:31 AM,QUIT
3/08/2020 9:10:31 AM,221 Session ended - goodbye
3/08/2020 9:14:16 AM,UNIT 9279
3/08/2020 9:14:16 AM,333 CHAL 3D971D86
3/08/2020 9:14:16 AM,RESP BDD34A94
3/08/2020 9:14:16 AM,230 Auth OK
3/08/2020 9:14:17 AM,TIME
3/08/2020 9:14:17 AM,211 TIME 1596446057
3/08/2020 9:14:17 AM,EVCOUNT 2
3/08/2020 9:14:17 AM,252 Event OK
3/08/2020 9:14:18 AM,TODO
3/08/2020 9:14:18 AM,226 Nothing to do
3/08/2020 9:14:18 AM,EVENT 46431 1596446049 -310121764/1219228593/833/2/0 INPUT 4 0 228 v:124
3/08/2020 9:14:18 AM,252 Event OK
3/08/2020 9:14:19 AM,EVENT 46432 1596446049 -310121764/1219228593/833/2/0 INPUT 4 1 0 v:124
3/08/2020 9:14:19 AM,252 Event OK
3/08/2020 9:14:20 AM,QUIT
3/08/2020 9:14:20 AM,221 Session ended - goodbye
3/08/2020 9:15:21 AM,UNIT 9279
3/08/2020 9:15:21 AM,333 CHAL 3FF1F8A3
3/08/2020 9:15:22 AM,RESP 9C265D7A
3/08/2020 9:15:22 AM,230 Auth OK
3/08/2020 9:15:22 AM,TIME
3/08/2020 9:15:22 AM,211 TIME 1596446122
3/08/2020 9:15:23 AM,EVCOUNT 2
3/08/2020 9:15:23 AM,252 Event OK
3/08/2020 9:15:23 AM,TODO
3/08/2020 9:15:23 AM,226 Nothing to do
3/08/2020 9:15:24 AM,EVENT 46433 1596446115 -310121784/1219228602/938/2/0 INPUT 4 0 66 v:124
3/08/2020 9:15:24 AM,252 Event OK
3/08/2020 9:15:25 AM,EVENT 46434 1596446115 -310121784/1219228602/938/2/0 INPUT 4 1 0 v:124
3/08/2020 9:15:25 AM,252 Event OK
3/08/2020 9:15:25 AM,QUIT
3/08/2020 9:15:25 AM,221 Session ended - goodbye
3/08/2020 9:16:28 AM,UNIT 9279
3/08/2020 9:16:28 AM,333 CHAL 618F7A93
3/08/2020 9:16:28 AM,RESP 72C88FAE
3/08/2020 9:16:28 AM,230 Auth OK
3/08/2020 9:16:29 AM,TIME
3/08/2020 9:16:29 AM,211 TIME 1596446189
3/08/2020 9:16:29 AM,EVCOUNT 2
3/08/2020 9:16:29 AM,252 Event OK
3/08/2020 9:16:30 AM,TODO
3/08/2020 9:16:30 AM,226 Nothing to do
3/08/2020 9:16:30 AM,EVENT 46435 1596446181 -310121992/1219228642/946/1/0 INPUT 4 0 66 v:124
3/08/2020 9:16:30 AM,252 Event OK
3/08/2020 9:16:31 AM,EVENT 46436 1596446181 -310121992/1219228642/946/1/0 INPUT 4 1 0 v:124
3/08/2020 9:16:31 AM,252 Event OK
3/08/2020 9:16:31 AM,QUIT
3/08/2020 9:16:31 AM,221 Session ended - goodbye
3/08/2020 9:18:20 AM,UNIT 9279
3/08/2020 9:18:20 AM,333 CHAL 42C4EE54
3/08/2020 9:18:20 AM,RESP AB3E57C8
3/08/2020 9:18:20 AM,230 Auth OK
3/08/2020 9:18:20 AM,TIME
3/08/2020 9:18:20 AM,211 TIME 1596446300
3/08/2020 9:18:21 AM,EVCOUNT 1
3/08/2020 9:18:21 AM,252 Event OK
3/08/2020 9:18:21 AM,TODO
3/08/2020 9:18:21 AM,226 Nothing to do
3/08/2020 9:18:24 AM,EVENT 46437 1596446285 -310121668/1219229191/980/1/6 INPUT 3 1 0 v:124
3/08/2020 9:18:24 AM,252 Event OK
3/08/2020 9:18:24 AM,QUIT
3/08/2020 9:18:24 AM,221 Session ended - goodbye
3/08/2020 9:19:52 AM,UNIT 9279
3/08/2020 9:19:52 AM,333 CHAL 3351167C
3/08/2020 9:19:53 AM,RESP 91495453
3/08/2020 9:19:53 AM,230 Auth OK
3/08/2020 9:19:53 AM,TIME
3/08/2020 9:19:53 AM,211 TIME 1596446393
3/08/2020 9:19:54 AM,EVCOUNT 1
3/08/2020 9:19:54 AM,252 Event OK
3/08/2020 9:19:54 AM,TODO
3/08/2020 9:19:54 AM,226 Nothing to do
3/08/2020 9:19:55 AM,EVENT 46438 1596446386 -310143205/1219230374/864/2/11 INPUT 3 0 102 v:124
3/08/2020 9:19:55 AM,252 Event OK
3/08/2020 9:19:55 AM,QUIT
3/08/2020 9:19:55 AM,221 Session ended - goodbye
3/08/2020 9:20:05 AM,UNIT 9279
3/08/2020 9:20:05 AM,333 CHAL 56EF13DE
3/08/2020 9:20:06 AM,RESP E9C95E6E
3/08/2020 9:20:06 AM,230 Auth OK
3/08/2020 9:20:06 AM,TIME
3/08/2020 9:20:06 AM,211 TIME 1596446406
3/08/2020 9:20:07 AM,EVCOUNT 6
3/08/2020 9:20:07 AM,252 Event OK
3/08/2020 9:20:07 AM,TODO
3/08/2020 9:20:07 AM,226 Nothing to do
3/08/2020 9:20:08 AM,EVENT 46439 1596446392 -310143536/1219230435/888/2/5 INPUT 7 1 0 v:124
3/08/2020 9:20:08 AM,252 Event OK
3/08/2020 9:20:09 AM,EVENT 46440 1596446392 -310143536/1219230435/888/2/5 INPUT 8 0 684 v:124
3/08/2020 9:20:09 AM,252 Event OK
3/08/2020 9:20:09 AM,EVENT 46441 1596446393 -310143534/1219230425/895/2/0 INPUT 1 1 0 v:124
3/08/2020 9:20:09 AM,252 Event OK
3/08/2020 9:20:10 AM,EVENT 46442 1596446395 -310143538/1219230405/902/2/0 INPUT 4 0 213 v:124
3/08/2020 9:20:10 AM,252 Event OK
3/08/2020 9:20:11 AM,EVENT 46443 1596446396 -310143539/1219230392/908/2/0 TRIP 46413 191 649 9 7 849 v:124
3/08/2020 9:20:11 AM,252 Event OK
3/08/2020 9:20:11 AM,EVENT 46444 1596446396 -310143539/1219230392/908/2/0 TRIPSUMMARY 46413 v:124
3/08/2020 9:20:11 AM,252 Event OK
3/08/2020 9:20:12 AM,QUIT
3/08/2020 9:20:12 AM,221 Session ended - goodbye
3/08/2020 10:12:04 AM,UNIT 9279
3/08/2020 10:12:04 AM,333 CHAL 2E705066
3/08/2020 10:12:04 AM,RESP 72040121
3/08/2020 10:12:04 AM,230 Auth OK
3/08/2020 10:12:04 AM,TIME
3/08/2020 10:12:04 AM,211 TIME 1596449524
3/08/2020 10:12:04 AM,EVCOUNT 11
3/08/2020 10:12:04 AM,252 Event OK
3/08/2020 10:12:04 AM,TODO
3/08/2020 10:12:04 AM,226 Nothing to do
3/08/2020 10:12:05 AM,EVENT 46445 1596449497 0/0/0/0/0 SWSTART OpusFC 5.0.58.510 R v:124
3/08/2020 10:12:05 AM,252 Event OK
3/08/2020 10:12:05 AM,EVENT 46446 1596446396 0/0/0/0/0 POWERDOWN v:124
3/08/2020 10:12:05 AM,252 Event OK
3/08/2020 10:12:06 AM,EVENT 46447 1596449497 0/0/0/0/0 INPUT 1 1 0 v:124
3/08/2020 10:12:06 AM,252 Event OK
3/08/2020 10:12:06 AM,EVENT 46448 1596449497 0/0/0/0/0 INPUT 2 0 0 v:124
3/08/2020 10:12:06 AM,252 Event OK
3/08/2020 10:12:06 AM,EVENT 46449 1596449497 0/0/0/0/0 INPUT 3 0 0 v:124
3/08/2020 10:12:06 AM,252 Event OK
3/08/2020 10:12:06 AM,EVENT 46450 1596449497 0/0/0/0/0 INPUT 4 0 0 v:124
3/08/2020 10:12:06 AM,252 Event OK
3/08/2020 10:12:07 AM,EVENT 46451 1596449497 0/0/0/0/0 INPUT 7 0 0 v:124
3/08/2020 10:12:07 AM,252 Event OK
3/08/2020 10:12:07 AM,EVENT 46452 1596449497 0/0/0/0/0 INPUT 8 1 0 v:124
3/08/2020 10:12:07 AM,252 Event OK
3/08/2020 10:12:07 AM,EVENT 46453 1596449499 0/0/0/0/0 ZONE_OK 2 100 FW=NO VERSION v:124
3/08/2020 10:12:07 AM,252 Event OK
3/08/2020 10:12:07 AM,EVENT 46454 1596449509 0/0/0/0/0 SIGNON 2520 03dbed13 OK_CL 26 120976 0 v:124
3/08/2020 10:12:07 AM,252 Event OK
3/08/2020 10:12:08 AM,EVENT 46455 1596449516 0/0/0/99/0 CHECKLIST 46454 OK 0 7 432 F v:124
3/08/2020 10:12:08 AM,252 Event OK
3/08/2020 10:12:08 AM,EVENT 46456 1596449522 0/0/0/0/0 INPUT 1 0 24 v:123
3/08/2020 10:12:08 AM,252 Event OK
3/08/2020 10:12:08 AM,EVENT 46457 1596449523 0/0/0/0/0 INPUT 4 1 0 v:123
3/08/2020 10:12:08 AM,252 Event OK
3/08/2020 10:12:08 AM,EVENT 46458 1596449523 0/0/0/0/0 OILPRESSURE 46454 5 v:123
3/08/2020 10:12:08 AM,252 Event OK
3/08/2020 10:12:08 AM,QUIT
3/08/2020 10:12:08 AM,221 Session ended - goodbye
3/08/2020 10:12:58 AM,UNIT 9279
3/08/2020 10:12:58 AM,333 CHAL 40F7B523
3/08/2020 10:12:59 AM,RESP 8EA98BEF
3/08/2020 10:12:59 AM,230 Auth OK
3/08/2020 10:12:59 AM,TIME
3/08/2020 10:12:59 AM,211 TIME 1596449579
3/08/2020 10:13:00 AM,EVCOUNT 2
3/08/2020 10:13:00 AM,252 Event OK
3/08/2020 10:13:00 AM,TODO
3/08/2020 10:13:00 AM,226 Nothing to do
3/08/2020 10:13:01 AM,EVENT 46459 1596449572 -310143689/1219230336/900/4/0 INPUT 4 0 50 v:124
3/08/2020 10:13:01 AM,252 Event OK
3/08/2020 10:13:01 AM,EVENT 46460 1596449572 -310143689/1219230336/900/4/0 INPUT 4 1 0 v:124
3/08/2020 10:13:01 AM,252 Event OK
3/08/2020 10:13:02 AM,QUIT
3/08/2020 10:13:02 AM,221 Session ended - goodbye
3/08/2020 10:15:10 AM,UNIT 9279
3/08/2020 10:15:10 AM,333 CHAL 7738D8F2
3/08/2020 10:15:11 AM,RESP 6ED67E45
3/08/2020 10:15:11 AM,230 Auth OK
3/08/2020 10:15:11 AM,TIME
3/08/2020 10:15:11 AM,211 TIME 1596449711
3/08/2020 10:15:12 AM,EVCOUNT 2
3/08/2020 10:15:12 AM,252 Event OK
3/08/2020 10:15:12 AM,TODO
3/08/2020 10:15:12 AM,226 Nothing to do
3/08/2020 10:15:13 AM,EVENT 46461 1596449704 -310143644/1219230408/949/4/0 INPUT 4 0 132 v:124
3/08/2020 10:15:13 AM,252 Event OK
3/08/2020 10:15:13 AM,EVENT 46462 1596449704 -310143644/1219230408/949/4/0 INPUT 4 1 0 v:124
3/08/2020 10:15:13 AM,252 Event OK
3/08/2020 10:15:14 AM,QUIT
3/08/2020 10:15:14 AM,221 Session ended - goodbye
3/08/2020 10:15:24 AM,UNIT 9279
3/08/2020 10:15:24 AM,333 CHAL 14265D83
3/08/2020 10:15:25 AM,RESP EE949D33
3/08/2020 10:15:25 AM,230 Auth OK
3/08/2020 10:15:25 AM,TIME
3/08/2020 10:15:25 AM,211 TIME 1596449725
3/08/2020 10:15:26 AM,EVCOUNT 4
3/08/2020 10:15:26 AM,252 Event OK
3/08/2020 10:15:26 AM,TODO
3/08/2020 10:15:26 AM,226 Nothing to do
3/08/2020 10:15:27 AM,EVENT 46463 1596449714 -310143628/1219230420/939/4/0 INPUT 4 0 10 v:124
3/08/2020 10:15:27 AM,252 Event OK
3/08/2020 10:15:28 AM,EVENT 46464 1596449715 -310143607/1219230419/937/4/0 INPUT 4 1 0 v:124
3/08/2020 10:15:28 AM,252 Event OK
3/08/2020 10:15:28 AM,EVENT 46465 1596449720 -310143332/1219230354/941/4/0 INPUT 4 0 6 v:124
3/08/2020 10:15:28 AM,252 Event OK
3/08/2020 10:15:29 AM,EVENT 46466 1596449720 -310143332/1219230354/941/4/0 INPUT 4 1 0 v:124
3/08/2020 10:15:29 AM,252 Event OK
3/08/2020 10:15:29 AM,QUIT
3/08/2020 10:15:29 AM,221 Session ended - goodbye
3/08/2020 10:15:48 AM,UNIT 9279
3/08/2020 10:15:48 AM,333 CHAL 2797D145
3/08/2020 10:15:49 AM,RESP 34CD9EC8
3/08/2020 10:15:49 AM,230 Auth OK
3/08/2020 10:15:49 AM,TIME
3/08/2020 10:15:49 AM,211 TIME 1596449749
3/08/2020 10:15:50 AM,EVCOUNT 3
3/08/2020 10:15:50 AM,252 Event OK
3/08/2020 10:15:50 AM,TODO
3/08/2020 10:15:50 AM,226 Nothing to do
3/08/2020 10:15:51 AM,EVENT 46467 1596449742 -310143265/1219232783/1020/4/8 INPUT 3 1 0 v:124
3/08/2020 10:15:51 AM,252 Event OK
3/08/2020 10:15:52 AM,EVENT 46468 1596449743 -310143254/1219232909/1020/4/9 INPUT 3 0 0 v:124
3/08/2020 10:15:52 AM,252 Event OK
3/08/2020 10:15:52 AM,EVENT 46469 1596449744 -310143241/1219233167/1024/4/8 INPUT 3 1 0 v:124
3/08/2020 10:15:52 AM,252 Event OK
3/08/2020 10:15:53 AM,QUIT
3/08/2020 10:15:53 AM,221 Session ended - goodbye
3/08/2020 10:17:10 AM,UNIT 9279
3/08/2020 10:17:10 AM,333 CHAL 3A05DAD4
3/08/2020 10:17:10 AM,RESP 3D43518E
3/08/2020 10:17:10 AM,230 Auth OK
3/08/2020 10:17:11 AM,TIME
3/08/2020 10:17:11 AM,211 TIME 1596449831
3/08/2020 10:17:11 AM,EVCOUNT 3
3/08/2020 10:17:11 AM,252 Event OK
3/08/2020 10:17:12 AM,TODO
3/08/2020 10:17:12 AM,226 Nothing to do
3/08/2020 10:17:12 AM,EVENT 46470 1596449823 -310122053/1219236578/943/8/9 INPUT 3 0 80 v:124
3/08/2020 10:17:12 AM,252 Event OK
3/08/2020 10:17:13 AM,EVENT 46471 1596449824 -310121860/1219236456/946/8/8 INPUT 3 1 0 v:124
3/08/2020 10:17:13 AM,252 Event OK
3/08/2020 10:17:14 AM,EVENT 46472 1596449825 -310121765/1219236399/948/8/8 INPUT 3 0 0 v:124
3/08/2020 10:17:14 AM,252 Event OK
3/08/2020 10:17:14 AM,EVENT 46473 1596449828 -310121523/1219236257/954/8/5 INPUT 3 1 0 v:124
3/08/2020 10:17:14 AM,252 Event OK
3/08/2020 10:17:15 AM,EVENT 46474 1596449828 -310121523/1219236257/954/8/5 INPUT 7 1 0 v:124
3/08/2020 10:17:15 AM,252 Event OK
3/08/2020 10:17:16 AM,EVENT 46475 1596449828 -310121523/1219236257/954/8/5 INPUT 8 0 331 v:124
3/08/2020 10:17:16 AM,252 Event OK
3/08/2020 10:17:17 AM,EVENT 46476 1596449829 -310121525/1219236257/954/8/106 INPUT 1 1 0 v:123
3/08/2020 10:17:17 AM,252 Event OK
3/08/2020 10:17:17 AM,EVENT 46477 1596449830 -310121525/1219236256/953/8/150 INPUT 3 0 2 v:123
3/08/2020 10:17:17 AM,252 Event OK
3/08/2020 10:17:18 AM,EVENT 46478 1596449832 -310121526/1219236257/953/7/150 INPUT 4 0 112 v:123
3/08/2020 10:17:18 AM,252 Event OK
3/08/2020 10:17:19 AM,EVENT 46479 1596449833 -310121528/1219236258/954/7/0 TRIP 46454 82 228 10 9 320 v:123
3/08/2020 10:17:19 AM,252 Event OK
3/08/2020 10:17:19 AM,EVENT 46480 1596449833 -310121528/1219236258/954/7/0 TRIPSUMMARY 46454 v:123
3/08/2020 10:17:19 AM,252 Event OK
3/08/2020 10:17:20 AM,QUIT
3/08/2020 10:17:20 AM,221 Session ended - goodbye
3/08/2020 10:17:50 AM,UNIT 9279
3/08/2020 10:17:50 AM,333 CHAL 324876B2
3/08/2020 10:17:51 AM,RESP 6DEC2E0A
3/08/2020 10:17:51 AM,230 Auth OK
3/08/2020 10:17:51 AM,TIME
3/08/2020 10:17:51 AM,211 TIME 1596449871
3/08/2020 10:17:52 AM,EVCOUNT 1
3/08/2020 10:17:52 AM,252 Event OK
3/08/2020 10:17:53 AM,TODO
3/08/2020 10:17:53 AM,226 Nothing to do
3/08/2020 10:17:53 AM,EVENT 46481 1596449865 -310121528/1219236236/917/5/0 REPORT * 0 70 v:124
3/08/2020 10:17:53 AM,252 Event OK
3/08/2020 10:17:54 AM,QUIT
3/08/2020 10:17:54 AM,221 Session ended - goodbye
3/08/2020 10:18:23 AM,UNIT 9279
3/08/2020 10:18:23 AM,333 CHAL 272CCD40
3/08/2020 10:18:23 AM,RESP F47FC547
3/08/2020 10:18:23 AM,230 Auth OK
3/08/2020 10:18:24 AM,TIME
3/08/2020 10:18:24 AM,211 TIME 1596449904
3/08/2020 10:18:24 AM,EVCOUNT 2
3/08/2020 10:18:24 AM,252 Event OK
3/08/2020 10:18:25 AM,TODO
3/08/2020 10:18:25 AM,226 Nothing to do
3/08/2020 10:18:26 AM,EVENT 46482 1596449896 -310121533/1219236176/885/6/0 INPUT 8 1 0 v:124
3/08/2020 10:18:26 AM,252 Event OK
3/08/2020 10:18:27 AM,EVENT 46483 1596449897 -310121539/1219236178/883/6/0 INPUT 7 0 68 v:124
3/08/2020 10:18:27 AM,252 Event OK
3/08/2020 10:18:28 AM,QUIT
3/08/2020 10:18:28 AM,221 Session ended - goodbye
3/08/2020 10:18:38 AM,UNIT 9279
3/08/2020 10:18:38 AM,333 CHAL 1386D418
3/08/2020 10:18:38 AM,RESP D974B921
3/08/2020 10:18:38 AM,230 Auth OK
3/08/2020 10:18:39 AM,TIME
3/08/2020 10:18:39 AM,211 TIME 1596449919
3/08/2020 10:18:40 AM,EVCOUNT 4
3/08/2020 10:18:40 AM,252 Event OK
3/08/2020 10:18:40 AM,TODO
3/08/2020 10:18:40 AM,226 Nothing to do
3/08/2020 10:18:41 AM,EVENT 46484 1596449908 -310121526/1219236170/870/6/0 SIGNON 2520 03dbed13 OK 26 120976 0 v:124
3/08/2020 10:18:41 AM,252 Event OK
3/08/2020 10:18:42 AM,EVENT 46485 1596449914 -310121488/1219236134/851/6/0 INPUT 1 0 84 v:124
3/08/2020 10:18:42 AM,252 Event OK
3/08/2020 10:18:42 AM,EVENT 46486 1596449915 -310121483/1219236128/847/6/0 INPUT 4 1 0 v:124
3/08/2020 10:18:42 AM,252 Event OK
3/08/2020 10:18:43 AM,EVENT 46487 1596449915 -310121481/1219236126/846/6/0 OILPRESSURE 46484 2 v:124
3/08/2020 10:18:43 AM,252 Event OK
3/08/2020 10:18:44 AM,QUIT
3/08/2020 10:18:44 AM,221 Session ended - goodbye
3/08/2020 10:18:54 AM,UNIT 9279
3/08/2020 10:18:54 AM,333 CHAL 1A40CE07
3/08/2020 10:18:54 AM,RESP 7DB12A62
3/08/2020 10:18:54 AM,230 Auth OK
3/08/2020 10:18:55 AM,TIME
3/08/2020 10:18:55 AM,211 TIME 1596449935
3/08/2020 10:18:56 AM,EVCOUNT 1
3/08/2020 10:18:56 AM,252 Event OK
3/08/2020 10:18:56 AM,TODO
3/08/2020 10:18:56 AM,226 Nothing to do
3/08/2020 10:18:57 AM,EVENT 46488 1596449921 -310120842/1219235720/845/6/7 INPUT 3 1 0 v:124
3/08/2020 10:18:57 AM,252 Event OK
3/08/2020 10:18:58 AM,QUIT
3/08/2020 10:18:58 AM,221 Session ended - goodbye
3/08/2020 10:19:36 AM,UNIT 9279
3/08/2020 10:19:36 AM,333 CHAL 6ADF7E6B
3/08/2020 10:19:37 AM,RESP CA0E2D62
3/08/2020 10:19:37 AM,230 Auth OK
3/08/2020 10:19:38 AM,TIME
3/08/2020 10:19:38 AM,211 TIME 1596449978
3/08/2020 10:19:38 AM,EVCOUNT 1
3/08/2020 10:19:38 AM,252 Event OK
3/08/2020 10:19:39 AM,TODO
3/08/2020 10:19:39 AM,226 Nothing to do
3/08/2020 10:19:39 AM,EVENT 46489 1596449970 -310122082/1219233553/878/6/10 INPUT 3 0 48 v:124
3/08/2020 10:19:39 AM,252 Event OK
3/08/2020 10:19:40 AM,EVENT 46490 1596449975 -310121363/1219233003/1008/6/4 INPUT 7 1 0 v:124
3/08/2020 10:19:40 AM,252 Event OK
3/08/2020 10:19:41 AM,EVENT 46491 1596449975 -310121363/1219233003/1008/6/4 INPUT 8 0 79 v:124
3/08/2020 10:19:41 AM,252 Event OK
3/08/2020 10:19:41 AM,EVENT 46492 1596449976 -310121327/1219232972/1085/6/2 INPUT 1 1 0 v:124
3/08/2020 10:19:41 AM,252 Event OK
3/08/2020 10:19:42 AM,EVENT 46493 1596449977 -310121326/1219232970/1184/6/2 INPUT 4 0 63 v:123
3/08/2020 10:19:42 AM,252 Event OK
3/08/2020 10:19:42 AM,QUIT
3/08/2020 10:19:42 AM,221 Session ended - goodbye
3/08/2020 10:19:52 AM,UNIT 9279
3/08/2020 10:19:52 AM,333 CHAL 1220B80D
3/08/2020 10:19:53 AM,RESP E5FC01A6
3/08/2020 10:19:53 AM,230 Auth OK
3/08/2020 10:19:53 AM,TIME
3/08/2020 10:19:53 AM,211 TIME 1596449993
3/08/2020 10:19:54 AM,EVCOUNT 2
3/08/2020 10:19:54 AM,252 Event OK
3/08/2020 10:19:54 AM,TODO
3/08/2020 10:19:54 AM,226 Nothing to do
3/08/2020 10:19:55 AM,EVENT 46494 1596449979 -310121325/1219232978/1323/6/0 TRIP 46484 48 15 9 7 72 v:123
3/08/2020 10:19:55 AM,252 Event OK
3/08/2020 10:19:56 AM,EVENT 46495 1596449979 -310121325/1219232978/1323/6/0 TRIPSUMMARY 46484 v:123
3/08/2020 10:19:56 AM,252 Event OK
3/08/2020 10:19:56 AM,QUIT
3/08/2020 10:19:56 AM,221 Session ended - goodbye
3/08/2020 10:26:58 AM,UNIT 9279
3/08/2020 10:26:58 AM,333 CHAL 797F14A1
3/08/2020 10:26:58 AM,RESP 744423A2
3/08/2020 10:26:58 AM,230 Auth OK
3/08/2020 10:26:59 AM,TIME
3/08/2020 10:26:59 AM,211 TIME 1596450419
3/08/2020 10:26:59 AM,EVCOUNT 2
3/08/2020 10:26:59 AM,252 Event OK
3/08/2020 10:27:00 AM,TODO
3/08/2020 10:27:00 AM,226 Nothing to do
3/08/2020 10:27:01 AM,EVENT 46496 1596450412 -310124778/1219234515/2298/5/0 INPUT 8 1 0 v:124
3/08/2020 10:27:01 AM,252 Event OK
3/08/2020 10:27:01 AM,EVENT 46497 1596450412 -310124778/1219234515/2298/5/0 INPUT 7 0 437 v:124
3/08/2020 10:27:01 AM,252 Event OK
3/08/2020 10:27:02 AM,QUIT
3/08/2020 10:27:02 AM,221 Session ended - goodbye
3/08/2020 10:27:12 AM,UNIT 9279
3/08/2020 10:27:12 AM,333 CHAL 27DCFA0A
3/08/2020 10:27:13 AM,RESP 1B15059F
3/08/2020 10:27:13 AM,230 Auth OK
3/08/2020 10:27:13 AM,TIME
3/08/2020 10:27:13 AM,211 TIME 1596450433
3/08/2020 10:27:14 AM,EVCOUNT 4
3/08/2020 10:27:14 AM,252 Event OK
3/08/2020 10:27:14 AM,TODO
3/08/2020 10:27:14 AM,226 Nothing to do
3/08/2020 10:27:15 AM,EVENT 46498 1596450421 -310124844/1219234430/2398/5/0 SIGNON 2520 03dbed13 OK 26 120976 0 v:124
3/08/2020 10:27:15 AM,252 Event OK
3/08/2020 10:27:16 AM,EVENT 46499 1596450427 -310124870/1219234459/2493/5/0 INPUT 1 0 452 v:124
3/08/2020 10:27:16 AM,252 Event OK
3/08/2020 10:27:17 AM,EVENT 46500 1596450428 -310124876/1219234466/2495/5/0 INPUT 4 1 0 v:124
3/08/2020 10:27:17 AM,252 Event OK
3/08/2020 10:27:18 AM,EVENT 46501 1596450429 -310124897/1219234484/2505/5/0 OILPRESSURE 46498 3 v:124
3/08/2020 10:27:18 AM,252 Event OK
3/08/2020 10:27:18 AM,QUIT
3/08/2020 10:27:18 AM,221 Session ended - goodbye
3/08/2020 10:27:29 AM,UNIT 9279
3/08/2020 10:27:29 AM,333 CHAL 313FAFAA
3/08/2020 10:27:29 AM,RESP 117DD3ED
3/08/2020 10:27:29 AM,230 Auth OK
3/08/2020 10:27:30 AM,TIME
3/08/2020 10:27:30 AM,211 TIME 1596450450
3/08/2020 10:27:31 AM,EVCOUNT 4
3/08/2020 10:27:31 AM,252 Event OK
3/08/2020 10:27:31 AM,TODO
3/08/2020 10:27:31 AM,226 Nothing to do
3/08/2020 10:27:32 AM,EVENT 46502 1596450439 -310123453/1219234474/3209/5/0 INPUT 4 0 12 v:124
3/08/2020 10:27:32 AM,252 Event OK
3/08/2020 10:27:33 AM,EVENT 46503 1596450439 -310123453/1219234474/3209/5/0 INPUT 4 1 0 v:124
3/08/2020 10:27:33 AM,252 Event OK
3/08/2020 10:27:33 AM,EVENT 46504 1596450445 -310122786/1219234141/1486/5/0 INPUT 4 0 6 v:123
3/08/2020 10:27:33 AM,252 Event OK
3/08/2020 10:27:34 AM,EVENT 46505 1596450445 -310122786/1219234141/1486/5/0 INPUT 4 1 0 v:124
3/08/2020 10:27:34 AM,252 Event OK
3/08/2020 10:27:35 AM,EVENT 46506 1596450449 -310122627/1219234148/1245/5/0 INPUT 4 0 4 v:124
3/08/2020 10:27:35 AM,252 Event OK
3/08/2020 10:27:36 AM,EVENT 46507 1596450449 -310122627/1219234148/1245/5/0 INPUT 4 1 0 v:123
3/08/2020 10:27:36 AM,252 Event OK
3/08/2020 10:27:36 AM,QUIT
3/08/2020 10:27:36 AM,221 Session ended - goodbye
3/08/2020 10:27:51 AM,UNIT 9279
3/08/2020 10:27:51 AM,333 CHAL 75B0D419
3/08/2020 10:27:52 AM,RESP 3E8921E0
3/08/2020 10:27:52 AM,230 Auth OK
3/08/2020 10:27:53 AM,TIME
3/08/2020 10:27:53 AM,211 TIME 1596450473
3/08/2020 10:27:53 AM,EVCOUNT 1
3/08/2020 10:27:53 AM,252 Event OK
3/08/2020 10:27:54 AM,TODO
3/08/2020 10:27:54 AM,226 Nothing to do
3/08/2020 10:27:55 AM,EVENT 46508 1596450466 -310123123/1219233119/1031/5/8 INPUT 3 1 0 v:124
3/08/2020 10:27:55 AM,252 Event OK
3/08/2020 10:27:55 AM,QUIT
3/08/2020 10:27:55 AM,221 Session ended - goodbye
3/08/2020 10:28:41 AM,UNIT 9279
3/08/2020 10:28:41 AM,333 CHAL 17B39893
3/08/2020 10:28:42 AM,RESP 2C108E17
3/08/2020 10:28:42 AM,230 Auth OK
3/08/2020 10:28:45 AM,TIME
3/08/2020 10:28:45 AM,211 TIME 1596450525
3/08/2020 8:56:16 PM,UNIT 9279
3/08/2020 8:56:16 PM,333 CHAL 36EDAF0C
3/08/2020 8:56:18 PM,RESP 555C30A6
3/08/2020 8:56:18 PM,230 Auth OK
3/08/2020 8:56:19 PM,TIME
3/08/2020 8:56:19 PM,211 TIME 1596488179
3/08/2020 8:56:20 PM,EVCOUNT 523
3/08/2020 8:56:20 PM,252 Event OK
3/08/2020 8:56:21 PM,TODO
3/08/2020 8:56:21 PM,226 Nothing to do
3/08/2020 8:56:22 PM,EVENT 46509 1596450516 -310121721/1219229240/968/7/11 INPUT 3 0 50 v:124
3/08/2020 8:56:22 PM,252 Event OK
3/08/2020 8:56:23 PM,EVENT 46510 1596450517 -310121836/1219229086/958/7/7 INPUT 7 1 0 v:124
3/08/2020 8:56:23 PM,252 Event OK
3/08/2020 8:56:25 PM,EVENT 46511 1596450517 -310121872/1219229029/955/7/7 INPUT 8 0 105 v:124
3/08/2020 8:56:25 PM,252 Event OK
3/08/2020 8:56:27 PM,EVENT 46512 1596450518 -310121915/1219228960/948/7/5 INPUT 1 1 0 v:124
3/08/2020 8:56:27 PM,252 Event OK
3/08/2020 8:56:28 PM,EVENT 46513 1596450521 -310121936/1219228954/950/7/5 INPUT 4 0 72 v:123
3/08/2020 8:56:28 PM,252 Event OK
3/08/2020 8:56:30 PM,EVENT 46514 1596450522 -310121940/1219228957/953/7/0 TRIP 46498 50 44 8 7 102 v:123
3/08/2020 8:56:30 PM,252 Event OK
3/08/2020 8:56:30 PM,EVENT 46515 1596450522 -310121940/1219228957/953/7/0 TRIPSUMMARY 46498 v:123
3/08/2020 8:56:30 PM,252 Event OK
3/08/2020 8:56:31 PM,EVENT 46516 1596450611 -310121999/1219228855/897/0/0 INPUT 8 1 0 v:123
3/08/2020 8:56:31 PM,252 Event OK
3/08/2020 8:56:32 PM,EVENT 46517 1596450611 -310121999/1219228855/897/0/0 INPUT 7 0 95 v:124
3/08/2020 8:56:32 PM,252 Event OK
3/08/2020 8:56:33 PM,EVENT 46518 1596450625 -310122023/1219228899/961/0/0 SIGNON 2520 03dbed13 OK 26 120976 0 v:124
3/08/2020 8:56:33 PM,252 Event OK
3/08/2020 8:56:34 PM,EVENT 46519 1596450631 -310121984/1219228849/956/0/0 INPUT 1 0 112 v:124
3/08/2020 8:56:34 PM,252 Event OK
3/08/2020 8:56:35 PM,EVENT 46520 1596450631 -310121984/1219228849/956/0/0 INPUT 4 1 0 v:124
3/08/2020 8:56:35 PM,252 Event OK
3/08/2020 8:56:36 PM,EVENT 46521 1596450632 -310121973/1219228833/958/0/0 OILPRESSURE 46518 2 v:124
3/08/2020 8:56:36 PM,252 Event OK
3/08/2020 8:56:37 PM,EVENT 46522 1596450649 -310122305/1219226380/907/0/8 INPUT 3 1 0 v:124
3/08/2020 8:56:37 PM,252 Event OK
3/08/2020 8:56:38 PM,EVENT 46523 1596451405 0/0/0/0/12 INPUT 3 0 755 v:124
3/08/2020 8:56:38 PM,252 Event OK
3/08/2020 8:56:39 PM,EVENT 46524 1596451445 0/0/0/0/6 INPUT 3 1 0 v:124
3/08/2020 8:56:39 PM,252 Event OK
3/08/2020 8:56:39 PM,EVENT 46525 1596451450 0/0/0/0/9 INPUT 3 0 4 v:124
3/08/2020 8:56:39 PM,252 Event OK
3/08/2020 8:56:40 PM,EVENT 46526 1596451451 0/0/0/0/8 INPUT 3 1 0 v:124
3/08/2020 8:56:40 PM,252 Event OK
3/08/2020 8:56:41 PM,EVENT 46527 1596451452 0/0/0/0/9 INPUT 3 0 1 v:124
3/08/2020 8:56:41 PM,252 Event OK
3/08/2020 8:56:42 PM,EVENT 46528 1596451455 0/0/0/0/8 INPUT 3 1 0 v:124
3/08/2020 8:56:42 PM,252 Event OK
3/08/2020 8:56:43 PM,EVENT 46529 1596451460 0/0/0/0/9 INPUT 3 0 6 v:124
3/08/2020 8:56:43 PM,252 Event OK
3/08/2020 8:56:44 PM,EVENT 46530 1596451461 0/0/0/0/8 INPUT 3 1 0 v:124
3/08/2020 8:56:44 PM,252 Event OK
3/08/2020 8:56:44 PM,EVENT 46531 1596451463 0/0/0/0/9 INPUT 3 0 2 v:124
3/08/2020 8:56:44 PM,252 Event OK
3/08/2020 8:56:45 PM,EVENT 46532 1596451473 0/0/0/0/6 INPUT 4 0 843 v:124
3/08/2020 8:56:45 PM,252 Event OK
3/08/2020 8:56:47 PM,EVENT 46533 1596451474 0/0/0/0/5 INPUT 4 1 0 v:124
3/08/2020 8:56:47 PM,252 Event OK
3/08/2020 8:56:48 PM,EVENT 46534 1596451510 0/0/0/0/0 INPUT 4 0 37 v:124
3/08/2020 8:56:48 PM,252 Event OK
3/08/2020 8:56:48 PM,EVENT 46535 1596451510 0/0/0/0/0 INPUT 4 1 0 v:124
3/08/2020 8:56:48 PM,252 Event OK
3/08/2020 8:56:49 PM,EVENT 46536 1596451560 0/0/0/0/5 INPUT 4 0 50 v:124
3/08/2020 8:56:49 PM,252 Event OK
3/08/2020 8:56:51 PM,EVENT 46537 1596451561 0/0/0/0/0 INPUT 4 1 0 v:124
3/08/2020 8:56:51 PM,252 Event OK
3/08/2020 8:56:52 PM,EVENT 46538 1596451563 0/0/0/0/0 INPUT 4 0 3 v:124
3/08/2020 8:56:52 PM,252 Event OK
3/08/2020 8:56:52 PM,EVENT 46539 1596451563 0/0/0/0/0 INPUT 4 1 0 v:124
3/08/2020 8:56:52 PM,252 Event OK
3/08/2020 8:56:53 PM,EVENT 46540 1596451582 0/0/0/0/8 INPUT 3 1 0 v:124
3/08/2020 8:56:53 PM,252 Event OK
3/08/2020 8:56:54 PM,EVENT 46541 1596451695 0/0/0/99/16 REPORT 46518 0 0 v:124
3/08/2020 8:56:54 PM,252 Event OK
3/08/2020 8:56:55 PM,EVENT 46542 1596451803 0/0/0/0/10 INPUT 3 0 221 v:124
3/08/2020 8:56:55 PM,252 Event OK
3/08/2020 8:56:56 PM,EVENT 46543 1596451804 0/0/0/0/8 INPUT 3 1 0 v:124
3/08/2020 8:56:56 PM,252 Event OK
3/08/2020 8:56:57 PM,EVENT 46544 1596451819 0/0/0/0/9 INPUT 3 0 16 v:124
3/08/2020 8:56:57 PM,252 Event OK
3/08/2020 8:56:58 PM,EVENT 46545 1596451851 0/0/0/0/6 INPUT 3 1 0 v:124
3/08/2020 8:56:58 PM,252 Event OK
3/08/2020 8:56:59 PM,EVENT 46546 1596451853 0/0/0/0/9 INPUT 3 0 1 v:124
3/08/2020 8:56:59 PM,252 Event OK
3/08/2020 8:57:00 PM,EVENT 46547 1596451854 0/0/0/0/8 INPUT 3 1 0 v:124
3/08/2020 8:57:00 PM,252 Event OK
3/08/2020 8:57:01 PM,EVENT 46548 1596451872 0/0/0/0/10 INPUT 3 0 19 v:124
3/08/2020 8:57:01 PM,252 Event OK
3/08/2020 8:57:03 PM,EVENT 46549 1596451914 0/0/0/0/8 INPUT 3 1 0 v:124
3/08/2020 8:57:03 PM,252 Event OK
3/08/2020 8:57:04 PM,EVENT 46550 1596452061 0/0/0/0/10 INPUT 3 0 146 v:124
3/08/2020 8:57:04 PM,252 Event OK
3/08/2020 8:57:05 PM,EVENT 46551 1596452063 0/0/0/0/5 INPUT 4 0 500 v:124
3/08/2020 8:57:05 PM,252 Event OK
3/08/2020 8:57:05 PM,EVENT 46552 1596452063 0/0/0/0/5 INPUT 4 1 0 v:124
3/08/2020 8:57:05 PM,252 Event OK
3/08/2020 8:57:26 PM,EVENT 46553 1596452083 0/0/0/0/0 INPUT 4 0 20 v:124
3/08/2020 8:57:26 PM,252 Event OK
3/08/2020 8:57:33 PM,UNIT 9279
3/08/2020 8:57:33 PM,333 CHAL 3682138F
3/08/2020 8:57:34 PM,RESP CE9BC669
3/08/2020 8:57:34 PM,230 Auth OK
3/08/2020 8:57:34 PM,TIME
3/08/2020 8:57:34 PM,211 TIME 1596488254
3/08/2020 8:57:35 PM,EVCOUNT 486
3/08/2020 8:57:35 PM,252 Event OK
3/08/2020 8:57:36 PM,TODO
3/08/2020 8:57:36 PM,226 Nothing to do
3/08/2020 8:57:36 PM,EVENT 46553 1596452083 0/0/0/0/0 INPUT 4 0 20 v:124
3/08/2020 8:57:36 PM,253 Event OK - Duplicate
3/08/2020 8:57:37 PM,EVENT 46554 1596452083 0/0/0/0/0 INPUT 4 1 0 v:124
3/08/2020 8:57:37 PM,252 Event OK
3/08/2020 8:57:38 PM,EVENT 46555 1596452109 0/0/0/0/5 INPUT 3 1 0 v:124
3/08/2020 8:57:38 PM,252 Event OK
3/08/2020 8:57:39 PM,EVENT 46556 1596452152 0/0/0/0/11 INPUT 3 0 42 v:124
3/08/2020 8:57:39 PM,252 Event OK
3/08/2020 8:57:39 PM,EVENT 46557 1596452173 0/0/0/0/0 INPUT 4 0 90 v:124
3/08/2020 8:57:39 PM,252 Event OK
3/08/2020 8:57:40 PM,EVENT 46558 1596452173 0/0/0/0/0 INPUT 4 1 0 v:124
3/08/2020 8:57:40 PM,252 Event OK
3/08/2020 8:57:41 PM,EVENT 46559 1596452210 0/0/0/0/5 INPUT 3 1 0 v:124
3/08/2020 8:57:41 PM,252 Event OK
3/08/2020 8:57:42 PM,EVENT 46560 1596452242 0/0/0/0/11 INPUT 3 0 33 v:124
3/08/2020 8:57:42 PM,252 Event OK
3/08/2020 8:57:43 PM,EVENT 46561 1596452257 0/0/0/0/8 INPUT 3 1 0 v:124
3/08/2020 8:57:43 PM,252 Event OK
3/08/2020 8:57:44 PM,EVENT 46562 1596452304 0/0/0/0/13 INPUT 3 0 48 v:124
3/08/2020 8:57:44 PM,252 Event OK
3/08/2020 8:57:44 PM,EVENT 46563 1596452305 0/0/0/0/13 INPUT 4 0 132 v:124
3/08/2020 8:57:44 PM,252 Event OK
3/08/2020 8:57:45 PM,EVENT 46564 1596452306 0/0/0/0/13 INPUT 4 1 0 v:124
3/08/2020 8:57:45 PM,252 Event OK
3/08/2020 8:57:46 PM,EVENT 46565 1596452335 0/0/0/0/5 INPUT 3 1 0 v:124
3/08/2020 8:57:46 PM,252 Event OK
3/08/2020 8:57:47 PM,EVENT 46566 1596452827 0/0/0/0/9 INPUT 3 0 491 v:124
3/08/2020 8:57:47 PM,252 Event OK
3/08/2020 8:57:47 PM,EVENT 46567 1596452864 0/0/0/0/8 INPUT 3 1 0 v:124
3/08/2020 8:57:47 PM,252 Event OK
3/08/2020 8:57:48 PM,EVENT 46568 1596452865 0/0/0/0/14 INPUT 3 0 1 v:124
3/08/2020 8:57:48 PM,252 Event OK
3/08/2020 8:57:49 PM,EVENT 46569 1596452866 0/0/0/0/13 INPUT 3 1 0 v:124
3/08/2020 8:57:49 PM,252 Event OK
3/08/2020 8:57:50 PM,EVENT 46570 1596453010 0/0/0/0/10 INPUT 3 0 144 v:124
3/08/2020 8:57:50 PM,252 Event OK
3/08/2020 8:57:51 PM,EVENT 46571 1596453037 0/0/0/0/0 INPUT 4 0 732 v:124
3/08/2020 8:57:51 PM,252 Event OK
3/08/2020 8:57:52 PM,EVENT 46572 1596453037 0/0/0/0/0 INPUT 4 1 0 v:124
3/08/2020 8:57:52 PM,252 Event OK
3/08/2020 8:57:53 PM,EVENT 46573 1596453103 0/0/0/0/0 INPUT 4 0 66 v:124
3/08/2020 8:57:53 PM,252 Event OK
3/08/2020 8:57:54 PM,EVENT 46574 1596453103 0/0/0/0/0 INPUT 4 1 0 v:124
3/08/2020 8:57:54 PM,252 Event OK
3/08/2020 8:57:55 PM,EVENT 46575 1596453135 0/0/0/0/7 INPUT 3 1 0 v:124
3/08/2020 8:57:55 PM,252 Event OK
3/08/2020 8:57:56 PM,EVENT 46576 1596453143 0/0/0/0/14 INPUT 3 0 7 v:124
3/08/2020 8:57:56 PM,252 Event OK
3/08/2020 8:57:57 PM,EVENT 46577 1596453145 0/0/0/0/7 INPUT 4 0 42 v:124
3/08/2020 8:57:57 PM,252 Event OK
3/08/2020 8:57:57 PM,EVENT 46578 1596453146 0/0/0/0/7 INPUT 4 1 0 v:124
3/08/2020 8:57:57 PM,252 Event OK
3/08/2020 8:57:58 PM,EVENT 46579 1596453147 0/0/0/0/5 INPUT 3 1 0 v:124
3/08/2020 8:57:58 PM,252 Event OK
3/08/2020 8:57:59 PM,EVENT 46580 1596453175 0/0/0/0/10 INPUT 3 0 27 v:124
3/08/2020 8:57:59 PM,252 Event OK
3/08/2020 8:57:59 PM,EVENT 46581 1596453198 0/0/0/0/0 INPUT 7 1 0 v:124
3/08/2020 8:57:59 PM,252 Event OK
3/08/2020 8:58:00 PM,EVENT 46582 1596453198 0/0/0/0/0 INPUT 8 0 2586 v:124
3/08/2020 8:58:00 PM,252 Event OK
3/08/2020 8:58:01 PM,EVENT 46583 1596453198 0/0/0/0/0 INPUT 1 1 0 v:124
3/08/2020 8:58:01 PM,252 Event OK
3/08/2020 8:58:02 PM,EVENT 46584 1596453202 0/0/0/0/0 TRIP 46518 1966 606 6 6 2578 v:124
3/08/2020 8:58:02 PM,252 Event OK
3/08/2020 8:58:03 PM,EVENT 46585 1596453202 0/0/0/0/0 TRIPSUMMARY 46518 v:124
3/08/2020 8:58:03 PM,252 Event OK
3/08/2020 8:58:03 PM,EVENT 46586 1596453203 0/0/0/0/0 INPUT 4 0 57 v:124
3/08/2020 8:58:03 PM,252 Event OK
3/08/2020 8:58:04 PM,EVENT 46587 1596453224 0/0/0/0/0 INPUT 8 1 0 v:124
3/08/2020 8:58:04 PM,252 Event OK
3/08/2020 8:58:05 PM,EVENT 46588 1596453225 0/0/0/0/0 INPUT 7 0 27 v:124
3/08/2020 8:58:05 PM,252 Event OK
3/08/2020 8:58:06 PM,EVENT 46589 1596453234 0/0/0/0/0 SIGNON * 0 NOCARD 26 0 120688 v:124
3/08/2020 8:58:06 PM,252 Event OK
3/08/2020 8:58:06 PM,EVENT 46590 1596453245 0/0/0/0/0 SIGNON 2520 03dbed13 OK 26 120976 0 v:124
3/08/2020 8:58:06 PM,252 Event OK
3/08/2020 8:58:07 PM,EVENT 46591 1596453252 0/0/0/0/0 INPUT 1 0 53 v:124
3/08/2020 8:58:07 PM,252 Event OK
3/08/2020 8:58:08 PM,EVENT 46592 1596453252 0/0/0/0/0 INPUT 4 1 0 v:124
3/08/2020 8:58:08 PM,252 Event OK
3/08/2020 8:58:09 PM,EVENT 46593 1596453253 0/0/0/0/0 OILPRESSURE 46590 3 v:124
3/08/2020 8:58:09 PM,252 Event OK
3/08/2020 8:58:10 PM,EVENT 46594 1596453257 0/0/0/0/6 INPUT 3 1 0 v:124
3/08/2020 8:58:10 PM,252 Event OK
3/08/2020 8:58:10 PM,EVENT 46595 1596453271 0/0/0/0/9 INPUT 3 0 14 v:124
3/08/2020 8:58:10 PM,252 Event OK
3/08/2020 8:58:11 PM,EVENT 46596 1596453282 0/0/0/0/0 INPUT 4 0 31 v:124
3/08/2020 8:58:11 PM,252 Event OK
3/08/2020 8:58:12 PM,EVENT 46597 1596453282 0/0/0/0/0 INPUT 4 1 0 v:124
3/08/2020 8:58:12 PM,252 Event OK
3/08/2020 8:58:13 PM,EVENT 46598 1596453313 0/0/0/0/0 INPUT 4 0 31 v:124
3/08/2020 8:58:13 PM,252 Event OK
3/08/2020 8:58:14 PM,EVENT 46599 1596453314 0/0/0/0/0 INPUT 4 1 0 v:124
3/08/2020 8:58:14 PM,252 Event OK
3/08/2020 8:58:14 PM,EVENT 46600 1596453318 0/0/0/0/0 INPUT 4 0 5 v:124
3/08/2020 8:58:14 PM,252 Event OK
3/08/2020 8:58:15 PM,EVENT 46601 1596453318 0/0/0/0/0 INPUT 4 1 0 v:124
3/08/2020 8:58:15 PM,252 Event OK
3/08/2020 8:58:16 PM,EVENT 46602 1596453336 0/0/0/0/0 INPUT 4 0 18 v:124
3/08/2020 8:58:16 PM,252 Event OK
3/08/2020 8:58:16 PM,EVENT 46603 1596453336 0/0/0/0/3 INPUT 4 1 0 v:124
3/08/2020 8:58:16 PM,252 Event OK
3/08/2020 8:58:17 PM,EVENT 46604 1596453393 0/0/0/0/0 INPUT 4 0 57 v:124
3/08/2020 8:58:17 PM,252 Event OK
3/08/2020 8:58:18 PM,EVENT 46605 1596453393 0/0/0/0/0 INPUT 4 1 0 v:124
3/08/2020 8:58:18 PM,252 Event OK
3/08/2020 8:58:19 PM,EVENT 46606 1596453396 0/0/0/0/0 INPUT 4 0 3 v:124
3/08/2020 8:58:19 PM,252 Event OK
3/08/2020 8:58:19 PM,EVENT 46607 1596453396 0/0/0/0/0 INPUT 4 1 0 v:124
3/08/2020 8:58:19 PM,252 Event OK
3/08/2020 8:58:20 PM,EVENT 46608 1596453404 0/0/0/0/6 INPUT 3 1 0 v:124
3/08/2020 8:58:20 PM,252 Event OK
3/08/2020 8:58:21 PM,EVENT 46609 1596453439 0/0/0/0/10 INPUT 3 0 36 v:124
3/08/2020 8:58:21 PM,252 Event OK
3/08/2020 8:58:22 PM,EVENT 46610 1596453525 0/0/0/0/0 REPORT 46590 0 0 v:124
3/08/2020 8:58:22 PM,252 Event OK
3/08/2020 8:58:22 PM,EVENT 46611 1596453530 0/0/0/0/0 INPUT 7 1 0 v:124
3/08/2020 8:58:22 PM,252 Event OK
3/08/2020 8:58:23 PM,EVENT 46612 1596453530 0/0/0/0/0 INPUT 8 0 305 v:124
3/08/2020 8:58:23 PM,252 Event OK
3/08/2020 8:58:24 PM,EVENT 46613 1596453531 0/0/0/0/0 INPUT 1 1 0 v:124
3/08/2020 8:58:24 PM,252 Event OK
3/08/2020 8:58:25 PM,EVENT 46614 1596453532 0/0/0/0/0 INPUT 4 0 136 v:124
3/08/2020 8:58:25 PM,252 Event OK
3/08/2020 8:58:25 PM,EVENT 46615 1596453533 0/0/0/0/0 INPUT 4 1 0 v:124
3/08/2020 8:58:25 PM,252 Event OK
3/08/2020 8:58:26 PM,EVENT 46616 1596453533 0/0/0/0/0 INPUT 8 1 0 v:124
3/08/2020 8:58:26 PM,252 Event OK
3/08/2020 8:58:27 PM,EVENT 46617 1596453533 0/0/0/0/0 INPUT 7 0 3 v:124
3/08/2020 8:58:27 PM,252 Event OK
3/08/2020 8:58:27 PM,EVENT 46618 1596453534 0/0/0/0/0 INPUT 4 0 2 v:124
3/08/2020 8:58:27 PM,252 Event OK
3/08/2020 8:58:28 PM,EVENT 46619 1596453743 0/0/0/0/0 INPUT 7 1 0 v:124
3/08/2020 8:58:28 PM,252 Event OK
3/08/2020 8:58:29 PM,EVENT 46620 1596453743 0/0/0/0/0 INPUT 8 0 210 v:124
3/08/2020 8:58:29 PM,252 Event OK
3/08/2020 8:58:30 PM,EVENT 46621 1596453744 0/0/0/0/0 OILPRESSURE 46590 210 v:124
3/08/2020 8:58:30 PM,252 Event OK
3/08/2020 8:58:31 PM,EVENT 46622 1596453747 0/0/0/0/0 TRIP 46590 50 233 219 213 502 v:124
3/08/2020 8:58:31 PM,252 Event OK
3/08/2020 8:58:32 PM,EVENT 46623 1596453747 0/0/0/0/0 TRIPSUMMARY 46590 v:124
3/08/2020 8:58:32 PM,252 Event OK
3/08/2020 8:58:32 PM,EVENT 46624 1596453748 0/0/0/0/0 INPUT 8 1 0 v:124
3/08/2020 8:58:32 PM,252 Event OK
3/08/2020 8:58:32 PM,EVENT 46625 1596453748 0/0/0/0/0 INPUT 7 0 6 v:124
3/08/2020 8:58:32 PM,252 Event OK
3/08/2020 8:58:33 PM,EVENT 46626 1596453757 0/0/0/0/0 SIGNON 2520 03dbed13 OK 26 120976 0 v:124
3/08/2020 8:58:33 PM,252 Event OK
3/08/2020 8:58:33 PM,EVENT 46627 1596453767 0/0/0/0/0 INPUT 1 0 237 v:124
3/08/2020 8:58:33 PM,252 Event OK
3/08/2020 8:58:33 PM,EVENT 46628 1596453768 0/0/0/0/0 INPUT 4 1 0 v:124
3/08/2020 8:58:33 PM,252 Event OK
3/08/2020 8:58:33 PM,EVENT 46629 1596453769 0/0/0/0/0 OILPRESSURE 46626 7 v:124
3/08/2020 8:58:33 PM,252 Event OK
3/08/2020 8:58:33 PM,EVENT 46630 1596453773 0/0/0/0/0 INPUT 4 0 6 v:124
3/08/2020 8:58:33 PM,252 Event OK
3/08/2020 8:58:34 PM,EVENT 46631 1596453773 0/0/0/0/0 INPUT 4 1 0 v:124
3/08/2020 8:58:34 PM,252 Event OK
3/08/2020 8:58:34 PM,EVENT 46632 1596453784 0/0/0/0/3 INPUT 4 0 11 v:124
3/08/2020 8:58:34 PM,252 Event OK
3/08/2020 8:58:34 PM,EVENT 46633 1596453785 0/0/0/0/3 INPUT 4 1 0 v:124
3/08/2020 8:58:34 PM,252 Event OK
3/08/2020 8:58:34 PM,EVENT 46634 1596453787 0/0/0/0/0 INPUT 4 0 3 v:124
3/08/2020 8:58:34 PM,252 Event OK
3/08/2020 8:58:34 PM,EVENT 46635 1596453788 0/0/0/0/0 INPUT 4 1 0 v:124
3/08/2020 8:58:34 PM,252 Event OK
3/08/2020 8:58:35 PM,EVENT 46636 1596453790 0/0/0/0/0 INPUT 4 0 3 v:124
3/08/2020 8:58:35 PM,252 Event OK
3/08/2020 8:58:35 PM,EVENT 46637 1596453790 0/0/0/0/0 INPUT 4 1 0 v:124
3/08/2020 8:58:35 PM,252 Event OK
3/08/2020 8:58:35 PM,EVENT 46638 1596453797 0/0/0/0/0 INPUT 4 0 7 v:124
3/08/2020 8:58:35 PM,252 Event OK
3/08/2020 8:58:35 PM,EVENT 46639 1596453797 0/0/0/0/0 INPUT 4 1 0 v:124
3/08/2020 8:58:35 PM,252 Event OK
3/08/2020 8:58:36 PM,EVENT 46640 1596453800 0/0/0/0/0 INPUT 4 0 3 v:124
3/08/2020 8:58:36 PM,252 Event OK
3/08/2020 8:58:36 PM,EVENT 46641 1596453800 0/0/0/0/0 INPUT 4 1 0 v:124
3/08/2020 8:58:36 PM,252 Event OK
3/08/2020 8:58:36 PM,EVENT 46642 1596453807 0/0/0/0/6 INPUT 3 1 0 v:124
3/08/2020 8:58:36 PM,252 Event OK
3/08/2020 8:58:36 PM,EVENT 46643 1596454128 0/0/0/0/11 INPUT 3 0 322 v:124
3/08/2020 8:58:36 PM,252 Event OK
3/08/2020 8:58:36 PM,EVENT 46644 1596454138 0/0/0/0/6 INPUT 3 1 0 v:124
3/08/2020 8:58:36 PM,252 Event OK
3/08/2020 8:58:37 PM,EVENT 46645 1596454183 0/0/0/0/13 INPUT 3 0 45 v:124
3/08/2020 8:58:37 PM,252 Event OK
3/08/2020 8:58:37 PM,EVENT 46646 1596454185 0/0/0/0/7 INPUT 3 1 0 v:124
3/08/2020 8:58:37 PM,252 Event OK
3/08/2020 8:58:37 PM,EVENT 46647 1596454186 0/0/0/0/9 INPUT 3 0 0 v:124
3/08/2020 8:58:37 PM,252 Event OK
3/08/2020 8:58:37 PM,EVENT 46648 1596454187 0/0/0/0/8 INPUT 3 1 0 v:124
3/08/2020 8:58:37 PM,252 Event OK
3/08/2020 8:58:38 PM,EVENT 46649 1596454205 0/0/0/0/12 INPUT 3 0 18 v:124
3/08/2020 8:58:38 PM,252 Event OK
3/08/2020 8:58:38 PM,EVENT 46650 1596454247 0/0/0/0/3 INPUT 4 0 447 v:124
3/08/2020 8:58:38 PM,252 Event OK
3/08/2020 8:58:38 PM,EVENT 46651 1596454247 0/0/0/0/3 INPUT 4 1 0 v:124
3/08/2020 8:58:38 PM,252 Event OK
3/08/2020 8:58:38 PM,EVENT 46652 1596454255 0/0/0/0/3 INPUT 4 0 8 v:124
3/08/2020 8:58:38 PM,252 Event OK
3/08/2020 8:58:38 PM,EVENT 46653 1596454255 0/0/0/0/3 INPUT 4 1 0 v:124
3/08/2020 8:58:38 PM,252 Event OK
3/08/2020 8:58:39 PM,EVENT 46654 1596454270 0/0/0/0/0 INPUT 4 0 15 v:124
3/08/2020 8:58:39 PM,252 Event OK
3/08/2020 8:58:39 PM,EVENT 46655 1596454271 0/0/0/0/3 INPUT 4 1 0 v:124
3/08/2020 8:58:39 PM,252 Event OK
3/08/2020 8:58:39 PM,EVENT 46656 1596454277 0/0/0/0/3 INPUT 4 0 7 v:124
3/08/2020 8:58:39 PM,252 Event OK
3/08/2020 8:58:39 PM,EVENT 46657 1596454278 0/0/0/0/3 INPUT 4 1 0 v:124
3/08/2020 8:58:39 PM,252 Event OK
3/08/2020 8:58:40 PM,EVENT 46658 1596454283 0/0/0/0/0 INPUT 4 0 6 v:124
3/08/2020 8:58:40 PM,252 Event OK
3/08/2020 8:58:40 PM,EVENT 46659 1596454283 0/0/0/0/0 INPUT 4 1 0 v:124
3/08/2020 8:58:40 PM,252 Event OK
3/08/2020 8:58:40 PM,EVENT 46660 1596454337 0/0/0/0/8 INPUT 3 1 0 v:124
3/08/2020 8:58:40 PM,252 Event OK
3/08/2020 8:58:40 PM,EVENT 46661 1596454346 0/0/0/0/9 INPUT 3 0 9 v:124
3/08/2020 8:58:40 PM,252 Event OK
3/08/2020 8:58:41 PM,EVENT 46662 1596454348 0/0/0/0/8 INPUT 3 1 0 v:124
3/08/2020 8:58:41 PM,252 Event OK
3/08/2020 8:58:41 PM,EVENT 46663 1596454349 0/0/0/0/9 INPUT 3 0 2 v:124
3/08/2020 8:58:41 PM,252 Event OK
3/08/2020 8:58:41 PM,EVENT 46664 1596454352 0/0/0/0/5 INPUT 4 0 69 v:124
3/08/2020 8:58:41 PM,252 Event OK
3/08/2020 8:58:41 PM,EVENT 46665 1596454352 0/0/0/0/5 INPUT 4 1 0 v:124
3/08/2020 8:58:41 PM,252 Event OK
3/08/2020 8:58:41 PM,EVENT 46666 1596454762 0/0/0/0/8 INPUT 3 1 0 v:124
3/08/2020 8:58:41 PM,252 Event OK
3/08/2020 8:58:42 PM,EVENT 46667 1596454767 0/0/0/0/9 INPUT 3 0 6 v:124
3/08/2020 8:58:42 PM,252 Event OK
3/08/2020 8:58:42 PM,EVENT 46668 1596454859 0/0/0/0/3 INPUT 4 0 507 v:124
3/08/2020 8:58:42 PM,252 Event OK
3/08/2020 8:58:42 PM,EVENT 46669 1596454859 0/0/0/0/3 INPUT 4 1 0 v:124
3/08/2020 8:58:42 PM,252 Event OK
3/08/2020 8:58:42 PM,EVENT 46670 1596455135 0/0/0/0/8 INPUT 3 1 0 v:124
3/08/2020 8:58:42 PM,252 Event OK
3/08/2020 8:58:42 PM,EVENT 46671 1596455136 0/0/0/0/9 INPUT 3 0 1 v:124
3/08/2020 8:58:42 PM,252 Event OK
3/08/2020 8:58:43 PM,EVENT 46672 1596455178 0/0/0/0/8 INPUT 3 1 0 v:124
3/08/2020 8:58:43 PM,252 Event OK
3/08/2020 8:58:43 PM,EVENT 46673 1596455179 0/0/0/0/9 INPUT 3 0 1 v:124
3/08/2020 8:58:43 PM,252 Event OK
3/08/2020 8:58:43 PM,EVENT 46674 1596455207 0/0/0/0/6 INPUT 3 1 0 v:124
3/08/2020 8:58:43 PM,252 Event OK
3/08/2020 8:58:43 PM,EVENT 46675 1596455209 0/0/0/0/9 INPUT 3 0 2 v:124
3/08/2020 8:58:43 PM,252 Event OK
3/08/2020 8:58:44 PM,EVENT 46676 1596455229 0/0/0/0/8 INPUT 3 1 0 v:124
3/08/2020 8:58:44 PM,252 Event OK
3/08/2020 8:58:44 PM,EVENT 46677 1596455233 0/0/0/0/11 INPUT 3 0 3 v:124
3/08/2020 8:58:44 PM,252 Event OK
3/08/2020 8:58:44 PM,EVENT 46678 1596455279 0/0/0/0/8 INPUT 3 1 0 v:124
3/08/2020 8:58:44 PM,252 Event OK
3/08/2020 8:58:45 PM,EVENT 46679 1596455282 0/0/0/0/11 INPUT 3 0 3 v:124
3/08/2020 8:58:45 PM,252 Event OK
3/08/2020 8:58:45 PM,EVENT 46680 1596455336 0/0/0/0/8 INPUT 3 1 0 v:124
3/08/2020 8:58:45 PM,252 Event OK
3/08/2020 8:58:45 PM,EVENT 46681 1596455337 0/0/0/0/9 INPUT 3 0 1 v:124
3/08/2020 8:58:45 PM,252 Event OK
3/08/2020 8:58:46 PM,EVENT 46682 1596455338 0/0/0/0/8 INPUT 3 1 0 v:124
3/08/2020 8:58:46 PM,252 Event OK
3/08/2020 8:58:46 PM,EVENT 46683 1596455341 0/0/0/0/12 INPUT 3 0 2 v:124
3/08/2020 8:58:46 PM,252 Event OK
3/08/2020 8:58:46 PM,EVENT 46684 1596455355 0/0/0/0/0 REPORT 46626 0 0 v:124
3/08/2020 8:58:46 PM,252 Event OK
3/08/2020 8:58:47 PM,EVENT 46685 1596455384 0/0/0/99/0 INPUT 4 0 525 v:124
3/08/2020 8:58:47 PM,252 Event OK
3/08/2020 8:58:47 PM,EVENT 46686 1596455384 0/0/0/99/0 INPUT 4 1 0 v:124
3/08/2020 8:58:47 PM,252 Event OK
3/08/2020 8:58:48 PM,EVENT 46687 1596455542 0/0/0/0/5 INPUT 3 1 0 v:124
3/08/2020 8:58:48 PM,252 Event OK
3/08/2020 8:58:48 PM,EVENT 46688 1596455542 0/0/0/0/5 INPUT 7 1 0 v:124
3/08/2020 8:58:48 PM,252 Event OK
3/08/2020 8:58:49 PM,EVENT 46689 1596455542 0/0/0/0/5 INPUT 8 0 1794 v:124
3/08/2020 8:58:49 PM,252 Event OK
3/08/2020 8:58:49 PM,EVENT 46690 1596455543 0/0/0/0/92 INPUT 1 1 0 v:124
3/08/2020 8:58:49 PM,252 Event OK
3/08/2020 8:58:49 PM,EVENT 46691 1596455543 0/0/0/0/106 INPUT 3 0 2 v:124
3/08/2020 8:58:49 PM,252 Event OK
3/08/2020 8:58:49 PM,EVENT 46692 1596455543 0/0/0/0/106 INPUT 4 0 159 v:124
3/08/2020 8:58:49 PM,252 Event OK
3/08/2020 8:58:49 PM,EVENT 46693 1596455546 0/0/0/0/0 TRIP 46626 417 1359 14 11 1790 v:124
3/08/2020 8:58:49 PM,252 Event OK
3/08/2020 8:58:50 PM,EVENT 46694 1596455546 0/0/0/0/0 TRIPSUMMARY 46626 v:124
3/08/2020 8:58:50 PM,252 Event OK
3/08/2020 8:58:50 PM,EVENT 46695 1596456380 0/0/0/0/0 INPUT 8 1 0 v:124
3/08/2020 8:58:50 PM,252 Event OK
3/08/2020 8:58:50 PM,EVENT 46696 1596456381 0/0/0/0/0 INPUT 7 0 839 v:124
3/08/2020 8:58:50 PM,252 Event OK
3/08/2020 8:58:50 PM,EVENT 46697 1596456389 0/0/0/0/0 SIGNON 2463 01b1def3 OK 26 271086 0 v:124
3/08/2020 8:58:50 PM,252 Event OK
3/08/2020 8:58:50 PM,EVENT 46698 1596456395 0/0/0/0/0 INPUT 4 1 0 v:124
3/08/2020 8:58:50 PM,252 Event OK
3/08/2020 8:58:51 PM,EVENT 46699 1596456395 0/0/0/0/0 INPUT 1 0 852 v:124
3/08/2020 8:58:51 PM,252 Event OK
3/08/2020 8:58:52 PM,EVENT 46700 1596456396 0/0/0/0/0 OILPRESSURE 46697 2 v:124
3/08/2020 8:58:52 PM,252 Event OK
3/08/2020 8:58:52 PM,EVENT 46701 1596456397 0/0/0/0/0 INPUT 4 0 3 v:124
3/08/2020 8:58:52 PM,252 Event OK
3/08/2020 8:58:52 PM,EVENT 46702 1596456397 0/0/0/0/2 INPUT 4 1 0 v:124
3/08/2020 8:58:52 PM,252 Event OK
3/08/2020 8:58:52 PM,EVENT 46703 1596456400 0/0/0/0/5 INPUT 3 1 0 v:124
3/08/2020 8:58:52 PM,252 Event OK
3/08/2020 8:58:53 PM,EVENT 46704 1596456401 0/0/0/0/92 INPUT 3 0 1 v:124
3/08/2020 8:58:53 PM,252 Event OK
3/08/2020 8:58:53 PM,EVENT 46705 1596456408 0/0/0/0/7 INPUT 3 1 0 v:124
3/08/2020 8:58:53 PM,252 Event OK
3/08/2020 8:58:53 PM,EVENT 46706 1596456418 0/0/0/99/9 INPUT 3 0 9 v:124
3/08/2020 8:58:53 PM,252 Event OK
3/08/2020 8:58:53 PM,EVENT 46707 1596456421 0/0/0/99/5 INPUT 7 1 0 v:124
3/08/2020 8:58:53 PM,252 Event OK
3/08/2020 8:58:53 PM,EVENT 46708 1596456421 0/0/0/99/5 INPUT 8 0 41 v:124
3/08/2020 8:58:53 PM,252 Event OK
3/08/2020 8:58:54 PM,EVENT 46709 1596456422 0/0/0/99/5 INPUT 1 1 0 v:123
3/08/2020 8:58:54 PM,252 Event OK
3/08/2020 8:58:54 PM,EVENT 46710 1596456422 0/0/0/99/5 INPUT 4 0 25 v:123
3/08/2020 8:58:54 PM,252 Event OK
3/08/2020 8:58:54 PM,EVENT 46711 1596456424 0/0/0/99/0 INPUT 4 1 0 v:123
3/08/2020 8:58:54 PM,252 Event OK
3/08/2020 8:58:55 PM,EVENT 46712 1596456425 0/0/0/99/0 TRIP 46697 10 20 7 6 37 v:123
3/08/2020 8:58:55 PM,252 Event OK
3/08/2020 8:58:55 PM,EVENT 46713 1596456425 0/0/0/99/0 TRIPSUMMARY 46697 v:124
3/08/2020 8:58:55 PM,252 Event OK
3/08/2020 8:58:56 PM,EVENT 46714 1596456426 0/0/0/99/0 INPUT 4 0 2 v:124
3/08/2020 8:58:56 PM,252 Event OK
3/08/2020 8:58:56 PM,EVENT 46715 1596456448 0/0/0/0/0 INPUT 8 1 0 v:124
3/08/2020 8:58:56 PM,252 Event OK
3/08/2020 8:58:57 PM,EVENT 46716 1596456448 0/0/0/0/0 INPUT 7 0 27 v:124
3/08/2020 8:58:57 PM,252 Event OK
3/08/2020 8:58:57 PM,EVENT 46717 1596456459 0/0/0/0/0 SIGNON 2463 01b1def3 OK 26 271086 0 v:124
3/08/2020 8:58:57 PM,252 Event OK
3/08/2020 8:58:57 PM,EVENT 46718 1596456465 0/0/0/0/0 INPUT 1 0 43 v:124
3/08/2020 8:58:57 PM,252 Event OK
3/08/2020 8:58:57 PM,EVENT 46719 1596456465 0/0/0/0/0 INPUT 4 1 0 v:124
3/08/2020 8:58:57 PM,252 Event OK
3/08/2020 8:58:58 PM,EVENT 46720 1596456466 0/0/0/0/0 OILPRESSURE 46717 2 v:124
3/08/2020 8:58:58 PM,252 Event OK
3/08/2020 8:58:58 PM,EVENT 46721 1596456472 0/0/0/0/8 INPUT 3 1 0 v:124
3/08/2020 8:58:58 PM,252 Event OK
3/08/2020 8:58:58 PM,EVENT 46722 1596456474 0/0/0/0/10 INPUT 3 0 3 v:124
3/08/2020 8:58:58 PM,252 Event OK
3/08/2020 8:58:58 PM,EVENT 46723 1596456476 0/0/0/0/8 INPUT 3 1 0 v:124
3/08/2020 8:58:58 PM,252 Event OK
3/08/2020 8:58:59 PM,EVENT 46724 1596456477 0/0/0/0/9 INPUT 3 0 1 v:124
3/08/2020 8:58:59 PM,252 Event OK
3/08/2020 8:58:59 PM,EVENT 46725 1596456480 0/0/0/0/6 INPUT 3 1 0 v:124
3/08/2020 8:58:59 PM,252 Event OK
3/08/2020 8:58:59 PM,EVENT 46726 1596456483 0/0/0/0/9 INPUT 3 0 3 v:124
3/08/2020 8:58:59 PM,252 Event OK
3/08/2020 8:58:59 PM,EVENT 46727 1596456485 0/0/0/0/8 INPUT 3 1 0 v:124
3/08/2020 8:58:59 PM,252 Event OK
3/08/2020 8:59:00 PM,EVENT 46728 1596456486 0/0/0/0/9 INPUT 3 0 1 v:124
3/08/2020 8:59:00 PM,252 Event OK
3/08/2020 8:59:00 PM,EVENT 46729 1596456497 0/0/0/0/5 INPUT 7 1 0 v:124
3/08/2020 8:59:00 PM,252 Event OK
3/08/2020 8:59:00 PM,EVENT 46730 1596456497 0/0/0/0/5 INPUT 8 0 50 v:124
3/08/2020 8:59:00 PM,252 Event OK
3/08/2020 8:59:01 PM,EVENT 46731 1596456498 0/0/0/0/5 INPUT 1 1 0 v:124
3/08/2020 8:59:01 PM,252 Event OK
3/08/2020 8:59:01 PM,EVENT 46732 1596456499 0/0/0/0/5 INPUT 4 0 33 v:124
3/08/2020 8:59:01 PM,252 Event OK
3/08/2020 8:59:01 PM,EVENT 46733 1596456502 0/0/0/0/0 TRIP 46717 8 25 11 7 44 v:124
3/08/2020 8:59:01 PM,252 Event OK
3/08/2020 8:59:02 PM,EVENT 46734 1596456502 0/0/0/0/0 TRIPSUMMARY 46717 v:124
3/08/2020 8:59:02 PM,252 Event OK
3/08/2020 8:59:02 PM,EVENT 46735 1596467309 0/0/0/0/0 SWSTART OpusFC 5.0.58.510 R v:123
3/08/2020 8:59:02 PM,252 Event OK
3/08/2020 8:59:03 PM,EVENT 46736 1596456502 0/0/0/0/0 POWERDOWN v:124
3/08/2020 8:59:03 PM,252 Event OK
3/08/2020 8:59:03 PM,EVENT 46737 1596467309 0/0/0/0/0 INPUT 1 1 0 v:123
3/08/2020 8:59:03 PM,252 Event OK
3/08/2020 8:59:03 PM,EVENT 46738 1596467309 0/0/0/0/0 INPUT 2 0 0 v:123
3/08/2020 8:59:03 PM,252 Event OK
3/08/2020 8:59:03 PM,EVENT 46739 1596467309 0/0/0/0/0 INPUT 3 0 0 v:123
3/08/2020 8:59:03 PM,252 Event OK
3/08/2020 8:59:04 PM,EVENT 46740 1596467309 0/0/0/0/0 INPUT 4 0 0 v:123
3/08/2020 8:59:04 PM,252 Event OK
3/08/2020 8:59:04 PM,EVENT 46741 1596467309 0/0/0/0/0 INPUT 7 0 0 v:123
3/08/2020 8:59:04 PM,252 Event OK
3/08/2020 8:59:04 PM,EVENT 46742 1596467309 0/0/0/0/0 INPUT 8 1 0 v:123
3/08/2020 8:59:04 PM,252 Event OK
3/08/2020 8:59:04 PM,EVENT 46743 1596467311 0/0/0/0/0 ZONE_OK 2 100 FW=NO VERSION v:123
3/08/2020 8:59:04 PM,252 Event OK
3/08/2020 8:59:04 PM,EVENT 46744 1596467320 0/0/0/0/0 SIGNON 2463 01b1def3 OK 26 271086 0 v:123
3/08/2020 8:59:04 PM,252 Event OK
3/08/2020 8:59:05 PM,EVENT 46745 1596467327 0/0/0/99/0 INPUT 1 0 17 v:123
3/08/2020 8:59:05 PM,252 Event OK
3/08/2020 8:59:05 PM,EVENT 46746 1596467327 0/0/0/99/0 INPUT 4 1 0 v:123
3/08/2020 8:59:05 PM,252 Event OK
3/08/2020 8:59:05 PM,EVENT 46747 1596467328 0/0/0/99/0 OILPRESSURE 46744 3 v:124
3/08/2020 8:59:05 PM,252 Event OK
3/08/2020 8:59:05 PM,EVENT 46748 1596467342 0/0/0/0/0 INPUT 7 1 0 v:124
3/08/2020 8:59:05 PM,252 Event OK
3/08/2020 8:59:06 PM,EVENT 46749 1596467342 0/0/0/0/0 INPUT 8 0 33 v:124
3/08/2020 8:59:06 PM,252 Event OK
3/08/2020 8:59:06 PM,EVENT 46750 1596467343 0/0/0/0/0 INPUT 1 1 0 v:123
3/08/2020 8:59:06 PM,252 Event OK
3/08/2020 8:59:06 PM,EVENT 46751 1596467346 0/0/0/0/0 INPUT 4 0 20 v:123
3/08/2020 8:59:06 PM,252 Event OK
3/08/2020 8:59:06 PM,EVENT 46752 1596467347 0/0/0/0/0 TRIP 46744 0 20 8 7 28 v:123
3/08/2020 8:59:06 PM,252 Event OK
3/08/2020 8:59:07 PM,EVENT 46753 1596467347 0/0/0/0/0 TRIPSUMMARY 46744 v:124
3/08/2020 8:59:07 PM,252 Event OK
3/08/2020 8:59:07 PM,EVENT 46754 1596467372 0/0/0/0/0 REPORT * 0 0 v:124
3/08/2020 8:59:07 PM,252 Event OK
3/08/2020 8:59:07 PM,EVENT 46755 1596468143 0/0/0/0/0 INPUT 8 1 0 v:124
3/08/2020 8:59:07 PM,252 Event OK
3/08/2020 8:59:08 PM,EVENT 46756 1596468143 0/0/0/0/0 INPUT 7 0 800 v:124
3/08/2020 8:59:08 PM,252 Event OK
3/08/2020 8:59:09 PM,EVENT 46757 1596468150 0/0/0/0/0 SIGNON 2463 01b1def3 OK 26 271086 0 v:124
3/08/2020 8:59:09 PM,252 Event OK
3/08/2020 8:59:10 PM,EVENT 46758 1596468157 0/0/0/0/0 INPUT 1 0 813 v:124
3/08/2020 8:59:10 PM,252 Event OK
3/08/2020 8:59:10 PM,EVENT 46759 1596468157 0/0/0/0/0 INPUT 4 1 0 v:124
3/08/2020 8:59:10 PM,252 Event OK
3/08/2020 8:59:11 PM,EVENT 46760 1596468158 0/0/0/0/0 INPUT 4 0 1 v:124
3/08/2020 8:59:11 PM,252 Event OK
3/08/2020 8:59:11 PM,EVENT 46761 1596468158 0/0/0/0/0 OILPRESSURE 46757 3 v:124
3/08/2020 8:59:11 PM,252 Event OK
3/08/2020 8:59:12 PM,EVENT 46762 1596468159 0/0/0/0/0 INPUT 4 1 0 v:124
3/08/2020 8:59:12 PM,252 Event OK
3/08/2020 8:59:12 PM,EVENT 46763 1596468171 0/0/0/0/4 INPUT 4 0 13 v:124
3/08/2020 8:59:12 PM,252 Event OK
3/08/2020 8:59:12 PM,EVENT 46764 1596468171 0/0/0/0/4 INPUT 4 1 0 v:124
3/08/2020 8:59:12 PM,252 Event OK
3/08/2020 8:59:12 PM,EVENT 46765 1596468191 0/0/0/0/0 INPUT 4 0 20 v:124
3/08/2020 8:59:12 PM,252 Event OK
3/08/2020 8:59:13 PM,EVENT 46766 1596468191 0/0/0/0/0 INPUT 4 1 0 v:124
3/08/2020 8:59:13 PM,252 Event OK
3/08/2020 8:59:13 PM,EVENT 46767 1596468197 0/0/0/0/4 INPUT 4 0 6 v:124
3/08/2020 8:59:13 PM,252 Event OK
3/08/2020 8:59:13 PM,EVENT 46768 1596468197 0/0/0/0/4 INPUT 4 1 0 v:124
3/08/2020 8:59:13 PM,252 Event OK
3/08/2020 8:59:13 PM,EVENT 46769 1596468201 0/0/0/0/2 INPUT 4 0 4 v:124
3/08/2020 8:59:13 PM,252 Event OK
3/08/2020 8:59:14 PM,EVENT 46770 1596468201 0/0/0/0/2 INPUT 4 1 0 v:124
3/08/2020 8:59:14 PM,252 Event OK
3/08/2020 8:59:14 PM,EVENT 46771 1596468205 0/0/0/0/3 INPUT 7 1 0 v:124
3/08/2020 8:59:14 PM,252 Event OK
3/08/2020 8:59:15 PM,EVENT 46772 1596468205 0/0/0/0/3 INPUT 8 0 62 v:124
3/08/2020 8:59:15 PM,252 Event OK
3/08/2020 8:59:16 PM,EVENT 46773 1596468205 0/0/0/0/3 INPUT 4 0 4 v:123
3/08/2020 8:59:16 PM,252 Event OK
3/08/2020 8:59:16 PM,EVENT 46774 1596468205 0/0/0/0/3 INPUT 4 1 0 v:123
3/08/2020 8:59:16 PM,252 Event OK
3/08/2020 8:59:16 PM,EVENT 46775 1596468206 0/0/0/0/3 INPUT 1 1 0 v:123
3/08/2020 8:59:16 PM,252 Event OK
3/08/2020 8:59:16 PM,EVENT 46776 1596468207 0/0/0/0/3 INPUT 4 0 1 v:123
3/08/2020 8:59:16 PM,252 Event OK
3/08/2020 8:59:17 PM,EVENT 46777 1596468208 0/0/0/0/0 INPUT 4 1 0 v:123
3/08/2020 8:59:17 PM,252 Event OK
3/08/2020 8:59:17 PM,EVENT 46778 1596468209 0/0/0/0/0 TRIP 46757 0 52 7 6 59 v:123
3/08/2020 8:59:17 PM,252 Event OK
3/08/2020 8:59:17 PM,EVENT 46779 1596468209 0/0/0/0/0 TRIPSUMMARY 46757 v:123
3/08/2020 8:59:17 PM,252 Event OK
3/08/2020 8:59:17 PM,EVENT 46780 1596468210 0/0/0/0/0 INPUT 4 0 2 v:123
3/08/2020 8:59:17 PM,252 Event OK
3/08/2020 8:59:18 PM,EVENT 46781 1596468342 0/0/0/0/0 INPUT 8 1 0 v:123
3/08/2020 8:59:18 PM,252 Event OK
3/08/2020 8:59:18 PM,EVENT 46782 1596468343 0/0/0/0/0 INPUT 7 0 138 v:124
3/08/2020 8:59:18 PM,252 Event OK
3/08/2020 8:59:18 PM,EVENT 46783 1596468350 0/0/0/0/0 SIGNON 2463 01b1def3 OK 26 271086 0 v:124
3/08/2020 8:59:18 PM,252 Event OK
3/08/2020 8:59:18 PM,EVENT 46784 1596468357 0/0/0/99/0 INPUT 1 0 151 v:124
3/08/2020 8:59:18 PM,252 Event OK
3/08/2020 8:59:19 PM,EVENT 46785 1596468357 0/0/0/99/0 INPUT 4 1 0 v:124
3/08/2020 8:59:19 PM,252 Event OK
3/08/2020 8:59:19 PM,EVENT 46786 1596468358 0/0/0/99/0 OILPRESSURE 46783 3 v:124
3/08/2020 8:59:19 PM,252 Event OK
3/08/2020 8:59:19 PM,EVENT 46787 1596468368 0/0/0/99/7 INPUT 3 1 0 v:124
3/08/2020 8:59:19 PM,252 Event OK
3/08/2020 8:59:19 PM,EVENT 46788 1596468406 0/0/0/0/12 INPUT 3 0 39 v:124
3/08/2020 8:59:19 PM,252 Event OK
3/08/2020 8:59:19 PM,EVENT 46789 1596468501 0/0/0/0/0 INPUT 4 0 144 v:124
3/08/2020 8:59:19 PM,252 Event OK
3/08/2020 8:59:20 PM,EVENT 46790 1596468501 0/0/0/0/0 INPUT 4 1 0 v:124
3/08/2020 8:59:20 PM,252 Event OK
3/08/2020 8:59:20 PM,EVENT 46791 1596468531 0/0/0/0/0 INPUT 4 0 30 v:124
3/08/2020 8:59:20 PM,252 Event OK
3/08/2020 8:59:20 PM,EVENT 46792 1596468531 0/0/0/0/0 INPUT 4 1 0 v:124
3/08/2020 8:59:20 PM,252 Event OK
3/08/2020 8:59:20 PM,EVENT 46793 1596468567 0/0/0/0/0 INPUT 4 0 36 v:124
3/08/2020 8:59:20 PM,252 Event OK
3/08/2020 8:59:21 PM,EVENT 46794 1596468567 0/0/0/0/0 INPUT 4 1 0 v:124
3/08/2020 8:59:21 PM,252 Event OK
3/08/2020 8:59:21 PM,EVENT 46795 1596468572 0/0/0/0/5 INPUT 3 1 0 v:124
3/08/2020 8:59:21 PM,252 Event OK
3/08/2020 8:59:21 PM,EVENT 46796 1596468580 0/0/0/0/10 INPUT 3 0 8 v:124
3/08/2020 8:59:21 PM,252 Event OK
3/08/2020 8:59:21 PM,EVENT 46797 1596468594 0/0/0/0/0 INPUT 4 0 27 v:124
3/08/2020 8:59:21 PM,252 Event OK
3/08/2020 8:59:22 PM,EVENT 46798 1596468594 0/0/0/0/0 INPUT 4 1 0 v:124
3/08/2020 8:59:22 PM,252 Event OK
3/08/2020 8:59:22 PM,EVENT 46799 1596468603 0/0/0/0/3 INPUT 4 0 9 v:124
3/08/2020 8:59:22 PM,252 Event OK
3/08/2020 8:59:22 PM,EVENT 46800 1596468603 0/0/0/0/3 INPUT 4 1 0 v:124
3/08/2020 8:59:22 PM,252 Event OK
3/08/2020 8:59:23 PM,EVENT 46801 1596468620 0/0/0/0/0 INPUT 4 0 17 v:124
3/08/2020 8:59:23 PM,252 Event OK
3/08/2020 8:59:23 PM,EVENT 46802 1596468620 0/0/0/0/0 INPUT 4 1 0 v:124
3/08/2020 8:59:23 PM,252 Event OK
3/08/2020 8:59:23 PM,EVENT 46803 1596468662 0/0/0/0/5 INPUT 4 0 42 v:124
3/08/2020 8:59:23 PM,252 Event OK
3/08/2020 8:59:23 PM,EVENT 46804 1596468662 0/0/0/0/5 INPUT 4 1 0 v:124
3/08/2020 8:59:23 PM,252 Event OK
3/08/2020 8:59:23 PM,EVENT 46805 1596468664 0/0/0/0/5 INPUT 3 1 0 v:124
3/08/2020 8:59:23 PM,252 Event OK
3/08/2020 8:59:24 PM,EVENT 46806 1596468686 0/0/0/0/11 INPUT 3 0 22 v:124
3/08/2020 8:59:24 PM,252 Event OK
3/08/2020 8:59:24 PM,EVENT 46807 1596468690 0/0/0/0/0 INPUT 4 0 28 v:124
3/08/2020 8:59:24 PM,252 Event OK
3/08/2020 8:59:24 PM,EVENT 46808 1596468690 0/0/0/0/0 INPUT 4 1 0 v:124
3/08/2020 8:59:24 PM,252 Event OK
3/08/2020 8:59:24 PM,EVENT 46809 1596468710 0/0/0/99/7 INPUT 3 1 0 v:124
3/08/2020 8:59:24 PM,252 Event OK
3/08/2020 8:59:24 PM,EVENT 46810 1596468720 0/0/0/0/11 INPUT 3 0 10 v:124
3/08/2020 8:59:24 PM,252 Event OK
3/08/2020 8:59:25 PM,EVENT 46811 1596468721 0/0/0/0/8 INPUT 3 1 0 v:124
3/08/2020 8:59:25 PM,252 Event OK
3/08/2020 8:59:25 PM,EVENT 46812 1596468726 0/0/0/0/9 INPUT 3 0 5 v:124
3/08/2020 8:59:25 PM,252 Event OK
3/08/2020 8:59:25 PM,EVENT 46813 1596468731 0/0/0/0/3 INPUT 7 1 0 v:124
3/08/2020 8:59:25 PM,252 Event OK
3/08/2020 8:59:25 PM,EVENT 46814 1596468731 0/0/0/0/3 INPUT 8 0 389 v:124
3/08/2020 8:59:25 PM,252 Event OK
3/08/2020 8:59:25 PM,EVENT 46815 1596468732 0/0/0/0/2 INPUT 1 1 0 v:124
3/08/2020 8:59:25 PM,252 Event OK
3/08/2020 8:59:26 PM,EVENT 46816 1596468735 0/0/0/0/0 TRIP 46783 84 294 7 7 385 v:124
3/08/2020 8:59:26 PM,252 Event OK
3/08/2020 8:59:26 PM,EVENT 46817 1596468735 0/0/0/0/0 TRIPSUMMARY 46783 v:124
3/08/2020 8:59:26 PM,252 Event OK
3/08/2020 8:59:26 PM,EVENT 46818 1596468736 0/0/0/0/0 INPUT 4 0 45 v:124
3/08/2020 8:59:26 PM,252 Event OK
3/08/2020 8:59:26 PM,EVENT 46819 1596469407 0/0/0/0/0 INPUT 8 1 0 v:124
3/08/2020 8:59:26 PM,252 Event OK
3/08/2020 8:59:27 PM,EVENT 46820 1596469407 0/0/0/0/0 INPUT 7 0 676 v:124
3/08/2020 8:59:27 PM,252 Event OK
3/08/2020 8:59:27 PM,EVENT 46821 1596469415 0/0/0/0/0 SIGNON 2463 01b1def3 OK 26 271086 0 v:124
3/08/2020 8:59:27 PM,252 Event OK
3/08/2020 8:59:27 PM,EVENT 46822 1596469421 0/0/0/0/0 INPUT 1 0 688 v:124
3/08/2020 8:59:27 PM,252 Event OK
3/08/2020 8:59:29 PM,EVENT 46823 1596469421 0/0/0/0/0 INPUT 4 1 0 v:124
3/08/2020 8:59:29 PM,252 Event OK
3/08/2020 8:59:29 PM,EVENT 46824 1596469422 0/0/0/0/0 OILPRESSURE 46821 2 v:124
3/08/2020 8:59:29 PM,252 Event OK
3/08/2020 8:59:29 PM,EVENT 46825 1596469424 0/0/0/0/0 INPUT 4 0 4 v:124
3/08/2020 8:59:29 PM,252 Event OK
3/08/2020 8:59:30 PM,EVENT 46826 1596469425 0/0/0/0/0 INPUT 4 1 0 v:124
3/08/2020 8:59:30 PM,252 Event OK
3/08/2020 8:59:30 PM,EVENT 46827 1596469441 0/0/0/0/4 INPUT 4 0 17 v:124
3/08/2020 8:59:30 PM,252 Event OK
3/08/2020 8:59:30 PM,EVENT 46828 1596469441 0/0/0/0/4 INPUT 4 1 0 v:124
3/08/2020 8:59:30 PM,252 Event OK
3/08/2020 8:59:31 PM,EVENT 46829 1596469444 0/0/0/0/3 INPUT 4 0 3 v:124
3/08/2020 8:59:31 PM,252 Event OK
3/08/2020 8:59:31 PM,EVENT 46830 1596469444 0/0/0/0/3 INPUT 4 1 0 v:124
3/08/2020 8:59:31 PM,252 Event OK
3/08/2020 8:59:31 PM,EVENT 46831 1596469452 0/0/0/0/0 REPORT 46821 0 0 v:124
3/08/2020 8:59:31 PM,252 Event OK
3/08/2020 8:59:32 PM,EVENT 46832 1596469506 0/0/0/0/3 INPUT 4 0 62 v:124
3/08/2020 8:59:32 PM,252 Event OK
3/08/2020 8:59:33 PM,EVENT 46833 1596469507 0/0/0/0/3 INPUT 4 1 0 v:124
3/08/2020 8:59:33 PM,252 Event OK
3/08/2020 8:59:33 PM,EVENT 46834 1596469509 0/0/0/0/3 INPUT 4 0 3 v:124
3/08/2020 8:59:33 PM,252 Event OK
3/08/2020 8:59:33 PM,EVENT 46835 1596469510 0/0/0/0/3 INPUT 4 1 0 v:124
3/08/2020 8:59:33 PM,252 Event OK
3/08/2020 8:59:33 PM,EVENT 46836 1596469512 0/0/0/0/3 INPUT 4 0 3 v:124
3/08/2020 8:59:33 PM,252 Event OK
3/08/2020 8:59:33 PM,EVENT 46837 1596469512 0/0/0/0/0 INPUT 4 1 0 v:124
3/08/2020 8:59:33 PM,252 Event OK
3/08/2020 8:59:34 PM,EVENT 46838 1596469516 0/0/0/0/3 INPUT 7 1 0 v:124
3/08/2020 8:59:34 PM,252 Event OK
3/08/2020 8:59:34 PM,EVENT 46839 1596469516 0/0/0/0/3 INPUT 8 0 109 v:124
3/08/2020 8:59:34 PM,252 Event OK
3/08/2020 8:59:34 PM,EVENT 46840 1596469517 0/0/0/0/3 INPUT 1 1 0 v:124
3/08/2020 8:59:34 PM,252 Event OK
3/08/2020 8:59:35 PM,EVENT 46841 1596469518 0/0/0/0/3 INPUT 4 0 6 v:123
3/08/2020 8:59:35 PM,252 Event OK
3/08/2020 8:59:35 PM,EVENT 46842 1596469520 0/0/0/0/0 TRIP 46821 0 98 8 6 106 v:123
3/08/2020 8:59:35 PM,252 Event OK
3/08/2020 8:59:35 PM,EVENT 46843 1596469520 0/0/0/0/0 TRIPSUMMARY 46821 v:124
3/08/2020 8:59:35 PM,252 Event OK
3/08/2020 8:59:37 PM,EVENT 46844 1596482577 0/0/0/0/0 SWSTART OpusFC 5.0.58.510 R v:124
3/08/2020 8:59:37 PM,252 Event OK
3/08/2020 8:59:38 PM,EVENT 46845 1596469520 0/0/0/0/0 POWERDOWN v:124
3/08/2020 8:59:38 PM,252 Event OK
3/08/2020 8:59:38 PM,EVENT 46846 1596482577 0/0/0/0/0 INPUT 1 1 0 v:123
3/08/2020 8:59:38 PM,252 Event OK
3/08/2020 8:59:38 PM,EVENT 46847 1596482577 0/0/0/0/0 INPUT 2 0 0 v:124
3/08/2020 8:59:38 PM,252 Event OK
3/08/2020 8:59:39 PM,EVENT 46848 1596482577 0/0/0/0/0 INPUT 3 0 0 v:123
3/08/2020 8:59:39 PM,252 Event OK
3/08/2020 8:59:39 PM,EVENT 46849 1596482577 0/0/0/0/0 INPUT 4 0 0 v:124
3/08/2020 8:59:39 PM,252 Event OK
3/08/2020 8:59:39 PM,EVENT 46850 1596482577 0/0/0/0/0 INPUT 7 0 0 v:123
3/08/2020 8:59:39 PM,252 Event OK
3/08/2020 8:59:40 PM,EVENT 46851 1596482577 0/0/0/0/0 INPUT 8 1 0 v:124
3/08/2020 8:59:40 PM,252 Event OK
3/08/2020 8:59:40 PM,EVENT 46852 1596482579 0/0/0/0/0 ZONE_OK 2 100 FW=NO VERSION v:124
3/08/2020 8:59:40 PM,252 Event OK
3/08/2020 8:59:41 PM,EVENT 46853 1596482586 0/0/0/0/0 SIGNON 2463 01b1def3 OK 26 271086 0 v:124
3/08/2020 8:59:41 PM,252 Event OK
3/08/2020 8:59:41 PM,EVENT 46854 1596482593 0/0/0/99/0 INPUT 1 0 15 v:124
3/08/2020 8:59:41 PM,252 Event OK
3/08/2020 8:59:41 PM,EVENT 46855 1596482593 0/0/0/99/0 INPUT 4 1 0 v:124
3/08/2020 8:59:41 PM,252 Event OK
3/08/2020 8:59:41 PM,EVENT 46856 1596482594 0/0/0/99/0 INPUT 4 0 1 v:124
3/08/2020 8:59:41 PM,252 Event OK
3/08/2020 8:59:42 PM,EVENT 46857 1596482594 0/0/0/99/0 OILPRESSURE 46853 3 v:124
3/08/2020 8:59:42 PM,252 Event OK
3/08/2020 8:59:42 PM,EVENT 46858 1596482595 0/0/0/99/0 INPUT 4 1 0 v:124
3/08/2020 8:59:42 PM,252 Event OK
3/08/2020 8:59:42 PM,EVENT 46859 1596482614 0/0/0/0/8 INPUT 3 1 0 v:124
3/08/2020 8:59:42 PM,252 Event OK
3/08/2020 8:59:43 PM,EVENT 46860 1596482622 0/0/0/0/10 INPUT 3 0 8 v:124
3/08/2020 8:59:43 PM,252 Event OK
3/08/2020 8:59:43 PM,EVENT 46861 1596482645 0/0/0/0/0 INPUT 4 0 51 v:124
3/08/2020 8:59:43 PM,252 Event OK
3/08/2020 8:59:43 PM,EVENT 46862 1596482645 0/0/0/0/0 INPUT 4 1 0 v:124
3/08/2020 8:59:43 PM,252 Event OK
3/08/2020 8:59:43 PM,EVENT 46863 1596482666 0/0/0/0/0 INPUT 4 0 21 v:124
3/08/2020 8:59:43 PM,252 Event OK
3/08/2020 8:59:44 PM,EVENT 46864 1596482666 0/0/0/0/0 INPUT 4 1 0 v:124
3/08/2020 8:59:44 PM,252 Event OK
3/08/2020 8:59:44 PM,EVENT 46865 1596482716 0/0/0/0/6 INPUT 3 1 0 v:124
3/08/2020 8:59:44 PM,252 Event OK
3/08/2020 8:59:44 PM,EVENT 46866 1596482746 0/0/0/0/10 INPUT 3 0 31 v:124
3/08/2020 8:59:44 PM,252 Event OK
3/08/2020 8:59:44 PM,EVENT 46867 1596482765 0/0/0/0/0 INPUT 4 0 99 v:124
3/08/2020 8:59:44 PM,252 Event OK
3/08/2020 8:59:45 PM,EVENT 46868 1596482765 0/0/0/0/0 INPUT 4 1 0 v:124
3/08/2020 8:59:45 PM,252 Event OK
3/08/2020 8:59:45 PM,EVENT 46869 1596482834 0/0/0/0/0 INPUT 4 0 69 v:124
3/08/2020 8:59:45 PM,252 Event OK
3/08/2020 8:59:45 PM,EVENT 46870 1596482834 0/0/0/0/0 INPUT 4 1 0 v:124
3/08/2020 8:59:45 PM,252 Event OK
3/08/2020 8:59:46 PM,EVENT 46871 1596482929 0/0/0/0/0 SWSTART OpusFC 5.0.58.510 R v:124
3/08/2020 8:59:46 PM,252 Event OK
3/08/2020 8:59:46 PM,EVENT 46872 1596482875 0/0/0/0/0 POWERDOWN v:124
3/08/2020 8:59:46 PM,252 Event OK
3/08/2020 8:59:47 PM,EVENT 46873 1596482875 0/0/0/0/0 TRIP 46853 39 244 6 6 289 v:124
3/08/2020 8:59:47 PM,252 Event OK
3/08/2020 8:59:47 PM,EVENT 46874 1596482929 0/0/0/0/0 INPUT 1 0 0 v:124
3/08/2020 8:59:47 PM,252 Event OK
3/08/2020 8:59:47 PM,EVENT 46875 1596482929 0/0/0/0/0 INPUT 2 0 0 v:124
3/08/2020 8:59:47 PM,252 Event OK
3/08/2020 8:59:47 PM,EVENT 46876 1596482929 0/0/0/0/0 INPUT 3 1 0 v:124
3/08/2020 8:59:47 PM,252 Event OK
3/08/2020 8:59:48 PM,EVENT 46877 1596482929 0/0/0/0/0 INPUT 4 1 0 v:124
3/08/2020 8:59:48 PM,252 Event OK
3/08/2020 8:59:48 PM,EVENT 46878 1596482929 0/0/0/0/0 INPUT 7 0 0 v:124
3/08/2020 8:59:48 PM,252 Event OK
3/08/2020 8:59:48 PM,EVENT 46879 1596482929 0/0/0/0/0 INPUT 8 1 0 v:124
3/08/2020 8:59:48 PM,252 Event OK
3/08/2020 8:59:48 PM,EVENT 46880 1596482931 0/0/0/0/0 ZONE_OK 2 100 FW=NO VERSION v:124
3/08/2020 8:59:48 PM,252 Event OK
3/08/2020 8:59:49 PM,EVENT 46881 1596482941 0/0/0/99/0 SIGNON 2463 01b1def3 OK 26 271086 0 v:124
3/08/2020 8:59:49 PM,252 Event OK
3/08/2020 8:59:49 PM,EVENT 46882 1596482975 0/0/0/0/13 INPUT 3 0 47 v:124
3/08/2020 8:59:49 PM,252 Event OK
3/08/2020 8:59:49 PM,EVENT 46883 1596482986 0/0/0/0/3 INPUT 4 0 58 v:124
3/08/2020 8:59:49 PM,252 Event OK
3/08/2020 8:59:49 PM,EVENT 46884 1596482986 0/0/0/0/3 INPUT 4 1 0 v:124
3/08/2020 8:59:49 PM,252 Event OK
3/08/2020 8:59:50 PM,EVENT 46885 1596483000 0/0/0/0/3 INPUT 1 1 0 v:124
3/08/2020 8:59:50 PM,252 Event OK
3/08/2020 8:59:50 PM,EVENT 46886 1596483001 0/0/0/0/3 INPUT 4 0 15 v:124
3/08/2020 8:59:50 PM,252 Event OK
3/08/2020 8:59:50 PM,EVENT 46887 1596483007 0/0/0/0/0 INPUT 1 0 7 v:124
3/08/2020 8:59:50 PM,252 Event OK
3/08/2020 8:59:50 PM,EVENT 46888 1596483009 0/0/0/0/0 INPUT 4 1 0 v:124
3/08/2020 8:59:50 PM,252 Event OK
3/08/2020 8:59:50 PM,EVENT 46889 1596483009 0/0/0/0/0 OILPRESSURE 46881 7 v:124
3/08/2020 8:59:50 PM,252 Event OK
3/08/2020 8:59:51 PM,EVENT 46890 1596483010 0/0/0/0/6 INPUT 3 1 0 v:124
3/08/2020 8:59:51 PM,252 Event OK
3/08/2020 8:59:51 PM,EVENT 46891 1596483034 0/0/0/0/11 INPUT 3 0 24 v:124
3/08/2020 8:59:51 PM,252 Event OK
3/08/2020 8:59:51 PM,EVENT 46892 1596483037 0/0/0/0/6 INPUT 7 1 0 v:124
3/08/2020 8:59:51 PM,252 Event OK
3/08/2020 8:59:51 PM,EVENT 46893 1596483037 0/0/0/0/6 INPUT 8 0 108 v:124
3/08/2020 8:59:51 PM,252 Event OK
3/08/2020 8:59:52 PM,EVENT 46894 1596483038 0/0/0/0/6 INPUT 1 1 0 v:124
3/08/2020 8:59:52 PM,252 Event OK
3/08/2020 8:59:52 PM,EVENT 46895 1596483039 0/0/0/0/6 INPUT 4 0 31 v:124
3/08/2020 8:59:52 PM,252 Event OK
3/08/2020 8:59:52 PM,EVENT 46896 1596483041 0/0/0/0/0 TRIP 46881 55 33 13 7 101 v:123
3/08/2020 8:59:52 PM,252 Event OK
3/08/2020 8:59:53 PM,EVENT 46897 1596483041 0/0/0/0/0 TRIPSUMMARY 46881 v:124
3/08/2020 8:59:53 PM,252 Event OK
3/08/2020 8:59:53 PM,EVENT 46898 1596483053 0/0/0/0/0 REPORT * 0 0 v:124
3/08/2020 8:59:53 PM,252 Event OK
3/08/2020 8:59:53 PM,EVENT 46899 1596485469 0/0/0/0/0 INPUT 1 1 0 v:123
3/08/2020 8:59:53 PM,252 Event OK
3/08/2020 8:59:53 PM,EVENT 46900 1596485469 0/0/0/0/0 INPUT 2 0 0 v:123
3/08/2020 8:59:53 PM,252 Event OK
3/08/2020 8:59:54 PM,EVENT 46901 1596485469 0/0/0/0/0 INPUT 3 0 0 v:123
3/08/2020 8:59:54 PM,252 Event OK
3/08/2020 8:59:54 PM,EVENT 46902 1596485469 0/0/0/0/0 INPUT 4 0 0 v:123
3/08/2020 8:59:54 PM,252 Event OK
3/08/2020 8:59:54 PM,EVENT 46903 1596485469 0/0/0/0/0 INPUT 7 1 0 v:123
3/08/2020 8:59:54 PM,252 Event OK
3/08/2020 8:59:54 PM,EVENT 46904 1596485469 0/0/0/0/0 INPUT 8 0 0 v:123
3/08/2020 8:59:54 PM,252 Event OK
3/08/2020 8:59:55 PM,EVENT 46905 1596485471 0/0/0/0/0 ZONE_OK 2 100 FW=NO VERSION v:123
3/08/2020 8:59:55 PM,252 Event OK
3/08/2020 8:59:55 PM,EVENT 46906 1596485471 0/0/0/0/0 REPORT * 0 0 v:123
3/08/2020 8:59:55 PM,252 Event OK
3/08/2020 8:59:55 PM,EVENT 46907 1596485522 0/0/0/0/0 INPUT 8 1 0 v:123
3/08/2020 8:59:55 PM,252 Event OK
3/08/2020 8:59:55 PM,EVENT 46908 1596485523 0/0/0/0/0 INPUT 7 0 53 v:123
3/08/2020 8:59:55 PM,252 Event OK
3/08/2020 8:59:56 PM,EVENT 46909 1596485581 0/0/0/0/0 INPUT 7 1 0 v:123
3/08/2020 8:59:56 PM,252 Event OK
3/08/2020 8:59:56 PM,EVENT 46910 1596485581 0/0/0/0/0 INPUT 8 0 59 v:123
3/08/2020 8:59:56 PM,252 Event OK
3/08/2020 8:59:56 PM,EVENT 46911 1596485719 0/0/0/0/0 INPUT 8 1 0 v:124
3/08/2020 8:59:56 PM,252 Event OK
3/08/2020 8:59:56 PM,EVENT 46912 1596485719 0/0/0/0/0 INPUT 7 0 138 v:124
3/08/2020 8:59:56 PM,252 Event OK
3/08/2020 8:59:57 PM,EVENT 46913 1596485731 0/0/0/0/0 SIGNON 2545 03bfbfbf OK 26 202020 0 v:124
3/08/2020 8:59:57 PM,252 Event OK
3/08/2020 8:59:57 PM,EVENT 46914 1596485737 0/0/0/0/0 INPUT 1 0 267 v:124
3/08/2020 8:59:57 PM,252 Event OK
3/08/2020 8:59:57 PM,EVENT 46915 1596485738 0/0/0/0/0 INPUT 4 1 0 v:124
3/08/2020 8:59:57 PM,252 Event OK
3/08/2020 8:59:57 PM,EVENT 46916 1596485738 0/0/0/0/0 OILPRESSURE 46913 2 v:124
3/08/2020 8:59:57 PM,252 Event OK
3/08/2020 8:59:58 PM,EVENT 46917 1596485743 0/0/0/0/0 INPUT 4 0 6 v:124
3/08/2020 8:59:58 PM,252 Event OK
3/08/2020 8:59:58 PM,EVENT 46918 1596485743 0/0/0/0/0 INPUT 4 1 0 v:124
3/08/2020 8:59:58 PM,252 Event OK
3/08/2020 8:59:58 PM,EVENT 46919 1596485746 0/0/0/0/6 INPUT 3 1 0 v:124
3/08/2020 8:59:58 PM,252 Event OK
3/08/2020 8:59:58 PM,EVENT 46920 1596485747 0/0/0/0/12 INPUT 3 0 2 v:124
3/08/2020 8:59:58 PM,252 Event OK
3/08/2020 8:59:59 PM,EVENT 46921 1596485768 0/0/0/0/5 INPUT 3 1 0 v:124
3/08/2020 8:59:59 PM,252 Event OK
3/08/2020 8:59:59 PM,EVENT 46922 1596485787 0/0/0/0/14 INPUT 3 0 18 v:124
3/08/2020 8:59:59 PM,252 Event OK
3/08/2020 8:59:59 PM,EVENT 46923 1596485803 0/0/0/0/0 INPUT 7 1 0 v:124
3/08/2020 8:59:59 PM,252 Event OK
3/08/2020 8:59:59 PM,EVENT 46924 1596485803 0/0/0/0/0 INPUT 8 0 84 v:124
3/08/2020 8:59:59 PM,252 Event OK
3/08/2020 9:00:00 PM,EVENT 46925 1596485804 0/0/0/0/0 INPUT 1 1 0 v:124
3/08/2020 9:00:00 PM,252 Event OK
3/08/2020 9:00:00 PM,EVENT 46926 1596485804 0/0/0/0/0 INPUT 4 0 61 v:124
3/08/2020 9:00:00 PM,252 Event OK
3/08/2020 9:00:00 PM,EVENT 46927 1596485807 0/0/0/0/0 TRIP 46913 20 47 10 7 77 v:124
3/08/2020 9:00:00 PM,252 Event OK
3/08/2020 9:00:00 PM,EVENT 46928 1596485807 0/0/0/0/0 TRIPSUMMARY 46913 v:124
3/08/2020 9:00:00 PM,252 Event OK
3/08/2020 9:00:01 PM,EVENT 46929 1596485945 0/0/0/0/0 INPUT 8 1 0 v:124
3/08/2020 9:00:01 PM,252 Event OK
3/08/2020 9:00:01 PM,EVENT 46930 1596485945 0/0/0/0/0 INPUT 7 0 143 v:124
3/08/2020 9:00:01 PM,252 Event OK
3/08/2020 9:00:01 PM,EVENT 46931 1596485946 0/0/0/0/0 INPUT 7 1 0 v:124
3/08/2020 9:00:01 PM,252 Event OK
3/08/2020 9:00:01 PM,EVENT 46932 1596485946 0/0/0/0/0 INPUT 8 0 1 v:124
3/08/2020 9:00:01 PM,252 Event OK
3/08/2020 9:00:02 PM,EVENT 46933 1596486006 0/0/0/0/0 INPUT 8 1 0 v:124
3/08/2020 9:00:02 PM,252 Event OK
3/08/2020 9:00:02 PM,EVENT 46934 1596486006 0/0/0/0/0 INPUT 7 0 60 v:124
3/08/2020 9:00:02 PM,252 Event OK
3/08/2020 9:00:02 PM,EVENT 46935 1596486013 0/0/0/0/0 SIGNON 2463 01b1def3 OK 26 271086 0 v:124
3/08/2020 9:00:02 PM,252 Event OK
3/08/2020 9:00:03 PM,EVENT 46936 1596486019 0/0/0/0/0 INPUT 1 0 216 v:124
3/08/2020 9:00:03 PM,252 Event OK
3/08/2020 9:00:03 PM,EVENT 46937 1596486020 0/0/0/0/0 INPUT 4 1 0 v:124
3/08/2020 9:00:03 PM,252 Event OK
3/08/2020 9:00:03 PM,EVENT 46938 1596486021 0/0/0/0/0 OILPRESSURE 46935 3 v:124
3/08/2020 9:00:03 PM,252 Event OK
3/08/2020 9:00:03 PM,EVENT 46939 1596486026 0/0/0/0/5 INPUT 3 1 0 v:124
3/08/2020 9:00:03 PM,252 Event OK
3/08/2020 9:00:04 PM,EVENT 46940 1596486028 0/0/0/0/10 INPUT 3 0 1 v:124
3/08/2020 9:00:04 PM,252 Event OK
3/08/2020 9:00:04 PM,EVENT 46941 1596486033 0/0/0/0/0 INPUT 7 1 0 v:124
3/08/2020 9:00:04 PM,252 Event OK
3/08/2020 9:00:04 PM,EVENT 46942 1596486033 0/0/0/0/0 INPUT 8 0 27 v:124
3/08/2020 9:00:04 PM,252 Event OK
3/08/2020 9:00:04 PM,EVENT 46943 1596486034 0/0/0/0/0 INPUT 1 1 0 v:124
3/08/2020 9:00:04 PM,252 Event OK
3/08/2020 9:00:04 PM,EVENT 46944 1596486037 0/0/0/0/0 TRIP 46935 1 17 6 6 24 v:124
3/08/2020 9:00:04 PM,252 Event OK
3/08/2020 9:00:05 PM,EVENT 46945 1596486037 0/0/0/0/0 TRIPSUMMARY 46935 v:124
3/08/2020 9:00:05 PM,252 Event OK
3/08/2020 9:00:05 PM,EVENT 46946 1596486038 0/0/0/0/0 INPUT 4 0 18 v:124
3/08/2020 9:00:05 PM,252 Event OK
3/08/2020 9:00:05 PM,EVENT 46947 1596486085 0/0/0/0/0 INPUT 8 1 0 v:124
3/08/2020 9:00:05 PM,252 Event OK
3/08/2020 9:00:05 PM,EVENT 46948 1596486085 0/0/0/0/0 INPUT 7 0 53 v:124
3/08/2020 9:00:05 PM,252 Event OK
3/08/2020 9:00:06 PM,EVENT 46949 1596486094 0/0/0/0/0 SIGNON 2463 01b1def3 OK 26 271086 0 v:124
3/08/2020 9:00:06 PM,252 Event OK
3/08/2020 9:00:06 PM,EVENT 46950 1596486100 0/0/0/0/0 INPUT 1 0 65 v:124
3/08/2020 9:00:06 PM,252 Event OK
3/08/2020 9:00:06 PM,EVENT 46951 1596486101 0/0/0/0/0 INPUT 4 1 0 v:124
3/08/2020 9:00:06 PM,252 Event OK
3/08/2020 9:00:07 PM,EVENT 46952 1596486101 0/0/0/0/0 OILPRESSURE 46949 2 v:124
3/08/2020 9:00:07 PM,252 Event OK
3/08/2020 9:00:07 PM,EVENT 46953 1596486112 0/0/0/0/4 INPUT 3 1 0 v:124
3/08/2020 9:00:07 PM,252 Event OK
3/08/2020 9:00:08 PM,EVENT 46954 1596486150 0/0/0/0/16 INPUT 3 0 38 v:124
3/08/2020 9:00:08 PM,252 Event OK
3/08/2020 9:00:08 PM,EVENT 46955 1596486150 0/0/0/0/14 INPUT 7 1 0 v:124
3/08/2020 9:00:08 PM,252 Event OK
3/08/2020 9:00:08 PM,EVENT 46956 1596486150 0/0/0/0/14 INPUT 8 0 66 v:124
3/08/2020 9:00:08 PM,252 Event OK
3/08/2020 9:00:08 PM,EVENT 46957 1596486151 0/0/0/0/9 INPUT 1 1 0 v:124
3/08/2020 9:00:08 PM,252 Event OK
3/08/2020 9:00:08 PM,EVENT 46958 1596486151 0/0/0/0/8 INPUT 4 0 51 v:124
3/08/2020 9:00:08 PM,252 Event OK
3/08/2020 9:00:09 PM,EVENT 46959 1596486152 0/0/0/0/8 INPUT 4 1 0 v:124
3/08/2020 9:00:09 PM,252 Event OK
3/08/2020 9:00:09 PM,EVENT 46960 1596486155 0/0/0/0/0 TRIP 46949 38 16 8 7 62 v:124
3/08/2020 9:00:09 PM,252 Event OK
3/08/2020 9:00:09 PM,EVENT 46961 1596486155 0/0/0/0/0 TRIPSUMMARY 46949 v:124
3/08/2020 9:00:09 PM,252 Event OK
3/08/2020 9:00:09 PM,EVENT 46962 1596486156 0/0/0/0/0 INPUT 4 0 3 v:124
3/08/2020 9:00:09 PM,252 Event OK
3/08/2020 9:00:10 PM,EVENT 46963 1596486299 0/0/0/0/0 INPUT 8 1 0 v:124
3/08/2020 9:00:10 PM,252 Event OK
3/08/2020 9:00:10 PM,EVENT 46964 1596486299 0/0/0/0/0 INPUT 7 0 148 v:124
3/08/2020 9:00:10 PM,252 Event OK
3/08/2020 9:00:10 PM,EVENT 46965 1596486307 0/0/0/0/0 SIGNON 2463 01b1def3 OK 26 271086 0 v:124
3/08/2020 9:00:10 PM,252 Event OK
3/08/2020 9:00:11 PM,EVENT 46966 1596486314 0/0/0/0/0 INPUT 1 0 163 v:124
3/08/2020 9:00:11 PM,252 Event OK
3/08/2020 9:00:12 PM,EVENT 46967 1596486314 0/0/0/0/0 INPUT 4 1 0 v:124
3/08/2020 9:00:12 PM,252 Event OK
3/08/2020 9:00:12 PM,EVENT 46968 1596486315 0/0/0/0/0 OILPRESSURE 46965 2 v:124
3/08/2020 9:00:12 PM,252 Event OK
3/08/2020 9:00:12 PM,EVENT 46969 1596486318 0/0/0/0/5 INPUT 3 1 0 v:124
3/08/2020 9:00:12 PM,252 Event OK
3/08/2020 9:00:12 PM,EVENT 46970 1596486321 0/0/0/0/9 INPUT 3 0 2 v:124
3/08/2020 9:00:12 PM,252 Event OK
3/08/2020 9:00:13 PM,EVENT 46971 1596486325 0/0/0/0/6 INPUT 3 1 0 v:124
3/08/2020 9:00:13 PM,252 Event OK
3/08/2020 9:00:13 PM,EVENT 46972 1596486393 0/0/0/0/10 INPUT 3 0 67 v:124
3/08/2020 9:00:13 PM,252 Event OK
3/08/2020 9:00:14 PM,EVENT 46973 1596486399 0/0/0/0/0 INPUT 7 1 0 v:124
3/08/2020 9:00:14 PM,252 Event OK
3/08/2020 9:00:14 PM,EVENT 46974 1596486399 0/0/0/0/0 INPUT 8 0 100 v:124
3/08/2020 9:00:14 PM,252 Event OK
3/08/2020 9:00:14 PM,EVENT 46975 1596486400 0/0/0/0/0 INPUT 1 1 0 v:124
3/08/2020 9:00:14 PM,252 Event OK
3/08/2020 9:00:14 PM,EVENT 46976 1596486401 0/0/0/0/0 INPUT 4 0 87 v:124
3/08/2020 9:00:14 PM,252 Event OK
3/08/2020 9:00:15 PM,EVENT 46977 1596486403 0/0/0/0/0 TRIP 46965 69 18 9 7 96 v:124
3/08/2020 9:00:15 PM,252 Event OK
3/08/2020 9:00:15 PM,EVENT 46978 1596486403 0/0/0/0/0 TRIPSUMMARY 46965 v:124
3/08/2020 9:00:15 PM,252 Event OK
3/08/2020 9:00:15 PM,EVENT 46979 1596486651 0/0/0/0/0 INPUT 8 1 0 v:124
3/08/2020 9:00:15 PM,252 Event OK
3/08/2020 9:00:15 PM,EVENT 46980 1596486652 0/0/0/0/0 INPUT 7 0 253 v:124
3/08/2020 9:00:15 PM,252 Event OK
3/08/2020 9:00:16 PM,EVENT 46981 1596486659 0/0/0/0/0 SIGNON 2463 01b1def3 OK 26 271086 0 v:124
3/08/2020 9:00:16 PM,252 Event OK
3/08/2020 9:00:16 PM,EVENT 46982 1596486700 0/0/0/0/0 INPUT 1 0 301 v:124
3/08/2020 9:00:16 PM,252 Event OK
3/08/2020 9:00:16 PM,EVENT 46983 1596486701 0/0/0/0/0 INPUT 4 1 0 v:124
3/08/2020 9:00:16 PM,252 Event OK
3/08/2020 9:00:17 PM,EVENT 46984 1596486702 0/0/0/0/0 OILPRESSURE 46981 38 v:124
3/08/2020 9:00:17 PM,252 Event OK
3/08/2020 9:00:17 PM,EVENT 46985 1596486717 0/0/0/0/5 INPUT 4 0 17 v:124
3/08/2020 9:00:17 PM,252 Event OK
3/08/2020 9:00:18 PM,EVENT 46986 1596486717 0/0/0/0/5 INPUT 4 1 0 v:124
3/08/2020 9:00:18 PM,252 Event OK
3/08/2020 9:00:18 PM,EVENT 46987 1596486721 0/0/0/0/8 INPUT 3 1 0 v:124
3/08/2020 9:00:18 PM,252 Event OK
3/08/2020 9:00:18 PM,EVENT 46988 1596486728 0/0/0/0/9 INPUT 3 0 6 v:124
3/08/2020 9:00:18 PM,252 Event OK
3/08/2020 9:00:19 PM,EVENT 46989 1596486729 0/0/0/0/7 INPUT 4 0 12 v:124
3/08/2020 9:00:19 PM,252 Event OK
3/08/2020 9:00:19 PM,EVENT 46990 1596486730 0/0/0/0/7 INPUT 4 1 0 v:124
3/08/2020 9:00:19 PM,252 Event OK
3/08/2020 9:00:26 PM,EVENT 46991 1596486742 0/0/0/0/0 INPUT 4 0 13 v:124
3/08/2020 9:00:26 PM,252 Event OK
3/08/2020 9:00:32 PM,EVENT 46992 1596486742 0/0/0/0/0 INPUT 4 1 0 v:124
3/08/2020 9:00:32 PM,252 Event OK
3/08/2020 9:00:33 PM,EVENT 46993 1596486751 0/0/0/0/7 INPUT 3 1 0 v:124
3/08/2020 9:00:33 PM,252 Event OK
3/08/2020 9:00:33 PM,EVENT 46994 1596486756 0/0/0/0/9 INPUT 3 0 5 v:124
3/08/2020 9:00:33 PM,252 Event OK
3/08/2020 9:00:33 PM,EVENT 46995 1596486762 0/0/0/0/5 INPUT 4 0 20 v:124
3/08/2020 9:00:33 PM,252 Event OK
3/08/2020 9:00:33 PM,EVENT 46996 1596486762 0/0/0/0/5 INPUT 4 1 0 v:124
3/08/2020 9:00:33 PM,252 Event OK
3/08/2020 9:00:33 PM,EVENT 46997 1596486765 0/0/0/0/5 INPUT 3 1 0 v:124
3/08/2020 9:00:33 PM,252 Event OK
3/08/2020 9:00:34 PM,EVENT 46998 1596486802 0/0/0/0/9 INPUT 3 0 36 v:124
3/08/2020 9:00:34 PM,252 Event OK
3/08/2020 9:00:34 PM,EVENT 46999 1596486827 0/0/0/0/5 INPUT 3 1 0 v:124
3/08/2020 9:00:34 PM,252 Event OK
3/08/2020 9:00:34 PM,EVENT 47000 1596486944 0/0/0/0/12 INPUT 3 0 116 v:124
3/08/2020 9:00:34 PM,252 Event OK
3/08/2020 9:00:34 PM,EVENT 47001 1596486961 0/0/0/0/0 INPUT 4 0 199 v:124
3/08/2020 9:00:34 PM,252 Event OK
3/08/2020 9:00:35 PM,EVENT 47002 1596486961 0/0/0/0/0 INPUT 4 1 0 v:124
3/08/2020 9:00:35 PM,252 Event OK
3/08/2020 9:00:35 PM,EVENT 47003 1596486982 0/0/0/0/0 INPUT 4 0 21 v:124
3/08/2020 9:00:35 PM,252 Event OK
3/08/2020 9:00:35 PM,EVENT 47004 1596486982 0/0/0/0/0 INPUT 4 1 0 v:124
3/08/2020 9:00:35 PM,252 Event OK
3/08/2020 9:00:35 PM,EVENT 47005 1596486991 0/0/0/0/6 INPUT 3 1 0 v:124
3/08/2020 9:00:35 PM,252 Event OK
3/08/2020 9:00:35 PM,EVENT 47006 1596487219 0/0/0/0/10 INPUT 3 0 228 v:124
3/08/2020 9:00:35 PM,252 Event OK
3/08/2020 9:00:36 PM,EVENT 47007 1596487224 0/0/0/0/7 INPUT 3 1 0 v:124
3/08/2020 9:00:36 PM,252 Event OK
3/08/2020 9:00:36 PM,EVENT 47008 1596487301 0/0/0/0/23 REPORT 46981 0 0 v:124
3/08/2020 9:00:36 PM,252 Event OK
3/08/2020 9:00:36 PM,EVENT 47009 1596487331 0/0/0/0/10 INPUT 3 0 108 v:124
3/08/2020 9:00:36 PM,252 Event OK
3/08/2020 9:00:36 PM,EVENT 47010 1596487331 0/0/0/0/10 INPUT 4 0 349 v:124
3/08/2020 9:00:36 PM,252 Event OK
3/08/2020 9:00:36 PM,EVENT 47011 1596487331 0/0/0/0/10 INPUT 4 1 0 v:124
3/08/2020 9:00:36 PM,252 Event OK
3/08/2020 9:00:37 PM,EVENT 47012 1596487335 0/0/0/0/6 INPUT 3 1 0 v:124
3/08/2020 9:00:37 PM,252 Event OK
3/08/2020 9:00:37 PM,EVENT 47013 1596487336 0/0/0/0/9 INPUT 3 0 2 v:124
3/08/2020 9:00:37 PM,252 Event OK
3/08/2020 9:00:37 PM,EVENT 47014 1596487339 0/0/0/0/5 INPUT 4 0 8 v:124
3/08/2020 9:00:37 PM,252 Event OK
3/08/2020 9:00:37 PM,EVENT 47015 1596487340 0/0/0/0/5 INPUT 4 1 0 v:124
3/08/2020 9:00:37 PM,252 Event OK
3/08/2020 9:00:38 PM,EVENT 47016 1596487399 0/0/0/0/0 INPUT 4 0 60 v:124
3/08/2020 9:00:38 PM,252 Event OK
3/08/2020 9:00:38 PM,EVENT 47017 1596487399 0/0/0/0/0 INPUT 4 1 0 v:124
3/08/2020 9:00:38 PM,252 Event OK
3/08/2020 9:00:38 PM,EVENT 47018 1596487404 0/0/0/0/3 INPUT 4 0 5 v:124
3/08/2020 9:00:38 PM,252 Event OK
3/08/2020 9:00:38 PM,EVENT 47019 1596487405 0/0/0/0/3 INPUT 4 1 0 v:124
3/08/2020 9:00:38 PM,252 Event OK
3/08/2020 9:00:38 PM,EVENT 47020 1596487408 0/0/0/0/0 INPUT 4 0 4 v:124
3/08/2020 9:00:38 PM,252 Event OK
3/08/2020 9:00:39 PM,EVENT 47021 1596487408 0/0/0/0/0 INPUT 4 1 0 v:124
3/08/2020 9:00:39 PM,252 Event OK
3/08/2020 9:00:39 PM,EVENT 47022 1596487418 0/0/0/0/5 INPUT 3 1 0 v:124
3/08/2020 9:00:39 PM,252 Event OK
3/08/2020 9:00:39 PM,EVENT 47023 1596488149 0/0/0/0/12 INPUT 3 0 731 v:124
3/08/2020 9:00:39 PM,252 Event OK
3/08/2020 9:00:39 PM,EVENT 47024 1596488152 0/0/0/0/3 INPUT 7 1 0 v:124
3/08/2020 9:00:39 PM,252 Event OK
3/08/2020 9:00:40 PM,EVENT 47025 1596488152 0/0/0/0/3 INPUT 8 0 1501 v:124
3/08/2020 9:00:40 PM,252 Event OK
3/08/2020 9:00:40 PM,EVENT 47026 1596488152 0/0/0/0/2 INPUT 4 0 744 v:124
3/08/2020 9:00:40 PM,252 Event OK
3/08/2020 9:00:40 PM,EVENT 47027 1596488152 0/0/0/0/2 INPUT 4 1 0 v:124
3/08/2020 9:00:40 PM,252 Event OK
3/08/2020 9:00:40 PM,EVENT 47028 1596488152 0/0/0/0/2 INPUT 1 1 0 v:124
3/08/2020 9:00:40 PM,252 Event OK
3/08/2020 9:00:40 PM,EVENT 47029 1596488155 -310121733/1219225545/40011/0/2 INPUT 4 0 2 v:123
3/08/2020 9:00:40 PM,252 Event OK
3/08/2020 9:00:41 PM,EVENT 47030 1596488156 -310121839/1219226285/37227/0/0 TRIP 46981 1232 222 44 42 1498 v:123
3/08/2020 9:00:41 PM,252 Event OK
3/08/2020 9:00:41 PM,EVENT 47031 1596488156 -310121859/1219226487/36495/0/0 TRIPSUMMARY 46981 v:123
3/08/2020 9:00:41 PM,252 Event OK
3/08/2020 9:00:41 PM,EVENT 47032 1596488194 -310121719/1219229080/1073/2/0 INPUT 8 1 0 v:123
3/08/2020 9:00:41 PM,252 Event OK
3/08/2020 9:00:41 PM,EVENT 47033 1596488195 -310121718/1219229080/1068/2/0 INPUT 7 0 43 v:124
3/08/2020 9:00:41 PM,252 Event OK
3/08/2020 9:00:42 PM,EVENT 47034 1596488204 -310121732/1219229088/1031/2/0 SIGNON 2463 01b1def3 OK 26 271086 0 v:124
3/08/2020 9:00:42 PM,252 Event OK
3/08/2020 9:00:42 PM,EVENT 47035 1596488210 -310121743/1219229102/1032/1/0 INPUT 1 0 57 v:124
3/08/2020 9:00:42 PM,252 Event OK
3/08/2020 9:00:42 PM,EVENT 47036 1596488211 -310121743/1219229102/1035/1/0 INPUT 4 1 0 v:124
3/08/2020 9:00:42 PM,252 Event OK
3/08/2020 9:00:42 PM,EVENT 47037 1596488211 -310121742/1219229102/1038/1/0 OILPRESSURE 47034 2 v:124
3/08/2020 9:00:42 PM,252 Event OK
3/08/2020 9:00:43 PM,EVENT 47038 1596488216 -310121445/1219229508/1016/1/5 INPUT 3 1 0 v:124
3/08/2020 9:00:43 PM,252 Event OK
3/08/2020 9:00:43 PM,EVENT 47039 1596488265 -310128808/1219229817/1077/4/11 INPUT 3 0 49 v:124
3/08/2020 9:00:43 PM,252 Event OK
3/08/2020 9:00:43 PM,EVENT 47040 1596488277 -310128438/1219229077/1099/2/0 INPUT 7 1 0 v:124
3/08/2020 9:00:43 PM,252 Event OK
3/08/2020 9:00:43 PM,EVENT 47041 1596488277 -310128438/1219229077/1099/2/0 INPUT 8 0 82 v:123
3/08/2020 9:00:43 PM,252 Event OK
3/08/2020 9:00:44 PM,EVENT 47042 1596488277 -310128431/1219229076/1100/2/0 INPUT 1 1 0 v:123
3/08/2020 9:00:44 PM,252 Event OK
3/08/2020 9:00:44 PM,EVENT 47043 1596488278 -310128429/1219229074/1101/2/0 INPUT 4 0 68 v:123
3/08/2020 9:00:44 PM,252 Event OK
3/08/2020 9:00:44 PM,EVENT 47044 1596488282 -310128443/1219229103/1095/2/0 TRIP 47034 49 19 10 7 78 v:123
3/08/2020 9:00:44 PM,252 Event OK
3/08/2020 9:00:44 PM,EVENT 47045 1596488282 -310128443/1219229103/1095/2/0 TRIPSUMMARY 47034 v:123
3/08/2020 9:00:44 PM,252 Event OK
3/08/2020 9:00:44 PM,EVENT 47046 1596488386 -310128429/1219229005/928/4/0 INPUT 8 1 0 v:123
3/08/2020 9:00:44 PM,252 Event OK
3/08/2020 9:00:45 PM,EVENT 47047 1596488387 -310128429/1219229005/928/4/0 INPUT 7 0 110 v:123
3/08/2020 9:00:45 PM,252 Event OK
3/08/2020 9:00:45 PM,EVENT 47048 1596488395 -310128493/1219228952/945/3/0 SIGNON 2463 01b1def3 OK 26 271086 0 v:123
3/08/2020 9:00:45 PM,252 Event OK
3/08/2020 9:00:45 PM,EVENT 47049 1596488404 -310128540/1219228920/952/3/0 INPUT 4 1 0 v:124
3/08/2020 9:00:45 PM,252 Event OK
3/08/2020 9:00:45 PM,EVENT 47050 1596488404 -310128542/1219228921/952/3/0 INPUT 1 0 127 v:124
3/08/2020 9:00:45 PM,252 Event OK
3/08/2020 9:00:46 PM,EVENT 47051 1596488406 -310128549/1219228914/945/3/0 OILPRESSURE 47048 6 v:124
3/08/2020 9:00:46 PM,252 Event OK
3/08/2020 9:00:46 PM,EVENT 47052 1596488413 -310128616/1219228926/937/3/0 INPUT 4 0 9 v:124
3/08/2020 9:00:46 PM,252 Event OK
3/08/2020 9:00:46 PM,EVENT 47053 1596488414 -310128645/1219228938/935/3/3 INPUT 4 1 0 v:124
3/08/2020 9:00:46 PM,252 Event OK
3/08/2020 9:00:46 PM,EVENT 47054 1596488425 -310128652/1219229303/984/0/7 INPUT 3 1 0 v:124
3/08/2020 9:00:46 PM,252 Event OK
3/08/2020 9:00:46 PM,QUIT
3/08/2020 9:00:46 PM,221 Session ended - goodbye
3/08/2020 9:02:43 PM,UNIT 9279
3/08/2020 9:02:43 PM,333 CHAL 15938F79
3/08/2020 9:02:45 PM,RESP 9EE06DA6
3/08/2020 9:02:45 PM,230 Auth OK
3/08/2020 9:04:11 PM,UNIT 9279
3/08/2020 9:04:11 PM,333 CHAL A4A510D
3/08/2020 9:04:13 PM,RESP 8B97EB9C
3/08/2020 9:04:13 PM,230 Auth OK
3/08/2020 9:04:15 PM,TIME
3/08/2020 9:04:15 PM,211 TIME 1596488655
3/08/2020 9:04:15 PM,EVCOUNT 7
3/08/2020 9:04:15 PM,252 Event OK
3/08/2020 9:04:16 PM,TODO
3/08/2020 9:04:16 PM,125 TODO GETXML 2000 Operators 
225 Work list complete
3/08/2020 9:04:19 PM,GETXML
3/08/2020 9:04:19 PM,Binary data 4200 bytes
3/08/2020 9:05:31 PM,GOT Operators 4152 1C8F75B1
3/08/2020 9:05:31 PM,250 Download OK
3/08/2020 9:07:15 PM,UNIT 9279
3/08/2020 9:07:15 PM,333 CHAL 61BAF4CD
3/08/2020 9:07:16 PM,RESP 243472DF
3/08/2020 9:07:16 PM,230 Auth OK
3/08/2020 9:07:17 PM,TIME
3/08/2020 9:07:17 PM,211 TIME 1596488837
3/08/2020 9:07:17 PM,EVCOUNT 7
3/08/2020 9:07:17 PM,252 Event OK
3/08/2020 9:07:19 PM,TODO
3/08/2020 9:07:19 PM,226 Nothing to do
3/08/2020 9:07:20 PM,EVENT 47055 1596488500 -310121352/1219229079/910/6/9 INPUT 3 0 75 v:124
3/08/2020 9:07:20 PM,252 Event OK
3/08/2020 9:07:21 PM,EVENT 47056 1596488504 -310121237/1219229697/925/6/5 INPUT 7 1 0 v:124
3/08/2020 9:07:21 PM,252 Event OK
3/08/2020 9:07:23 PM,EVENT 47057 1596488504 -310121237/1219229697/925/6/5 INPUT 8 0 118 v:124
3/08/2020 9:07:23 PM,252 Event OK
3/08/2020 9:07:24 PM,EVENT 47058 1596488505 -310121238/1219229700/923/6/5 INPUT 1 1 0 v:124
3/08/2020 9:07:24 PM,252 Event OK
3/08/2020 9:07:25 PM,EVENT 47059 1596488507 -310121240/1219229700/918/6/5 INPUT 4 0 93 v:124
3/08/2020 9:07:25 PM,252 Event OK
3/08/2020 9:07:26 PM,EVENT 47060 1596488509 -310121240/1219229701/936/6/0 TRIP 47048 75 27 12 9 114 v:124
3/08/2020 9:07:26 PM,252 Event OK
3/08/2020 9:07:27 PM,EVENT 47061 1596488509 -310121240/1219229701/936/6/0 TRIPSUMMARY 47048 v:124
3/08/2020 9:07:27 PM,252 Event OK
3/08/2020 9:07:31 PM,QUIT
3/08/2020 9:07:31 PM,221 Session ended - goodbye
3/08/2020 9:20:57 PM,UNIT 9279
3/08/2020 9:20:57 PM,333 CHAL 26A6F658
3/08/2020 9:22:18 PM,UNIT 9279
3/08/2020 9:22:18 PM,333 CHAL 14EFA558
3/08/2020 9:22:18 PM,RESP 8EB5412A
3/08/2020 9:22:18 PM,230 Auth OK
3/08/2020 9:22:18 PM,TIME
3/08/2020 9:22:18 PM,211 TIME 1596489738
3/08/2020 9:22:18 PM,EVCOUNT 10
3/08/2020 9:22:18 PM,252 Event OK
3/08/2020 9:22:19 PM,TODO
3/08/2020 9:22:19 PM,226 Nothing to do
3/08/2020 9:22:19 PM,EVENT 47062 1596489649 -310121078/1219229493/961/3/0 INPUT 8 1 0 v:124
3/08/2020 9:22:19 PM,252 Event OK
3/08/2020 9:22:19 PM,EVENT 47063 1596489649 -310121079/1219229492/963/3/0 INPUT 7 0 1144 v:124
3/08/2020 9:22:19 PM,252 Event OK
3/08/2020 9:22:19 PM,EVENT 47064 1596489657 -310121068/1219229477/974/3/0 SIGNON 2463 01b1def3 OK 26 271086 0 v:124
3/08/2020 9:22:19 PM,252 Event OK
3/08/2020 9:22:20 PM,EVENT 47065 1596489663 -310121053/1219229476/971/3/0 INPUT 4 1 0 v:124
3/08/2020 9:22:20 PM,252 Event OK
3/08/2020 9:22:20 PM,EVENT 47066 1596489664 -310121052/1219229475/973/3/0 INPUT 1 0 1159 v:124
3/08/2020 9:22:20 PM,252 Event OK
3/08/2020 9:22:20 PM,EVENT 47067 1596489664 -310121050/1219229474/975/3/0 INPUT 4 0 2 v:124
3/08/2020 9:22:20 PM,252 Event OK
3/08/2020 9:22:20 PM,EVENT 47068 1596489664 -310121050/1219229474/975/3/0 INPUT 4 1 0 v:124
3/08/2020 9:22:20 PM,252 Event OK
3/08/2020 9:22:21 PM,EVENT 47069 1596489665 -310121047/1219229470/978/3/0 OILPRESSURE 47064 3 v:123
3/08/2020 9:22:21 PM,252 Event OK
3/08/2020 9:22:24 PM,EVENT 47070 1596489680 -310120975/1219229483/999/3/0 REPORT 47064 0 80 v:124
3/08/2020 9:22:24 PM,252 Event OK
3/08/2020 9:22:29 PM,EVENT 47071 1596489729 -310120621/1219230221/1077/3/7 INPUT 3 1 0 v:124
3/08/2020 9:22:29 PM,252 Event OK
3/08/2020 9:22:31 PM,QUIT
3/08/2020 9:22:31 PM,221 Session ended - goodbye
3/08/2020 9:23:48 PM,UNIT 9279
3/08/2020 9:23:48 PM,333 CHAL 5F5C5072
3/08/2020 9:23:48 PM,RESP DB2C3B01
3/08/2020 9:23:48 PM,230 Auth OK
3/08/2020 9:23:48 PM,TIME
3/08/2020 9:23:48 PM,211 TIME 1596489828
3/08/2020 9:23:48 PM,EVCOUNT 7
3/08/2020 9:23:48 PM,252 Event OK
3/08/2020 9:23:49 PM,TODO
3/08/2020 9:23:49 PM,226 Nothing to do
3/08/2020 9:23:49 PM,EVENT 47072 1596489811 -310143082/1219231191/958/7/10 INPUT 3 0 81 v:124
3/08/2020 9:23:49 PM,252 Event OK
3/08/2020 9:23:49 PM,EVENT 47073 1596489815 -310143436/1219231198/932/7/5 INPUT 7 1 0 v:124
3/08/2020 9:23:49 PM,252 Event OK
3/08/2020 9:23:49 PM,EVENT 47074 1596489815 -310143436/1219231198/932/7/5 INPUT 8 0 166 v:124
3/08/2020 9:23:49 PM,252 Event OK
3/08/2020 9:23:50 PM,EVENT 47075 1596489816 -310143432/1219231202/928/7/5 INPUT 1 1 0 v:124
3/08/2020 9:23:50 PM,252 Event OK
3/08/2020 9:23:50 PM,EVENT 47076 1596489819 -310143416/1219231214/911/1/0 TRIP 47064 81 76 6 6 163 v:123
3/08/2020 9:23:50 PM,252 Event OK
3/08/2020 9:23:50 PM,EVENT 47077 1596489819 -310143416/1219231214/911/1/0 TRIPSUMMARY 47064 v:123
3/08/2020 9:23:50 PM,252 Event OK
3/08/2020 9:23:50 PM,EVENT 47078 1596489820 -310143413/1219231216/908/1/0 INPUT 4 0 155 v:123
3/08/2020 9:23:50 PM,252 Event OK
3/08/2020 9:23:50 PM,QUIT
3/08/2020 9:23:50 PM,221 Session ended - goodbye
3/08/2020 10:14:49 PM,UNIT 9279
3/08/2020 10:14:49 PM,333 CHAL 103A7B03
3/08/2020 10:14:50 PM,RESP D6B3D457
3/08/2020 10:14:50 PM,230 Auth OK
3/08/2020 10:14:50 PM,TIME
3/08/2020 10:14:50 PM,211 TIME 1596492890
3/08/2020 10:14:50 PM,EVCOUNT 11
3/08/2020 10:14:50 PM,252 Event OK
3/08/2020 10:14:51 PM,TODO
3/08/2020 10:14:51 PM,226 Nothing to do
3/08/2020 10:14:51 PM,EVENT 47079 1596492859 0/0/0/0/0 SWSTART OpusFC 5.0.58.510 R v:124
3/08/2020 10:14:51 PM,252 Event OK
3/08/2020 10:14:52 PM,EVENT 47080 1596489819 0/0/0/0/0 POWERDOWN v:123
3/08/2020 10:14:52 PM,252 Event OK
3/08/2020 10:14:52 PM,EVENT 47081 1596492859 0/0/0/0/0 INPUT 1 1 0 v:123
3/08/2020 10:14:52 PM,252 Event OK
3/08/2020 10:14:52 PM,EVENT 47082 1596492859 0/0/0/0/0 INPUT 2 0 0 v:123
3/08/2020 10:14:52 PM,252 Event OK
3/08/2020 10:14:52 PM,EVENT 47083 1596492859 0/0/0/0/0 INPUT 3 0 0 v:123
3/08/2020 10:14:52 PM,252 Event OK
3/08/2020 10:14:53 PM,EVENT 47084 1596492859 0/0/0/0/0 INPUT 4 0 0 v:123
3/08/2020 10:14:53 PM,252 Event OK
3/08/2020 10:14:53 PM,EVENT 47085 1596492859 0/0/0/0/0 INPUT 7 0 0 v:123
3/08/2020 10:14:53 PM,252 Event OK
3/08/2020 10:14:53 PM,EVENT 47086 1596492859 0/0/0/0/0 INPUT 8 1 0 v:123
3/08/2020 10:14:53 PM,252 Event OK
3/08/2020 10:14:54 PM,EVENT 47087 1596492861 0/0/0/0/0 ZONE_OK 2 100 FW=NO VERSION v:123
3/08/2020 10:14:54 PM,252 Event OK
3/08/2020 10:14:54 PM,EVENT 47088 1596492870 0/0/0/0/0 SIGNON 2544 03d5def0 OK_CL 26 151087 0 v:123
3/08/2020 10:14:54 PM,252 Event OK
3/08/2020 10:14:54 PM,EVENT 47089 1596492875 0/0/0/5/0 CHECKLIST 47088 OK 0 5 432 F v:123
3/08/2020 10:14:54 PM,252 Event OK
3/08/2020 10:14:55 PM,QUIT
3/08/2020 10:14:55 PM,221 Session ended - goodbye
3/08/2020 10:15:05 PM,UNIT 9279
3/08/2020 10:15:05 PM,333 CHAL 1119D159
3/08/2020 10:15:05 PM,RESP 1B83CF7A
3/08/2020 10:15:05 PM,230 Auth OK
3/08/2020 10:15:06 PM,TIME
3/08/2020 10:15:06 PM,211 TIME 1596492906
3/08/2020 10:15:07 PM,EVCOUNT 3
3/08/2020 10:15:07 PM,252 Event OK
3/08/2020 10:15:07 PM,TODO
3/08/2020 10:15:07 PM,226 Nothing to do
3/08/2020 10:15:08 PM,EVENT 47090 1596492894 0/0/0/5/0 INPUT 4 1 0 v:124
3/08/2020 10:15:08 PM,252 Event OK
3/08/2020 10:15:09 PM,EVENT 47091 1596492894 0/0/0/5/0 INPUT 1 0 35 v:124
3/08/2020 10:15:09 PM,252 Event OK
3/08/2020 10:15:10 PM,EVENT 47092 1596492896 0/0/0/5/0 OILPRESSURE 47088 19 v:124
3/08/2020 10:15:10 PM,252 Event OK
3/08/2020 10:15:11 PM,QUIT
3/08/2020 10:15:11 PM,221 Session ended - goodbye
3/08/2020 10:15:33 PM,UNIT 9279
3/08/2020 10:15:33 PM,333 CHAL 39A172E3
3/08/2020 10:15:34 PM,RESP 887312D1
3/08/2020 10:15:34 PM,230 Auth OK
3/08/2020 10:15:34 PM,TIME
3/08/2020 10:15:34 PM,211 TIME 1596492934
3/08/2020 10:15:35 PM,EVCOUNT 2
3/08/2020 10:15:35 PM,252 Event OK
3/08/2020 10:15:36 PM,TODO
3/08/2020 10:15:36 PM,226 Nothing to do
3/08/2020 10:15:37 PM,EVENT 47093 1596492927 -310143415/1219231232/833/5/0 INPUT 4 0 34 v:124
3/08/2020 10:15:37 PM,252 Event OK
3/08/2020 10:15:38 PM,EVENT 47094 1596492927 -310143415/1219231232/833/5/0 INPUT 4 1 0 v:124
3/08/2020 10:15:38 PM,252 Event OK
3/08/2020 10:15:38 PM,QUIT
3/08/2020 10:15:38 PM,221 Session ended - goodbye
3/08/2020 10:16:09 PM,UNIT 9279
3/08/2020 10:16:09 PM,333 CHAL 7A764B7F
3/08/2020 10:16:09 PM,RESP 93077BBF
3/08/2020 10:16:09 PM,230 Auth OK
3/08/2020 10:16:10 PM,TIME
3/08/2020 10:16:10 PM,211 TIME 1596492970
3/08/2020 10:16:11 PM,EVCOUNT 2
3/08/2020 10:16:11 PM,252 Event OK
3/08/2020 10:16:11 PM,TODO
3/08/2020 10:16:11 PM,226 Nothing to do
3/08/2020 10:16:12 PM,EVENT 47095 1596492963 -310143361/1219231303/786/4/0 INPUT 4 0 36 v:124
3/08/2020 10:16:12 PM,252 Event OK
3/08/2020 10:16:13 PM,EVENT 47096 1596492963 -310143359/1219231306/786/4/0 INPUT 4 1 0 v:124
3/08/2020 10:16:13 PM,252 Event OK
3/08/2020 10:16:14 PM,QUIT
3/08/2020 10:16:14 PM,221 Session ended - goodbye
3/08/2020 10:17:37 PM,UNIT 9279
3/08/2020 10:17:37 PM,333 CHAL 1EEAB593
3/08/2020 10:17:38 PM,RESP 6648093D
3/08/2020 10:17:38 PM,230 Auth OK
3/08/2020 10:17:39 PM,TIME
3/08/2020 10:17:39 PM,211 TIME 1596493059
3/08/2020 10:17:39 PM,EVCOUNT 3
3/08/2020 10:17:39 PM,252 Event OK
3/08/2020 10:17:40 PM,TODO
3/08/2020 10:17:40 PM,226 Nothing to do
3/08/2020 10:17:41 PM,EVENT 47097 1596493051 -310142756/1219230686/846/5/5 INPUT 4 0 88 v:124
3/08/2020 10:17:41 PM,252 Event OK
3/08/2020 10:17:42 PM,EVENT 47098 1596493052 -310142756/1219230686/846/5/5 INPUT 4 1 0 v:124
3/08/2020 10:17:42 PM,252 Event OK
3/08/2020 10:17:43 PM,EVENT 47099 1596493055 -310142896/1219231000/845/5/6 INPUT 3 1 0 v:124
3/08/2020 10:17:43 PM,252 Event OK
3/08/2020 10:17:43 PM,QUIT
3/08/2020 10:17:43 PM,221 Session ended - goodbye
3/08/2020 10:18:15 PM,UNIT 9279
3/08/2020 10:18:15 PM,333 CHAL 33A521EF
3/08/2020 10:18:16 PM,RESP 1FDE397A
3/08/2020 10:18:16 PM,230 Auth OK
3/08/2020 10:18:16 PM,TIME
3/08/2020 10:18:16 PM,211 TIME 1596493096
3/08/2020 10:18:16 PM,EVCOUNT 2
3/08/2020 10:18:16 PM,252 Event OK
3/08/2020 10:18:16 PM,TODO
3/08/2020 10:18:16 PM,226 Nothing to do
3/08/2020 10:18:17 PM,EVENT 47100 1596493085 -310141286/1219244428/882/9/14 INPUT 3 0 30 v:124
3/08/2020 10:18:17 PM,252 Event OK
3/08/2020 10:18:17 PM,EVENT 47101 1596493092 -310141073/1219244593/843/9/3 INPUT 3 1 0 v:123
3/08/2020 10:18:17 PM,252 Event OK
3/08/2020 10:18:17 PM,QUIT
3/08/2020 10:18:17 PM,221 Session ended - goodbye
3/08/2020 10:19:18 PM,UNIT 9279
3/08/2020 10:19:18 PM,333 CHAL 5277CD8A
3/08/2020 10:19:19 PM,RESP 5DBA02FC
3/08/2020 10:19:19 PM,230 Auth OK
3/08/2020 10:19:19 PM,TIME
3/08/2020 10:19:19 PM,211 TIME 1596493159
3/08/2020 10:19:20 PM,EVCOUNT 1
3/08/2020 10:19:20 PM,252 Event OK
3/08/2020 10:19:21 PM,TODO
3/08/2020 10:19:21 PM,226 Nothing to do
3/08/2020 10:19:22 PM,EVENT 47102 1596493151 -310121602/1219229535/937/6/11 INPUT 3 0 58 v:124
3/08/2020 10:19:22 PM,252 Event OK
3/08/2020 10:19:22 PM,QUIT
3/08/2020 10:19:22 PM,221 Session ended - goodbye
3/08/2020 10:19:40 PM,UNIT 9279
3/08/2020 10:19:40 PM,333 CHAL 636361E6
3/08/2020 10:19:48 PM,RESP FF04CF28
3/08/2020 10:19:48 PM,230 Auth OK
3/08/2020 10:19:51 PM,TIME
3/08/2020 10:19:51 PM,211 TIME 1596493191
3/08/2020 10:20:02 PM,EVCOUNT 2
3/08/2020 10:20:02 PM,252 Event OK
3/08/2020 10:20:05 PM,TODO
3/08/2020 10:20:05 PM,226 Nothing to do
3/08/2020 10:20:06 PM,EVENT 47103 1596493167 -310121875/1219229172/892/0/0 INPUT 4 0 116 v:124
3/08/2020 10:20:06 PM,252 Event OK
3/08/2020 10:20:07 PM,EVENT 47104 1596493167 -310121873/1219229173/892/0/0 INPUT 4 1 0 v:124
3/08/2020 10:20:07 PM,252 Event OK
3/08/2020 10:20:08 PM,QUIT
3/08/2020 10:20:08 PM,221 Session ended - goodbye
3/08/2020 10:22:27 PM,UNIT 9279
3/08/2020 10:22:27 PM,333 CHAL 1660330C
3/08/2020 10:22:27 PM,RESP FBD6A7C3
3/08/2020 10:22:27 PM,230 Auth OK
3/08/2020 10:22:28 PM,TIME
3/08/2020 10:22:28 PM,211 TIME 1596493348
3/08/2020 10:22:28 PM,EVCOUNT 2
3/08/2020 10:22:28 PM,252 Event OK
3/08/2020 10:22:29 PM,TODO
3/08/2020 10:22:29 PM,226 Nothing to do
3/08/2020 10:22:30 PM,EVENT 47105 1596493341 -310121943/1219229063/821/0/0 INPUT 4 0 174 v:124
3/08/2020 10:22:30 PM,252 Event OK
3/08/2020 10:22:30 PM,EVENT 47106 1596493341 -310121943/1219229061/822/0/0 INPUT 4 1 0 v:124
3/08/2020 10:22:30 PM,252 Event OK
3/08/2020 10:22:31 PM,QUIT
3/08/2020 10:22:31 PM,221 Session ended - goodbye
3/08/2020 10:23:13 PM,UNIT 9279
3/08/2020 10:23:13 PM,333 CHAL 5061B68B
3/08/2020 10:23:13 PM,RESP 54FF491B
3/08/2020 10:23:13 PM,230 Auth OK
3/08/2020 10:23:14 PM,TIME
3/08/2020 10:23:14 PM,211 TIME 1596493394
3/08/2020 10:23:14 PM,EVCOUNT 2
3/08/2020 10:23:14 PM,252 Event OK
3/08/2020 10:23:14 PM,TODO
3/08/2020 10:23:14 PM,226 Nothing to do
3/08/2020 10:23:15 PM,EVENT 47107 1596493374 -310121892/1219229100/770/0/0 INPUT 4 0 33 v:124
3/08/2020 10:23:15 PM,252 Event OK
3/08/2020 10:23:15 PM,EVENT 47108 1596493374 -310121892/1219229098/769/0/0 INPUT 4 1 0 v:124
3/08/2020 10:23:15 PM,252 Event OK
3/08/2020 10:23:16 PM,QUIT
3/08/2020 10:23:16 PM,221 Session ended - goodbye
3/08/2020 10:25:54 PM,UNIT 9279
3/08/2020 10:25:54 PM,333 CHAL 21C6F990
3/08/2020 10:25:55 PM,RESP C8CA0252
3/08/2020 10:25:55 PM,230 Auth OK
3/08/2020 10:25:55 PM,TIME
3/08/2020 10:25:55 PM,211 TIME 1596493555
3/08/2020 10:25:56 PM,EVCOUNT 2
3/08/2020 10:25:56 PM,252 Event OK
3/08/2020 10:25:57 PM,TODO
3/08/2020 10:25:57 PM,226 Nothing to do
3/08/2020 10:25:57 PM,EVENT 47109 1596493548 -310121842/1219229111/728/0/0 INPUT 4 0 174 v:124
3/08/2020 10:25:57 PM,252 Event OK
3/08/2020 10:25:58 PM,EVENT 47110 1596493548 -310121842/1219229108/729/0/0 INPUT 4 1 0 v:124
3/08/2020 10:25:58 PM,252 Event OK
3/08/2020 10:25:58 PM,QUIT
3/08/2020 10:25:58 PM,221 Session ended - goodbye
3/08/2020 10:26:36 PM,UNIT 9279
3/08/2020 10:26:36 PM,333 CHAL 10B060EB
3/08/2020 10:26:37 PM,RESP 043E8AAE
3/08/2020 10:26:37 PM,230 Auth OK
3/08/2020 10:26:37 PM,TIME
3/08/2020 10:26:37 PM,211 TIME 1596493597
3/08/2020 10:26:38 PM,EVCOUNT 2
3/08/2020 10:26:38 PM,252 Event OK
3/08/2020 10:26:38 PM,TODO
3/08/2020 10:26:38 PM,226 Nothing to do
3/08/2020 10:26:39 PM,EVENT 47111 1596493590 -310121885/1219228958/747/0/0 INPUT 4 0 42 v:124
3/08/2020 10:26:39 PM,252 Event OK
3/08/2020 10:26:40 PM,EVENT 47112 1596493590 -310121886/1219228959/747/0/0 INPUT 4 1 0 v:124
3/08/2020 10:26:40 PM,252 Event OK
3/08/2020 10:26:40 PM,QUIT
3/08/2020 10:26:40 PM,221 Session ended - goodbye
3/08/2020 10:27:36 PM,UNIT 9279
3/08/2020 10:27:36 PM,333 CHAL 5E43A3C6
3/08/2020 10:27:37 PM,RESP 9909F156
3/08/2020 10:27:37 PM,230 Auth OK
3/08/2020 10:27:37 PM,TIME
3/08/2020 10:27:37 PM,211 TIME 1596493657
3/08/2020 10:27:38 PM,EVCOUNT 2
3/08/2020 10:27:38 PM,252 Event OK
3/08/2020 10:27:38 PM,TODO
3/08/2020 10:27:38 PM,226 Nothing to do
3/08/2020 10:27:39 PM,EVENT 47113 1596493650 -310121811/1219229076/770/0/0 INPUT 4 0 60 v:124
3/08/2020 10:27:39 PM,252 Event OK
3/08/2020 10:27:40 PM,EVENT 47114 1596493650 -310121810/1219229076/770/0/0 INPUT 4 1 0 v:124
3/08/2020 10:27:40 PM,252 Event OK
3/08/2020 10:27:40 PM,QUIT
3/08/2020 10:27:40 PM,221 Session ended - goodbye
3/08/2020 10:27:52 PM,UNIT 9279
3/08/2020 10:27:52 PM,333 CHAL 65D6039F
3/08/2020 10:27:52 PM,RESP 3B718685
3/08/2020 10:27:52 PM,230 Auth OK
3/08/2020 10:27:53 PM,TIME
3/08/2020 10:27:53 PM,211 TIME 1596493673
3/08/2020 10:27:53 PM,EVCOUNT 2
3/08/2020 10:27:53 PM,252 Event OK
3/08/2020 10:27:54 PM,TODO
3/08/2020 10:27:54 PM,226 Nothing to do
3/08/2020 10:27:54 PM,EVENT 47115 1596493659 -310121777/1219229085/790/0/0 INPUT 4 0 9 v:124
3/08/2020 10:27:54 PM,252 Event OK
3/08/2020 10:27:55 PM,EVENT 47116 1596493659 -310121775/1219229087/792/0/0 INPUT 4 1 0 v:124
3/08/2020 10:27:55 PM,252 Event OK
3/08/2020 10:27:56 PM,QUIT
3/08/2020 10:27:56 PM,221 Session ended - goodbye
3/08/2020 10:29:39 PM,UNIT 9279
3/08/2020 10:29:39 PM,333 CHAL 3B75BA21
3/08/2020 10:29:39 PM,RESP 6215EA35
3/08/2020 10:29:39 PM,230 Auth OK
3/08/2020 10:29:40 PM,TIME
3/08/2020 10:29:40 PM,211 TIME 1596493780
3/08/2020 10:29:41 PM,EVCOUNT 2
3/08/2020 10:29:41 PM,252 Event OK
3/08/2020 10:29:41 PM,TODO
3/08/2020 10:29:41 PM,226 Nothing to do
3/08/2020 10:29:42 PM,EVENT 47117 1596493773 -310121899/1219229079/759/0/0 INPUT 4 0 114 v:124
3/08/2020 10:29:42 PM,252 Event OK
3/08/2020 10:29:43 PM,EVENT 47118 1596493773 -310121901/1219229075/758/0/0 INPUT 4 1 0 v:124
3/08/2020 10:29:43 PM,252 Event OK
3/08/2020 10:29:43 PM,QUIT
3/08/2020 10:29:43 PM,221 Session ended - goodbye
3/08/2020 10:29:53 PM,UNIT 9279
3/08/2020 10:29:53 PM,333 CHAL E652D0E
3/08/2020 10:29:54 PM,RESP 07B8D23D
3/08/2020 10:29:54 PM,230 Auth OK
3/08/2020 10:29:54 PM,TIME
3/08/2020 10:29:54 PM,211 TIME 1596493794
3/08/2020 10:29:55 PM,EVCOUNT 4
3/08/2020 10:29:55 PM,252 Event OK
3/08/2020 10:29:55 PM,TODO
3/08/2020 10:29:55 PM,226 Nothing to do
3/08/2020 10:29:56 PM,EVENT 47119 1596493782 -310121930/1219229063/744/0/0 INPUT 4 0 9 v:124
3/08/2020 10:29:56 PM,252 Event OK
3/08/2020 10:29:57 PM,EVENT 47120 1596493782 -310121932/1219229064/744/0/0 INPUT 4 1 0 v:124
3/08/2020 10:29:57 PM,252 Event OK
3/08/2020 10:29:57 PM,EVENT 47121 1596493791 -310121957/1219229101/760/0/0 INPUT 4 0 9 v:124
3/08/2020 10:29:57 PM,252 Event OK
3/08/2020 10:29:58 PM,EVENT 47122 1596493791 -310121957/1219229101/760/0/0 INPUT 4 1 0 v:123
3/08/2020 10:29:58 PM,252 Event OK
3/08/2020 10:29:59 PM,QUIT
3/08/2020 10:29:59 PM,221 Session ended - goodbye
3/08/2020 10:31:30 PM,UNIT 9279
3/08/2020 10:31:30 PM,333 CHAL 84A89B9
3/08/2020 10:31:30 PM,RESP AEFFC1BF
3/08/2020 10:31:30 PM,230 Auth OK
3/08/2020 10:31:31 PM,TIME
3/08/2020 10:31:31 PM,211 TIME 1596493891
3/08/2020 10:31:32 PM,EVCOUNT 2
3/08/2020 10:31:32 PM,252 Event OK
3/08/2020 10:31:38 PM,TODO
3/08/2020 10:31:38 PM,226 Nothing to do
3/08/2020 10:31:40 PM,EVENT 47123 1596493884 -310121903/1219229054/767/0/0 INPUT 4 0 93 v:124
3/08/2020 10:31:40 PM,252 Event OK
4/08/2020 9:07:15 AM,UNIT 9279
4/08/2020 9:07:15 AM,333 CHAL 666573D1
4/08/2020 9:07:16 AM,RESP DD5C50D3
4/08/2020 9:07:16 AM,230 Auth OK
4/08/2020 9:07:17 AM,TIME
4/08/2020 9:07:17 AM,211 TIME 1596532037
4/08/2020 9:07:18 AM,EVCOUNT 151
4/08/2020 9:07:18 AM,252 Event OK
4/08/2020 9:07:19 AM,TODO
4/08/2020 9:07:19 AM,226 Nothing to do
4/08/2020 9:07:19 AM,EVENT 47123 1596493884 -310121903/1219229054/767/0/0 INPUT 4 0 93 v:124
4/08/2020 9:07:19 AM,253 Event OK - Duplicate
4/08/2020 9:07:20 AM,EVENT 47124 1596493884 -310121902/1219229050/767/0/0 INPUT 4 1 0 v:124
4/08/2020 9:07:20 AM,252 Event OK
4/08/2020 9:07:21 AM,EVENT 47125 1596493932 -310121804/1219229121/781/0/0 INPUT 7 1 0 v:124
4/08/2020 9:07:21 AM,252 Event OK
4/08/2020 9:07:22 AM,EVENT 47126 1596493932 -310121804/1219229121/781/0/0 INPUT 8 0 1073 v:124
4/08/2020 9:07:22 AM,252 Event OK
4/08/2020 9:07:23 AM,EVENT 47127 1596493933 -310121805/1219229123/783/0/0 INPUT 1 1 0 v:124
4/08/2020 9:07:23 AM,252 Event OK
4/08/2020 9:07:23 AM,EVENT 47128 1596493934 -310121807/1219229126/785/0/0 INPUT 4 0 50 v:124
4/08/2020 9:07:23 AM,252 Event OK
4/08/2020 9:07:24 AM,EVENT 47129 1596493937 -310121812/1219229137/786/0/0 TRIP 47088 88 953 24 21 1065 v:124
4/08/2020 9:07:24 AM,252 Event OK
4/08/2020 9:07:25 AM,EVENT 47130 1596493937 -310121812/1219229137/786/0/0 TRIPSUMMARY 47088 v:124
4/08/2020 9:07:25 AM,252 Event OK
4/08/2020 9:07:26 AM,EVENT 47131 1596493959 -310121873/1219229216/792/0/0 REPORT * 0 237 v:124
4/08/2020 9:07:26 AM,252 Event OK
4/08/2020 9:07:27 AM,EVENT 47132 1596494011 -310121850/1219229044/810/0/0 INPUT 8 1 0 v:124
4/08/2020 9:07:27 AM,252 Event OK
4/08/2020 9:07:27 AM,EVENT 47133 1596494011 -310121850/1219229044/810/0/0 INPUT 7 0 79 v:124
4/08/2020 9:07:27 AM,252 Event OK
4/08/2020 9:07:28 AM,EVENT 47134 1596494011 -310121851/1219229044/811/0/0 DEBUG Time(BAD):1596494011->4294967295 v:124
4/08/2020 9:07:28 AM,252 Event OK
4/08/2020 9:07:29 AM,EVENT 47135 1596494033 -310121919/1219229100/814/0/0 SIGNON 2544 03d5def0 OK 26 151087 0 v:124
4/08/2020 9:07:29 AM,252 Event OK
4/08/2020 9:07:30 AM,EVENT 47136 1596494039 -310121946/1219229130/813/0/0 INPUT 1 0 105 v:124
4/08/2020 9:07:30 AM,252 Event OK
4/08/2020 9:07:31 AM,EVENT 47137 1596494039 -310121946/1219229130/813/0/0 INPUT 4 1 0 v:124
4/08/2020 9:07:31 AM,252 Event OK
4/08/2020 9:07:32 AM,EVENT 47138 1596494040 -310121951/1219229138/814/0/0 OILPRESSURE 47135 2 v:124
4/08/2020 9:07:32 AM,252 Event OK
4/08/2020 9:07:32 AM,EVENT 47139 1596494047 -310122163/1219228664/795/0/6 INPUT 3 1 0 v:124
4/08/2020 9:07:32 AM,252 Event OK
4/08/2020 9:07:33 AM,EVENT 47140 1596494911 0/0/0/0/11 INPUT 3 0 864 v:124
4/08/2020 9:07:33 AM,252 Event OK
4/08/2020 9:07:34 AM,EVENT 47141 1596494962 0/0/0/0/0 INPUT 4 0 924 v:124
4/08/2020 9:07:34 AM,252 Event OK
4/08/2020 9:07:35 AM,EVENT 47142 1596494962 0/0/0/0/0 INPUT 4 1 0 v:123
4/08/2020 9:07:35 AM,252 Event OK
4/08/2020 9:07:35 AM,EVENT 47143 1596494971 0/0/0/0/5 INPUT 3 1 0 v:124
4/08/2020 9:07:35 AM,252 Event OK
4/08/2020 9:07:36 AM,EVENT 47144 1596495172 0/0/0/0/12 INPUT 3 0 201 v:124
4/08/2020 9:07:36 AM,252 Event OK
4/08/2020 9:07:37 AM,EVENT 47145 1596495191 0/0/0/0/5 INPUT 3 1 0 v:124
4/08/2020 9:07:37 AM,252 Event OK
4/08/2020 9:07:37 AM,EVENT 47146 1596495203 0/0/0/0/10 INPUT 3 0 12 v:124
4/08/2020 9:07:37 AM,252 Event OK
4/08/2020 9:07:38 AM,EVENT 47147 1596495215 0/0/0/0/0 INPUT 7 1 0 v:124
4/08/2020 9:07:38 AM,252 Event OK
4/08/2020 9:07:38 AM,EVENT 47148 1596495215 0/0/0/0/0 INPUT 8 0 1204 v:124
4/08/2020 9:07:38 AM,252 Event OK
4/08/2020 9:07:39 AM,EVENT 47149 1596495216 0/0/0/0/0 INPUT 1 1 0 v:124
4/08/2020 9:07:39 AM,252 Event OK
4/08/2020 9:07:40 AM,EVENT 47150 1596495219 0/0/0/0/0 TRIP 47135 1077 104 6 6 1187 v:124
4/08/2020 9:07:40 AM,252 Event OK
4/08/2020 9:07:41 AM,EVENT 47151 1596495219 0/0/0/0/0 TRIPSUMMARY 47135 v:124
4/08/2020 9:07:41 AM,252 Event OK
4/08/2020 9:07:41 AM,EVENT 47152 1596495220 0/0/0/0/0 INPUT 4 0 257 v:124
4/08/2020 9:07:41 AM,252 Event OK
4/08/2020 9:07:42 AM,EVENT 47153 1596528125 0/0/0/0/0 SWSTART OpusFC 5.0.58.510 R v:123
4/08/2020 9:07:42 AM,252 Event OK
4/08/2020 9:07:43 AM,EVENT 47154 1596495219 0/0/0/0/0 POWERDOWN v:124
4/08/2020 9:07:43 AM,252 Event OK
4/08/2020 9:07:44 AM,EVENT 47155 1596528125 0/0/0/0/0 INPUT 1 1 0 v:123
4/08/2020 9:07:44 AM,252 Event OK
4/08/2020 9:07:44 AM,EVENT 47156 1596528125 0/0/0/0/0 INPUT 2 0 0 v:123
4/08/2020 9:07:44 AM,252 Event OK
4/08/2020 9:07:45 AM,EVENT 47157 1596528125 0/0/0/0/0 INPUT 3 0 0 v:123
4/08/2020 9:07:45 AM,252 Event OK
4/08/2020 9:07:46 AM,EVENT 47158 1596528125 0/0/0/0/0 INPUT 4 0 0 v:123
4/08/2020 9:07:46 AM,252 Event OK
4/08/2020 9:07:46 AM,EVENT 47159 1596528125 0/0/0/0/0 INPUT 7 0 0 v:123
4/08/2020 9:07:46 AM,252 Event OK
4/08/2020 9:07:47 AM,EVENT 47160 1596528125 0/0/0/0/0 INPUT 8 1 0 v:123
4/08/2020 9:07:47 AM,252 Event OK
4/08/2020 9:07:48 AM,EVENT 47161 1596528127 0/0/0/0/0 ZONE_OK 2 100 FW=NO VERSION v:123
4/08/2020 9:07:48 AM,252 Event OK
4/08/2020 9:07:49 AM,EVENT 47162 1596528143 0/0/0/99/0 SIGNON 2544 03d5def0 OK 26 151087 0 v:123
4/08/2020 9:07:49 AM,252 Event OK
4/08/2020 9:07:49 AM,EVENT 47163 1596528152 0/0/0/0/0 INPUT 4 1 0 v:124
4/08/2020 9:07:49 AM,252 Event OK
4/08/2020 9:07:50 AM,EVENT 47164 1596528152 0/0/0/0/0 INPUT 1 0 27 v:124
4/08/2020 9:07:50 AM,252 Event OK
4/08/2020 9:07:51 AM,EVENT 47165 1596528154 0/0/0/0/0 OILPRESSURE 47162 6 v:124
4/08/2020 9:07:51 AM,252 Event OK
4/08/2020 9:07:51 AM,EVENT 47166 1596528173 0/0/0/0/0 INPUT 4 0 21 v:124
4/08/2020 9:07:51 AM,252 Event OK
4/08/2020 9:07:52 AM,EVENT 47167 1596528173 0/0/0/0/0 INPUT 4 1 0 v:124
4/08/2020 9:07:52 AM,252 Event OK
4/08/2020 9:07:53 AM,EVENT 47168 1596528221 0/0/0/0/3 INPUT 4 0 48 v:124
4/08/2020 9:07:53 AM,252 Event OK
4/08/2020 9:07:53 AM,EVENT 47169 1596528221 0/0/0/0/3 INPUT 4 1 0 v:124
4/08/2020 9:07:53 AM,252 Event OK
4/08/2020 9:07:54 AM,EVENT 47170 1596528278 0/0/0/0/0 INPUT 4 0 57 v:124
4/08/2020 9:07:54 AM,252 Event OK
4/08/2020 9:07:55 AM,EVENT 47171 1596528278 0/0/0/0/0 INPUT 4 1 0 v:124
4/08/2020 9:07:55 AM,252 Event OK
4/08/2020 9:07:55 AM,EVENT 47172 1596528290 0/0/0/0/0 INPUT 4 0 12 v:124
4/08/2020 9:07:55 AM,252 Event OK
4/08/2020 9:07:56 AM,EVENT 47173 1596528290 0/0/0/0/0 INPUT 4 1 0 v:124
4/08/2020 9:07:56 AM,252 Event OK
4/08/2020 9:07:57 AM,EVENT 47174 1596528365 0/0/0/0/0 INPUT 4 0 75 v:124
4/08/2020 9:07:57 AM,252 Event OK
4/08/2020 9:07:57 AM,EVENT 47175 1596528365 0/0/0/0/0 INPUT 4 1 0 v:124
4/08/2020 9:07:57 AM,252 Event OK
4/08/2020 9:07:58 AM,EVENT 47176 1596528413 0/0/0/0/0 INPUT 4 0 48 v:124
4/08/2020 9:07:58 AM,252 Event OK
4/08/2020 9:07:59 AM,EVENT 47177 1596528413 0/0/0/0/0 INPUT 4 1 0 v:124
4/08/2020 9:07:59 AM,252 Event OK
4/08/2020 9:07:59 AM,EVENT 47178 1596528422 0/0/0/0/0 INPUT 4 0 9 v:124
4/08/2020 9:07:59 AM,252 Event OK
4/08/2020 9:08:00 AM,EVENT 47179 1596528422 0/0/0/0/0 INPUT 4 1 0 v:124
4/08/2020 9:08:00 AM,252 Event OK
4/08/2020 9:08:01 AM,EVENT 47180 1596528431 0/0/0/0/0 INPUT 4 0 9 v:124
4/08/2020 9:08:01 AM,252 Event OK
4/08/2020 9:08:01 AM,EVENT 47181 1596528431 0/0/0/0/0 INPUT 4 1 0 v:124
4/08/2020 9:08:01 AM,252 Event OK
4/08/2020 9:08:02 AM,EVENT 47182 1596528440 0/0/0/0/0 INPUT 4 0 9 v:124
4/08/2020 9:08:02 AM,252 Event OK
4/08/2020 9:08:03 AM,EVENT 47183 1596528440 0/0/0/0/0 INPUT 4 1 0 v:124
4/08/2020 9:08:03 AM,252 Event OK
4/08/2020 9:08:03 AM,EVENT 47184 1596528509 0/0/0/0/0 INPUT 4 0 69 v:124
4/08/2020 9:08:03 AM,252 Event OK
4/08/2020 9:08:04 AM,EVENT 47185 1596528509 0/0/0/0/0 INPUT 4 1 0 v:124
4/08/2020 9:08:04 AM,252 Event OK
4/08/2020 9:08:05 AM,EVENT 47186 1596528617 0/0/0/0/0 INPUT 4 0 108 v:124
4/08/2020 9:08:05 AM,252 Event OK
4/08/2020 9:08:05 AM,EVENT 47187 1596528617 0/0/0/0/0 INPUT 4 1 0 v:124
4/08/2020 9:08:05 AM,252 Event OK
4/08/2020 9:08:06 AM,EVENT 47188 1596528650 0/0/0/0/0 INPUT 4 0 33 v:124
4/08/2020 9:08:06 AM,252 Event OK
4/08/2020 9:08:07 AM,EVENT 47189 1596528650 0/0/0/0/0 INPUT 4 1 0 v:124
4/08/2020 9:08:07 AM,252 Event OK
4/08/2020 9:08:07 AM,EVENT 47190 1596528794 0/0/0/0/0 INPUT 4 0 144 v:124
4/08/2020 9:08:07 AM,252 Event OK
4/08/2020 9:08:08 AM,EVENT 47191 1596528794 0/0/0/0/0 INPUT 4 1 0 v:124
4/08/2020 9:08:08 AM,252 Event OK
4/08/2020 9:08:09 AM,EVENT 47192 1596528868 0/0/0/0/0 INPUT 4 0 74 v:124
4/08/2020 9:08:09 AM,252 Event OK
4/08/2020 9:08:09 AM,EVENT 47193 1596528868 0/0/0/0/0 INPUT 4 1 0 v:124
4/08/2020 9:08:09 AM,252 Event OK
4/08/2020 9:08:10 AM,EVENT 47194 1596528895 0/0/0/0/0 INPUT 4 0 27 v:124
4/08/2020 9:08:10 AM,252 Event OK
4/08/2020 9:08:11 AM,EVENT 47195 1596528895 0/0/0/0/0 INPUT 4 1 0 v:124
4/08/2020 9:08:11 AM,252 Event OK
4/08/2020 9:08:12 AM,EVENT 47196 1596528922 0/0/0/0/0 INPUT 4 0 27 v:124
4/08/2020 9:08:12 AM,252 Event OK
4/08/2020 9:08:12 AM,EVENT 47197 1596528922 0/0/0/0/0 INPUT 4 1 0 v:124
4/08/2020 9:08:12 AM,252 Event OK
4/08/2020 9:08:13 AM,EVENT 47198 1596528983 0/0/0/0/0 INPUT 4 0 61 v:124
4/08/2020 9:08:13 AM,252 Event OK
4/08/2020 9:08:14 AM,EVENT 47199 1596528983 0/0/0/0/0 INPUT 4 1 0 v:124
4/08/2020 9:08:14 AM,252 Event OK
4/08/2020 9:08:15 AM,EVENT 47200 1596529058 0/0/0/0/0 INPUT 4 0 75 v:124
4/08/2020 9:08:15 AM,252 Event OK
4/08/2020 9:08:15 AM,EVENT 47201 1596529058 0/0/0/0/0 INPUT 4 1 0 v:124
4/08/2020 9:08:15 AM,252 Event OK
4/08/2020 9:08:16 AM,EVENT 47202 1596529066 0/0/0/0/0 INPUT 4 0 8 v:124
4/08/2020 9:08:16 AM,252 Event OK
4/08/2020 9:08:16 AM,EVENT 47203 1596529066 0/0/0/0/0 INPUT 4 1 0 v:124
4/08/2020 9:08:16 AM,252 Event OK
4/08/2020 9:08:17 AM,EVENT 47204 1596529082 0/0/0/0/5 INPUT 4 0 16 v:124
4/08/2020 9:08:17 AM,252 Event OK
4/08/2020 9:08:18 AM,EVENT 47205 1596529082 0/0/0/0/4 INPUT 4 1 0 v:124
4/08/2020 9:08:18 AM,252 Event OK
4/08/2020 9:08:18 AM,EVENT 47206 1596529092 0/0/0/0/5 INPUT 3 1 0 v:124
4/08/2020 9:08:18 AM,252 Event OK
4/08/2020 9:08:19 AM,EVENT 47207 1596529103 0/0/0/0/12 INPUT 3 0 12 v:124
4/08/2020 9:08:19 AM,252 Event OK
4/08/2020 9:08:19 AM,EVENT 47208 1596529111 0/0/0/0/4 INPUT 3 1 0 v:124
4/08/2020 9:08:19 AM,252 Event OK
4/08/2020 9:08:20 AM,EVENT 47209 1596529398 0/0/0/0/10 INPUT 3 0 287 v:124
4/08/2020 9:08:20 AM,252 Event OK
4/08/2020 9:08:21 AM,EVENT 47210 1596529400 0/0/0/0/8 INPUT 3 1 0 v:124
4/08/2020 9:08:21 AM,252 Event OK
4/08/2020 9:08:22 AM,EVENT 47211 1596529413 0/0/0/0/11 INPUT 3 0 13 v:124
4/08/2020 9:08:22 AM,252 Event OK
4/08/2020 9:08:23 AM,EVENT 47212 1596529432 0/0/0/0/3 INPUT 4 0 350 v:124
4/08/2020 9:08:23 AM,252 Event OK
4/08/2020 9:08:23 AM,EVENT 47213 1596529432 0/0/0/0/3 INPUT 4 1 0 v:124
4/08/2020 9:08:23 AM,252 Event OK
4/08/2020 9:08:24 AM,EVENT 47214 1596529446 0/0/0/0/4 INPUT 4 0 14 v:124
4/08/2020 9:08:24 AM,252 Event OK
4/08/2020 9:08:25 AM,EVENT 47215 1596529447 0/0/0/0/4 INPUT 4 1 0 v:124
4/08/2020 9:08:25 AM,252 Event OK
4/08/2020 9:08:25 AM,EVENT 47216 1596529450 0/0/0/0/6 INPUT 3 1 0 v:124
4/08/2020 9:08:25 AM,252 Event OK
4/08/2020 9:08:26 AM,EVENT 47217 1596529452 0/0/0/0/11 INPUT 3 0 2 v:124
4/08/2020 9:08:26 AM,252 Event OK
4/08/2020 9:08:27 AM,EVENT 47218 1596529459 0/0/0/0/8 INPUT 3 1 0 v:124
4/08/2020 9:08:27 AM,252 Event OK
4/08/2020 9:08:28 AM,EVENT 47219 1596529462 0/0/0/0/9 INPUT 3 0 4 v:124
4/08/2020 9:08:28 AM,252 Event OK
4/08/2020 9:08:28 AM,EVENT 47220 1596529464 0/0/0/0/7 INPUT 3 1 0 v:124
4/08/2020 9:08:28 AM,252 Event OK
4/08/2020 9:08:29 AM,EVENT 47221 1596529465 0/0/0/0/9 INPUT 3 0 1 v:124
4/08/2020 9:08:29 AM,252 Event OK
4/08/2020 9:08:29 AM,EVENT 47222 1596529465 0/0/0/0/8 INPUT 3 1 0 v:124
4/08/2020 9:08:29 AM,252 Event OK
4/08/2020 9:08:30 AM,EVENT 47223 1596529478 0/0/0/0/10 INPUT 3 0 12 v:124
4/08/2020 9:08:30 AM,252 Event OK
4/08/2020 9:08:31 AM,EVENT 47224 1596529484 0/0/0/0/5 INPUT 3 1 0 v:124
4/08/2020 9:08:31 AM,252 Event OK
4/08/2020 9:08:31 AM,EVENT 47225 1596529486 0/0/0/0/9 INPUT 3 0 1 v:124
4/08/2020 9:08:31 AM,252 Event OK
4/08/2020 9:08:32 AM,EVENT 47226 1596529489 0/0/0/0/6 INPUT 3 1 0 v:124
4/08/2020 9:08:32 AM,252 Event OK
4/08/2020 9:08:32 AM,EVENT 47227 1596529689 0/0/0/0/14 INPUT 3 0 200 v:124
4/08/2020 9:08:32 AM,252 Event OK
4/08/2020 9:08:33 AM,EVENT 47228 1596529690 0/0/0/0/9 INPUT 4 0 244 v:124
4/08/2020 9:08:33 AM,252 Event OK
4/08/2020 9:08:34 AM,EVENT 47229 1596529691 0/0/0/0/9 INPUT 4 1 0 v:124
4/08/2020 9:08:34 AM,252 Event OK
4/08/2020 9:08:34 AM,EVENT 47230 1596529718 0/0/0/0/0 INPUT 4 0 28 v:124
4/08/2020 9:08:34 AM,252 Event OK
4/08/2020 9:08:35 AM,EVENT 47231 1596529718 0/0/0/0/0 INPUT 4 1 0 v:124
4/08/2020 9:08:35 AM,252 Event OK
4/08/2020 9:08:35 AM,EVENT 47232 1596529727 0/0/0/0/0 INPUT 4 0 9 v:124
4/08/2020 9:08:35 AM,252 Event OK
4/08/2020 9:08:36 AM,EVENT 47233 1596529727 0/0/0/0/0 INPUT 4 1 0 v:124
4/08/2020 9:08:36 AM,252 Event OK
4/08/2020 9:08:37 AM,EVENT 47234 1596529748 0/0/0/0/0 INPUT 4 0 21 v:124
4/08/2020 9:08:37 AM,252 Event OK
4/08/2020 9:08:38 AM,EVENT 47235 1596529749 0/0/0/0/0 INPUT 4 1 0 v:124
4/08/2020 9:08:38 AM,252 Event OK
4/08/2020 9:08:38 AM,EVENT 47236 1596529771 0/0/0/0/5 INPUT 3 1 0 v:124
4/08/2020 9:08:38 AM,252 Event OK
4/08/2020 9:08:39 AM,EVENT 47237 1596529957 0/0/0/0/18 REPORT 47162 0 0 v:124
4/08/2020 9:08:39 AM,252 Event OK
4/08/2020 9:08:40 AM,EVENT 47238 1596530065 0/0/0/0/12 INPUT 3 0 294 v:124
4/08/2020 9:08:40 AM,252 Event OK
4/08/2020 9:08:40 AM,EVENT 47239 1596530085 0/0/0/0/3 INPUT 3 1 0 v:124
4/08/2020 9:08:40 AM,252 Event OK
4/08/2020 9:08:41 AM,EVENT 47240 1596530203 0/0/0/0/24 INPUT 3 0 119 v:124
4/08/2020 9:08:41 AM,252 Event OK
4/08/2020 9:08:42 AM,EVENT 47241 1596530246 0/0/0/0/0 INPUT 4 0 498 v:124
4/08/2020 9:08:42 AM,252 Event OK
4/08/2020 9:08:42 AM,EVENT 47242 1596530246 0/0/0/0/0 INPUT 4 1 0 v:124
4/08/2020 9:08:42 AM,252 Event OK
4/08/2020 9:08:43 AM,EVENT 47243 1596530255 0/0/0/0/6 INPUT 3 1 0 v:124
4/08/2020 9:08:43 AM,252 Event OK
4/08/2020 9:08:44 AM,EVENT 47244 1596530294 0/0/0/0/11 INPUT 3 0 39 v:124
4/08/2020 9:08:44 AM,252 Event OK
4/08/2020 9:08:44 AM,EVENT 47245 1596530300 0/0/0/0/0 INPUT 4 0 54 v:124
4/08/2020 9:08:44 AM,252 Event OK
4/08/2020 9:08:45 AM,EVENT 47246 1596530300 0/0/0/0/0 INPUT 4 1 0 v:124
4/08/2020 9:08:45 AM,252 Event OK
4/08/2020 9:08:46 AM,EVENT 47247 1596530304 0/0/0/0/7 INPUT 3 1 0 v:124
4/08/2020 9:08:46 AM,252 Event OK
4/08/2020 9:08:46 AM,EVENT 47248 1596530826 -310122159/1219229028/3590/0/11 INPUT 3 0 522 v:124
4/08/2020 9:08:46 AM,252 Event OK
4/08/2020 9:08:47 AM,EVENT 47249 1596530888 -310121721/1219229171/889/0/0 INPUT 4 0 588 v:124
4/08/2020 9:08:47 AM,252 Event OK
4/08/2020 9:08:48 AM,EVENT 47250 1596530888 -310121721/1219229171/889/0/0 INPUT 4 1 0 v:124
4/08/2020 9:08:48 AM,252 Event OK
4/08/2020 9:08:48 AM,EVENT 47251 1596531023 -310121544/1219229039/814/0/0 INPUT 7 1 0 v:124
4/08/2020 9:08:48 AM,252 Event OK
4/08/2020 9:08:49 AM,EVENT 47252 1596531023 -310121544/1219229039/814/0/0 INPUT 8 0 2898 v:124
4/08/2020 9:08:49 AM,252 Event OK
4/08/2020 9:08:50 AM,EVENT 47253 1596531024 -310121547/1219229035/814/0/0 INPUT 1 1 0 v:124
4/08/2020 9:08:50 AM,252 Event OK
4/08/2020 9:08:51 AM,EVENT 47254 1596531027 -310121569/1219229011/811/0/0 INPUT 4 0 139 v:124
4/08/2020 9:08:51 AM,252 Event OK
4/08/2020 9:08:51 AM,EVENT 47255 1596531028 -310121578/1219229007/808/0/0 TRIP 47162 1505 1370 11 10 2886 v:124
4/08/2020 9:08:51 AM,252 Event OK
4/08/2020 9:08:53 AM,EVENT 47256 1596531029 -310121578/1219229007/808/0/0 TRIPSUMMARY 47162 v:124
4/08/2020 9:08:53 AM,252 Event OK
4/08/2020 9:08:54 AM,EVENT 47257 1596531889 -310121670/1219228947/837/0/0 INPUT 8 1 0 v:124
4/08/2020 9:08:54 AM,252 Event OK
4/08/2020 9:09:33 AM,UNIT 9279
4/08/2020 9:09:33 AM,333 CHAL 2F169A69
4/08/2020 9:09:33 AM,RESP 904B0D37
4/08/2020 9:09:33 AM,230 Auth OK
4/08/2020 9:09:34 AM,TIME
4/08/2020 9:09:34 AM,211 TIME 1596532174
4/08/2020 9:09:35 AM,EVCOUNT 17
4/08/2020 9:09:35 AM,252 Event OK
4/08/2020 9:09:35 AM,TODO
4/08/2020 9:09:35 AM,226 Nothing to do
4/08/2020 9:09:36 AM,EVENT 47257 1596531889 -310121670/1219228947/837/0/0 INPUT 8 1 0 v:124
4/08/2020 9:09:36 AM,253 Event OK - Duplicate
4/08/2020 9:09:37 AM,EVENT 47258 1596531889 -310121670/1219228947/837/0/0 INPUT 7 0 865 v:124
4/08/2020 9:09:37 AM,252 Event OK
4/08/2020 9:09:38 AM,EVENT 47259 1596531901 -310121703/1219228950/825/99/0 SIGNON 2544 03d5def0 OK 26 151087 0 v:124
4/08/2020 9:09:38 AM,252 Event OK
4/08/2020 9:09:39 AM,EVENT 47260 1596531907 -310121700/1219228949/839/99/0 INPUT 1 0 884 v:124
4/08/2020 9:09:39 AM,252 Event OK
4/08/2020 9:09:40 AM,EVENT 47261 1596531908 -310121699/1219228948/840/99/0 INPUT 4 1 0 v:124
4/08/2020 9:09:40 AM,252 Event OK
4/08/2020 9:09:41 AM,EVENT 47262 1596531909 -310121698/1219228947/840/99/0 REPORT 47259 0 65 v:124
4/08/2020 9:09:41 AM,252 Event OK
4/08/2020 9:09:42 AM,EVENT 47263 1596531909 -310121650/1219229004/842/99/5 OILPRESSURE 47259 3 v:124
4/08/2020 9:09:42 AM,252 Event OK
4/08/2020 9:09:43 AM,EVENT 47264 1596531911 -310121479/1219229225/840/99/6 INPUT 3 1 0 v:124
4/08/2020 9:09:43 AM,252 Event OK
4/08/2020 9:09:44 AM,EVENT 47265 1596531970 -310127356/1219231475/789/4/9 INPUT 3 0 59 v:124
4/08/2020 9:09:44 AM,252 Event OK
4/08/2020 9:09:45 AM,EVENT 47266 1596531971 -310127586/1219231236/788/3/8 INPUT 3 1 0 v:124
4/08/2020 9:09:45 AM,252 Event OK
4/08/2020 9:09:47 AM,EVENT 47267 1596531972 -310127757/1219231062/789/3/9 INPUT 3 0 1 v:124
4/08/2020 9:09:47 AM,252 Event OK
4/08/2020 9:09:48 AM,EVENT 47268 1596532002 -310128229/1219229232/872/0/2 INPUT 7 1 0 v:124
4/08/2020 9:09:48 AM,252 Event OK
4/08/2020 9:09:48 AM,EVENT 47269 1596532002 -310128229/1219229232/872/0/2 INPUT 8 0 113 v:124
4/08/2020 9:09:48 AM,252 Event OK
4/08/2020 9:09:49 AM,EVENT 47270 1596532003 -310128236/1219229231/878/0/0 INPUT 1 1 0 v:124
4/08/2020 9:09:49 AM,252 Event OK
4/08/2020 9:09:50 AM,EVENT 47271 1596532004 -310128245/1219229232/888/0/0 INPUT 4 0 97 v:124
4/08/2020 9:09:50 AM,252 Event OK
4/08/2020 9:09:51 AM,EVENT 47272 1596532006 -310128259/1219229229/898/0/0 TRIP 47259 60 37 9 7 106 v:124
4/08/2020 9:09:51 AM,252 Event OK
4/08/2020 9:09:52 AM,EVENT 47273 1596532006 -310128259/1219229229/898/0/0 TRIPSUMMARY 47259 v:124
4/08/2020 9:09:52 AM,252 Event OK
4/08/2020 9:09:52 AM,QUIT
4/08/2020 9:09:52 AM,221 Session ended - goodbye
4/08/2020 9:10:20 AM,UNIT 9279
4/08/2020 9:10:20 AM,333 CHAL 61FB7221
4/08/2020 9:10:20 AM,RESP 2C218E42
4/08/2020 9:10:20 AM,230 Auth OK
4/08/2020 9:10:21 AM,TIME
4/08/2020 9:10:21 AM,211 TIME 1596532221
4/08/2020 9:10:22 AM,EVCOUNT 3
4/08/2020 9:10:22 AM,252 Event OK
4/08/2020 9:10:22 AM,TODO
4/08/2020 9:10:22 AM,226 Nothing to do
4/08/2020 9:10:23 AM,EVENT 47274 1596532217 -310128366/1219229183/944/1/0 INPUT 8 1 0 v:124
4/08/2020 9:10:23 AM,252 Event OK
4/08/2020 9:10:24 AM,EVENT 47275 1596532217 -310128366/1219229183/944/1/0 INPUT 7 0 215 v:124
4/08/2020 9:10:24 AM,252 Event OK
4/08/2020 9:10:25 AM,EVENT 47276 1596532218 -310128362/1219229184/944/1/0 DEBUG Time(BAD):1596532218->4294967295 v:124
4/08/2020 9:10:25 AM,252 Event OK
4/08/2020 9:10:25 AM,QUIT
4/08/2020 9:10:25 AM,221 Session ended - goodbye
4/08/2020 9:10:36 AM,UNIT 9279
4/08/2020 9:10:36 AM,333 CHAL 2DCE3947
4/08/2020 9:10:37 AM,RESP 395B1682
4/08/2020 9:10:37 AM,230 Auth OK
4/08/2020 9:10:37 AM,TIME
4/08/2020 9:10:37 AM,211 TIME 1596532237
4/08/2020 9:10:38 AM,EVCOUNT 4
4/08/2020 9:10:38 AM,252 Event OK
4/08/2020 9:10:38 AM,TODO
4/08/2020 9:10:38 AM,226 Nothing to do
4/08/2020 9:10:39 AM,EVENT 47277 1596532227 -310128340/1219229189/906/2/0 SIGNON 2544 03d5def0 OK 26 151087 0 v:124
4/08/2020 9:10:39 AM,252 Event OK
4/08/2020 9:10:40 AM,EVENT 47278 1596532233 -310128324/1219229205/899/2/0 INPUT 4 1 0 v:124
4/08/2020 9:10:40 AM,252 Event OK
4/08/2020 9:10:41 AM,EVENT 47279 1596532233 -310128321/1219229205/897/2/0 INPUT 1 0 230 v:124
4/08/2020 9:10:41 AM,252 Event OK
4/08/2020 9:10:42 AM,EVENT 47280 1596532234 -310128317/1219229206/895/2/0 OILPRESSURE 47277 2 v:124
4/08/2020 9:10:42 AM,252 Event OK
4/08/2020 9:10:42 AM,QUIT
4/08/2020 9:10:42 AM,221 Session ended - goodbye
4/08/2020 9:10:55 AM,UNIT 9279
4/08/2020 9:10:55 AM,333 CHAL 73EB0828
4/08/2020 9:10:58 AM,RESP 7A59D8D6
4/08/2020 9:10:58 AM,230 Auth OK
4/08/2020 9:10:58 AM,TIME
4/08/2020 9:10:58 AM,211 TIME 1596532258
4/08/2020 9:10:59 AM,EVCOUNT 4
4/08/2020 9:10:59 AM,252 Event OK
4/08/2020 9:11:01 AM,TODO
4/08/2020 9:11:01 AM,226 Nothing to do
4/08/2020 9:11:03 AM,EVENT 47281 1596532243 -310128424/1219229295/891/2/0 INPUT 4 0 11 v:124
4/08/2020 9:11:03 AM,252 Event OK
4/08/2020 9:11:06 AM,EVENT 47282 1596532244 -310128424/1219229295/891/2/0 INPUT 4 1 0 v:124
4/08/2020 9:11:06 AM,252 Event OK
4/08/2020 9:11:09 AM,EVENT 47283 1596532246 -310128549/1219229401/893/2/0 INPUT 4 0 3 v:124
4/08/2020 9:11:09 AM,252 Event OK
4/08/2020 9:11:13 AM,EVENT 47284 1596532246 -310128549/1219229401/893/2/0 INPUT 4 1 0 v:124
4/08/2020 9:11:13 AM,252 Event OK
4/08/2020 9:11:20 AM,EVENT 47285 1596532258 -310128718/1219229223/887/0/7 INPUT 3 1 0 v:124
4/08/2020 9:11:20 AM,252 Event OK
4/08/2020 9:11:21 AM,EVENT 47286 1596532259 -310128757/1219229111/890/0/8 INPUT 3 0 1 v:124
4/08/2020 9:11:21 AM,252 Event OK
4/08/2020 9:11:24 AM,EVENT 47287 1596532261 -310129047/1219228534/893/0/7 INPUT 3 1 0 v:124
4/08/2020 9:11:24 AM,252 Event OK
4/08/2020 9:11:25 AM,EVENT 47288 1596532274 -310131078/1219224207/831/0/11 INPUT 3 0 13 v:124
4/08/2020 9:11:25 AM,252 Event OK
4/08/2020 9:11:26 AM,EVENT 47289 1596532282 -310131229/1219223525/807/0/3 INPUT 4 0 36 v:124
4/08/2020 9:11:26 AM,252 Event OK
4/08/2020 9:11:29 AM,EVENT 47290 1596532282 -310131229/1219223525/807/0/0 INPUT 4 1 0 v:124
4/08/2020 9:11:29 AM,252 Event OK
4/08/2020 9:11:31 AM,EVENT 47291 1596532286 -310131387/1219223041/785/0/6 INPUT 3 1 0 v:124
4/08/2020 9:11:31 AM,252 Event OK
4/08/2020 9:11:31 AM,QUIT
4/08/2020 9:11:31 AM,221 Session ended - goodbye
4/08/2020 9:12:29 AM,UNIT 9279
4/08/2020 9:12:29 AM,333 CHAL 5D1B48B
4/08/2020 9:12:30 AM,RESP F78B6D17
4/08/2020 9:12:30 AM,230 Auth OK
4/08/2020 9:12:30 AM,TIME
4/08/2020 9:12:30 AM,211 TIME 1596532350
4/08/2020 9:12:31 AM,EVCOUNT 1
4/08/2020 9:12:31 AM,252 Event OK
4/08/2020 9:12:31 AM,TODO
4/08/2020 9:12:31 AM,226 Nothing to do
4/08/2020 9:12:32 AM,EVENT 47292 1596532346 -310143168/1219231123/885/2/11 INPUT 3 0 60 v:124
4/08/2020 9:12:32 AM,252 Event OK
4/08/2020 9:12:33 AM,QUIT
4/08/2020 9:12:33 AM,221 Session ended - goodbye
4/08/2020 9:12:43 AM,UNIT 9279
4/08/2020 9:12:43 AM,333 CHAL 621A5BFA
4/08/2020 9:12:43 AM,RESP 3C1D7E0B
4/08/2020 9:12:43 AM,230 Auth OK
4/08/2020 9:12:44 AM,TIME
4/08/2020 9:12:44 AM,211 TIME 1596532364
4/08/2020 9:12:44 AM,EVCOUNT 8
4/08/2020 9:12:44 AM,252 Event OK
4/08/2020 9:12:45 AM,TODO
4/08/2020 9:12:45 AM,226 Nothing to do
4/08/2020 9:12:45 AM,EVENT 47293 1596532351 -310143511/1219231181/921/3/4 INPUT 4 0 69 v:124
4/08/2020 9:12:45 AM,252 Event OK
4/08/2020 9:12:46 AM,EVENT 47294 1596532351 -310143511/1219231181/921/3/0 INPUT 4 1 0 v:124
4/08/2020 9:12:46 AM,252 Event OK
4/08/2020 9:12:47 AM,EVENT 47295 1596532352 -310143511/1219231181/921/3/0 INPUT 7 1 0 v:124
4/08/2020 9:12:47 AM,252 Event OK
4/08/2020 9:12:47 AM,EVENT 47296 1596532352 -310143511/1219231181/921/3/0 INPUT 8 0 135 v:124
4/08/2020 9:12:47 AM,252 Event OK
4/08/2020 9:12:48 AM,EVENT 47297 1596532353 -310143505/1219231175/927/3/0 INPUT 1 1 0 v:124
4/08/2020 9:12:48 AM,252 Event OK
4/08/2020 9:12:49 AM,EVENT 47298 1596532354 -310143498/1219231174/933/3/0 INPUT 4 0 3 v:124
4/08/2020 9:12:49 AM,252 Event OK
4/08/2020 9:12:49 AM,EVENT 47299 1596532356 -310143492/1219231173/942/3/0 TRIP 47277 74 48 8 6 130 v:124
4/08/2020 9:12:49 AM,252 Event OK
4/08/2020 9:12:50 AM,EVENT 47300 1596532356 -310143492/1219231173/942/3/0 TRIPSUMMARY 47277 v:124
4/08/2020 9:12:50 AM,252 Event OK
4/08/2020 9:12:51 AM,QUIT
4/08/2020 9:12:51 AM,221 Session ended - goodbye
4/08/2020 10:22:40 AM,UNIT 9279
4/08/2020 10:22:40 AM,333 CHAL 1531DD81
4/08/2020 10:22:40 AM,RESP A669B2E6
4/08/2020 10:22:40 AM,230 Auth OK
4/08/2020 10:22:40 AM,TIME
4/08/2020 10:22:40 AM,211 TIME 1596536560
4/08/2020 10:22:41 AM,EVCOUNT 14
4/08/2020 10:22:41 AM,252 Event OK
4/08/2020 10:22:41 AM,TODO
4/08/2020 10:22:41 AM,125 TODO GET 1363390 user.tar.gz_5.0.58.517 
225 Work list complete
4/08/2020 10:22:41 AM,GET
4/08/2020 10:22:41 AM,Binary data 1363454 bytes
4/08/2020 10:22:50 AM,GOT user.tar.gz_5.0.58.517 1363390 3DB27A55
4/08/2020 10:22:50 AM,250 Download OK
4/08/2020 10:22:51 AM,EVENT 47301 1596536534 0/0/0/0/0 SWSTART OpusFC 5.0.58.510 R v:123
4/08/2020 10:22:51 AM,252 Event OK
4/08/2020 10:22:51 AM,EVENT 47302 1596532356 0/0/0/0/0 POWERDOWN v:124
4/08/2020 10:22:51 AM,252 Event OK
4/08/2020 10:22:52 AM,EVENT 47303 1596536534 0/0/0/0/0 INPUT 1 1 0 v:123
4/08/2020 10:22:52 AM,252 Event OK
4/08/2020 10:22:52 AM,EVENT 47304 1596536534 0/0/0/0/0 INPUT 2 0 0 v:123
4/08/2020 10:22:52 AM,252 Event OK
4/08/2020 10:22:52 AM,EVENT 47305 1596536534 0/0/0/0/0 INPUT 3 0 0 v:123
4/08/2020 10:22:52 AM,252 Event OK
4/08/2020 10:22:52 AM,EVENT 47306 1596536534 0/0/0/0/0 INPUT 4 0 0 v:123
4/08/2020 10:22:52 AM,252 Event OK
4/08/2020 10:22:52 AM,EVENT 47307 1596536534 0/0/0/0/0 INPUT 7 0 0 v:123
4/08/2020 10:22:52 AM,252 Event OK
4/08/2020 10:22:53 AM,EVENT 47308 1596536534 0/0/0/0/0 INPUT 8 1 0 v:123
4/08/2020 10:22:53 AM,252 Event OK
4/08/2020 10:22:53 AM,EVENT 47309 1596536536 0/0/0/0/0 ZONE_OK 2 100 FW=NO VERSION v:123
4/08/2020 10:22:53 AM,252 Event OK
4/08/2020 10:22:53 AM,EVENT 47310 1596536543 0/0/0/0/0 SIGNON 2539 01d5f6d3 OK_CL 26 150496 0 v:123
4/08/2020 10:22:53 AM,252 Event OK
4/08/2020 10:22:53 AM,EVENT 47311 1596536549 0/0/0/99/0 CHECKLIST 47310 OK 0 5 432 F v:123
4/08/2020 10:22:53 AM,252 Event OK
4/08/2020 10:22:54 AM,EVENT 47312 1596536556 0/0/0/99/0 INPUT 4 1 0 v:123
4/08/2020 10:22:54 AM,252 Event OK
4/08/2020 10:22:54 AM,EVENT 47313 1596536556 0/0/0/99/0 INPUT 1 0 21 v:123
4/08/2020 10:22:54 AM,252 Event OK
4/08/2020 10:22:54 AM,EVENT 47314 1596536557 0/0/0/4/0 OILPRESSURE 47310 6 v:123
4/08/2020 10:22:54 AM,252 Event OK
4/08/2020 10:22:54 AM,EVENT 47315 1596536571 -310145923/1219229417/11859/3/4 INPUT 3 1 0 v:123
4/08/2020 10:22:54 AM,252 Event OK
4/08/2020 10:22:54 AM,TODO
4/08/2020 10:22:54 AM,125 TODO LOADDISP_user.tar.gz_1596536570
225 Work list complete
4/08/2020 10:22:55 AM,QUIT
4/08/2020 10:22:55 AM,221 Session ended - goodbye
4/08/2020 10:23:04 AM,UNIT 9279
4/08/2020 10:23:04 AM,333 CHAL 521A2334
4/08/2020 10:23:05 AM,RESP 54E7C87D
4/08/2020 10:23:05 AM,230 Auth OK
4/08/2020 10:23:05 AM,TIME
4/08/2020 10:23:05 AM,211 TIME 1596536585
4/08/2020 10:23:06 AM,EVCOUNT 2
4/08/2020 10:23:06 AM,252 Event OK
4/08/2020 10:23:06 AM,TODO
4/08/2020 10:23:06 AM,226 Nothing to do
4/08/2020 10:23:07 AM,EVENT 47316 1596536573 -310143205/1219231044/10104/3/10 INPUT 3 0 1 v:123
4/08/2020 10:23:07 AM,252 Event OK
4/08/2020 10:23:08 AM,EVENT 47317 1596536575 -310143350/1219231635/5478/3/5 INPUT 3 1 0 v:123
4/08/2020 10:23:08 AM,252 Event OK
4/08/2020 10:23:08 AM,QUIT
4/08/2020 10:23:08 AM,221 Session ended - goodbye
4/08/2020 10:24:03 AM,UNIT 9279
4/08/2020 10:24:03 AM,333 CHAL 30920A00
4/08/2020 10:24:04 AM,RESP 539176FC
4/08/2020 10:24:04 AM,230 Auth OK
4/08/2020 10:24:04 AM,TIME
4/08/2020 10:24:04 AM,211 TIME 1596536644
4/08/2020 10:24:05 AM,EVCOUNT 3
4/08/2020 10:24:05 AM,252 Event OK
4/08/2020 10:24:05 AM,TODO
4/08/2020 10:24:05 AM,226 Nothing to do
4/08/2020 10:24:06 AM,EVENT 47318 1596536639 -310125191/1219231933/995/7/9 INPUT 3 0 64 v:124
4/08/2020 10:24:06 AM,252 Event OK
4/08/2020 10:24:07 AM,EVENT 47319 1596536642 -310125223/1219231868/973/7/6 INPUT 7 1 0 v:123
4/08/2020 10:24:07 AM,252 Event OK
4/08/2020 10:24:08 AM,EVENT 47320 1596536642 -310125223/1219231868/973/7/6 INPUT 8 0 108 v:123
4/08/2020 10:24:08 AM,252 Event OK
4/08/2020 10:24:08 AM,EVENT 47321 1596536643 -310125223/1219231873/970/7/6 INPUT 4 0 88 v:123
4/08/2020 10:24:08 AM,252 Event OK
4/08/2020 10:24:09 AM,EVENT 47322 1596536643 -310125223/1219231873/970/7/0 INPUT 1 1 0 v:123
4/08/2020 10:24:09 AM,252 Event OK
4/08/2020 10:24:10 AM,QUIT
4/08/2020 10:24:10 AM,221 Session ended - goodbye
4/08/2020 10:24:20 AM,UNIT 9279
4/08/2020 10:24:20 AM,333 CHAL 403B962E
4/08/2020 10:24:21 AM,RESP 4B49B18D
4/08/2020 10:24:21 AM,230 Auth OK
4/08/2020 10:24:21 AM,TIME
4/08/2020 10:24:21 AM,211 TIME 1596536661
4/08/2020 10:24:22 AM,EVCOUNT 3
4/08/2020 10:24:22 AM,252 Event OK
4/08/2020 10:24:22 AM,TODO
4/08/2020 10:24:22 AM,226 Nothing to do
4/08/2020 10:24:23 AM,EVENT 47323 1596536647 -310125222/1219231891/954/7/0 TRIP 47310 65 23 13 9 101 v:123
4/08/2020 10:24:23 AM,252 Event OK
4/08/2020 10:24:24 AM,EVENT 47324 1596536647 -310125222/1219231891/954/7/0 TRIPSUMMARY 47310 v:123
4/08/2020 10:24:24 AM,252 Event OK
4/08/2020 10:24:25 AM,EVENT 47325 1596536658 -310125243/1219231917/934/9/0 REPORT * 0 241 v:123
4/08/2020 10:24:25 AM,252 Event OK
4/08/2020 10:24:25 AM,QUIT
4/08/2020 10:24:25 AM,221 Session ended - goodbye
4/08/2020 10:25:05 AM,UNIT 9279
4/08/2020 10:25:05 AM,333 CHAL 234BC10
4/08/2020 10:25:06 AM,RESP 3CDDF295
4/08/2020 10:25:06 AM,230 Auth OK
4/08/2020 10:25:06 AM,TIME
4/08/2020 10:25:06 AM,211 TIME 1596536706
4/08/2020 10:25:06 AM,EVCOUNT 11
4/08/2020 10:25:06 AM,252 Event OK
4/08/2020 10:25:06 AM,TODO
4/08/2020 10:25:06 AM,226 Nothing to do
4/08/2020 10:25:07 AM,EVENT 47326 1596536683 -310125243/1219231917/934/0/0 INPUT 1 1 0 v:123
4/08/2020 10:25:07 AM,252 Event OK
4/08/2020 10:25:07 AM,EVENT 47327 1596536683 0/0/0/0/0 INPUT 2 0 0 v:123
4/08/2020 10:25:07 AM,252 Event OK
4/08/2020 10:25:07 AM,EVENT 47328 1596536683 0/0/0/0/0 INPUT 3 0 0 v:123
4/08/2020 10:25:07 AM,252 Event OK
4/08/2020 10:25:07 AM,EVENT 47329 1596536683 0/0/0/0/0 INPUT 4 0 0 v:123
4/08/2020 10:25:07 AM,252 Event OK
4/08/2020 10:25:07 AM,EVENT 47330 1596536683 0/0/0/0/0 INPUT 7 1 0 v:123
4/08/2020 10:25:07 AM,252 Event OK
4/08/2020 10:25:08 AM,EVENT 47331 1596536683 0/0/0/0/0 INPUT 8 0 0 v:123
4/08/2020 10:25:08 AM,252 Event OK
4/08/2020 10:25:08 AM,EVENT 47332 1596536683 0/0/0/0/0 SWSTART OpusFC 5.0.58.517 R v:123
4/08/2020 10:25:08 AM,252 Event OK
4/08/2020 10:25:08 AM,EVENT 47333 1596536647 0/0/0/0/0 POWERDOWN v:123
4/08/2020 10:25:08 AM,252 Event OK
4/08/2020 10:25:09 AM,EVENT 47334 1596536683 0/0/0/0/0 LOADDISP OK OpusFc 5.0.58.517 R v:123
4/08/2020 10:25:09 AM,252 Event OK
4/08/2020 10:25:09 AM,EVENT 47335 1596536684 0/0/0/0/0 ZONE_OK 2 100 FW=NO VERSION v:123
4/08/2020 10:25:09 AM,252 Event OK
4/08/2020 10:25:09 AM,EVENT 47336 1596536684 0/0/0/0/0 REPORT * 0 0 v:123
4/08/2020 10:25:09 AM,252 Event OK
4/08/2020 10:25:10 AM,QUIT
4/08/2020 10:25:10 AM,221 Session ended - goodbye
4/08/2020 10:28:25 AM,UNIT 9279
4/08/2020 10:28:25 AM,333 CHAL 4EEC6836
4/08/2020 10:28:26 AM,RESP 19E074D4
4/08/2020 10:28:26 AM,230 Auth OK
4/08/2020 10:28:26 AM,TIME
4/08/2020 10:28:26 AM,211 TIME 1596536906
4/08/2020 10:28:27 AM,EVCOUNT 2
4/08/2020 10:28:27 AM,252 Event OK
4/08/2020 10:28:27 AM,TODO
4/08/2020 10:28:27 AM,226 Nothing to do
4/08/2020 10:28:28 AM,EVENT 47337 1596536900 -310125326/1219231858/904/10/1 INPUT 8 1 0 v:123
4/08/2020 10:28:28 AM,252 Event OK
4/08/2020 10:28:29 AM,EVENT 47338 1596536900 -310125325/1219231862/903/10/1 INPUT 7 0 218 v:123
4/08/2020 10:28:29 AM,252 Event OK
4/08/2020 10:28:29 AM,QUIT
4/08/2020 10:28:29 AM,221 Session ended - goodbye
4/08/2020 10:28:39 AM,UNIT 9279
4/08/2020 10:28:39 AM,333 CHAL 49162458
4/08/2020 10:28:39 AM,RESP 52952461
4/08/2020 10:28:39 AM,230 Auth OK
4/08/2020 10:28:40 AM,TIME
4/08/2020 10:28:40 AM,211 TIME 1596536920
4/08/2020 10:28:40 AM,EVCOUNT 3
4/08/2020 10:28:40 AM,252 Event OK
4/08/2020 10:28:41 AM,TODO
4/08/2020 10:28:41 AM,226 Nothing to do
4/08/2020 10:28:42 AM,EVENT 47339 1596536911 -310125300/1219231892/871/10/0 SIGNON 2539 01d5f6d3 OK 26 150496 0 v:124
4/08/2020 10:28:42 AM,252 Event OK
4/08/2020 10:28:42 AM,EVENT 47340 1596536917 -310125275/1219231927/850/10/0 INPUT 1 0 234 v:124
4/08/2020 10:28:42 AM,252 Event OK
4/08/2020 10:28:43 AM,EVENT 47341 1596536917 -310125275/1219231927/850/10/0 INPUT 4 1 0 v:124
4/08/2020 10:28:43 AM,252 Event OK
4/08/2020 10:28:44 AM,QUIT
4/08/2020 10:28:44 AM,221 Session ended - goodbye
4/08/2020 10:28:54 AM,UNIT 9279
4/08/2020 10:28:54 AM,333 CHAL 12402FCD
4/08/2020 10:28:55 AM,RESP BB03539F
4/08/2020 10:28:55 AM,230 Auth OK
4/08/2020 10:28:55 AM,TIME
4/08/2020 10:28:55 AM,211 TIME 1596536935
4/08/2020 10:28:56 AM,EVCOUNT 3
4/08/2020 10:28:56 AM,252 Event OK
4/08/2020 10:28:57 AM,TODO
4/08/2020 10:28:57 AM,226 Nothing to do
4/08/2020 10:28:58 AM,EVENT 47342 1596536928 -310124824/1219232468/856/10/3 INPUT 4 0 12 v:124
4/08/2020 10:28:58 AM,252 Event OK
4/08/2020 10:28:58 AM,EVENT 47343 1596536928 -310124824/1219232468/856/10/3 INPUT 4 1 0 v:124
4/08/2020 10:28:58 AM,252 Event OK
4/08/2020 10:28:59 AM,EVENT 47344 1596536931 -310125055/1219232298/858/10/6 INPUT 3 1 0 v:124
4/08/2020 10:28:59 AM,252 Event OK
4/08/2020 10:29:00 AM,QUIT
4/08/2020 10:29:00 AM,221 Session ended - goodbye
4/08/2020 4:02:34 PM,UNIT 9279
4/08/2020 4:02:34 PM,333 CHAL 2F6D2B7
4/08/2020 4:02:34 PM,RESP B15590D0
4/08/2020 4:02:34 PM,230 Auth OK
4/08/2020 4:02:35 PM,TIME
4/08/2020 4:02:35 PM,211 TIME 1596556955
4/08/2020 4:02:35 PM,EVCOUNT 382
4/08/2020 4:02:35 PM,252 Event OK
4/08/2020 4:02:35 PM,TODO
4/08/2020 4:02:35 PM,226 Nothing to do
4/08/2020 4:02:35 PM,EVENT 47345 1596536976 -310121558/1219229602/901/7/13 INPUT 3 0 45 v:124
4/08/2020 4:02:35 PM,252 Event OK
4/08/2020 4:02:35 PM,EVENT 47346 1596536980 -310121716/1219229423/908/7/0 INPUT 4 0 52 v:124
4/08/2020 4:02:35 PM,252 Event OK
4/08/2020 4:02:36 PM,EVENT 47347 1596536980 -310121716/1219229423/908/7/0 INPUT 4 1 0 v:124
4/08/2020 4:02:36 PM,252 Event OK
4/08/2020 4:02:36 PM,EVENT 47348 1596537011 -310121837/1219229593/884/1/0 INPUT 7 1 0 v:124
4/08/2020 4:02:36 PM,252 Event OK
4/08/2020 4:02:36 PM,EVENT 47349 1596537011 -310121837/1219229593/884/1/0 INPUT 8 0 111 v:124
4/08/2020 4:02:36 PM,252 Event OK
4/08/2020 4:02:36 PM,EVENT 47350 1596537011 -310121838/1219229596/884/1/0 INPUT 4 0 31 v:124
4/08/2020 4:02:36 PM,252 Event OK
4/08/2020 4:02:37 PM,EVENT 47351 1596537011 -310121838/1219229596/884/1/0 INPUT 4 1 0 v:123
4/08/2020 4:02:37 PM,252 Event OK
4/08/2020 4:02:37 PM,EVENT 47352 1596537012 -310121839/1219229599/884/1/0 INPUT 1 1 0 v:123
4/08/2020 4:02:37 PM,252 Event OK
4/08/2020 4:02:37 PM,EVENT 47353 1596537013 -310121837/1219229611/878/1/0 INPUT 4 0 2 v:123
4/08/2020 4:02:37 PM,252 Event OK
4/08/2020 4:02:37 PM,EVENT 47354 1596537015 -310121824/1219229616/870/1/0 TRIP 47339 45 52 8 6 105 v:123
4/08/2020 4:02:37 PM,252 Event OK
4/08/2020 4:02:38 PM,EVENT 47355 1596537119 -310121682/1219229568/827/0/0 INPUT 8 1 0 v:123
4/08/2020 4:02:38 PM,252 Event OK
4/08/2020 4:02:38 PM,EVENT 47356 1596537119 -310121681/1219229568/828/0/0 INPUT 7 0 109 v:123
4/08/2020 4:02:38 PM,252 Event OK
4/08/2020 4:02:38 PM,EVENT 47357 1596537132 -310121653/1219229556/847/0/0 SIGNON 2520 03dbed13 OK 26 120976 0 v:123
4/08/2020 4:02:38 PM,252 Event OK
4/08/2020 4:02:38 PM,EVENT 47358 1596537138 -310121644/1219229506/846/0/0 INPUT 1 0 127 v:124
4/08/2020 4:02:38 PM,252 Event OK
4/08/2020 4:02:39 PM,EVENT 47359 1596537139 -310121644/1219229498/845/0/0 INPUT 4 1 0 v:124
4/08/2020 4:02:39 PM,252 Event OK
4/08/2020 4:02:39 PM,EVENT 47360 1596537142 -310121671/1219229420/851/0/0 INPUT 4 0 4 v:124
4/08/2020 4:02:39 PM,252 Event OK
4/08/2020 4:02:39 PM,EVENT 47361 1596537143 -310121671/1219229420/851/0/0 INPUT 4 1 0 v:124
4/08/2020 4:02:39 PM,252 Event OK
4/08/2020 4:02:39 PM,EVENT 47362 1596537146 -310121929/1219228846/863/0/5 INPUT 3 1 0 v:124
4/08/2020 4:02:39 PM,252 Event OK
4/08/2020 4:02:40 PM,EVENT 47363 1596537720 0/0/0/0/16 INPUT 3 0 574 v:124
4/08/2020 4:02:40 PM,252 Event OK
4/08/2020 4:02:40 PM,EVENT 47364 1596537741 0/0/0/0/0 INPUT 4 0 599 v:124
4/08/2020 4:02:40 PM,252 Event OK
4/08/2020 4:02:41 PM,EVENT 47365 1596537741 0/0/0/0/0 INPUT 4 1 0 v:124
4/08/2020 4:02:41 PM,252 Event OK
4/08/2020 4:02:41 PM,EVENT 47366 1596537768 0/0/0/0/8 INPUT 3 1 0 v:124
4/08/2020 4:02:41 PM,252 Event OK
4/08/2020 4:02:41 PM,EVENT 47367 1596537770 0/0/0/0/11 INPUT 3 0 2 v:124
4/08/2020 4:02:41 PM,252 Event OK
4/08/2020 4:02:41 PM,EVENT 47368 1596537789 0/0/0/0/0 INPUT 4 0 48 v:124
4/08/2020 4:02:41 PM,252 Event OK
4/08/2020 4:02:42 PM,EVENT 47369 1596537789 0/0/0/0/0 INPUT 4 1 0 v:124
4/08/2020 4:02:42 PM,252 Event OK
4/08/2020 4:02:42 PM,EVENT 47370 1596537813 0/0/0/0/7 INPUT 3 1 0 v:124
4/08/2020 4:02:42 PM,252 Event OK
4/08/2020 4:02:42 PM,EVENT 47371 1596538512 0/0/0/0/10 INPUT 3 0 698 v:124
4/08/2020 4:02:42 PM,252 Event OK
4/08/2020 4:02:42 PM,EVENT 47372 1596538514 0/0/0/0/5 REPORT 47357 0 0 v:124
4/08/2020 4:02:42 PM,252 Event OK
4/08/2020 4:02:43 PM,EVENT 47373 1596538514 0/0/0/0/7 INPUT 3 1 0 v:124
4/08/2020 4:02:43 PM,252 Event OK
4/08/2020 4:02:43 PM,EVENT 47374 1596538531 0/0/0/0/10 INPUT 3 0 16 v:124
4/08/2020 4:02:43 PM,252 Event OK
4/08/2020 4:02:43 PM,EVENT 47375 1596538547 0/0/0/0/7 INPUT 3 1 0 v:124
4/08/2020 4:02:43 PM,252 Event OK
4/08/2020 4:02:43 PM,EVENT 47376 1596538563 0/0/0/0/10 INPUT 3 0 15 v:124
4/08/2020 4:02:43 PM,252 Event OK
4/08/2020 4:02:43 PM,EVENT 47377 1596538577 0/0/0/99/6 INPUT 3 1 0 v:124
4/08/2020 4:02:43 PM,252 Event OK
4/08/2020 4:02:44 PM,EVENT 47378 1596538845 0/0/0/0/22 INPUT 3 0 267 v:124
4/08/2020 4:02:44 PM,252 Event OK
4/08/2020 4:02:44 PM,EVENT 47379 1596538846 0/0/0/0/8 INPUT 4 0 1057 v:124
4/08/2020 4:02:44 PM,252 Event OK
4/08/2020 4:02:44 PM,EVENT 47380 1596538847 0/0/0/0/5 INPUT 4 1 0 v:123
4/08/2020 4:02:44 PM,252 Event OK
4/08/2020 4:02:44 PM,EVENT 47381 1596538851 0/0/0/0/8 INPUT 3 1 0 v:123
4/08/2020 4:02:44 PM,252 Event OK
4/08/2020 4:02:45 PM,EVENT 47382 1596538852 0/0/0/0/9 INPUT 3 0 2 v:124
4/08/2020 4:02:45 PM,252 Event OK
4/08/2020 4:02:45 PM,EVENT 47383 1596538858 0/0/0/0/2 INPUT 3 1 0 v:124
4/08/2020 4:02:45 PM,252 Event OK
4/08/2020 4:02:45 PM,EVENT 47384 1596539376 0/0/0/0/9 INPUT 3 0 518 v:124
4/08/2020 4:02:45 PM,252 Event OK
4/08/2020 4:02:46 PM,EVENT 47385 1596539379 0/0/0/0/5 INPUT 4 0 533 v:124
4/08/2020 4:02:46 PM,252 Event OK
4/08/2020 4:02:46 PM,EVENT 47386 1596539380 0/0/0/0/3 INPUT 4 1 0 v:124
4/08/2020 4:02:46 PM,252 Event OK
4/08/2020 4:02:46 PM,EVENT 47387 1596539380 0/0/0/0/1 INPUT 7 1 0 v:124
4/08/2020 4:02:46 PM,252 Event OK
4/08/2020 4:02:47 PM,EVENT 47388 1596539380 0/0/0/0/1 INPUT 8 0 2262 v:124
4/08/2020 4:02:47 PM,252 Event OK
4/08/2020 4:02:47 PM,EVENT 47389 1596539381 0/0/0/0/0 INPUT 1 1 0 v:124
4/08/2020 4:02:47 PM,252 Event OK
4/08/2020 4:02:47 PM,EVENT 47390 1596539382 0/0/0/0/0 INPUT 4 0 3 v:124
4/08/2020 4:02:47 PM,252 Event OK
4/08/2020 4:02:47 PM,EVENT 47391 1596539385 0/0/0/0/0 TRIP 47357 2093 151 10 7 2254 v:124
4/08/2020 4:02:47 PM,252 Event OK
4/08/2020 4:02:48 PM,EVENT 47392 1596539624 0/0/0/99/0 INPUT 8 1 0 v:124
4/08/2020 4:02:48 PM,252 Event OK
4/08/2020 4:02:48 PM,EVENT 47393 1596539625 0/0/0/99/0 INPUT 7 0 244 v:124
4/08/2020 4:02:48 PM,252 Event OK
4/08/2020 4:02:48 PM,EVENT 47394 1596539633 0/0/0/0/0 SIGNON 2463 01b1def3 OK 26 271086 0 v:124
4/08/2020 4:02:48 PM,252 Event OK
4/08/2020 4:02:49 PM,EVENT 47395 1596539639 0/0/0/0/0 INPUT 1 0 258 v:124
4/08/2020 4:02:49 PM,252 Event OK
4/08/2020 4:02:49 PM,EVENT 47396 1596539639 0/0/0/0/0 INPUT 4 1 0 v:124
4/08/2020 4:02:49 PM,252 Event OK
4/08/2020 4:02:49 PM,EVENT 47397 1596539658 0/0/0/0/8 INPUT 4 0 19 v:124
4/08/2020 4:02:49 PM,252 Event OK
4/08/2020 4:02:50 PM,EVENT 47398 1596539658 0/0/0/0/6 INPUT 4 1 0 v:124
4/08/2020 4:02:50 PM,252 Event OK
4/08/2020 4:02:50 PM,EVENT 47399 1596539660 0/0/0/0/3 INPUT 3 1 0 v:124
4/08/2020 4:02:50 PM,252 Event OK
4/08/2020 4:02:50 PM,EVENT 47400 1596539689 0/0/0/0/11 INPUT 3 0 28 v:124
4/08/2020 4:02:50 PM,252 Event OK
4/08/2020 4:02:50 PM,EVENT 47401 1596539690 0/0/0/0/9 INPUT 3 1 0 v:124
4/08/2020 4:02:50 PM,252 Event OK
4/08/2020 4:02:51 PM,EVENT 47402 1596539709 0/0/0/0/10 INPUT 3 0 19 v:124
4/08/2020 4:02:51 PM,252 Event OK
4/08/2020 4:02:51 PM,EVENT 47403 1596539714 0/0/0/0/6 INPUT 3 1 0 v:124
4/08/2020 4:02:51 PM,252 Event OK
4/08/2020 4:02:51 PM,EVENT 47404 1596539716 0/0/0/0/9 INPUT 3 0 1 v:124
4/08/2020 4:02:51 PM,252 Event OK
4/08/2020 4:02:52 PM,EVENT 47405 1596539717 0/0/0/0/8 INPUT 3 1 0 v:124
4/08/2020 4:02:52 PM,252 Event OK
4/08/2020 4:02:52 PM,EVENT 47406 1596539735 0/0/0/0/11 INPUT 3 0 18 v:124
4/08/2020 4:02:52 PM,252 Event OK
4/08/2020 4:02:52 PM,EVENT 47407 1596539751 0/0/0/0/0 INPUT 4 0 93 v:124
4/08/2020 4:02:52 PM,252 Event OK
4/08/2020 4:02:53 PM,EVENT 47408 1596539751 0/0/0/0/0 INPUT 4 1 0 v:124
4/08/2020 4:02:53 PM,252 Event OK
4/08/2020 4:02:53 PM,EVENT 47409 1596539757 0/0/0/0/4 INPUT 3 1 0 v:124
4/08/2020 4:02:53 PM,252 Event OK
4/08/2020 4:02:53 PM,EVENT 47410 1596539771 0/0/0/0/9 INPUT 3 0 14 v:124
4/08/2020 4:02:53 PM,252 Event OK
4/08/2020 4:02:53 PM,EVENT 47411 1596539776 0/0/0/0/5 INPUT 7 1 0 v:124
4/08/2020 4:02:53 PM,252 Event OK
4/08/2020 4:02:53 PM,EVENT 47412 1596539776 0/0/0/0/5 INPUT 8 0 152 v:124
4/08/2020 4:02:53 PM,252 Event OK
4/08/2020 4:02:54 PM,EVENT 47413 1596539777 0/0/0/0/2 INPUT 1 1 0 v:124
4/08/2020 4:02:54 PM,252 Event OK
4/08/2020 4:02:54 PM,EVENT 47414 1596539778 0/0/0/0/0 INPUT 4 0 27 v:124
4/08/2020 4:02:54 PM,252 Event OK
4/08/2020 4:02:54 PM,EVENT 47415 1596539781 0/0/0/0/0 TRIP 47394 80 59 10 7 149 v:124
4/08/2020 4:02:54 PM,252 Event OK
4/08/2020 4:02:55 PM,EVENT 47416 1596539850 0/0/0/0/0 INPUT 8 1 0 v:124
4/08/2020 4:02:55 PM,252 Event OK
4/08/2020 4:02:55 PM,EVENT 47417 1596539851 0/0/0/0/0 INPUT 7 0 74 v:124
4/08/2020 4:02:55 PM,252 Event OK
4/08/2020 4:02:55 PM,EVENT 47418 1596539858 0/0/0/0/0 SIGNON 2463 01b1def3 OK 26 271086 0 v:124
4/08/2020 4:02:55 PM,252 Event OK
4/08/2020 4:02:55 PM,EVENT 47419 1596539864 0/0/0/0/0 INPUT 1 0 87 v:124
4/08/2020 4:02:55 PM,252 Event OK
4/08/2020 4:02:56 PM,EVENT 47420 1596539864 0/0/0/0/0 INPUT 4 1 0 v:124
4/08/2020 4:02:56 PM,252 Event OK
4/08/2020 4:02:56 PM,EVENT 47421 1596539866 0/0/0/0/0 INPUT 4 0 3 v:124
4/08/2020 4:02:56 PM,252 Event OK
4/08/2020 4:02:56 PM,EVENT 47422 1596539867 0/0/0/0/0 INPUT 4 1 0 v:124
4/08/2020 4:02:56 PM,252 Event OK
4/08/2020 4:02:56 PM,EVENT 47423 1596539870 0/0/0/0/7 INPUT 3 1 0 v:124
4/08/2020 4:02:56 PM,252 Event OK
4/08/2020 4:02:56 PM,EVENT 47424 1596539873 0/0/0/0/10 INPUT 3 0 2 v:124
4/08/2020 4:02:56 PM,252 Event OK
4/08/2020 4:02:57 PM,EVENT 47425 1596539874 0/0/0/0/6 INPUT 4 0 8 v:124
4/08/2020 4:02:57 PM,252 Event OK
4/08/2020 4:02:57 PM,EVENT 47426 1596539874 0/0/0/0/5 INPUT 4 1 0 v:124
4/08/2020 4:02:57 PM,252 Event OK
4/08/2020 4:02:57 PM,EVENT 47427 1596539999 0/0/0/0/0 INPUT 4 0 125 v:124
4/08/2020 4:02:57 PM,252 Event OK
4/08/2020 4:02:57 PM,EVENT 47428 1596539999 0/0/0/0/0 INPUT 4 1 0 v:124
4/08/2020 4:02:57 PM,252 Event OK
4/08/2020 4:02:57 PM,EVENT 47429 1596540053 0/0/0/0/0 INPUT 4 0 54 v:124
4/08/2020 4:02:57 PM,252 Event OK
4/08/2020 4:02:58 PM,EVENT 47430 1596540053 0/0/0/0/0 INPUT 4 1 0 v:124
4/08/2020 4:02:58 PM,252 Event OK
4/08/2020 4:02:58 PM,EVENT 47431 1596540086 0/0/0/0/0 INPUT 4 0 33 v:124
4/08/2020 4:02:58 PM,252 Event OK
4/08/2020 4:02:58 PM,EVENT 47432 1596540086 0/0/0/0/0 INPUT 4 1 0 v:124
4/08/2020 4:02:58 PM,252 Event OK
4/08/2020 4:02:58 PM,EVENT 47433 1596540128 0/0/0/0/0 INPUT 4 0 42 v:124
4/08/2020 4:02:58 PM,252 Event OK
4/08/2020 4:02:58 PM,EVENT 47434 1596540128 0/0/0/0/0 INPUT 4 1 0 v:124
4/08/2020 4:02:58 PM,252 Event OK
4/08/2020 4:02:59 PM,EVENT 47435 1596540149 0/0/0/0/0 INPUT 4 0 21 v:124
4/08/2020 4:02:59 PM,252 Event OK
4/08/2020 4:02:59 PM,EVENT 47436 1596540149 0/0/0/0/0 INPUT 4 1 0 v:124
4/08/2020 4:02:59 PM,252 Event OK
4/08/2020 4:02:59 PM,EVENT 47437 1596540203 0/0/0/0/0 INPUT 4 0 54 v:124
4/08/2020 4:02:59 PM,252 Event OK
4/08/2020 4:02:59 PM,EVENT 47438 1596540203 0/0/0/0/0 INPUT 4 1 0 v:124
4/08/2020 4:02:59 PM,252 Event OK
4/08/2020 4:02:59 PM,EVENT 47439 1596540236 0/0/0/0/0 INPUT 4 0 33 v:124
4/08/2020 4:02:59 PM,252 Event OK
4/08/2020 4:03:00 PM,EVENT 47440 1596540236 0/0/0/0/0 INPUT 4 1 0 v:124
4/08/2020 4:03:00 PM,252 Event OK
4/08/2020 4:03:00 PM,EVENT 47441 1596540269 0/0/0/0/0 INPUT 4 0 33 v:124
4/08/2020 4:03:00 PM,252 Event OK
4/08/2020 4:03:00 PM,EVENT 47442 1596540269 0/0/0/0/0 INPUT 4 1 0 v:124
4/08/2020 4:03:00 PM,252 Event OK
4/08/2020 4:03:00 PM,EVENT 47443 1596540350 0/0/0/0/0 REPORT 47418 0 0 v:124
4/08/2020 4:03:00 PM,252 Event OK
4/08/2020 4:03:01 PM,EVENT 47444 1596540377 0/0/0/0/0 INPUT 4 0 108 v:124
4/08/2020 4:03:01 PM,252 Event OK
4/08/2020 4:03:01 PM,EVENT 47445 1596540377 0/0/0/0/0 INPUT 4 1 0 v:124
4/08/2020 4:03:01 PM,252 Event OK
4/08/2020 4:03:01 PM,EVENT 47446 1596540431 0/0/0/0/0 INPUT 4 0 54 v:124
4/08/2020 4:03:01 PM,252 Event OK
4/08/2020 4:03:01 PM,EVENT 47447 1596540431 0/0/0/0/0 INPUT 4 1 0 v:124
4/08/2020 4:03:01 PM,252 Event OK
4/08/2020 4:03:01 PM,EVENT 47448 1596540485 0/0/0/0/0 INPUT 4 0 54 v:124
4/08/2020 4:03:01 PM,252 Event OK
4/08/2020 4:03:02 PM,EVENT 47449 1596540485 0/0/0/0/0 INPUT 4 1 0 v:124
4/08/2020 4:03:02 PM,252 Event OK
4/08/2020 4:03:02 PM,EVENT 47450 1596540605 0/0/0/0/2 INPUT 4 0 120 v:124
4/08/2020 4:03:02 PM,252 Event OK
4/08/2020 4:03:02 PM,EVENT 47451 1596540605 0/0/0/0/2 INPUT 4 1 0 v:124
4/08/2020 4:03:02 PM,252 Event OK
4/08/2020 4:03:02 PM,EVENT 47452 1596540606 0/0/0/0/3 INPUT 3 1 0 v:124
4/08/2020 4:03:02 PM,252 Event OK
4/08/2020 4:03:03 PM,EVENT 47453 1596540608 0/0/0/0/10 INPUT 3 0 3 v:124
4/08/2020 4:03:03 PM,252 Event OK
4/08/2020 4:03:03 PM,EVENT 47454 1596540610 0/0/0/0/8 INPUT 3 1 0 v:124
4/08/2020 4:03:03 PM,252 Event OK
4/08/2020 4:03:03 PM,EVENT 47455 1596540612 0/0/0/0/9 INPUT 3 0 2 v:124
4/08/2020 4:03:03 PM,252 Event OK
4/08/2020 4:03:03 PM,EVENT 47456 1596540616 0/0/0/0/4 INPUT 7 1 0 v:124
4/08/2020 4:03:03 PM,252 Event OK
4/08/2020 4:03:03 PM,EVENT 47457 1596540616 0/0/0/0/4 INPUT 8 0 767 v:124
4/08/2020 4:03:03 PM,252 Event OK
4/08/2020 4:03:04 PM,EVENT 47458 1596540617 0/0/0/0/3 INPUT 1 1 0 v:124
4/08/2020 4:03:04 PM,252 Event OK
4/08/2020 4:03:04 PM,EVENT 47459 1596540618 0/0/0/0/1 INPUT 4 0 13 v:124
4/08/2020 4:03:04 PM,252 Event OK
4/08/2020 4:03:04 PM,EVENT 47460 1596540621 0/0/0/0/0 TRIP 47418 7 748 9 6 764 v:124
4/08/2020 4:03:04 PM,252 Event OK
4/08/2020 4:03:04 PM,EVENT 47461 1596540972 0/0/0/0/0 INPUT 8 1 0 v:124
4/08/2020 4:03:04 PM,252 Event OK
4/08/2020 4:03:04 PM,EVENT 47462 1596540973 0/0/0/0/0 INPUT 7 0 356 v:124
4/08/2020 4:03:04 PM,252 Event OK
4/08/2020 4:03:05 PM,EVENT 47463 1596540980 0/0/0/99/0 SIGNON 2463 01b1def3 OK 26 271086 0 v:124
4/08/2020 4:03:05 PM,252 Event OK
4/08/2020 4:03:05 PM,EVENT 47464 1596540987 0/0/0/99/0 INPUT 1 0 370 v:124
4/08/2020 4:03:05 PM,252 Event OK
4/08/2020 4:03:05 PM,EVENT 47465 1596540987 0/0/0/99/0 INPUT 4 1 0 v:124
4/08/2020 4:03:05 PM,252 Event OK
4/08/2020 4:03:05 PM,EVENT 47466 1596540988 0/0/0/99/0 INPUT 4 0 2 v:124
4/08/2020 4:03:05 PM,252 Event OK
4/08/2020 4:03:06 PM,EVENT 47467 1596540988 0/0/0/99/0 INPUT 4 1 0 v:124
4/08/2020 4:03:06 PM,252 Event OK
4/08/2020 4:03:06 PM,EVENT 47468 1596540993 0/0/0/99/6 INPUT 3 1 0 v:124
4/08/2020 4:03:06 PM,252 Event OK
4/08/2020 4:03:06 PM,EVENT 47469 1596540993 0/0/0/99/8 INPUT 3 0 1 v:124
4/08/2020 4:03:06 PM,252 Event OK
4/08/2020 4:03:06 PM,EVENT 47470 1596540997 0/0/0/0/5 INPUT 4 0 9 v:124
4/08/2020 4:03:06 PM,252 Event OK
4/08/2020 4:03:07 PM,EVENT 47471 1596540997 0/0/0/0/4 INPUT 4 1 0 v:124
4/08/2020 4:03:07 PM,252 Event OK
4/08/2020 4:03:07 PM,EVENT 47472 1596541004 0/0/0/0/7 INPUT 3 1 0 v:124
4/08/2020 4:03:07 PM,252 Event OK
4/08/2020 4:03:07 PM,EVENT 47473 1596541006 0/0/0/0/9 INPUT 3 0 2 v:124
4/08/2020 4:03:07 PM,252 Event OK
4/08/2020 4:03:07 PM,EVENT 47474 1596541010 0/0/0/0/1 INPUT 4 0 13 v:124
4/08/2020 4:03:07 PM,252 Event OK
4/08/2020 4:03:07 PM,EVENT 47475 1596541010 0/0/0/0/1 INPUT 4 1 0 v:124
4/08/2020 4:03:07 PM,252 Event OK
4/08/2020 4:03:08 PM,EVENT 47476 1596541012 0/0/0/0/0 INPUT 7 1 0 v:124
4/08/2020 4:03:08 PM,252 Event OK
4/08/2020 4:03:08 PM,EVENT 47477 1596541012 0/0/0/0/0 INPUT 8 0 40 v:124
4/08/2020 4:03:08 PM,252 Event OK
4/08/2020 4:03:08 PM,EVENT 47478 1596541013 0/0/0/0/0 INPUT 1 1 0 v:124
4/08/2020 4:03:08 PM,252 Event OK
4/08/2020 4:03:08 PM,EVENT 47479 1596541014 0/0/0/0/0 INPUT 4 0 4 v:124
4/08/2020 4:03:08 PM,252 Event OK
4/08/2020 4:03:08 PM,EVENT 47480 1596541016 0/0/0/0/0 INPUT 4 1 0 v:123
4/08/2020 4:03:08 PM,252 Event OK
4/08/2020 4:03:09 PM,EVENT 47481 1596541017 0/0/0/0/0 TRIP 47463 3 27 7 6 37 v:124
4/08/2020 4:03:09 PM,252 Event OK
4/08/2020 4:03:09 PM,EVENT 47482 1596541018 0/0/0/0/0 INPUT 4 0 2 v:124
4/08/2020 4:03:09 PM,252 Event OK
4/08/2020 4:03:09 PM,EVENT 47483 1596541636 0/0/0/0/0 INPUT 8 1 0 v:124
4/08/2020 4:03:09 PM,252 Event OK
4/08/2020 4:03:10 PM,EVENT 47484 1596541636 0/0/0/0/0 INPUT 7 0 624 v:124
4/08/2020 4:03:10 PM,252 Event OK
4/08/2020 4:03:10 PM,EVENT 47485 1596541644 0/0/0/99/0 SIGNON 2463 01b1def3 OK 26 271086 0 v:124
4/08/2020 4:03:10 PM,252 Event OK
4/08/2020 4:03:10 PM,EVENT 47486 1596541650 0/0/0/99/0 INPUT 1 0 636 v:124
4/08/2020 4:03:10 PM,252 Event OK
4/08/2020 4:03:10 PM,EVENT 47487 1596541650 0/0/0/99/0 INPUT 4 1 0 v:124
4/08/2020 4:03:10 PM,252 Event OK
4/08/2020 4:03:10 PM,EVENT 47488 1596541657 0/0/0/99/5 INPUT 3 1 0 v:124
4/08/2020 4:03:10 PM,252 Event OK
4/08/2020 4:03:11 PM,EVENT 47489 1596541658 0/0/0/99/10 INPUT 3 0 2 v:124
4/08/2020 4:03:11 PM,252 Event OK
4/08/2020 4:03:11 PM,EVENT 47490 1596541663 0/0/0/0/3 INPUT 3 1 0 v:124
4/08/2020 4:03:11 PM,252 Event OK
4/08/2020 4:03:11 PM,EVENT 47491 1596541670 0/0/0/0/9 INPUT 3 0 6 v:124
4/08/2020 4:03:11 PM,252 Event OK
4/08/2020 4:03:11 PM,EVENT 47492 1596541672 0/0/0/0/8 INPUT 3 1 0 v:124
4/08/2020 4:03:11 PM,252 Event OK
4/08/2020 4:03:11 PM,EVENT 47493 1596541673 0/0/0/0/9 INPUT 3 0 1 v:124
4/08/2020 4:03:11 PM,252 Event OK
4/08/2020 4:03:12 PM,EVENT 47494 1596541677 0/0/0/0/6 INPUT 3 1 0 v:124
4/08/2020 4:03:12 PM,252 Event OK
4/08/2020 4:03:12 PM,EVENT 47495 1596541680 0/0/0/0/9 INPUT 3 0 3 v:124
4/08/2020 4:03:12 PM,252 Event OK
4/08/2020 4:03:12 PM,EVENT 47496 1596541686 0/0/0/0/2 INPUT 3 1 0 v:124
4/08/2020 4:03:12 PM,252 Event OK
4/08/2020 4:03:12 PM,EVENT 47497 1596541686 0/0/0/0/2 INPUT 7 1 0 v:124
4/08/2020 4:03:12 PM,252 Event OK
4/08/2020 4:03:13 PM,EVENT 47498 1596541686 0/0/0/0/2 INPUT 8 0 50 v:124
4/08/2020 4:03:13 PM,252 Event OK
4/08/2020 4:03:13 PM,EVENT 47499 1596541686 0/0/0/0/11 INPUT 1 1 0 v:124
4/08/2020 4:03:13 PM,252 Event OK
4/08/2020 4:03:13 PM,EVENT 47500 1596541687 0/0/0/0/28 INPUT 3 0 2 v:124
4/08/2020 4:03:13 PM,252 Event OK
4/08/2020 4:03:13 PM,EVENT 47501 1596541687 0/0/0/0/28 INPUT 4 0 37 v:124
4/08/2020 4:03:13 PM,252 Event OK
4/08/2020 4:03:14 PM,EVENT 47502 1596541690 0/0/0/0/0 TRIP 47485 14 23 10 7 47 v:124
4/08/2020 4:03:14 PM,252 Event OK
4/08/2020 4:03:14 PM,EVENT 47503 1596547708 0/0/0/0/0 SWSTART OpusFC 5.0.58.517 R v:124
4/08/2020 4:03:14 PM,252 Event OK
4/08/2020 4:03:15 PM,EVENT 47504 1596541690 0/0/0/0/0 POWERDOWN v:124
4/08/2020 4:03:15 PM,252 Event OK
4/08/2020 4:03:15 PM,EVENT 47505 1596547708 0/0/0/0/0 INPUT 1 1 0 v:123
4/08/2020 4:03:15 PM,252 Event OK
4/08/2020 4:03:15 PM,EVENT 47506 1596547708 0/0/0/0/0 INPUT 2 0 0 v:124
4/08/2020 4:03:15 PM,252 Event OK
4/08/2020 4:03:15 PM,EVENT 47507 1596547708 0/0/0/0/0 INPUT 3 0 0 v:124
4/08/2020 4:03:15 PM,252 Event OK
4/08/2020 4:03:16 PM,EVENT 47508 1596547708 0/0/0/0/0 INPUT 4 0 0 v:124
4/08/2020 4:03:16 PM,252 Event OK
4/08/2020 4:03:16 PM,EVENT 47509 1596547708 0/0/0/0/0 INPUT 7 0 0 v:124
4/08/2020 4:03:16 PM,252 Event OK
4/08/2020 4:03:16 PM,EVENT 47510 1596547708 0/0/0/0/0 INPUT 8 1 0 v:123
4/08/2020 4:03:16 PM,252 Event OK
4/08/2020 4:03:16 PM,EVENT 47511 1596547710 0/0/0/0/0 ZONE_OK 2 100 FW=NO VERSION v:124
4/08/2020 4:03:16 PM,252 Event OK
4/08/2020 4:03:17 PM,EVENT 47512 1596547719 0/0/0/0/0 SIGNON 2463 01b1def3 OK 26 271086 0 v:124
4/08/2020 4:03:17 PM,252 Event OK
4/08/2020 4:03:17 PM,EVENT 47513 1596547726 0/0/0/99/0 INPUT 1 0 17 v:124
4/08/2020 4:03:17 PM,252 Event OK
4/08/2020 4:03:17 PM,EVENT 47514 1596547726 0/0/0/99/0 INPUT 4 1 0 v:124
4/08/2020 4:03:17 PM,252 Event OK
4/08/2020 4:03:17 PM,EVENT 47515 1596547744 0/0/0/0/0 INPUT 4 0 19 v:124
4/08/2020 4:03:17 PM,252 Event OK
4/08/2020 4:03:18 PM,EVENT 47516 1596547744 0/0/0/0/0 INPUT 4 1 0 v:124
4/08/2020 4:03:18 PM,252 Event OK
4/08/2020 4:03:18 PM,EVENT 47517 1596547746 0/0/0/0/6 INPUT 3 1 0 v:124
4/08/2020 4:03:18 PM,252 Event OK
4/08/2020 4:03:18 PM,EVENT 47518 1596547800 0/0/0/0/9 INPUT 3 0 55 v:124
4/08/2020 4:03:18 PM,252 Event OK
4/08/2020 4:03:18 PM,EVENT 47519 1596547802 0/0/0/0/8 INPUT 3 1 0 v:124
4/08/2020 4:03:18 PM,252 Event OK
4/08/2020 4:03:19 PM,EVENT 47520 1596547803 0/0/0/0/8 INPUT 3 0 1 v:124
4/08/2020 4:03:19 PM,252 Event OK
4/08/2020 4:03:19 PM,EVENT 47521 1596547813 0/0/0/0/6 INPUT 4 0 69 v:124
4/08/2020 4:03:19 PM,252 Event OK
4/08/2020 4:03:19 PM,EVENT 47522 1596547813 0/0/0/0/5 INPUT 4 1 0 v:124
4/08/2020 4:03:19 PM,252 Event OK
4/08/2020 4:03:19 PM,EVENT 47523 1596547815 0/0/0/0/3 INPUT 3 1 0 v:124
4/08/2020 4:03:19 PM,252 Event OK
4/08/2020 4:03:20 PM,EVENT 47524 1596547824 0/0/0/0/9 INPUT 3 0 9 v:124
4/08/2020 4:03:20 PM,252 Event OK
4/08/2020 4:03:20 PM,EVENT 47525 1596547828 0/0/0/0/2 INPUT 3 1 0 v:124
4/08/2020 4:03:20 PM,252 Event OK
4/08/2020 4:03:20 PM,EVENT 47526 1596547831 0/0/0/0/10 INPUT 3 0 2 v:124
4/08/2020 4:03:20 PM,252 Event OK
4/08/2020 4:03:20 PM,EVENT 47527 1596547838 0/0/0/0/2 INPUT 4 0 25 v:124
4/08/2020 4:03:20 PM,252 Event OK
4/08/2020 4:03:20 PM,EVENT 47528 1596547838 0/0/0/0/1 INPUT 4 1 0 v:124
4/08/2020 4:03:20 PM,252 Event OK
4/08/2020 4:03:21 PM,EVENT 47529 1596547868 0/0/0/0/4 INPUT 3 1 0 v:124
4/08/2020 4:03:21 PM,252 Event OK
4/08/2020 4:03:21 PM,EVENT 47530 1596547922 0/0/0/0/14 INPUT 3 0 55 v:124
4/08/2020 4:03:21 PM,252 Event OK
4/08/2020 4:03:21 PM,EVENT 47531 1596547942 0/0/0/0/2 INPUT 3 1 0 v:124
4/08/2020 4:03:21 PM,252 Event OK
4/08/2020 4:03:21 PM,EVENT 47532 1596547949 0/0/0/0/9 INPUT 3 0 8 v:124
4/08/2020 4:03:21 PM,252 Event OK
4/08/2020 4:03:22 PM,EVENT 47533 1596548012 0/0/0/0/0 INPUT 4 0 174 v:124
4/08/2020 4:03:22 PM,252 Event OK
4/08/2020 4:03:22 PM,EVENT 47534 1596548012 0/0/0/0/0 INPUT 4 1 0 v:124
4/08/2020 4:03:22 PM,252 Event OK
4/08/2020 4:03:22 PM,EVENT 47535 1596548036 0/0/0/0/3 INPUT 3 1 0 v:124
4/08/2020 4:03:22 PM,252 Event OK
4/08/2020 4:03:23 PM,EVENT 47536 1596548126 0/0/0/0/16 INPUT 3 0 91 v:124
4/08/2020 4:03:23 PM,252 Event OK
4/08/2020 4:03:23 PM,EVENT 47537 1596548141 0/0/0/0/6 INPUT 3 1 0 v:124
4/08/2020 4:03:23 PM,252 Event OK
4/08/2020 4:03:23 PM,EVENT 47538 1596548146 0/0/0/0/12 INPUT 3 0 4 v:124
4/08/2020 4:03:23 PM,252 Event OK
4/08/2020 4:03:23 PM,EVENT 47539 1596548148 0/0/0/0/6 INPUT 4 0 136 v:124
4/08/2020 4:03:23 PM,252 Event OK
4/08/2020 4:03:24 PM,EVENT 47540 1596548149 0/0/0/0/5 INPUT 4 1 0 v:124
4/08/2020 4:03:24 PM,252 Event OK
4/08/2020 4:03:24 PM,EVENT 47541 1596548153 0/0/0/0/7 INPUT 3 1 0 v:124
4/08/2020 4:03:24 PM,252 Event OK
4/08/2020 4:03:24 PM,EVENT 47542 1596548158 0/0/0/0/9 INPUT 3 0 6 v:124
4/08/2020 4:03:24 PM,252 Event OK
4/08/2020 4:03:24 PM,EVENT 47543 1596548162 0/0/0/0/2 INPUT 4 0 14 v:124
4/08/2020 4:03:24 PM,252 Event OK
4/08/2020 4:03:25 PM,EVENT 47544 1596548162 0/0/0/0/1 INPUT 4 1 0 v:124
4/08/2020 4:03:25 PM,252 Event OK
4/08/2020 4:03:25 PM,EVENT 47545 1596548196 0/0/0/0/0 INPUT 4 0 34 v:124
4/08/2020 4:03:25 PM,252 Event OK
4/08/2020 4:03:25 PM,EVENT 47546 1596548197 0/0/0/0/0 INPUT 4 1 0 v:124
4/08/2020 4:03:25 PM,252 Event OK
4/08/2020 4:03:25 PM,EVENT 47547 1596548222 0/0/0/0/0 INPUT 4 0 26 v:124
4/08/2020 4:03:25 PM,252 Event OK
4/08/2020 4:03:25 PM,EVENT 47548 1596548222 0/0/0/0/0 INPUT 4 1 0 v:124
4/08/2020 4:03:25 PM,252 Event OK
4/08/2020 4:03:26 PM,EVENT 47549 1596548234 0/0/0/0/8 INPUT 3 1 0 v:124
4/08/2020 4:03:26 PM,252 Event OK
4/08/2020 4:03:26 PM,EVENT 47550 1596548235 0/0/0/0/8 INPUT 3 0 1 v:124
4/08/2020 4:03:26 PM,252 Event OK
4/08/2020 4:03:26 PM,EVENT 47551 1596548243 0/0/0/0/6 INPUT 3 1 0 v:124
4/08/2020 4:03:26 PM,252 Event OK
4/08/2020 4:03:26 PM,EVENT 47552 1596548275 0/0/0/0/10 INPUT 3 0 32 v:124
4/08/2020 4:03:26 PM,252 Event OK
4/08/2020 4:03:27 PM,EVENT 47553 1596548277 0/0/0/0/4 INPUT 7 1 0 v:124
4/08/2020 4:03:27 PM,252 Event OK
4/08/2020 4:03:27 PM,EVENT 47554 1596548277 0/0/0/0/4 INPUT 8 0 568 v:124
4/08/2020 4:03:27 PM,252 Event OK
4/08/2020 4:03:27 PM,EVENT 47555 1596548277 0/0/0/0/2 INPUT 4 0 55 v:124
4/08/2020 4:03:27 PM,252 Event OK
4/08/2020 4:03:27 PM,EVENT 47556 1596548277 0/0/0/0/1 INPUT 4 1 0 v:124
4/08/2020 4:03:27 PM,252 Event OK
4/08/2020 4:03:27 PM,EVENT 47557 1596548278 0/0/0/0/1 INPUT 1 1 0 v:124
4/08/2020 4:03:27 PM,252 Event OK
4/08/2020 4:03:28 PM,EVENT 47558 1596548279 0/0/0/0/0 INPUT 4 0 1 v:124
4/08/2020 4:03:28 PM,252 Event OK
4/08/2020 4:03:28 PM,EVENT 47559 1596548281 0/0/0/0/0 TRIP 47512 264 289 10 7 563 v:124
4/08/2020 4:03:28 PM,252 Event OK
4/08/2020 4:03:28 PM,EVENT 47560 1596548320 0/0/0/0/0 REPORT * 0 0 v:124
4/08/2020 4:03:28 PM,252 Event OK
4/08/2020 4:03:28 PM,EVENT 47561 1596549258 0/0/0/0/0 INPUT 8 1 0 v:124
4/08/2020 4:03:28 PM,252 Event OK
4/08/2020 4:03:29 PM,EVENT 47562 1596549258 0/0/0/0/0 INPUT 7 0 981 v:124
4/08/2020 4:03:29 PM,252 Event OK
4/08/2020 4:03:29 PM,EVENT 47563 1596549266 0/0/0/0/0 SIGNON 2463 01b1def3 OK 26 271086 0 v:124
4/08/2020 4:03:29 PM,252 Event OK
4/08/2020 4:03:29 PM,EVENT 47564 1596549272 0/0/0/0/0 INPUT 4 1 0 v:124
4/08/2020 4:03:29 PM,252 Event OK
4/08/2020 4:03:29 PM,EVENT 47565 1596549273 0/0/0/0/0 INPUT 1 0 995 v:124
4/08/2020 4:03:29 PM,252 Event OK
4/08/2020 4:03:30 PM,EVENT 47566 1596549290 0/0/0/0/1 INPUT 4 0 19 v:124
4/08/2020 4:03:30 PM,252 Event OK
4/08/2020 4:03:30 PM,EVENT 47567 1596549290 0/0/0/0/1 INPUT 4 1 0 v:124
4/08/2020 4:03:30 PM,252 Event OK
4/08/2020 4:03:30 PM,EVENT 47568 1596549293 0/0/0/0/8 INPUT 3 1 0 v:124
4/08/2020 4:03:30 PM,252 Event OK
4/08/2020 4:03:30 PM,EVENT 47569 1596549317 0/0/0/0/12 INPUT 3 0 23 v:124
4/08/2020 4:03:30 PM,252 Event OK
4/08/2020 4:03:30 PM,EVENT 47570 1596549327 0/0/0/0/0 INPUT 4 0 37 v:124
4/08/2020 4:03:30 PM,252 Event OK
4/08/2020 4:03:31 PM,EVENT 47571 1596549327 0/0/0/0/0 INPUT 4 1 0 v:124
4/08/2020 4:03:31 PM,252 Event OK
4/08/2020 4:03:31 PM,EVENT 47572 1596549363 0/0/0/0/4 INPUT 3 1 0 v:124
4/08/2020 4:03:31 PM,252 Event OK
4/08/2020 4:03:31 PM,EVENT 47573 1596549393 0/0/0/0/11 INPUT 3 0 31 v:124
4/08/2020 4:03:31 PM,252 Event OK
4/08/2020 4:03:32 PM,EVENT 47574 1596549411 0/0/0/0/0 INPUT 4 0 84 v:124
4/08/2020 4:03:32 PM,252 Event OK
4/08/2020 4:03:32 PM,EVENT 47575 1596549411 0/0/0/0/0 INPUT 4 1 0 v:124
4/08/2020 4:03:32 PM,252 Event OK
4/08/2020 4:03:32 PM,EVENT 47576 1596549446 0/0/0/0/0 INPUT 4 0 35 v:124
4/08/2020 4:03:32 PM,252 Event OK
4/08/2020 4:03:32 PM,EVENT 47577 1596549447 0/0/0/0/0 INPUT 4 1 0 v:124
4/08/2020 4:03:32 PM,252 Event OK
4/08/2020 4:03:33 PM,EVENT 47578 1596549449 0/0/0/99/0 INPUT 4 0 3 v:124
4/08/2020 4:03:33 PM,252 Event OK
4/08/2020 4:03:33 PM,EVENT 47579 1596549449 0/0/0/99/0 INPUT 4 1 0 v:124
4/08/2020 4:03:33 PM,252 Event OK
4/08/2020 4:03:33 PM,EVENT 47580 1596549453 0/0/0/99/0 INPUT 4 0 4 v:124
4/08/2020 4:03:33 PM,252 Event OK
4/08/2020 4:03:33 PM,EVENT 47581 1596549453 0/0/0/99/0 INPUT 4 1 0 v:124
4/08/2020 4:03:33 PM,252 Event OK
4/08/2020 4:03:34 PM,EVENT 47582 1596549455 0/0/0/99/5 INPUT 3 1 0 v:124
4/08/2020 4:03:34 PM,252 Event OK
4/08/2020 4:03:34 PM,EVENT 47583 1596549462 0/0/0/99/9 INPUT 3 0 8 v:124
4/08/2020 4:03:34 PM,252 Event OK
4/08/2020 4:03:34 PM,EVENT 47584 1596549466 0/0/0/99/8 INPUT 3 1 0 v:124
4/08/2020 4:03:34 PM,252 Event OK
4/08/2020 4:03:34 PM,EVENT 47585 1596549468 0/0/0/99/9 INPUT 3 0 2 v:124
4/08/2020 4:03:34 PM,252 Event OK
4/08/2020 4:03:34 PM,EVENT 47586 1596549475 0/0/0/0/5 INPUT 3 1 0 v:124
4/08/2020 4:03:34 PM,252 Event OK
4/08/2020 4:03:35 PM,EVENT 47587 1596549495 0/0/0/0/9 INPUT 3 0 19 v:124
4/08/2020 4:03:35 PM,252 Event OK
4/08/2020 4:03:35 PM,EVENT 47588 1596549528 0/0/0/0/0 INPUT 1 1 0 v:124
4/08/2020 4:03:35 PM,252 Event OK
4/08/2020 4:03:35 PM,EVENT 47589 1596549528 0/0/0/0/0 INPUT 4 0 74 v:124
4/08/2020 4:03:35 PM,252 Event OK
4/08/2020 4:03:35 PM,EVENT 47590 1596549529 0/0/0/0/0 INPUT 4 1 0 v:124
4/08/2020 4:03:35 PM,252 Event OK
4/08/2020 4:03:36 PM,EVENT 47591 1596549535 0/0/0/0/0 INPUT 1 0 7 v:124
4/08/2020 4:03:36 PM,252 Event OK
4/08/2020 4:03:36 PM,EVENT 47592 1596549536 0/0/0/0/0 OILPRESSURE 47563 3 v:124
4/08/2020 4:03:36 PM,252 Event OK
4/08/2020 4:03:36 PM,EVENT 47593 1596549558 0/0/0/0/7 INPUT 3 1 0 v:124
4/08/2020 4:03:36 PM,252 Event OK
4/08/2020 4:03:36 PM,EVENT 47594 1596549564 0/0/0/0/11 INPUT 3 0 6 v:124
4/08/2020 4:03:36 PM,252 Event OK
4/08/2020 4:03:36 PM,EVENT 47595 1596549567 0/0/0/0/7 INPUT 3 1 0 v:124
4/08/2020 4:03:36 PM,252 Event OK
4/08/2020 4:03:37 PM,EVENT 47596 1596549573 0/0/0/0/9 INPUT 3 0 6 v:124
4/08/2020 4:03:37 PM,252 Event OK
4/08/2020 4:03:37 PM,EVENT 47597 1596549576 0/0/0/0/8 INPUT 3 1 0 v:124
4/08/2020 4:03:37 PM,252 Event OK
4/08/2020 4:03:37 PM,EVENT 47598 1596549579 0/0/0/0/9 INPUT 3 0 3 v:124
4/08/2020 4:03:37 PM,252 Event OK
4/08/2020 4:03:37 PM,EVENT 47599 1596549580 0/0/0/0/8 INPUT 3 1 0 v:124
4/08/2020 4:03:37 PM,252 Event OK
4/08/2020 4:03:37 PM,EVENT 47600 1596549591 0/0/0/0/9 INPUT 3 0 11 v:124
4/08/2020 4:03:37 PM,252 Event OK
4/08/2020 4:03:38 PM,EVENT 47601 1596549591 0/0/0/0/8 INPUT 3 1 0 v:124
4/08/2020 4:03:38 PM,252 Event OK
4/08/2020 4:03:38 PM,EVENT 47602 1596549608 0/0/0/0/9 INPUT 3 0 17 v:124
4/08/2020 4:03:38 PM,252 Event OK
4/08/2020 4:03:38 PM,EVENT 47603 1596549612 0/0/0/0/8 INPUT 3 1 0 v:124
4/08/2020 4:03:38 PM,252 Event OK
4/08/2020 4:03:38 PM,EVENT 47604 1596549616 0/0/0/0/10 INPUT 3 0 4 v:124
4/08/2020 4:03:38 PM,252 Event OK
4/08/2020 4:03:38 PM,EVENT 47605 1596549617 0/0/0/0/6 INPUT 4 0 89 v:124
4/08/2020 4:03:38 PM,252 Event OK
4/08/2020 4:03:39 PM,EVENT 47606 1596549617 0/0/0/0/5 INPUT 4 1 0 v:124
4/08/2020 4:03:39 PM,252 Event OK
4/08/2020 4:03:39 PM,EVENT 47607 1596549635 0/0/0/0/3 INPUT 7 1 0 v:124
4/08/2020 4:03:39 PM,252 Event OK
4/08/2020 4:03:39 PM,EVENT 47608 1596549635 0/0/0/0/3 INPUT 8 0 377 v:124
4/08/2020 4:03:39 PM,252 Event OK
4/08/2020 4:03:39 PM,EVENT 47609 1596549636 0/0/0/0/3 INPUT 1 1 0 v:124
4/08/2020 4:03:39 PM,252 Event OK
4/08/2020 4:03:40 PM,EVENT 47610 1596549636 0/0/0/0/3 INPUT 4 0 19 v:124
4/08/2020 4:03:40 PM,252 Event OK
4/08/2020 4:03:40 PM,EVENT 47611 1596549638 0/0/0/0/0 INPUT 4 1 0 v:124
4/08/2020 4:03:40 PM,252 Event OK
4/08/2020 4:03:40 PM,EVENT 47612 1596549639 0/0/0/0/0 TRIP 47563 130 236 8 6 374 v:124
4/08/2020 4:03:40 PM,252 Event OK
4/08/2020 4:03:40 PM,EVENT 47613 1596549639 0/0/0/0/0 TRIPSUMMARY 47563 v:124
4/08/2020 4:03:40 PM,252 Event OK
4/08/2020 4:03:40 PM,EVENT 47614 1596549640 0/0/0/0/0 INPUT 4 0 2 v:124
4/08/2020 4:03:40 PM,252 Event OK
4/08/2020 4:03:41 PM,EVENT 47615 1596549678 0/0/0/0/0 INPUT 8 1 0 v:124
4/08/2020 4:03:41 PM,252 Event OK
4/08/2020 4:03:41 PM,EVENT 47616 1596549679 0/0/0/0/0 INPUT 7 0 44 v:124
4/08/2020 4:03:41 PM,252 Event OK
4/08/2020 4:03:41 PM,EVENT 47617 1596549687 0/0/0/0/0 SIGNON 2463 01b1def3 OK 26 271086 0 v:124
4/08/2020 4:03:41 PM,252 Event OK
4/08/2020 4:03:41 PM,EVENT 47618 1596549693 0/0/0/0/0 INPUT 1 0 58 v:124
4/08/2020 4:03:41 PM,252 Event OK
4/08/2020 4:03:41 PM,EVENT 47619 1596549694 0/0/0/0/0 INPUT 4 1 0 v:124
4/08/2020 4:03:41 PM,252 Event OK
4/08/2020 4:03:42 PM,EVENT 47620 1596549696 0/0/0/0/3 INPUT 3 1 0 v:124
4/08/2020 4:03:42 PM,252 Event OK
4/08/2020 4:03:42 PM,EVENT 47621 1596549699 0/0/0/0/9 INPUT 3 0 3 v:124
4/08/2020 4:03:42 PM,252 Event OK
4/08/2020 4:03:42 PM,EVENT 47622 1596549703 0/0/0/0/5 INPUT 3 1 0 v:124
4/08/2020 4:03:42 PM,252 Event OK
4/08/2020 4:03:42 PM,EVENT 47623 1596549736 0/0/0/0/10 INPUT 3 0 32 v:124
4/08/2020 4:03:42 PM,252 Event OK
4/08/2020 4:03:42 PM,EVENT 47624 1596549739 0/0/0/0/5 INPUT 4 0 46 v:124
4/08/2020 4:03:42 PM,252 Event OK
4/08/2020 4:03:43 PM,EVENT 47625 1596549739 0/0/0/0/4 INPUT 4 1 0 v:124
4/08/2020 4:03:43 PM,252 Event OK
4/08/2020 4:03:43 PM,EVENT 47626 1596549766 0/0/0/0/3 INPUT 7 1 0 v:124
4/08/2020 4:03:43 PM,252 Event OK
4/08/2020 4:03:43 PM,EVENT 47627 1596549766 0/0/0/0/3 INPUT 8 0 89 v:124
4/08/2020 4:03:43 PM,252 Event OK
4/08/2020 4:03:43 PM,EVENT 47628 1596549767 0/0/0/0/2 INPUT 1 1 0 v:124
4/08/2020 4:03:43 PM,252 Event OK
4/08/2020 4:03:43 PM,EVENT 47629 1596549767 0/0/0/0/1 INPUT 4 0 27 v:124
4/08/2020 4:03:43 PM,252 Event OK
4/08/2020 4:03:44 PM,EVENT 47630 1596549771 0/0/0/0/0 TRIP 47617 35 38 12 7 85 v:124
4/08/2020 4:03:44 PM,252 Event OK
4/08/2020 4:03:44 PM,EVENT 47631 1596549877 0/0/0/0/0 INPUT 8 1 0 v:124
4/08/2020 4:03:44 PM,252 Event OK
4/08/2020 4:03:44 PM,EVENT 47632 1596549877 0/0/0/0/0 INPUT 7 0 110 v:124
4/08/2020 4:03:44 PM,252 Event OK
4/08/2020 4:03:45 PM,EVENT 47633 1596549884 0/0/0/0/0 SIGNON 2463 01b1def3 OK 26 271086 0 v:124
4/08/2020 4:03:45 PM,252 Event OK
4/08/2020 4:03:45 PM,EVENT 47634 1596549890 0/0/0/0/0 INPUT 1 0 124 v:124
4/08/2020 4:03:45 PM,252 Event OK
4/08/2020 4:03:45 PM,EVENT 47635 1596549891 0/0/0/0/0 INPUT 4 1 0 v:124
4/08/2020 4:03:45 PM,252 Event OK
4/08/2020 4:03:45 PM,EVENT 47636 1596549896 0/0/0/0/5 INPUT 3 1 0 v:124
4/08/2020 4:03:45 PM,252 Event OK
4/08/2020 4:03:45 PM,EVENT 47637 1596549905 0/0/0/0/10 INPUT 3 0 9 v:124
4/08/2020 4:03:45 PM,252 Event OK
4/08/2020 4:03:46 PM,EVENT 47638 1596549915 0/0/0/0/2 INPUT 3 1 0 v:124
4/08/2020 4:03:46 PM,252 Event OK
4/08/2020 4:03:46 PM,EVENT 47639 1596549944 0/0/0/0/10 INPUT 3 0 28 v:124
4/08/2020 4:03:46 PM,252 Event OK
4/08/2020 4:03:46 PM,EVENT 47640 1596549949 0/0/0/0/5 INPUT 4 0 59 v:124
4/08/2020 4:03:46 PM,252 Event OK
4/08/2020 4:03:46 PM,EVENT 47641 1596549949 0/0/0/0/4 INPUT 4 1 0 v:124
4/08/2020 4:03:46 PM,252 Event OK
4/08/2020 4:03:46 PM,EVENT 47642 1596549970 0/0/0/0/0 INPUT 4 0 21 v:124
4/08/2020 4:03:46 PM,252 Event OK
4/08/2020 4:03:47 PM,EVENT 47643 1596549970 0/0/0/0/0 INPUT 4 1 0 v:124
4/08/2020 4:03:47 PM,252 Event OK
4/08/2020 4:03:47 PM,EVENT 47644 1596550003 0/0/0/0/0 INPUT 4 0 33 v:124
4/08/2020 4:03:47 PM,252 Event OK
4/08/2020 4:03:47 PM,EVENT 47645 1596550003 0/0/0/0/0 INPUT 4 1 0 v:124
4/08/2020 4:03:47 PM,252 Event OK
4/08/2020 4:03:47 PM,EVENT 47646 1596550090 0/0/0/0/0 INPUT 4 0 87 v:124
4/08/2020 4:03:47 PM,252 Event OK
4/08/2020 4:03:48 PM,EVENT 47647 1596550090 0/0/0/0/0 INPUT 4 1 0 v:124
4/08/2020 4:03:48 PM,252 Event OK
4/08/2020 4:03:48 PM,EVENT 47648 1596550123 0/0/0/0/0 INPUT 4 0 33 v:124
4/08/2020 4:03:48 PM,252 Event OK
4/08/2020 4:03:48 PM,EVENT 47649 1596550123 0/0/0/0/0 INPUT 4 1 0 v:124
4/08/2020 4:03:48 PM,252 Event OK
4/08/2020 4:03:48 PM,EVENT 47650 1596550150 0/0/0/99/0 REPORT 47633 0 0 v:124
4/08/2020 4:03:48 PM,252 Event OK
4/08/2020 4:03:48 PM,EVENT 47651 1596550189 0/0/0/0/0 INPUT 4 0 66 v:124
4/08/2020 4:03:48 PM,252 Event OK
4/08/2020 4:03:49 PM,EVENT 47652 1596550189 0/0/0/0/0 INPUT 4 1 0 v:124
4/08/2020 4:03:49 PM,252 Event OK
4/08/2020 4:03:49 PM,EVENT 47653 1596550222 0/0/0/0/0 INPUT 4 0 33 v:124
4/08/2020 4:03:49 PM,252 Event OK
4/08/2020 4:03:49 PM,EVENT 47654 1596550222 0/0/0/0/0 INPUT 4 1 0 v:124
4/08/2020 4:03:49 PM,252 Event OK
4/08/2020 4:03:49 PM,EVENT 47655 1596550288 0/0/0/0/0 INPUT 4 0 66 v:124
4/08/2020 4:03:49 PM,252 Event OK
4/08/2020 4:03:49 PM,EVENT 47656 1596550288 0/0/0/0/0 INPUT 4 1 0 v:124
4/08/2020 4:03:49 PM,252 Event OK
4/08/2020 4:03:50 PM,EVENT 47657 1596550321 0/0/0/0/0 INPUT 4 0 33 v:124
4/08/2020 4:03:50 PM,252 Event OK
4/08/2020 4:03:50 PM,EVENT 47658 1596550321 0/0/0/0/0 INPUT 4 1 0 v:124
4/08/2020 4:03:50 PM,252 Event OK
4/08/2020 4:03:50 PM,EVENT 47659 1596550354 0/0/0/0/0 INPUT 4 0 33 v:124
4/08/2020 4:03:50 PM,252 Event OK
4/08/2020 4:03:50 PM,EVENT 47660 1596550354 0/0/0/0/0 INPUT 4 1 0 v:124
4/08/2020 4:03:50 PM,252 Event OK
4/08/2020 4:03:50 PM,EVENT 47661 1596550618 0/0/0/0/0 INPUT 4 0 264 v:124
4/08/2020 4:03:50 PM,252 Event OK
4/08/2020 4:03:51 PM,EVENT 47662 1596550618 0/0/0/0/0 INPUT 4 1 0 v:124
4/08/2020 4:03:51 PM,252 Event OK
4/08/2020 4:03:51 PM,EVENT 47663 1596550651 0/0/0/0/0 INPUT 4 0 33 v:124
4/08/2020 4:03:51 PM,252 Event OK
4/08/2020 4:03:51 PM,EVENT 47664 1596550651 0/0/0/0/0 INPUT 4 1 0 v:124
4/08/2020 4:03:51 PM,252 Event OK
4/08/2020 4:03:51 PM,EVENT 47665 1596550717 0/0/0/0/0 INPUT 4 0 66 v:124
4/08/2020 4:03:51 PM,252 Event OK
4/08/2020 4:03:51 PM,EVENT 47666 1596550717 0/0/0/0/0 INPUT 4 1 0 v:124
4/08/2020 4:03:51 PM,252 Event OK
4/08/2020 4:03:52 PM,EVENT 47667 1596550771 0/0/0/0/0 INPUT 4 0 54 v:124
4/08/2020 4:03:52 PM,252 Event OK
4/08/2020 4:03:52 PM,EVENT 47668 1596550771 0/0/0/0/0 INPUT 4 1 0 v:124
4/08/2020 4:03:52 PM,252 Event OK
4/08/2020 4:03:52 PM,EVENT 47669 1596550816 0/0/0/0/0 INPUT 4 0 45 v:124
4/08/2020 4:03:52 PM,252 Event OK
4/08/2020 4:03:52 PM,EVENT 47670 1596550816 0/0/0/0/0 INPUT 4 1 0 v:124
4/08/2020 4:03:52 PM,252 Event OK
4/08/2020 4:03:53 PM,EVENT 47671 1596551053 0/0/0/0/0 INPUT 4 0 237 v:124
4/08/2020 4:03:53 PM,252 Event OK
4/08/2020 4:03:53 PM,EVENT 47672 1596551053 0/0/0/0/0 INPUT 4 1 0 v:124
4/08/2020 4:03:53 PM,252 Event OK
4/08/2020 4:03:53 PM,EVENT 47673 1596551087 0/0/0/0/5 INPUT 3 1 0 v:124
4/08/2020 4:03:53 PM,252 Event OK
4/08/2020 4:03:53 PM,EVENT 47674 1596551088 0/0/0/0/9 INPUT 3 0 2 v:124
4/08/2020 4:03:53 PM,252 Event OK
4/08/2020 4:03:53 PM,EVENT 47675 1596551105 0/0/0/0/0 INPUT 7 1 0 v:124
4/08/2020 4:03:53 PM,252 Event OK
4/08/2020 4:03:54 PM,EVENT 47676 1596551105 0/0/0/0/0 INPUT 8 0 1228 v:124
4/08/2020 4:03:54 PM,252 Event OK
4/08/2020 4:03:54 PM,EVENT 47677 1596551105 0/0/0/0/0 INPUT 1 1 0 v:124
4/08/2020 4:03:54 PM,252 Event OK
4/08/2020 4:03:54 PM,EVENT 47678 1596551107 0/0/0/0/0 INPUT 4 0 54 v:124
4/08/2020 4:03:54 PM,252 Event OK
4/08/2020 4:03:54 PM,EVENT 47679 1596551109 0/0/0/0/0 TRIP 47633 39 1178 8 6 1225 v:124
4/08/2020 4:03:54 PM,252 Event OK
4/08/2020 4:03:54 PM,EVENT 47680 1596551695 0/0/0/0/0 INPUT 8 1 0 v:124
4/08/2020 4:03:54 PM,252 Event OK
4/08/2020 4:03:55 PM,EVENT 47681 1596551696 0/0/0/0/0 INPUT 7 0 591 v:124
4/08/2020 4:03:55 PM,252 Event OK
4/08/2020 4:03:55 PM,EVENT 47682 1596551705 0/0/0/0/0 SIGNON 2463 01b1def3 OK 26 271086 0 v:124
4/08/2020 4:03:55 PM,252 Event OK
4/08/2020 4:03:55 PM,EVENT 47683 1596551713 0/0/0/0/0 INPUT 1 0 608 v:124
4/08/2020 4:03:55 PM,252 Event OK
4/08/2020 4:03:55 PM,EVENT 47684 1596551713 0/0/0/0/0 INPUT 4 1 0 v:124
4/08/2020 4:03:55 PM,252 Event OK
4/08/2020 4:03:56 PM,EVENT 47685 1596551874 0/0/0/0/0 INPUT 4 0 161 v:124
4/08/2020 4:03:56 PM,252 Event OK
4/08/2020 4:03:56 PM,EVENT 47686 1596551874 0/0/0/0/0 INPUT 4 1 0 v:124
4/08/2020 4:03:56 PM,252 Event OK
4/08/2020 4:03:56 PM,EVENT 47687 1596551890 0/0/0/0/2 INPUT 4 0 16 v:124
4/08/2020 4:03:56 PM,252 Event OK
4/08/2020 4:03:56 PM,EVENT 47688 1596551891 0/0/0/0/2 INPUT 4 1 0 v:124
4/08/2020 4:03:56 PM,252 Event OK
4/08/2020 4:03:57 PM,EVENT 47689 1596551973 0/0/0/0/0 INPUT 4 0 83 v:124
4/08/2020 4:03:57 PM,252 Event OK
4/08/2020 4:03:57 PM,EVENT 47690 1596551974 0/0/0/0/3 INPUT 4 1 0 v:124
4/08/2020 4:03:57 PM,252 Event OK
4/08/2020 4:03:57 PM,EVENT 47691 1596551977 0/0/0/0/3 INPUT 4 0 4 v:124
4/08/2020 4:03:57 PM,252 Event OK
4/08/2020 4:03:57 PM,EVENT 47692 1596551977 0/0/0/0/3 INPUT 4 1 0 v:124
4/08/2020 4:03:57 PM,252 Event OK
4/08/2020 4:03:57 PM,EVENT 47693 1596551980 0/0/0/0/3 REPORT 47682 0 0 v:124
4/08/2020 4:03:57 PM,252 Event OK
4/08/2020 4:03:58 PM,EVENT 47694 1596551984 0/0/0/0/0 INPUT 7 1 0 v:124
4/08/2020 4:03:58 PM,252 Event OK
4/08/2020 4:03:58 PM,EVENT 47695 1596551984 0/0/0/0/0 INPUT 8 0 289 v:124
4/08/2020 4:03:58 PM,252 Event OK
4/08/2020 4:03:58 PM,EVENT 47696 1596551985 0/0/0/0/0 INPUT 1 1 0 v:124
4/08/2020 4:03:58 PM,252 Event OK
4/08/2020 4:03:58 PM,EVENT 47697 1596551986 0/0/0/0/0 INPUT 4 0 8 v:124
4/08/2020 4:03:58 PM,252 Event OK
4/08/2020 4:03:58 PM,EVENT 47698 1596551989 0/0/0/0/0 TRIP 47682 0 272 12 8 284 v:124
4/08/2020 4:03:58 PM,252 Event OK
4/08/2020 4:03:59 PM,EVENT 47699 1596556312 0/0/0/0/0 SWSTART OpusFC 5.0.58.517 R v:124
4/08/2020 4:03:59 PM,252 Event OK
4/08/2020 4:03:59 PM,EVENT 47700 1596551989 0/0/0/0/0 POWERDOWN v:124
4/08/2020 4:03:59 PM,252 Event OK
4/08/2020 4:03:59 PM,EVENT 47701 1596556312 0/0/0/0/0 INPUT 1 1 0 v:124
4/08/2020 4:03:59 PM,252 Event OK
4/08/2020 4:04:00 PM,EVENT 47702 1596556312 0/0/0/0/0 INPUT 2 0 0 v:124
4/08/2020 4:04:00 PM,252 Event OK
4/08/2020 4:04:00 PM,EVENT 47703 1596556312 0/0/0/0/0 INPUT 3 0 0 v:124
4/08/2020 4:04:00 PM,252 Event OK
4/08/2020 4:04:00 PM,EVENT 47704 1596556312 0/0/0/0/0 INPUT 4 0 0 v:124
4/08/2020 4:04:00 PM,252 Event OK
4/08/2020 4:04:00 PM,EVENT 47705 1596556312 0/0/0/0/0 INPUT 7 0 0 v:124
4/08/2020 4:04:00 PM,252 Event OK
4/08/2020 4:04:01 PM,EVENT 47706 1596556312 0/0/0/0/0 INPUT 8 1 0 v:124
4/08/2020 4:04:01 PM,252 Event OK
4/08/2020 4:04:01 PM,EVENT 47707 1596556314 0/0/0/0/0 ZONE_OK 2 100 FW=NO VERSION v:124
4/08/2020 4:04:01 PM,252 Event OK
4/08/2020 4:04:01 PM,EVENT 47708 1596556322 0/0/0/0/0 SIGNON 2520 03dbed13 OK 26 120976 0 v:124
4/08/2020 4:04:01 PM,252 Event OK
4/08/2020 4:04:02 PM,EVENT 47709 1596556328 0/0/0/99/0 INPUT 4 1 0 v:124
4/08/2020 4:04:02 PM,252 Event OK
4/08/2020 4:04:02 PM,EVENT 47710 1596556329 0/0/0/99/0 INPUT 1 0 16 v:124
4/08/2020 4:04:02 PM,252 Event OK
4/08/2020 4:04:02 PM,EVENT 47711 1596556334 0/0/0/99/0 INPUT 4 0 6 v:124
4/08/2020 4:04:02 PM,252 Event OK
4/08/2020 4:04:02 PM,EVENT 47712 1596556334 0/0/0/99/0 INPUT 4 1 0 v:124
4/08/2020 4:04:02 PM,252 Event OK
4/08/2020 4:04:02 PM,EVENT 47713 1596556339 0/0/0/0/0 INPUT 4 0 5 v:124
4/08/2020 4:04:02 PM,252 Event OK
4/08/2020 4:04:03 PM,EVENT 47714 1596556340 0/0/0/0/0 INPUT 4 1 0 v:124
4/08/2020 4:04:03 PM,252 Event OK
4/08/2020 4:04:03 PM,EVENT 47715 1596556344 0/0/0/0/3 INPUT 4 0 5 v:124
4/08/2020 4:04:03 PM,252 Event OK
4/08/2020 4:04:03 PM,EVENT 47716 1596556345 0/0/0/0/2 INPUT 4 1 0 v:124
4/08/2020 4:04:03 PM,252 Event OK
4/08/2020 4:04:03 PM,EVENT 47717 1596556348 0/0/0/0/1 INPUT 4 0 4 v:124
4/08/2020 4:04:03 PM,252 Event OK
4/08/2020 4:04:04 PM,EVENT 47718 1596556348 0/0/0/0/1 INPUT 4 1 0 v:124
4/08/2020 4:04:04 PM,252 Event OK
4/08/2020 4:04:04 PM,EVENT 47719 1596556349 0/0/0/0/2 INPUT 3 1 0 v:124
4/08/2020 4:04:04 PM,252 Event OK
4/08/2020 4:04:04 PM,EVENT 47720 1596556422 0/0/0/0/15 INPUT 3 0 73 v:124
4/08/2020 4:04:04 PM,252 Event OK
4/08/2020 4:04:04 PM,EVENT 47721 1596556450 0/0/0/0/2 INPUT 3 1 0 v:124
4/08/2020 4:04:04 PM,252 Event OK
4/08/2020 4:04:05 PM,EVENT 47722 1596556523 0/0/0/0/10 INPUT 3 0 73 v:124
4/08/2020 4:04:05 PM,252 Event OK
4/08/2020 4:04:05 PM,EVENT 47723 1596556526 0/0/0/0/0 INPUT 4 0 178 v:124
4/08/2020 4:04:05 PM,252 Event OK
4/08/2020 4:04:05 PM,EVENT 47724 1596556527 0/0/0/0/0 INPUT 4 1 0 v:124
4/08/2020 4:04:05 PM,252 Event OK
4/08/2020 4:04:05 PM,EVENT 47725 1596556528 0/0/0/0/5 INPUT 3 1 0 v:124
4/08/2020 4:04:05 PM,252 Event OK
4/08/2020 4:04:06 PM,EVENT 47726 1596556772 0/0/0/0/24 IMPACT 47708 8 0 0 0 8 0 - v:124
4/08/2020 4:04:06 PM,252 Event OK
4/08/2020 4:04:06 PM,EVENT 47727 1596556958 -310130617/1219243159/1992/3/29 ZONEOVERSPEED 47708 10 34 1 v:124
4/08/2020 4:04:06 PM,252 Event OK
4/08/2020 4:04:06 PM,EVENT 47728 1596556972 -310139640/1219245183/1131/0/20 ZONEOVERSPEED 47708 7 30 1 v:123
4/08/2020 4:04:06 PM,252 Event OK
4/08/2020 4:04:06 PM,EVENT 47729 1596557000 -310146850/1219234455/838/0/11 INPUT 3 0 471 v:124
4/08/2020 4:04:06 PM,252 Event OK
4/08/2020 4:04:07 PM,EVENT 47730 1596557001 -310146884/1219234198/831/0/7 INPUT 4 0 475 v:124
4/08/2020 4:04:07 PM,252 Event OK
4/08/2020 4:04:07 PM,EVENT 47731 1596557001 -310146884/1219234198/831/0/7 INPUT 7 1 0 v:124
4/08/2020 4:04:07 PM,252 Event OK
4/08/2020 4:04:07 PM,EVENT 47732 1596557001 -310146884/1219234198/831/0/7 INPUT 8 0 689 v:124
4/08/2020 4:04:07 PM,252 Event OK
4/08/2020 4:04:07 PM,EVENT 47733 1596557001 -310146884/1219234198/831/0/5 INPUT 4 1 0 v:124
4/08/2020 4:04:07 PM,252 Event OK
4/08/2020 4:04:07 PM,EVENT 47734 1596557002 -310146892/1219234171/833/0/2 INPUT 1 1 0 v:124
4/08/2020 4:04:07 PM,252 Event OK
4/08/2020 4:04:08 PM,EVENT 47735 1596557003 -310146890/1219234171/837/3/0 INPUT 4 0 2 v:124
4/08/2020 4:04:08 PM,252 Event OK
4/08/2020 4:04:08 PM,EVENT 47736 1596557006 -310146881/1219234173/861/3/0 TRIP 47708 617 58 9 6 684 v:124
4/08/2020 4:04:08 PM,252 Event OK
4/08/2020 4:04:08 PM,EVENT 47737 1596557006 -310146881/1219234173/861/3/0 TRIPSUMMARY 47708 v:124
4/08/2020 4:04:08 PM,252 Event OK
4/08/2020 4:04:09 PM,EVENT 47738 1596557046 -310147078/1219234310/816/9/0 REPORT * 0 6 v:124
4/08/2020 4:04:09 PM,252 Event OK
4/08/2020 4:04:09 PM,QUIT
4/08/2020 4:04:09 PM,221 Session ended - goodbye
4/08/2020 4:49:55 PM,UNIT 9279
4/08/2020 4:49:55 PM,333 CHAL 793A7C21
4/08/2020 4:49:55 PM,RESP 43747C10
4/08/2020 4:49:55 PM,230 Auth OK
4/08/2020 4:49:56 PM,TIME
4/08/2020 4:49:56 PM,211 TIME 1596559796
4/08/2020 4:49:56 PM,EVCOUNT 12
4/08/2020 4:49:56 PM,252 Event OK
4/08/2020 4:49:56 PM,TODO
4/08/2020 4:49:56 PM,226 Nothing to do
4/08/2020 4:49:56 PM,EVENT 47739 1596559770 0/0/0/0/0 SWSTART OpusFC 5.0.58.517 R v:123
4/08/2020 4:49:56 PM,252 Event OK
4/08/2020 4:49:57 PM,EVENT 47740 1596557006 0/0/0/0/0 POWERDOWN v:124
4/08/2020 4:49:57 PM,252 Event OK
4/08/2020 4:49:57 PM,EVENT 47741 1596559770 0/0/0/0/0 INPUT 1 1 0 v:123
4/08/2020 4:49:57 PM,252 Event OK
4/08/2020 4:49:57 PM,EVENT 47742 1596559770 0/0/0/0/0 INPUT 2 0 0 v:123
4/08/2020 4:49:57 PM,252 Event OK
4/08/2020 4:49:58 PM,EVENT 47743 1596559770 0/0/0/0/0 INPUT 3 0 0 v:124
4/08/2020 4:49:58 PM,252 Event OK
4/08/2020 4:49:58 PM,EVENT 47744 1596559770 0/0/0/0/0 INPUT 4 0 0 v:123
4/08/2020 4:49:58 PM,252 Event OK
4/08/2020 4:49:58 PM,EVENT 47745 1596559770 0/0/0/0/0 INPUT 7 0 0 v:123
4/08/2020 4:49:58 PM,252 Event OK
4/08/2020 4:49:58 PM,EVENT 47746 1596559770 0/0/0/0/0 INPUT 8 1 0 v:123
4/08/2020 4:49:58 PM,252 Event OK
4/08/2020 4:49:58 PM,EVENT 47747 1596559772 0/0/0/0/0 ZONE_OK 2 100 FW=NO VERSION v:123
4/08/2020 4:49:58 PM,252 Event OK
4/08/2020 4:49:59 PM,EVENT 47748 1596559781 0/0/0/0/0 SIGNON 2520 03dbed13 OK 26 120976 0 v:123
4/08/2020 4:49:59 PM,252 Event OK
4/08/2020 4:49:59 PM,EVENT 47749 1596559788 0/0/0/10/0 INPUT 1 0 17 v:124
4/08/2020 4:49:59 PM,252 Event OK
4/08/2020 4:49:59 PM,EVENT 47750 1596559788 0/0/0/10/0 INPUT 4 1 0 v:124
4/08/2020 4:49:59 PM,252 Event OK
4/08/2020 4:49:59 PM,QUIT
4/08/2020 4:49:59 PM,221 Session ended - goodbye
4/08/2020 4:50:34 PM,UNIT 9279
4/08/2020 4:50:34 PM,333 CHAL 76C96DFF
4/08/2020 4:50:35 PM,RESP 02582DFA
4/08/2020 4:50:35 PM,230 Auth OK
4/08/2020 4:50:35 PM,TIME
4/08/2020 4:50:35 PM,211 TIME 1596559835
4/08/2020 4:50:36 PM,EVCOUNT 4
4/08/2020 4:50:36 PM,252 Event OK
4/08/2020 4:50:37 PM,TODO
4/08/2020 4:50:37 PM,226 Nothing to do
4/08/2020 4:50:38 PM,EVENT 47751 1596559828 -310147024/1219234236/961/10/0 INPUT 4 0 41 v:124
4/08/2020 4:50:38 PM,252 Event OK
4/08/2020 4:50:38 PM,EVENT 47752 1596559829 -310147025/1219234261/954/10/0 INPUT 4 1 0 v:124
4/08/2020 4:50:38 PM,252 Event OK
4/08/2020 4:50:39 PM,EVENT 47753 1596559831 -310147045/1219234402/928/10/0 INPUT 4 0 3 v:124
4/08/2020 4:50:39 PM,252 Event OK
4/08/2020 4:50:40 PM,EVENT 47754 1596559831 -310147055/1219234438/924/10/0 INPUT 4 1 0 v:124
4/08/2020 4:50:40 PM,252 Event OK
4/08/2020 4:50:41 PM,EVENT 47755 1596559834 -310147105/1219234622/900/10/3 INPUT 4 0 3 v:124
4/08/2020 4:50:41 PM,252 Event OK
4/08/2020 4:50:42 PM,EVENT 47756 1596559834 -310147103/1219234622/896/10/3 INPUT 4 1 0 v:124
4/08/2020 4:50:42 PM,252 Event OK
4/08/2020 4:50:42 PM,QUIT
4/08/2020 4:50:42 PM,221 Session ended - goodbye
4/08/2020 4:50:53 PM,UNIT 9279
4/08/2020 4:50:53 PM,333 CHAL 3632CEA
4/08/2020 4:50:54 PM,RESP 507200FA
4/08/2020 4:50:54 PM,230 Auth OK
4/08/2020 4:50:55 PM,TIME
4/08/2020 4:50:55 PM,211 TIME 1596559855
4/08/2020 4:50:55 PM,EVCOUNT 1
4/08/2020 4:50:55 PM,252 Event OK
4/08/2020 4:50:56 PM,TODO
4/08/2020 4:50:56 PM,226 Nothing to do
4/08/2020 4:50:57 PM,EVENT 47757 1596559842 -310146290/1219234202/861/10/7 INPUT 3 1 0 v:124
4/08/2020 4:50:57 PM,252 Event OK
4/08/2020 4:50:57 PM,QUIT
4/08/2020 4:50:57 PM,221 Session ended - goodbye
4/08/2020 4:52:03 PM,UNIT 9279
4/08/2020 4:52:03 PM,333 CHAL 7235C9C7
4/08/2020 4:52:03 PM,RESP 102AD8CB
4/08/2020 4:52:03 PM,230 Auth OK
4/08/2020 4:52:04 PM,TIME
4/08/2020 4:52:04 PM,211 TIME 1596559924
4/08/2020 4:52:04 PM,EVCOUNT 3
4/08/2020 4:52:04 PM,252 Event OK
4/08/2020 4:52:05 PM,TODO
4/08/2020 4:52:05 PM,226 Nothing to do
4/08/2020 4:52:06 PM,EVENT 47758 1596559917 -310123485/1219236934/900/6/11 INPUT 3 0 75 v:124
4/08/2020 4:52:06 PM,252 Event OK
4/08/2020 4:52:06 PM,EVENT 47759 1596559918 -310123365/1219236843/906/7/8 INPUT 4 0 84 v:124
4/08/2020 4:52:06 PM,252 Event OK
4/08/2020 4:52:07 PM,EVENT 47760 1596559918 -310123343/1219236825/905/7/7 INPUT 4 1 0 v:124
4/08/2020 4:52:07 PM,252 Event OK
4/08/2020 4:52:08 PM,QUIT
4/08/2020 4:52:08 PM,221 Session ended - goodbye
4/08/2020 4:52:19 PM,UNIT 9279
4/08/2020 4:52:19 PM,333 CHAL 190AD074
4/08/2020 4:52:20 PM,RESP 60788AAA
4/08/2020 4:52:20 PM,230 Auth OK
4/08/2020 4:52:20 PM,TIME
4/08/2020 4:52:20 PM,211 TIME 1596559940
4/08/2020 4:52:21 PM,EVCOUNT 1
4/08/2020 4:52:21 PM,252 Event OK
4/08/2020 4:52:21 PM,TODO
4/08/2020 4:52:21 PM,226 Nothing to do
4/08/2020 4:52:22 PM,EVENT 47761 1596559933 -310123004/1219236557/928/7/6 INPUT 3 1 0 v:124
4/08/2020 4:52:22 PM,252 Event OK
4/08/2020 4:52:23 PM,QUIT
4/08/2020 4:52:23 PM,221 Session ended - goodbye
4/08/2020 8:27:27 PM,UNIT 9279
4/08/2020 8:27:27 PM,333 CHAL 135A62BE
4/08/2020 8:27:27 PM,RESP 39542C6C
4/08/2020 8:27:27 PM,230 Auth OK
4/08/2020 8:27:28 PM,TIME
4/08/2020 8:27:28 PM,211 TIME 1596572848
4/08/2020 8:27:28 PM,EVCOUNT 197
4/08/2020 8:27:28 PM,252 Event OK
4/08/2020 8:27:28 PM,TODO
4/08/2020 8:27:28 PM,226 Nothing to do
4/08/2020 8:27:28 PM,EVENT 47762 1596560492 0/0/0/0/10 INPUT 3 0 559 v:124
4/08/2020 8:27:28 PM,252 Event OK
4/08/2020 8:27:29 PM,EVENT 47763 1596560519 0/0/0/0/6 INPUT 3 1 0 v:124
4/08/2020 8:27:29 PM,252 Event OK
4/08/2020 8:27:29 PM,EVENT 47764 1596560605 0/0/0/0/9 INPUT 3 0 87 v:124
4/08/2020 8:27:29 PM,252 Event OK
4/08/2020 8:27:29 PM,EVENT 47765 1596560613 0/0/0/0/5 INPUT 7 1 0 v:124
4/08/2020 8:27:29 PM,252 Event OK
4/08/2020 8:27:30 PM,EVENT 47766 1596560613 0/0/0/0/5 INPUT 8 0 842 v:124
4/08/2020 8:27:30 PM,252 Event OK
4/08/2020 8:27:30 PM,EVENT 47767 1596560614 0/0/0/0/3 INPUT 1 1 0 v:124
4/08/2020 8:27:30 PM,252 Event OK
4/08/2020 8:27:30 PM,EVENT 47768 1596560615 0/0/0/0/1 INPUT 4 0 697 v:124
4/08/2020 8:27:30 PM,252 Event OK
4/08/2020 8:27:31 PM,EVENT 47769 1596560617 0/0/0/0/0 TRIP 47748 721 107 8 6 836 v:123
4/08/2020 8:27:31 PM,252 Event OK
4/08/2020 8:27:31 PM,EVENT 47770 1596560626 0/0/0/0/0 REPORT * 0 0 v:124
4/08/2020 8:27:31 PM,252 Event OK
4/08/2020 8:27:31 PM,EVENT 47771 1596566306 0/0/0/0/0 SWSTART OpusFC 5.0.58.517 R v:123
4/08/2020 8:27:31 PM,252 Event OK
4/08/2020 8:27:32 PM,EVENT 47772 1596560617 0/0/0/0/0 POWERDOWN v:124
4/08/2020 8:27:32 PM,252 Event OK
4/08/2020 8:27:33 PM,EVENT 47773 1596566306 0/0/0/0/0 INPUT 1 1 0 v:124
4/08/2020 8:27:33 PM,252 Event OK
4/08/2020 8:27:33 PM,EVENT 47774 1596566306 0/0/0/0/0 INPUT 2 0 0 v:124
4/08/2020 8:27:33 PM,252 Event OK
4/08/2020 8:27:33 PM,EVENT 47775 1596566306 0/0/0/0/0 INPUT 3 0 0 v:124
4/08/2020 8:27:33 PM,252 Event OK
4/08/2020 8:27:34 PM,EVENT 47776 1596566306 0/0/0/0/0 INPUT 4 0 0 v:124
4/08/2020 8:27:34 PM,252 Event OK
4/08/2020 8:27:35 PM,EVENT 47777 1596566306 0/0/0/0/0 INPUT 7 0 0 v:124
4/08/2020 8:27:35 PM,252 Event OK
4/08/2020 8:27:36 PM,EVENT 47778 1596566306 0/0/0/0/0 INPUT 8 1 0 v:124
4/08/2020 8:27:36 PM,252 Event OK
4/08/2020 8:27:36 PM,EVENT 47779 1596566308 0/0/0/0/0 ZONE_OK 2 100 FW=NO VERSION v:124
4/08/2020 8:27:36 PM,252 Event OK
4/08/2020 8:27:36 PM,EVENT 47780 1596566317 0/0/0/0/0 SIGNON 2463 01b1def3 OK 26 271086 0 v:124
4/08/2020 8:27:36 PM,252 Event OK
4/08/2020 8:27:37 PM,EVENT 47781 1596566324 0/0/0/99/0 INPUT 1 0 17 v:124
4/08/2020 8:27:37 PM,252 Event OK
4/08/2020 8:27:37 PM,EVENT 47782 1596566324 0/0/0/99/0 INPUT 4 1 0 v:124
4/08/2020 8:27:37 PM,252 Event OK
4/08/2020 8:27:37 PM,EVENT 47783 1596566327 0/0/0/99/0 INPUT 4 0 4 v:124
4/08/2020 8:27:37 PM,252 Event OK
4/08/2020 8:27:37 PM,EVENT 47784 1596566327 0/0/0/99/0 INPUT 4 1 0 v:124
4/08/2020 8:27:37 PM,252 Event OK
4/08/2020 8:27:38 PM,EVENT 47785 1596566363 0/0/0/0/0 INPUT 4 0 36 v:124
4/08/2020 8:27:38 PM,252 Event OK
4/08/2020 8:27:39 PM,EVENT 47786 1596566363 0/0/0/0/0 INPUT 4 1 0 v:124
4/08/2020 8:27:39 PM,252 Event OK
4/08/2020 8:27:39 PM,EVENT 47787 1596566396 0/0/0/0/0 INPUT 4 0 33 v:124
4/08/2020 8:27:39 PM,252 Event OK
4/08/2020 8:27:39 PM,EVENT 47788 1596566396 0/0/0/0/0 INPUT 4 1 0 v:124
4/08/2020 8:27:39 PM,252 Event OK
4/08/2020 8:27:39 PM,EVENT 47789 1596566429 0/0/0/0/0 INPUT 4 0 33 v:124
4/08/2020 8:27:39 PM,252 Event OK
4/08/2020 8:27:40 PM,EVENT 47790 1596566429 0/0/0/0/0 INPUT 4 1 0 v:124
4/08/2020 8:27:40 PM,252 Event OK
4/08/2020 8:27:40 PM,EVENT 47791 1596566447 0/0/0/0/0 INPUT 4 0 18 v:124
4/08/2020 8:27:40 PM,252 Event OK
4/08/2020 8:27:40 PM,EVENT 47792 1596566447 0/0/0/0/0 INPUT 4 1 0 v:124
4/08/2020 8:27:40 PM,252 Event OK
4/08/2020 8:27:41 PM,EVENT 47793 1596566483 0/0/0/0/0 INPUT 4 0 36 v:124
4/08/2020 8:27:41 PM,252 Event OK
4/08/2020 8:27:41 PM,EVENT 47794 1596566483 0/0/0/0/0 INPUT 4 1 0 v:124
4/08/2020 8:27:41 PM,252 Event OK
4/08/2020 8:27:41 PM,EVENT 47795 1596566568 0/0/0/0/2 INPUT 3 1 0 v:124
4/08/2020 8:27:41 PM,252 Event OK
4/08/2020 8:27:41 PM,EVENT 47796 1596566576 0/0/0/0/11 INPUT 3 0 9 v:124
4/08/2020 8:27:41 PM,252 Event OK
4/08/2020 8:27:42 PM,EVENT 47797 1596566636 0/0/0/0/0 INPUT 4 0 153 v:124
4/08/2020 8:27:42 PM,252 Event OK
4/08/2020 8:27:42 PM,EVENT 47798 1596566636 0/0/0/0/0 INPUT 4 1 0 v:124
4/08/2020 8:27:42 PM,252 Event OK
4/08/2020 8:27:42 PM,EVENT 47799 1596566723 0/0/0/0/0 INPUT 4 0 87 v:124
4/08/2020 8:27:42 PM,252 Event OK
4/08/2020 8:27:42 PM,EVENT 47800 1596566723 0/0/0/0/0 INPUT 4 1 0 v:124
4/08/2020 8:27:42 PM,252 Event OK
4/08/2020 8:27:43 PM,EVENT 47801 1596566741 0/0/0/0/5 INPUT 4 0 18 v:124
4/08/2020 8:27:43 PM,252 Event OK
4/08/2020 8:27:43 PM,EVENT 47802 1596566741 0/0/0/0/4 INPUT 4 1 0 v:124
4/08/2020 8:27:43 PM,252 Event OK
4/08/2020 8:27:43 PM,EVENT 47803 1596566747 0/0/0/0/4 INPUT 4 0 6 v:124
4/08/2020 8:27:43 PM,252 Event OK
4/08/2020 8:27:44 PM,EVENT 47804 1596566747 0/0/0/0/3 INPUT 4 1 0 v:124
4/08/2020 8:27:44 PM,252 Event OK
4/08/2020 8:27:44 PM,EVENT 47805 1596566751 0/0/0/0/1 INPUT 4 0 4 v:124
4/08/2020 8:27:44 PM,252 Event OK
4/08/2020 8:27:44 PM,EVENT 47806 1596566752 0/0/0/0/1 INPUT 4 1 0 v:124
4/08/2020 8:27:44 PM,252 Event OK
4/08/2020 8:27:44 PM,EVENT 47807 1596566764 0/0/0/0/7 INPUT 3 1 0 v:124
4/08/2020 8:27:44 PM,252 Event OK
4/08/2020 8:27:44 PM,EVENT 47808 1596566782 0/0/0/0/10 INPUT 3 0 17 v:124
4/08/2020 8:27:44 PM,252 Event OK
4/08/2020 8:27:45 PM,EVENT 47809 1596566786 0/0/0/0/3 INPUT 4 0 35 v:124
4/08/2020 8:27:45 PM,252 Event OK
4/08/2020 8:27:45 PM,EVENT 47810 1596566786 0/0/0/0/3 INPUT 4 1 0 v:124
4/08/2020 8:27:45 PM,252 Event OK
4/08/2020 8:27:45 PM,EVENT 47811 1596566838 0/0/0/0/0 INPUT 4 0 52 v:124
4/08/2020 8:27:45 PM,252 Event OK
4/08/2020 8:27:45 PM,EVENT 47812 1596566839 0/0/0/0/0 INPUT 4 1 0 v:124
4/08/2020 8:27:45 PM,252 Event OK
4/08/2020 8:27:46 PM,EVENT 47813 1596566849 0/0/0/0/0 INPUT 4 0 11 v:124
4/08/2020 8:27:46 PM,252 Event OK
4/08/2020 8:27:46 PM,EVENT 47814 1596566849 0/0/0/0/0 INPUT 4 1 0 v:124
4/08/2020 8:27:46 PM,252 Event OK
4/08/2020 8:27:46 PM,EVENT 47815 1596566855 0/0/0/0/6 INPUT 3 1 0 v:124
4/08/2020 8:27:46 PM,252 Event OK
4/08/2020 8:27:46 PM,EVENT 47816 1596566858 0/0/0/0/10 INPUT 3 0 3 v:124
4/08/2020 8:27:46 PM,252 Event OK
4/08/2020 8:27:47 PM,EVENT 47817 1596566869 0/0/0/0/3 INPUT 4 0 20 v:124
4/08/2020 8:27:47 PM,252 Event OK
4/08/2020 8:27:47 PM,EVENT 47818 1596566870 0/0/0/0/2 INPUT 4 1 0 v:124
4/08/2020 8:27:47 PM,252 Event OK
4/08/2020 8:27:47 PM,EVENT 47819 1596566873 0/0/0/0/5 INPUT 3 1 0 v:124
4/08/2020 8:27:47 PM,252 Event OK
4/08/2020 8:27:47 PM,EVENT 47820 1596566876 0/0/0/0/10 INPUT 3 0 2 v:124
4/08/2020 8:27:47 PM,252 Event OK
4/08/2020 8:27:47 PM,EVENT 47821 1596566880 0/0/0/0/3 INPUT 3 1 0 v:124
4/08/2020 8:27:47 PM,252 Event OK
4/08/2020 8:27:48 PM,EVENT 47822 1596566881 0/0/0/0/7 INPUT 3 0 0 v:124
4/08/2020 8:27:48 PM,252 Event OK
4/08/2020 8:27:48 PM,EVENT 47823 1596566891 0/0/0/0/3 INPUT 4 0 22 v:124
4/08/2020 8:27:48 PM,252 Event OK
4/08/2020 8:27:48 PM,EVENT 47824 1596566891 0/0/0/0/2 INPUT 4 1 0 v:124
4/08/2020 8:27:48 PM,252 Event OK
4/08/2020 8:27:48 PM,EVENT 47825 1596566904 0/0/0/0/2 INPUT 7 1 0 v:124
4/08/2020 8:27:48 PM,252 Event OK
4/08/2020 8:27:49 PM,EVENT 47826 1596566904 0/0/0/0/2 INPUT 8 0 597 v:124
4/08/2020 8:27:49 PM,252 Event OK
4/08/2020 8:27:49 PM,EVENT 47827 1596566904 0/0/0/0/4 INPUT 1 1 0 v:124
4/08/2020 8:27:49 PM,252 Event OK
4/08/2020 8:27:49 PM,EVENT 47828 1596566905 0/0/0/0/5 INPUT 4 0 14 v:124
4/08/2020 8:27:49 PM,252 Event OK
4/08/2020 8:27:49 PM,EVENT 47829 1596566907 0/0/0/0/0 INPUT 4 1 0 v:124
4/08/2020 8:27:49 PM,252 Event OK
4/08/2020 8:27:50 PM,EVENT 47830 1596566908 0/0/0/0/0 TRIP 47780 31 553 7 6 591 v:124
4/08/2020 8:27:50 PM,252 Event OK
4/08/2020 8:27:50 PM,EVENT 47831 1596566909 0/0/0/0/0 INPUT 4 0 2 v:124
4/08/2020 8:27:50 PM,252 Event OK
4/08/2020 8:27:50 PM,EVENT 47832 1596566918 0/0/0/0/0 REPORT * 0 0 v:124
4/08/2020 8:27:50 PM,252 Event OK
4/08/2020 8:27:50 PM,EVENT 47833 1596567673 0/0/0/99/0 INPUT 8 1 0 v:124
4/08/2020 8:27:50 PM,252 Event OK
4/08/2020 8:27:50 PM,EVENT 47834 1596567674 0/0/0/99/0 INPUT 7 0 770 v:124
4/08/2020 8:27:50 PM,252 Event OK
4/08/2020 8:27:51 PM,EVENT 47835 1596567683 0/0/0/0/0 SIGNON 2463 01b1def3 OK 26 271086 0 v:124
4/08/2020 8:27:51 PM,252 Event OK
4/08/2020 8:27:51 PM,EVENT 47836 1596567690 0/0/0/0/0 INPUT 1 0 785 v:124
4/08/2020 8:27:51 PM,252 Event OK
4/08/2020 8:27:51 PM,EVENT 47837 1596567690 0/0/0/0/0 INPUT 4 1 0 v:124
4/08/2020 8:27:51 PM,252 Event OK
4/08/2020 8:27:51 PM,EVENT 47838 1596567700 0/0/0/0/0 INPUT 4 0 11 v:124
4/08/2020 8:27:51 PM,252 Event OK
4/08/2020 8:27:52 PM,EVENT 47839 1596567700 0/0/0/0/0 INPUT 4 1 0 v:124
4/08/2020 8:27:52 PM,252 Event OK
4/08/2020 8:27:52 PM,EVENT 47840 1596567701 0/0/0/0/2 INPUT 3 1 0 v:124
4/08/2020 8:27:52 PM,252 Event OK
4/08/2020 8:27:52 PM,EVENT 47841 1596567702 0/0/0/0/8 INPUT 3 0 1 v:124
4/08/2020 8:27:52 PM,252 Event OK
4/08/2020 8:27:52 PM,EVENT 47842 1596567728 0/0/0/0/6 INPUT 3 1 0 v:124
4/08/2020 8:27:52 PM,252 Event OK
4/08/2020 8:27:52 PM,EVENT 47843 1596567734 0/0/0/0/10 INPUT 3 0 5 v:124
4/08/2020 8:27:52 PM,252 Event OK
4/08/2020 8:27:53 PM,EVENT 47844 1596567738 0/0/0/0/6 INPUT 3 1 0 v:124
4/08/2020 8:27:53 PM,252 Event OK
4/08/2020 8:27:53 PM,EVENT 47845 1596567784 0/0/0/0/13 INPUT 3 0 47 v:124
4/08/2020 8:27:53 PM,252 Event OK
4/08/2020 8:27:53 PM,EVENT 47846 1596567798 0/0/0/0/0 INPUT 7 1 0 v:124
4/08/2020 8:27:53 PM,252 Event OK
4/08/2020 8:27:53 PM,EVENT 47847 1596567798 0/0/0/0/0 INPUT 8 0 124 v:124
4/08/2020 8:27:53 PM,252 Event OK
4/08/2020 8:27:54 PM,EVENT 47848 1596567799 0/0/0/0/0 INPUT 1 1 0 v:124
4/08/2020 8:27:54 PM,252 Event OK
4/08/2020 8:27:54 PM,EVENT 47849 1596567799 0/0/0/0/0 INPUT 4 0 99 v:124
4/08/2020 8:27:54 PM,252 Event OK
4/08/2020 8:27:54 PM,EVENT 47850 1596567802 0/0/0/0/0 TRIP 47835 53 57 9 6 119 v:124
4/08/2020 8:27:54 PM,252 Event OK
4/08/2020 8:27:54 PM,EVENT 47851 1596568080 0/0/0/0/0 INPUT 8 1 0 v:124
4/08/2020 8:27:54 PM,252 Event OK
4/08/2020 8:27:55 PM,EVENT 47852 1596568080 0/0/0/0/0 INPUT 7 0 283 v:124
4/08/2020 8:27:55 PM,252 Event OK
4/08/2020 8:27:55 PM,EVENT 47853 1596568088 0/0/0/0/0 SIGNON 2463 01b1def3 OK 26 271086 0 v:124
4/08/2020 8:27:55 PM,252 Event OK
4/08/2020 8:27:55 PM,EVENT 47854 1596568115 0/0/0/0/0 INPUT 1 0 317 v:124
4/08/2020 8:27:55 PM,252 Event OK
4/08/2020 8:27:55 PM,EVENT 47855 1596568116 0/0/0/0/0 INPUT 4 1 0 v:124
4/08/2020 8:27:55 PM,252 Event OK
4/08/2020 8:27:55 PM,EVENT 47856 1596568118 0/0/0/0/0 INPUT 4 0 3 v:124
4/08/2020 8:27:55 PM,252 Event OK
4/08/2020 8:27:56 PM,EVENT 47857 1596568119 0/0/0/0/0 INPUT 4 1 0 v:124
4/08/2020 8:27:56 PM,252 Event OK
4/08/2020 8:27:56 PM,EVENT 47858 1596568143 0/0/0/0/6 INPUT 3 1 0 v:124
4/08/2020 8:27:56 PM,252 Event OK
4/08/2020 8:27:56 PM,EVENT 47859 1596568204 0/0/0/0/10 INPUT 3 0 61 v:124
4/08/2020 8:27:56 PM,252 Event OK
4/08/2020 8:27:56 PM,EVENT 47860 1596568208 0/0/0/0/2 INPUT 7 1 0 v:124
4/08/2020 8:27:56 PM,252 Event OK
4/08/2020 8:27:57 PM,EVENT 47861 1596568208 0/0/0/0/2 INPUT 8 0 128 v:124
4/08/2020 8:27:57 PM,252 Event OK
4/08/2020 8:27:57 PM,EVENT 47862 1596568208 0/0/0/0/1 INPUT 4 0 90 v:124
4/08/2020 8:27:57 PM,252 Event OK
4/08/2020 8:27:57 PM,EVENT 47863 1596568208 0/0/0/0/1 INPUT 4 1 0 v:124
4/08/2020 8:27:57 PM,252 Event OK
4/08/2020 8:27:57 PM,EVENT 47864 1596568209 0/0/0/0/0 INPUT 1 1 0 v:124
4/08/2020 8:27:57 PM,252 Event OK
4/08/2020 8:27:58 PM,EVENT 47865 1596568212 0/0/0/0/0 TRIP 47853 61 36 28 28 125 v:124
4/08/2020 8:27:58 PM,252 Event OK
4/08/2020 8:27:58 PM,EVENT 47866 1596568213 0/0/0/0/0 INPUT 4 0 4 v:124
4/08/2020 8:27:58 PM,252 Event OK
4/08/2020 8:27:58 PM,EVENT 47867 1596568597 0/0/0/0/0 INPUT 8 1 0 v:124
4/08/2020 8:27:58 PM,252 Event OK
4/08/2020 8:27:58 PM,EVENT 47868 1596568597 0/0/0/0/0 INPUT 7 0 389 v:124
4/08/2020 8:27:58 PM,252 Event OK
4/08/2020 8:27:58 PM,EVENT 47869 1596568604 0/0/0/0/0 SIGNON 2463 01b1def3 OK 26 271086 0 v:124
4/08/2020 8:27:58 PM,252 Event OK
4/08/2020 8:27:59 PM,EVENT 47870 1596568611 0/0/0/0/0 INPUT 1 0 402 v:124
4/08/2020 8:27:59 PM,252 Event OK
4/08/2020 8:27:59 PM,EVENT 47871 1596568611 0/0/0/0/0 INPUT 4 1 0 v:124
4/08/2020 8:27:59 PM,252 Event OK
4/08/2020 8:27:59 PM,EVENT 47872 1596568619 0/0/0/0/8 INPUT 3 1 0 v:124
4/08/2020 8:27:59 PM,252 Event OK
4/08/2020 8:28:00 PM,EVENT 47873 1596568620 0/0/0/0/9 INPUT 3 0 2 v:124
4/08/2020 8:28:00 PM,252 Event OK
4/08/2020 8:28:00 PM,EVENT 47874 1596568628 0/0/0/0/5 INPUT 3 1 0 v:124
4/08/2020 8:28:00 PM,252 Event OK
4/08/2020 8:28:00 PM,EVENT 47875 1596568663 0/0/0/0/10 INPUT 3 0 34 v:124
4/08/2020 8:28:00 PM,252 Event OK
4/08/2020 8:28:00 PM,EVENT 47876 1596568674 0/0/0/0/2 INPUT 7 1 0 v:124
4/08/2020 8:28:00 PM,252 Event OK
4/08/2020 8:28:01 PM,EVENT 47877 1596568674 0/0/0/0/2 INPUT 8 0 77 v:124
4/08/2020 8:28:01 PM,252 Event OK
4/08/2020 8:28:01 PM,EVENT 47878 1596568675 0/0/0/0/0 INPUT 1 1 0 v:124
4/08/2020 8:28:01 PM,252 Event OK
4/08/2020 8:28:01 PM,EVENT 47879 1596568677 0/0/0/0/0 INPUT 4 0 65 v:124
4/08/2020 8:28:01 PM,252 Event OK
4/08/2020 8:28:01 PM,EVENT 47880 1596568678 0/0/0/0/0 TRIP 47869 36 29 9 7 74 v:124
4/08/2020 8:28:01 PM,252 Event OK
4/08/2020 8:28:02 PM,EVENT 47881 1596570351 0/0/0/0/0 INPUT 8 1 0 v:124
4/08/2020 8:28:02 PM,252 Event OK
4/08/2020 8:28:02 PM,EVENT 47882 1596570351 0/0/0/0/0 INPUT 7 0 1677 v:124
4/08/2020 8:28:02 PM,252 Event OK
4/08/2020 8:28:02 PM,EVENT 47883 1596570363 0/0/0/0/0 SIGNON 2520 03dbed13 OK 26 120976 0 v:124
4/08/2020 8:28:02 PM,252 Event OK
4/08/2020 8:28:02 PM,EVENT 47884 1596570369 0/0/0/0/0 INPUT 1 0 1695 v:124
4/08/2020 8:28:02 PM,252 Event OK
4/08/2020 8:28:03 PM,EVENT 47885 1596570369 0/0/0/0/0 INPUT 4 1 0 v:124
4/08/2020 8:28:03 PM,252 Event OK
4/08/2020 8:28:03 PM,EVENT 47886 1596570395 0/0/0/0/0 REPORT 47883 0 0 v:124
4/08/2020 8:28:03 PM,252 Event OK
4/08/2020 8:28:03 PM,EVENT 47887 1596570451 0/0/0/0/0 INPUT 4 0 82 v:124
4/08/2020 8:28:03 PM,252 Event OK
4/08/2020 8:28:03 PM,EVENT 47888 1596570452 0/0/0/0/0 INPUT 4 1 0 v:124
4/08/2020 8:28:03 PM,252 Event OK
4/08/2020 8:28:04 PM,EVENT 47889 1596570454 0/0/0/0/0 INPUT 4 0 3 v:124
4/08/2020 8:28:04 PM,252 Event OK
4/08/2020 8:28:04 PM,EVENT 47890 1596570454 0/0/0/0/0 INPUT 4 1 0 v:124
4/08/2020 8:28:04 PM,252 Event OK
4/08/2020 8:28:04 PM,EVENT 47891 1596570474 0/0/0/0/3 INPUT 4 0 20 v:124
4/08/2020 8:28:04 PM,252 Event OK
4/08/2020 8:28:04 PM,EVENT 47892 1596570474 0/0/0/0/3 INPUT 4 1 0 v:124
4/08/2020 8:28:04 PM,252 Event OK
4/08/2020 8:28:04 PM,EVENT 47893 1596570481 0/0/0/0/2 INPUT 3 1 0 v:124
4/08/2020 8:28:04 PM,252 Event OK
4/08/2020 8:28:05 PM,EVENT 47894 1596570674 0/0/0/0/9 INPUT 3 0 193 v:124
4/08/2020 8:28:05 PM,252 Event OK
4/08/2020 8:28:05 PM,EVENT 47895 1596570684 0/0/0/0/7 INPUT 3 1 0 v:124
4/08/2020 8:28:05 PM,252 Event OK
4/08/2020 8:28:05 PM,EVENT 47896 1596570735 0/0/0/0/14 INPUT 3 0 50 v:124
4/08/2020 8:28:05 PM,252 Event OK
4/08/2020 8:28:05 PM,EVENT 47897 1596570746 0/0/0/0/6 INPUT 3 1 0 v:124
4/08/2020 8:28:05 PM,252 Event OK
4/08/2020 8:28:05 PM,EVENT 47898 1596570771 0/0/0/0/13 INPUT 3 0 24 v:124
4/08/2020 8:28:05 PM,252 Event OK
4/08/2020 8:28:06 PM,EVENT 47899 1596570778 0/0/0/0/8 INPUT 3 1 0 v:124
4/08/2020 8:28:06 PM,252 Event OK
4/08/2020 8:28:06 PM,EVENT 47900 1596570852 0/0/0/0/11 INPUT 3 0 73 v:124
4/08/2020 8:28:06 PM,252 Event OK
4/08/2020 8:28:06 PM,EVENT 47901 1596570855 0/0/0/0/8 INPUT 3 1 0 v:124
4/08/2020 8:28:06 PM,252 Event OK
4/08/2020 8:28:07 PM,EVENT 47902 1596570856 0/0/0/0/9 INPUT 3 0 2 v:124
4/08/2020 8:28:07 PM,252 Event OK
4/08/2020 8:28:07 PM,EVENT 47903 1596570858 0/0/0/0/8 INPUT 3 1 0 v:124
4/08/2020 8:28:07 PM,252 Event OK
4/08/2020 8:28:07 PM,EVENT 47904 1596570859 0/0/0/0/9 INPUT 3 0 2 v:124
4/08/2020 8:28:07 PM,252 Event OK
4/08/2020 8:28:07 PM,EVENT 47905 1596570903 0/0/0/0/0 INPUT 4 0 429 v:124
4/08/2020 8:28:07 PM,252 Event OK
4/08/2020 8:28:08 PM,EVENT 47906 1596570903 0/0/0/0/0 INPUT 7 1 0 v:124
4/08/2020 8:28:08 PM,252 Event OK
4/08/2020 8:28:09 PM,EVENT 47907 1596570903 0/0/0/0/0 INPUT 8 0 553 v:124
4/08/2020 8:28:09 PM,252 Event OK
4/08/2020 8:28:48 PM,UNIT 9279
4/08/2020 8:28:48 PM,333 CHAL 53B5BF05
4/08/2020 8:28:48 PM,RESP 11C40D19
4/08/2020 8:28:48 PM,230 Auth OK
4/08/2020 8:28:49 PM,TIME
4/08/2020 8:28:49 PM,211 TIME 1596572929
4/08/2020 8:28:49 PM,EVCOUNT 59
4/08/2020 8:28:49 PM,252 Event OK
4/08/2020 8:28:49 PM,TODO
4/08/2020 8:28:49 PM,226 Nothing to do
4/08/2020 8:28:49 PM,EVENT 47908 1596570903 0/0/0/0/0 INPUT 4 1 0 v:124
4/08/2020 8:28:49 PM,252 Event OK
4/08/2020 8:28:49 PM,EVENT 47909 1596570904 0/0/0/0/2 INPUT 1 1 0 v:124
4/08/2020 8:28:49 PM,252 Event OK
4/08/2020 8:28:50 PM,EVENT 47910 1596570907 0/0/0/0/0 INPUT 4 0 4 v:124
4/08/2020 8:28:50 PM,252 Event OK
4/08/2020 8:28:50 PM,EVENT 47911 1596570908 0/0/0/0/0 TRIP 47883 344 194 8 7 546 v:124
4/08/2020 8:28:50 PM,252 Event OK
4/08/2020 8:28:50 PM,EVENT 47912 1596571234 0/0/0/0/0 INPUT 8 1 0 v:124
4/08/2020 8:28:50 PM,252 Event OK
4/08/2020 8:28:50 PM,EVENT 47913 1596571234 0/0/0/0/0 INPUT 7 0 330 v:124
4/08/2020 8:28:50 PM,252 Event OK
4/08/2020 8:28:51 PM,EVENT 47914 1596571248 0/0/0/0/0 SIGNON 2520 03dbed13 OK 26 120976 0 v:124
4/08/2020 8:28:51 PM,252 Event OK
4/08/2020 8:28:51 PM,EVENT 47915 1596571254 0/0/0/0/0 INPUT 1 0 349 v:124
4/08/2020 8:28:51 PM,252 Event OK
4/08/2020 8:28:51 PM,EVENT 47916 1596571254 0/0/0/0/0 INPUT 4 1 0 v:124
4/08/2020 8:28:51 PM,252 Event OK
4/08/2020 8:28:51 PM,EVENT 47917 1596571279 0/0/0/0/7 INPUT 3 1 0 v:124
4/08/2020 8:28:51 PM,252 Event OK
4/08/2020 8:28:52 PM,EVENT 47918 1596571285 0/0/0/0/10 INPUT 3 0 7 v:124
4/08/2020 8:28:52 PM,252 Event OK
4/08/2020 8:28:52 PM,EVENT 47919 1596571292 0/0/0/0/1 INPUT 4 0 38 v:123
4/08/2020 8:28:52 PM,252 Event OK
4/08/2020 8:28:52 PM,EVENT 47920 1596571293 0/0/0/0/1 INPUT 4 1 0 v:124
4/08/2020 8:28:52 PM,252 Event OK
4/08/2020 8:28:52 PM,EVENT 47921 1596571331 0/0/0/0/7 INPUT 3 1 0 v:124
4/08/2020 8:28:52 PM,252 Event OK
4/08/2020 8:28:53 PM,EVENT 47922 1596571434 0/0/0/99/14 INPUT 3 0 103 v:124
4/08/2020 8:28:53 PM,252 Event OK
4/08/2020 8:28:53 PM,EVENT 47923 1596571455 0/0/0/0/4 INPUT 3 1 0 v:124
4/08/2020 8:28:53 PM,252 Event OK
4/08/2020 8:28:53 PM,EVENT 47924 1596571456 0/0/0/0/9 INPUT 3 0 2 v:124
4/08/2020 8:28:53 PM,252 Event OK
4/08/2020 8:28:54 PM,EVENT 47925 1596571466 0/0/0/0/5 INPUT 3 1 0 v:124
4/08/2020 8:28:54 PM,252 Event OK
4/08/2020 8:28:54 PM,EVENT 47926 1596571668 0/0/0/0/10 INPUT 3 0 202 v:124
4/08/2020 8:28:54 PM,252 Event OK
4/08/2020 8:28:54 PM,EVENT 47927 1596571669 0/0/0/0/7 INPUT 4 0 377 v:124
4/08/2020 8:28:54 PM,252 Event OK
4/08/2020 8:28:55 PM,EVENT 47928 1596571669 0/0/0/0/5 INPUT 4 1 0 v:124
4/08/2020 8:28:55 PM,252 Event OK
4/08/2020 8:28:55 PM,EVENT 47929 1596571723 0/0/0/0/0 INPUT 4 0 54 v:124
4/08/2020 8:28:55 PM,252 Event OK
4/08/2020 8:28:55 PM,EVENT 47930 1596571723 0/0/0/0/0 INPUT 4 1 0 v:124
4/08/2020 8:28:55 PM,252 Event OK
4/08/2020 8:28:55 PM,EVENT 47931 1596571738 0/0/0/0/6 INPUT 3 1 0 v:124
4/08/2020 8:28:55 PM,252 Event OK
4/08/2020 8:28:55 PM,EVENT 47932 1596571739 0/0/0/0/18 INPUT 3 0 1 v:124
4/08/2020 8:28:55 PM,252 Event OK
4/08/2020 8:28:56 PM,EVENT 47933 1596571745 0/0/0/0/1 INPUT 4 0 22 v:124
4/08/2020 8:28:56 PM,252 Event OK
4/08/2020 8:28:56 PM,EVENT 47934 1596571745 0/0/0/0/1 INPUT 4 1 0 v:124
4/08/2020 8:28:56 PM,252 Event OK
4/08/2020 8:28:56 PM,EVENT 47935 1596571753 0/0/0/0/6 INPUT 3 1 0 v:124
4/08/2020 8:28:56 PM,252 Event OK
4/08/2020 8:28:56 PM,EVENT 47936 1596571755 0/0/0/0/9 INPUT 3 0 2 v:124
4/08/2020 8:28:56 PM,252 Event OK
4/08/2020 8:28:56 PM,EVENT 47937 1596571757 0/0/0/0/7 INPUT 3 1 0 v:124
4/08/2020 8:28:56 PM,252 Event OK
4/08/2020 8:28:57 PM,EVENT 47938 1596571778 0/0/0/99/9 INPUT 3 0 21 v:124
4/08/2020 8:28:57 PM,252 Event OK
4/08/2020 8:28:57 PM,EVENT 47939 1596571785 0/0/0/0/6 INPUT 4 0 40 v:124
4/08/2020 8:28:57 PM,252 Event OK
4/08/2020 8:28:57 PM,EVENT 47940 1596571785 0/0/0/0/6 INPUT 4 1 0 v:124
4/08/2020 8:28:57 PM,252 Event OK
4/08/2020 8:28:57 PM,EVENT 47941 1596571801 0/0/0/0/0 INPUT 4 0 16 v:124
4/08/2020 8:28:57 PM,252 Event OK
4/08/2020 8:28:58 PM,EVENT 47942 1596571801 0/0/0/0/0 INPUT 4 1 0 v:124
4/08/2020 8:28:58 PM,252 Event OK
4/08/2020 8:28:58 PM,EVENT 47943 1596571807 0/0/0/0/6 INPUT 3 1 0 v:124
4/08/2020 8:28:58 PM,252 Event OK
4/08/2020 8:28:58 PM,EVENT 47944 1596571808 0/0/0/0/9 INPUT 3 0 1 v:124
4/08/2020 8:28:58 PM,252 Event OK
4/08/2020 8:28:58 PM,EVENT 47945 1596571810 0/0/0/0/7 INPUT 3 1 0 v:124
4/08/2020 8:28:58 PM,252 Event OK
4/08/2020 8:28:59 PM,EVENT 47946 1596571885 0/0/0/0/10 INPUT 3 0 75 v:124
4/08/2020 8:28:59 PM,252 Event OK
4/08/2020 8:29:00 PM,EVENT 47947 1596571886 0/0/0/0/8 INPUT 3 1 0 v:124
4/08/2020 8:29:00 PM,252 Event OK
4/08/2020 8:29:00 PM,EVENT 47948 1596571906 0/0/0/0/9 INPUT 3 0 21 v:124
4/08/2020 8:29:00 PM,252 Event OK
4/08/2020 8:29:00 PM,EVENT 47949 1596571918 0/0/0/0/7 INPUT 3 1 0 v:124
4/08/2020 8:29:00 PM,252 Event OK
4/08/2020 8:29:01 PM,EVENT 47950 1596572029 0/0/0/0/10 INPUT 3 0 110 v:124
4/08/2020 8:29:01 PM,252 Event OK
4/08/2020 8:29:01 PM,EVENT 47908 1596570903 0/0/0/0/0 INPUT 4 1 0 v:124
4/08/2020 8:29:01 PM,252 Event OK - Outofsync
4/08/2020 8:29:01 PM,EVENT 47951 1596572051 0/0/0/0/0 INPUT 4 0 250 v:124
4/08/2020 8:29:01 PM,252 Event OK
4/08/2020 8:29:01 PM,EVENT 47952 1596572051 0/0/0/0/0 INPUT 4 1 0 v:124
4/08/2020 8:29:01 PM,252 Event OK
4/08/2020 8:29:01 PM,EVENT 47953 1596572055 0/0/0/0/7 INPUT 3 1 0 v:124
4/08/2020 8:29:01 PM,252 Event OK
4/08/2020 8:29:02 PM,EVENT 47954 1596572227 0/0/0/0/22 REPORT 47914 0 0 v:124
4/08/2020 8:29:02 PM,252 Event OK
4/08/2020 8:29:02 PM,EVENT 47955 1596572766 0/0/0/0/9 INPUT 3 0 711 v:124
4/08/2020 8:29:02 PM,252 Event OK
4/08/2020 8:29:02 PM,EVENT 47956 1596572773 0/0/0/0/0 INPUT 4 0 722 v:124
4/08/2020 8:29:02 PM,252 Event OK
4/08/2020 8:29:02 PM,EVENT 47957 1596572773 0/0/0/0/0 INPUT 4 1 0 v:124
4/08/2020 8:29:02 PM,252 Event OK
4/08/2020 8:29:03 PM,EVENT 47958 1596572822 -310121284/1219229501/926/0/8 INPUT 3 1 0 v:124
4/08/2020 8:29:03 PM,252 Event OK
4/08/2020 8:29:03 PM,EVENT 47959 1596572892 -310128873/1219228693/1048/9/9 INPUT 3 0 71 v:124
4/08/2020 8:29:03 PM,252 Event OK
4/08/2020 8:29:03 PM,EVENT 47960 1596572895 -310128556/1219228436/1020/9/5 INPUT 4 0 122 v:124
4/08/2020 8:29:03 PM,252 Event OK
4/08/2020 8:29:03 PM,EVENT 47961 1596572896 -310128546/1219228421/1009/9/3 INPUT 4 1 0 v:124
4/08/2020 8:29:03 PM,252 Event OK
4/08/2020 8:29:04 PM,EVENT 47962 1596572896 -310128546/1219228421/1009/9/2 INPUT 7 1 0 v:124
4/08/2020 8:29:04 PM,252 Event OK
4/08/2020 8:29:04 PM,EVENT 47963 1596572896 -310128546/1219228421/1009/9/2 INPUT 8 0 1662 v:124
4/08/2020 8:29:04 PM,252 Event OK
4/08/2020 8:29:04 PM,EVENT 47964 1596572897 -310128551/1219228415/1004/9/0 INPUT 1 1 0 v:124
4/08/2020 8:29:04 PM,252 Event OK
4/08/2020 8:29:04 PM,EVENT 47965 1596572897 -310128554/1219228407/999/9/0 INPUT 4 0 2 v:124
4/08/2020 8:29:04 PM,252 Event OK
4/08/2020 8:29:05 PM,EVENT 47966 1596572900 -310128571/1219228365/965/9/0 TRIP 47914 1327 316 10 7 1653 v:123
4/08/2020 8:29:05 PM,252 Event OK
4/08/2020 8:29:05 PM,QUIT
4/08/2020 8:29:05 PM,221 Session ended - goodbye
4/08/2020 8:30:06 PM,UNIT 9279
4/08/2020 8:30:06 PM,333 CHAL 10DA1203
4/08/2020 8:30:07 PM,RESP B752A940
4/08/2020 8:30:07 PM,230 Auth OK
4/08/2020 8:30:07 PM,TIME
4/08/2020 8:30:07 PM,211 TIME 1596573007
4/08/2020 8:30:08 PM,EVCOUNT 2
4/08/2020 8:30:08 PM,252 Event OK
4/08/2020 8:30:08 PM,TODO
4/08/2020 8:30:08 PM,226 Nothing to do
4/08/2020 8:30:09 PM,EVENT 47967 1596573001 -310128582/1219228481/800/2/0 INPUT 8 1 0 v:124
4/08/2020 8:30:09 PM,252 Event OK
4/08/2020 8:30:10 PM,EVENT 47968 1596573001 -310128583/1219228486/800/2/0 INPUT 7 0 105 v:124
4/08/2020 8:30:10 PM,252 Event OK
4/08/2020 8:30:10 PM,QUIT
4/08/2020 8:30:10 PM,221 Session ended - goodbye
4/08/2020 8:30:20 PM,UNIT 9279
4/08/2020 8:30:20 PM,333 CHAL 51ECF122
4/08/2020 8:30:21 PM,RESP A1941071
4/08/2020 8:30:21 PM,230 Auth OK
4/08/2020 8:30:21 PM,TIME
4/08/2020 8:30:21 PM,211 TIME 1596573021
4/08/2020 8:30:22 PM,EVCOUNT 2
4/08/2020 8:30:22 PM,252 Event OK
4/08/2020 8:30:22 PM,TODO
4/08/2020 8:30:22 PM,226 Nothing to do
4/08/2020 8:30:23 PM,EVENT 47969 1596573012 -310128598/1219228496/849/2/0 SIGNON 2520 03dbed13 OK 26 120976 0 v:124
4/08/2020 8:30:23 PM,252 Event OK
4/08/2020 8:30:24 PM,EVENT 47970 1596573018 -310128608/1219228472/863/2/0 INPUT 1 0 121 v:124
4/08/2020 8:30:24 PM,252 Event OK
4/08/2020 8:30:24 PM,EVENT 47971 1596573019 -310128609/1219228469/863/2/0 INPUT 4 1 0 v:124
4/08/2020 8:30:24 PM,252 Event OK
4/08/2020 8:30:25 PM,QUIT
4/08/2020 8:30:25 PM,221 Session ended - goodbye
4/08/2020 8:30:42 PM,UNIT 9279
4/08/2020 8:30:42 PM,333 CHAL 3AEFA316
4/08/2020 8:30:45 PM,RESP DCC77AF2
4/08/2020 8:30:45 PM,230 Auth OK
4/08/2020 8:30:46 PM,TIME
4/08/2020 8:30:46 PM,211 TIME 1596573046
4/08/2020 8:30:46 PM,EVCOUNT 1
4/08/2020 8:30:46 PM,252 Event OK
4/08/2020 8:30:47 PM,TODO
4/08/2020 8:30:47 PM,226 Nothing to do
4/08/2020 8:30:48 PM,EVENT 47972 1596573034 -310129088/1219228881/936/0/6 INPUT 3 1 0 v:124
4/08/2020 8:30:48 PM,252 Event OK
4/08/2020 8:30:48 PM,QUIT
4/08/2020 8:30:48 PM,221 Session ended - goodbye
4/08/2020 8:31:07 PM,UNIT 9279
4/08/2020 8:31:07 PM,333 CHAL 69996FD9
4/08/2020 8:31:08 PM,RESP D547C1C1
4/08/2020 8:31:08 PM,230 Auth OK
4/08/2020 8:31:09 PM,TIME
4/08/2020 8:31:09 PM,211 TIME 1596573069
4/08/2020 8:31:10 PM,EVCOUNT 1
4/08/2020 8:31:10 PM,252 Event OK
4/08/2020 8:31:10 PM,TODO
4/08/2020 8:31:10 PM,226 Nothing to do
4/08/2020 8:31:11 PM,EVENT 47973 1596573061 -310130221/1219222396/883/0/9 INPUT 3 0 27 v:124
4/08/2020 8:31:11 PM,252 Event OK
4/08/2020 8:31:12 PM,QUIT
4/08/2020 8:31:12 PM,221 Session ended - goodbye
4/08/2020 8:32:44 PM,UNIT 9279
4/08/2020 8:32:44 PM,333 CHAL 37CE0288
4/08/2020 8:32:45 PM,RESP DA584CE0
4/08/2020 8:32:45 PM,230 Auth OK
4/08/2020 8:32:46 PM,TIME
4/08/2020 8:32:46 PM,211 TIME 1596573166
4/08/2020 8:32:46 PM,EVCOUNT 2
4/08/2020 8:32:46 PM,252 Event OK
4/08/2020 8:32:47 PM,TODO
4/08/2020 8:32:47 PM,226 Nothing to do
4/08/2020 8:32:48 PM,EVENT 47974 1596573158 -310129640/1219222716/953/4/0 INPUT 4 0 140 v:124
4/08/2020 8:32:48 PM,252 Event OK
4/08/2020 8:32:49 PM,EVENT 47975 1596573158 -310129642/1219222717/955/4/0 INPUT 4 1 0 v:124
4/08/2020 8:32:49 PM,252 Event OK
4/08/2020 8:32:50 PM,QUIT
4/08/2020 8:32:50 PM,221 Session ended - goodbye
4/08/2020 8:34:45 PM,UNIT 9279
4/08/2020 8:34:45 PM,333 CHAL 5192F61E
4/08/2020 8:34:45 PM,RESP B65344EF
4/08/2020 8:34:45 PM,230 Auth OK
4/08/2020 8:34:46 PM,TIME
4/08/2020 8:34:46 PM,211 TIME 1596573286
4/08/2020 8:34:47 PM,EVCOUNT 2
4/08/2020 8:34:47 PM,252 Event OK
4/08/2020 8:34:47 PM,TODO
4/08/2020 8:34:47 PM,226 Nothing to do
4/08/2020 8:34:48 PM,EVENT 47976 1596573278 -310129781/1219222472/952/4/0 INPUT 4 0 120 v:124
4/08/2020 8:34:48 PM,252 Event OK
4/08/2020 8:34:49 PM,EVENT 47977 1596573278 -310129780/1219222475/953/4/0 INPUT 4 1 0 v:124
4/08/2020 8:34:49 PM,252 Event OK
4/08/2020 8:34:50 PM,QUIT
4/08/2020 8:34:50 PM,221 Session ended - goodbye
4/08/2020 8:35:01 PM,UNIT 9279
4/08/2020 8:35:01 PM,333 CHAL 58B92302
4/08/2020 8:35:01 PM,RESP C40BDF29
4/08/2020 8:35:01 PM,230 Auth OK
4/08/2020 8:35:02 PM,TIME
4/08/2020 8:35:02 PM,211 TIME 1596573302
4/08/2020 8:35:03 PM,EVCOUNT 1
4/08/2020 8:35:03 PM,252 Event OK
4/08/2020 8:35:03 PM,TODO
4/08/2020 8:35:03 PM,226 Nothing to do
4/08/2020 8:35:05 PM,EVENT 47978 1596573292 -310129399/1219222758/943/4/6 INPUT 3 1 0 v:124
4/08/2020 8:35:05 PM,252 Event OK
4/08/2020 8:35:06 PM,QUIT
4/08/2020 8:35:06 PM,221 Session ended - goodbye
4/08/2020 8:35:21 PM,UNIT 9279
4/08/2020 8:35:21 PM,333 CHAL 203A14B6
4/08/2020 8:35:21 PM,RESP 0744C344
4/08/2020 8:35:21 PM,230 Auth OK
4/08/2020 8:35:22 PM,TIME
4/08/2020 8:35:22 PM,211 TIME 1596573322
4/08/2020 8:35:23 PM,EVCOUNT 2
4/08/2020 8:35:23 PM,252 Event OK
4/08/2020 8:35:24 PM,TODO
4/08/2020 8:35:24 PM,226 Nothing to do
4/08/2020 8:35:24 PM,EVENT 47979 1596573308 -310129662/1219227185/956/4/9 INPUT 3 0 15 v:124
4/08/2020 8:35:24 PM,252 Event OK
4/08/2020 8:35:26 PM,EVENT 47980 1596573317 -310128991/1219228810/951/0/7 INPUT 3 1 0 v:124
4/08/2020 8:35:26 PM,252 Event OK
4/08/2020 8:35:26 PM,QUIT
4/08/2020 8:35:26 PM,221 Session ended - goodbye
4/08/2020 8:36:48 PM,UNIT 9279
4/08/2020 8:36:48 PM,333 CHAL 4E20793
4/08/2020 8:36:48 PM,RESP 00D5600F
4/08/2020 8:36:48 PM,230 Auth OK
4/08/2020 8:36:49 PM,TIME
4/08/2020 8:36:49 PM,211 TIME 1596573409
4/08/2020 8:36:50 PM,EVCOUNT 2
4/08/2020 8:36:50 PM,252 Event OK
4/08/2020 8:36:50 PM,TODO
4/08/2020 8:36:50 PM,226 Nothing to do
4/08/2020 8:36:51 PM,EVENT 47981 1596573401 -310122598/1219226322/908/7/9 INPUT 3 0 85 v:124
4/08/2020 8:36:51 PM,252 Event OK
4/08/2020 8:36:52 PM,EVENT 47982 1596573403 -310122691/1219226775/918/7/8 INPUT 3 1 0 v:124
4/08/2020 8:36:52 PM,252 Event OK
4/08/2020 8:36:52 PM,QUIT
4/08/2020 8:36:52 PM,221 Session ended - goodbye
4/08/2020 8:37:03 PM,UNIT 9279
4/08/2020 8:37:03 PM,333 CHAL 4A01C535
4/08/2020 8:37:03 PM,RESP 5CB9EE4B
4/08/2020 8:37:03 PM,230 Auth OK
4/08/2020 8:37:04 PM,TIME
4/08/2020 8:37:04 PM,211 TIME 1596573424
4/08/2020 8:37:05 PM,EVCOUNT 6
4/08/2020 8:37:05 PM,252 Event OK
4/08/2020 8:37:05 PM,TODO
4/08/2020 8:37:05 PM,226 Nothing to do
4/08/2020 8:37:06 PM,EVENT 47983 1596573410 -310121825/1219228332/907/0/9 INPUT 3 0 7 v:124
4/08/2020 8:37:06 PM,252 Event OK
4/08/2020 8:37:07 PM,EVENT 47984 1596573411 -310121643/1219228623/902/0/8 INPUT 7 1 0 v:124
4/08/2020 8:37:07 PM,252 Event OK
4/08/2020 8:37:07 PM,EVENT 47985 1596573411 -310121643/1219228623/902/0/8 INPUT 8 0 411 v:124
4/08/2020 8:37:07 PM,252 Event OK
4/08/2020 8:37:08 PM,EVENT 47986 1596573412 -310121542/1219228811/898/0/8 INPUT 1 1 0 v:124
4/08/2020 8:37:08 PM,252 Event OK
4/08/2020 8:37:09 PM,EVENT 47987 1596573413 -310121505/1219228880/900/0/3 INPUT 4 0 135 v:124
4/08/2020 8:37:09 PM,252 Event OK
4/08/2020 8:37:10 PM,EVENT 47988 1596573416 -310121475/1219228960/877/0/0 TRIP 47969 134 261 10 7 405 v:124
4/08/2020 8:37:10 PM,252 Event OK
4/08/2020 8:37:10 PM,QUIT
4/08/2020 8:37:10 PM,221 Session ended - goodbye
4/08/2020 9:09:44 PM,UNIT 9279
4/08/2020 9:09:44 PM,333 CHAL 3166D5C8
4/08/2020 9:09:45 PM,RESP 95A6BB93
4/08/2020 9:09:45 PM,230 Auth OK
4/08/2020 9:09:45 PM,TIME
4/08/2020 9:09:45 PM,211 TIME 1596575385
4/08/2020 9:09:46 PM,EVCOUNT 13
4/08/2020 9:09:46 PM,252 Event OK
4/08/2020 9:09:47 PM,TODO
4/08/2020 9:09:47 PM,226 Nothing to do
4/08/2020 9:09:47 PM,EVENT 47989 1596575337 0/0/0/0/0 SWSTART OpusFC 5.0.58.517 R v:124
4/08/2020 9:09:47 PM,252 Event OK
4/08/2020 9:09:48 PM,EVENT 47990 1596573416 0/0/0/0/0 POWERDOWN v:124
4/08/2020 9:09:48 PM,252 Event OK
4/08/2020 9:09:48 PM,EVENT 47991 1596575337 0/0/0/0/0 INPUT 1 1 0 v:124
4/08/2020 9:09:48 PM,252 Event OK
4/08/2020 9:09:48 PM,EVENT 47992 1596575337 0/0/0/0/0 INPUT 2 0 0 v:124
4/08/2020 9:09:48 PM,252 Event OK
4/08/2020 9:09:49 PM,EVENT 47993 1596575337 0/0/0/0/0 INPUT 3 0 0 v:124
4/08/2020 9:09:49 PM,252 Event OK
4/08/2020 9:09:50 PM,EVENT 47994 1596575337 0/0/0/0/0 INPUT 4 0 0 v:124
4/08/2020 9:09:50 PM,252 Event OK
4/08/2020 9:09:50 PM,EVENT 47995 1596575337 0/0/0/0/0 INPUT 7 0 0 v:124
4/08/2020 9:09:50 PM,252 Event OK
4/08/2020 9:09:50 PM,EVENT 47996 1596575337 0/0/0/0/0 INPUT 8 1 0 v:124
4/08/2020 9:09:50 PM,252 Event OK
4/08/2020 9:09:52 PM,EVENT 47997 1596575338 0/0/0/0/0 ZONE_OK 2 100 FW=NO VERSION v:124
4/08/2020 9:09:52 PM,252 Event OK
4/08/2020 9:09:53 PM,EVENT 47998 1596575350 0/0/0/0/0 SIGNON 2520 03dbed13 OK 26 120976 0 v:124
4/08/2020 9:09:53 PM,252 Event OK
4/08/2020 9:09:54 PM,EVENT 47999 1596575356 0/0/0/99/0 INPUT 4 1 0 v:124
4/08/2020 9:09:54 PM,252 Event OK
4/08/2020 9:09:54 PM,EVENT 48000 1596575356 0/0/0/99/0 INPUT 1 0 20 v:124
4/08/2020 9:09:54 PM,252 Event OK
4/08/2020 9:09:55 PM,EVENT 48001 1596575372 -310120859/1219229978/3870/0/7 INPUT 3 1 0 v:124
4/08/2020 9:09:55 PM,252 Event OK
4/08/2020 9:09:55 PM,QUIT
4/08/2020 9:09:55 PM,221 Session ended - goodbye
4/08/2020 9:11:17 PM,UNIT 9279
4/08/2020 9:11:17 PM,333 CHAL 1D554123
4/08/2020 9:11:17 PM,RESP A4286E1F
4/08/2020 9:11:17 PM,230 Auth OK
4/08/2020 9:11:18 PM,TIME
4/08/2020 9:11:18 PM,211 TIME 1596575478
4/08/2020 9:11:18 PM,EVCOUNT 5
4/08/2020 9:11:18 PM,252 Event OK
4/08/2020 9:11:19 PM,TODO
4/08/2020 9:11:19 PM,226 Nothing to do
4/08/2020 9:11:19 PM,EVENT 48002 1596575468 -310143266/1219230887/1046/9/10 INPUT 3 0 97 v:124
4/08/2020 9:11:19 PM,252 Event OK
4/08/2020 9:11:20 PM,EVENT 48003 1596575472 -310143518/1219230925/1042/9/2 INPUT 7 1 0 v:124
4/08/2020 9:11:20 PM,252 Event OK
4/08/2020 9:11:21 PM,EVENT 48004 1596575472 -310143518/1219230925/1042/9/2 INPUT 8 0 135 v:124
4/08/2020 9:11:21 PM,252 Event OK
4/08/2020 9:11:21 PM,EVENT 48005 1596575473 -310143520/1219230931/1045/9/0 INPUT 1 1 0 v:124
4/08/2020 9:11:21 PM,252 Event OK
4/08/2020 9:11:22 PM,EVENT 48006 1596575473 -310143520/1219230934/1045/9/0 INPUT 4 0 118 v:124
4/08/2020 9:11:22 PM,252 Event OK
4/08/2020 9:11:23 PM,EVENT 48007 1596575475 -310143523/1219230940/1044/9/0 INPUT 4 1 0 v:124
4/08/2020 9:11:23 PM,252 Event OK
4/08/2020 9:11:23 PM,EVENT 48008 1596575476 -310143524/1219230954/1031/9/0 TRIP 47998 97 23 7 6 127 v:123
4/08/2020 9:11:23 PM,252 Event OK
4/08/2020 9:11:24 PM,EVENT 48009 1596575477 -310143524/1219230954/1031/9/0 INPUT 4 0 2 v:124
4/08/2020 9:11:24 PM,252 Event OK
4/08/2020 9:11:25 PM,QUIT
4/08/2020 9:11:25 PM,221 Session ended - goodbye
4/08/2020 9:12:07 PM,UNIT 9279
4/08/2020 9:12:07 PM,333 CHAL 1A5A4523
4/08/2020 9:12:08 PM,RESP CC2843F9
4/08/2020 9:12:08 PM,230 Auth OK
4/08/2020 9:12:09 PM,TIME
4/08/2020 9:12:09 PM,211 TIME 1596575528
4/08/2020 9:12:09 PM,EVCOUNT 1
4/08/2020 9:12:09 PM,252 Event OK
4/08/2020 9:12:10 PM,TODO
4/08/2020 9:12:10 PM,226 Nothing to do
4/08/2020 9:12:10 PM,EVENT 48010 1596575522 -310143474/1219231038/999/4/0 REPORT * 0 182 v:124
4/08/2020 9:12:10 PM,252 Event OK
4/08/2020 9:12:11 PM,QUIT
4/08/2020 9:12:11 PM,221 Session ended - goodbye
4/08/2020 10:25:49 PM,UNIT 9279
4/08/2020 10:25:49 PM,333 CHAL 445CBECC
4/08/2020 10:25:49 PM,RESP E9BBF61C
4/08/2020 10:25:49 PM,230 Auth OK
4/08/2020 10:25:50 PM,TIME
4/08/2020 10:25:50 PM,211 TIME 1596579950
4/08/2020 10:25:50 PM,EVCOUNT 10
4/08/2020 10:25:50 PM,252 Event OK
4/08/2020 10:25:50 PM,TODO
4/08/2020 10:25:50 PM,226 Nothing to do
4/08/2020 10:25:50 PM,EVENT 48011 1596579923 -310143474/1219231038/999/0/0 SWSTART OpusFC 5.0.58.517 R v:123
4/08/2020 10:25:50 PM,252 Event OK
4/08/2020 10:25:51 PM,EVENT 48012 1596575476 0/0/0/0/0 POWERDOWN v:123
4/08/2020 10:25:51 PM,252 Event OK
4/08/2020 10:25:51 PM,EVENT 48013 1596579923 0/0/0/0/0 INPUT 1 1 0 v:123
4/08/2020 10:25:51 PM,252 Event OK
4/08/2020 10:25:51 PM,EVENT 48014 1596579923 0/0/0/0/0 INPUT 2 0 0 v:123
4/08/2020 10:25:51 PM,252 Event OK
4/08/2020 10:25:52 PM,EVENT 48015 1596579923 0/0/0/0/0 INPUT 3 0 0 v:123
4/08/2020 10:25:52 PM,252 Event OK
4/08/2020 10:25:52 PM,EVENT 48016 1596579923 0/0/0/0/0 INPUT 4 0 0 v:123
4/08/2020 10:25:52 PM,252 Event OK
4/08/2020 10:25:52 PM,EVENT 48017 1596579923 0/0/0/0/0 INPUT 7 0 0 v:123
4/08/2020 10:25:52 PM,252 Event OK
4/08/2020 10:25:52 PM,EVENT 48018 1596579923 0/0/0/0/0 INPUT 8 1 0 v:123
4/08/2020 10:25:52 PM,252 Event OK
4/08/2020 10:25:52 PM,EVENT 48019 1596579925 0/0/0/0/0 ZONE_OK 2 100 FW=NO VERSION v:123
4/08/2020 10:25:52 PM,252 Event OK
4/08/2020 10:25:53 PM,EVENT 48020 1596579932 -310143193/1219230835/5505/0/0 SIGNON 2505 03b1f6ce OK_CL 26 270498 0 v:123
4/08/2020 10:25:53 PM,252 Event OK
4/08/2020 10:25:53 PM,EVENT 48021 1596579947 -310143390/1219231029/1489/4/1 CHECKLIST 48020 OK 0 15 432 F v:123
4/08/2020 10:25:53 PM,252 Event OK
4/08/2020 10:25:53 PM,QUIT
4/08/2020 10:25:53 PM,221 Session ended - goodbye
4/08/2020 10:26:03 PM,UNIT 9279
4/08/2020 10:26:03 PM,333 CHAL 63843B67
4/08/2020 10:26:03 PM,RESP A5539FF6
4/08/2020 10:26:03 PM,230 Auth OK
4/08/2020 10:26:04 PM,TIME
4/08/2020 10:26:04 PM,211 TIME 1596579964
4/08/2020 10:26:04 PM,EVCOUNT 2
4/08/2020 10:26:04 PM,252 Event OK
4/08/2020 10:26:05 PM,TODO
4/08/2020 10:26:05 PM,226 Nothing to do
4/08/2020 10:26:05 PM,EVENT 48022 1596579954 -310143393/1219231021/1266/0/0 INPUT 1 0 31 v:123
4/08/2020 10:26:05 PM,252 Event OK
4/08/2020 10:26:06 PM,EVENT 48023 1596579955 -310143393/1219231022/1254/0/0 INPUT 4 1 0 v:123
4/08/2020 10:26:06 PM,252 Event OK
4/08/2020 10:26:07 PM,QUIT
4/08/2020 10:26:07 PM,221 Session ended - goodbye
4/08/2020 10:26:47 PM,UNIT 9279
4/08/2020 10:26:47 PM,333 CHAL 7A363990
4/08/2020 10:26:47 PM,RESP 3B6AFD7E
4/08/2020 10:26:47 PM,230 Auth OK
4/08/2020 10:26:48 PM,TIME
4/08/2020 10:26:48 PM,211 TIME 1596580008
4/08/2020 10:26:49 PM,EVCOUNT 2
4/08/2020 10:26:49 PM,252 Event OK
4/08/2020 10:26:49 PM,TODO
4/08/2020 10:26:49 PM,226 Nothing to do
4/08/2020 10:26:50 PM,EVENT 48024 1596580000 -310143342/1219230920/764/4/0 INPUT 4 0 46 v:123
4/08/2020 10:26:50 PM,252 Event OK
4/08/2020 10:26:51 PM,EVENT 48025 1596580000 -310143342/1219230920/764/4/0 INPUT 4 1 0 v:123
4/08/2020 10:26:51 PM,252 Event OK
4/08/2020 10:26:51 PM,QUIT
4/08/2020 10:26:51 PM,221 Session ended - goodbye
4/08/2020 10:30:16 PM,UNIT 9279
4/08/2020 10:30:16 PM,333 CHAL 1305A3CC
4/08/2020 10:30:17 PM,RESP E831CB1F
4/08/2020 10:30:17 PM,230 Auth OK
4/08/2020 10:30:17 PM,TIME
4/08/2020 10:30:17 PM,211 TIME 1596580217
4/08/2020 10:30:18 PM,EVCOUNT 2
4/08/2020 10:30:18 PM,252 Event OK
4/08/2020 10:30:18 PM,TODO
4/08/2020 10:30:18 PM,226 Nothing to do
4/08/2020 10:30:19 PM,EVENT 48026 1596580209 -310143403/1219230907/786/4/0 INPUT 4 0 209 v:124
4/08/2020 10:30:19 PM,252 Event OK
4/08/2020 10:30:20 PM,EVENT 48027 1596580209 -310143403/1219230907/786/4/0 INPUT 4 1 0 v:124
4/08/2020 10:30:20 PM,252 Event OK
4/08/2020 10:30:21 PM,QUIT
4/08/2020 10:30:21 PM,221 Session ended - goodbye
4/08/2020 10:30:31 PM,UNIT 9279
4/08/2020 10:30:31 PM,333 CHAL 1CD1FBB0
4/08/2020 10:30:31 PM,RESP 481991D5
4/08/2020 10:30:31 PM,230 Auth OK
4/08/2020 10:30:32 PM,TIME
4/08/2020 10:30:32 PM,211 TIME 1596580232
4/08/2020 10:30:32 PM,EVCOUNT 4
4/08/2020 10:30:32 PM,252 Event OK
4/08/2020 10:30:33 PM,TODO
4/08/2020 10:30:33 PM,226 Nothing to do
4/08/2020 10:30:34 PM,EVENT 48028 1596580217 -310143374/1219230893/789/4/0 INPUT 4 0 8 v:123
4/08/2020 10:30:34 PM,252 Event OK
4/08/2020 10:30:35 PM,EVENT 48029 1596580218 -310143374/1219230893/789/4/0 INPUT 4 1 0 v:123
4/08/2020 10:30:35 PM,252 Event OK
4/08/2020 10:30:36 PM,EVENT 48030 1596580221 -310143039/1219230776/796/4/3 INPUT 4 0 4 v:123
4/08/2020 10:30:36 PM,252 Event OK
4/08/2020 10:30:37 PM,EVENT 48031 1596580221 -310143039/1219230776/796/4/4 INPUT 4 1 0 v:123
4/08/2020 10:30:37 PM,252 Event OK
4/08/2020 10:30:38 PM,EVENT 48032 1596580229 -310143005/1219230850/818/3/6 INPUT 3 1 0 v:123
4/08/2020 10:30:38 PM,252 Event OK
4/08/2020 10:30:39 PM,QUIT
4/08/2020 10:30:39 PM,221 Session ended - goodbye
5/08/2020 8:47:15 AM,UNIT 9279
5/08/2020 8:47:15 AM,333 CHAL 53FAC548
5/08/2020 8:47:16 AM,RESP 025924BF
5/08/2020 8:47:16 AM,230 Auth OK
5/08/2020 8:47:16 AM,TIME
5/08/2020 8:47:16 AM,211 TIME 1596617236
5/08/2020 8:47:16 AM,EVCOUNT 573
5/08/2020 8:47:16 AM,252 Event OK
5/08/2020 8:47:17 AM,TODO
5/08/2020 8:47:17 AM,226 Nothing to do
5/08/2020 8:47:17 AM,EVENT 48033 1596580304 -310121625/1219229251/920/5/10 INPUT 3 0 75 v:124
5/08/2020 8:47:17 AM,252 Event OK
5/08/2020 8:47:18 AM,EVENT 48034 1596580307 -310121828/1219228953/898/5/1 INPUT 7 1 0 v:124
5/08/2020 8:47:18 AM,252 Event OK
5/08/2020 8:47:18 AM,EVENT 48035 1596580308 -310121828/1219228953/898/5/1 INPUT 8 0 384 v:124
5/08/2020 8:47:18 AM,252 Event OK
5/08/2020 8:47:18 AM,EVENT 48036 1596580309 -310121829/1219228947/896/5/0 INPUT 1 1 0 v:123
5/08/2020 8:47:18 AM,252 Event OK
5/08/2020 8:47:19 AM,EVENT 48037 1596580311 -310121826/1219228934/893/5/0 INPUT 4 0 89 v:123
5/08/2020 8:47:19 AM,252 Event OK
5/08/2020 8:47:19 AM,EVENT 48038 1596580312 -310121820/1219228922/892/5/0 TRIP 48020 75 281 12 10 368 v:123
5/08/2020 8:47:19 AM,252 Event OK
5/08/2020 8:47:20 AM,EVENT 48039 1596580352 -310121821/1219228833/848/0/0 REPORT * 0 229 v:123
5/08/2020 8:47:20 AM,252 Event OK
5/08/2020 8:47:20 AM,EVENT 48040 1596581305 -310121922/1219228825/817/0/0 INPUT 8 1 0 v:123
5/08/2020 8:47:20 AM,252 Event OK
5/08/2020 8:47:20 AM,EVENT 48041 1596581305 -310121922/1219228825/817/0/0 INPUT 7 0 997 v:124
5/08/2020 8:47:20 AM,252 Event OK
5/08/2020 8:47:21 AM,EVENT 48042 1596581313 -310121917/1219228782/858/0/0 SIGNON 2505 03b1f6ce OK 26 270498 0 v:123
5/08/2020 8:47:21 AM,252 Event OK
5/08/2020 8:47:22 AM,EVENT 48043 1596581319 -310121919/1219228785/912/0/0 INPUT 4 1 0 v:123
5/08/2020 8:47:22 AM,252 Event OK
5/08/2020 8:47:22 AM,EVENT 48044 1596581319 -310121919/1219228785/916/0/0 INPUT 1 0 1011 v:124
5/08/2020 8:47:22 AM,252 Event OK
5/08/2020 8:47:22 AM,EVENT 48045 1596581321 -310121920/1219228743/909/0/0 INPUT 4 0 3 v:123
5/08/2020 8:47:22 AM,252 Event OK
5/08/2020 8:47:23 AM,EVENT 48046 1596581322 -310121936/1219228703/907/0/0 INPUT 4 1 0 v:123
5/08/2020 8:47:23 AM,252 Event OK
5/08/2020 8:47:24 AM,EVENT 48047 1596581324 -310122089/1219228294/889/0/6 INPUT 3 1 0 v:124
5/08/2020 8:47:24 AM,252 Event OK
5/08/2020 8:47:25 AM,EVENT 48048 1596581862 0/0/0/0/9 INPUT 3 0 537 v:124
5/08/2020 8:47:25 AM,252 Event OK
5/08/2020 8:47:25 AM,EVENT 48049 1596581875 0/0/0/0/0 INPUT 4 0 554 v:124
5/08/2020 8:47:25 AM,252 Event OK
5/08/2020 8:47:32 AM,EVENT 48050 1596581876 0/0/0/0/0 INPUT 4 1 0 v:124
5/08/2020 8:47:32 AM,252 Event OK
5/08/2020 8:47:34 AM,EVENT 48051 1596581884 0/0/0/0/5 INPUT 4 0 9 v:124
5/08/2020 8:47:34 AM,252 Event OK
5/08/2020 8:47:36 AM,EVENT 48052 1596581885 0/0/0/0/4 INPUT 4 1 0 v:124
5/08/2020 8:47:36 AM,252 Event OK
5/08/2020 8:47:37 AM,EVENT 48053 1596581886 0/0/0/0/5 INPUT 3 1 0 v:124
5/08/2020 8:47:37 AM,252 Event OK
5/08/2020 8:47:37 AM,EVENT 48054 1596581940 0/0/0/0/10 INPUT 3 0 53 v:124
5/08/2020 8:47:37 AM,252 Event OK
5/08/2020 8:47:38 AM,EVENT 48055 1596581943 0/0/0/0/0 INPUT 4 0 59 v:124
5/08/2020 8:47:38 AM,252 Event OK
5/08/2020 8:47:39 AM,EVENT 48056 1596581943 0/0/0/0/0 INPUT 4 1 0 v:124
5/08/2020 8:47:39 AM,252 Event OK
5/08/2020 8:48:11 AM,UNIT 9279
5/08/2020 8:48:11 AM,333 CHAL 1A4A2057
5/08/2020 8:48:11 AM,RESP 2DFABB9A
5/08/2020 8:48:11 AM,230 Auth OK
5/08/2020 8:48:12 AM,TIME
5/08/2020 8:48:12 AM,211 TIME 1596617292
5/08/2020 8:48:12 AM,EVCOUNT 552
5/08/2020 8:48:12 AM,252 Event OK
5/08/2020 8:48:13 AM,TODO
5/08/2020 8:48:13 AM,226 Nothing to do
5/08/2020 8:48:35 AM,EVENT 48056 1596581943 0/0/0/0/0 INPUT 4 1 0 v:124
5/08/2020 8:48:35 AM,253 Event OK - Duplicate
5/08/2020 8:48:55 AM,EVENT 48057 1596581981 0/0/0/0/6 INPUT 3 1 0 v:124
5/08/2020 8:48:55 AM,252 Event OK
5/08/2020 8:48:55 AM,EVENT 48058 1596582182 0/0/0/0/23 REPORT 48042 0 0 v:124
5/08/2020 8:48:55 AM,252 Event OK
5/08/2020 8:48:56 AM,EVENT 48059 1596582239 0/0/0/0/11 INPUT 3 0 258 v:124
5/08/2020 8:48:56 AM,252 Event OK
5/08/2020 8:48:57 AM,EVENT 48060 1596582246 0/0/0/0/0 INPUT 4 0 303 v:124
5/08/2020 8:48:57 AM,252 Event OK
5/08/2020 8:48:57 AM,EVENT 48061 1596582246 0/0/0/0/0 INPUT 4 1 0 v:124
5/08/2020 8:48:57 AM,252 Event OK
5/08/2020 8:48:58 AM,EVENT 48062 1596582263 0/0/0/0/0 INPUT 1 1 0 v:124
5/08/2020 8:48:58 AM,252 Event OK
5/08/2020 8:48:58 AM,EVENT 48063 1596582264 0/0/0/0/0 INPUT 4 0 18 v:124
5/08/2020 8:48:58 AM,252 Event OK
5/08/2020 8:48:59 AM,EVENT 48064 1596582273 0/0/0/0/0 INPUT 1 0 10 v:124
5/08/2020 8:48:59 AM,252 Event OK
5/08/2020 8:49:00 AM,EVENT 48065 1596582273 0/0/0/0/0 INPUT 4 1 0 v:124
5/08/2020 8:49:00 AM,252 Event OK
5/08/2020 8:49:00 AM,EVENT 48066 1596582313 0/0/0/0/0 INPUT 4 0 40 v:124
5/08/2020 8:49:00 AM,252 Event OK
5/08/2020 8:49:01 AM,EVENT 48067 1596582313 0/0/0/0/0 INPUT 4 1 0 v:124
5/08/2020 8:49:01 AM,252 Event OK
5/08/2020 8:49:02 AM,EVENT 48068 1596582327 0/0/0/0/4 INPUT 3 1 0 v:124
5/08/2020 8:49:02 AM,252 Event OK
5/08/2020 8:49:02 AM,EVENT 48069 1596582378 0/0/0/0/11 INPUT 3 0 51 v:124
5/08/2020 8:49:02 AM,252 Event OK
5/08/2020 8:49:03 AM,EVENT 48070 1596582387 0/0/0/0/0 INPUT 4 0 74 v:124
5/08/2020 8:49:03 AM,252 Event OK
5/08/2020 8:49:04 AM,EVENT 48071 1596582388 0/0/0/0/0 INPUT 4 1 0 v:124
5/08/2020 8:49:04 AM,252 Event OK
5/08/2020 8:49:04 AM,EVENT 48072 1596582441 0/0/0/0/5 INPUT 3 1 0 v:124
5/08/2020 8:49:04 AM,252 Event OK
5/08/2020 8:49:05 AM,EVENT 48073 1596582535 0/0/0/0/13 INPUT 3 0 93 v:124
5/08/2020 8:49:05 AM,252 Event OK
5/08/2020 8:49:06 AM,EVENT 48074 1596582540 0/0/0/0/6 INPUT 3 1 0 v:124
5/08/2020 8:49:06 AM,252 Event OK
5/08/2020 8:49:07 AM,EVENT 48075 1596582570 0/0/0/0/12 INPUT 3 0 31 v:124
5/08/2020 8:49:07 AM,252 Event OK
5/08/2020 8:49:07 AM,EVENT 48076 1596582591 0/0/0/0/2 INPUT 4 0 204 v:124
5/08/2020 8:49:07 AM,252 Event OK
5/08/2020 8:49:08 AM,EVENT 48077 1596582591 0/0/0/0/3 INPUT 4 1 0 v:124
5/08/2020 8:49:08 AM,252 Event OK
5/08/2020 8:49:09 AM,EVENT 48078 1596582625 0/0/0/0/5 INPUT 3 1 0 v:124
5/08/2020 8:49:09 AM,252 Event OK
5/08/2020 8:49:11 AM,EVENT 48079 1596582749 0/0/0/0/13 INPUT 3 0 123 v:124
5/08/2020 8:49:11 AM,252 Event OK
5/08/2020 8:49:12 AM,EVENT 48080 1596582750 0/0/0/0/6 INPUT 7 1 0 v:124
5/08/2020 8:49:12 AM,252 Event OK
5/08/2020 8:49:19 AM,EVENT 48081 1596582750 0/0/0/0/6 INPUT 8 0 1446 v:124
5/08/2020 8:49:19 AM,252 Event OK
5/08/2020 8:49:25 AM,EVENT 48082 1596582751 0/0/0/0/3 INPUT 1 1 0 v:124
5/08/2020 8:49:25 AM,252 Event OK
5/08/2020 8:49:26 AM,EVENT 48083 1596582752 0/0/0/0/2 INPUT 4 0 160 v:124
5/08/2020 8:49:26 AM,252 Event OK
5/08/2020 8:49:26 AM,EVENT 48084 1596582753 0/0/0/0/1 INPUT 4 1 0 v:124
5/08/2020 8:49:26 AM,252 Event OK
5/08/2020 8:49:27 AM,EVENT 48085 1596582754 0/0/0/0/0 INPUT 4 0 2 v:124
5/08/2020 8:49:27 AM,252 Event OK
5/08/2020 8:49:27 AM,EVENT 48086 1596582755 0/0/0/0/0 TRIP 48042 1146 280 17 9 1443 v:124
5/08/2020 8:49:27 AM,252 Event OK
5/08/2020 8:49:27 AM,EVENT 48087 1596582823 0/0/0/0/0 INPUT 8 1 0 v:124
5/08/2020 8:49:27 AM,252 Event OK
5/08/2020 8:49:27 AM,EVENT 48088 1596582823 0/0/0/0/0 INPUT 7 0 72 v:124
5/08/2020 8:49:27 AM,252 Event OK
5/08/2020 8:49:28 AM,EVENT 48089 1596582962 0/0/0/0/0 SIGNON 2507 03bbecf6 OK 26 220984 0 v:124
5/08/2020 8:49:28 AM,252 Event OK
5/08/2020 8:49:30 AM,EVENT 48090 1596582968 0/0/0/0/0 INPUT 1 0 217 v:124
5/08/2020 8:49:30 AM,252 Event OK
5/08/2020 8:49:30 AM,EVENT 48091 1596582969 0/0/0/0/0 INPUT 4 1 0 v:124
5/08/2020 8:49:30 AM,252 Event OK
5/08/2020 8:49:31 AM,EVENT 48092 1596582976 0/0/0/0/5 INPUT 3 1 0 v:124
5/08/2020 8:49:31 AM,252 Event OK
5/08/2020 8:49:31 AM,EVENT 48093 1596582998 0/0/0/0/10 INPUT 3 0 22 v:124
5/08/2020 8:49:31 AM,252 Event OK
5/08/2020 8:49:32 AM,EVENT 48094 1596582999 0/0/0/0/7 INPUT 4 0 31 v:124
5/08/2020 8:49:32 AM,252 Event OK
5/08/2020 8:49:32 AM,EVENT 48095 1596582999 0/0/0/0/6 INPUT 4 1 0 v:124
5/08/2020 8:49:32 AM,252 Event OK
5/08/2020 8:49:33 AM,EVENT 48096 1596583004 0/0/0/0/0 INPUT 4 0 5 v:124
5/08/2020 8:49:33 AM,252 Event OK
5/08/2020 8:49:33 AM,EVENT 48097 1596583004 0/0/0/0/0 INPUT 4 1 0 v:124
5/08/2020 8:49:33 AM,252 Event OK
5/08/2020 8:49:34 AM,EVENT 48098 1596583027 0/0/0/99/1 INPUT 4 0 23 v:124
5/08/2020 8:49:34 AM,252 Event OK
5/08/2020 8:49:35 AM,EVENT 48099 1596583028 0/0/0/99/0 INPUT 4 1 0 v:124
5/08/2020 8:49:35 AM,252 Event OK
5/08/2020 8:49:35 AM,EVENT 48100 1596583032 0/0/0/99/3 INPUT 3 1 0 v:124
5/08/2020 8:49:35 AM,252 Event OK
5/08/2020 8:49:36 AM,EVENT 48101 1596583076 0/0/0/0/9 INPUT 3 0 44 v:124
5/08/2020 8:49:36 AM,252 Event OK
5/08/2020 8:49:36 AM,EVENT 48102 1596583078 0/0/0/0/8 INPUT 3 1 0 v:124
5/08/2020 8:49:36 AM,252 Event OK
5/08/2020 8:49:37 AM,EVENT 48103 1596583331 0/0/0/0/11 INPUT 3 0 253 v:124
5/08/2020 8:49:37 AM,252 Event OK
5/08/2020 8:49:38 AM,EVENT 48104 1596583382 0/0/0/99/7 INPUT 3 1 0 v:124
5/08/2020 8:49:38 AM,252 Event OK
5/08/2020 8:49:40 AM,EVENT 48105 1596583384 0/0/0/99/10 INPUT 3 0 3 v:124
5/08/2020 8:49:40 AM,252 Event OK
5/08/2020 8:49:53 AM,EVENT 48106 1596583387 0/0/0/0/7 INPUT 3 1 0 v:124
5/08/2020 8:49:53 AM,252 Event OK
5/08/2020 8:49:53 AM,EVENT 48107 1596583406 0/0/0/0/9 INPUT 3 0 19 v:124
5/08/2020 8:49:53 AM,252 Event OK
5/08/2020 8:49:54 AM,EVENT 48108 1596583410 0/0/0/0/8 INPUT 3 1 0 v:124
5/08/2020 8:49:54 AM,252 Event OK
5/08/2020 8:49:57 AM,EVENT 48109 1596583413 0/0/0/0/9 INPUT 3 0 3 v:124
5/08/2020 8:49:57 AM,252 Event OK
5/08/2020 8:49:57 AM,EVENT 48110 1596583431 0/0/0/0/0 INPUT 4 0 404 v:124
5/08/2020 8:49:57 AM,252 Event OK
5/08/2020 8:50:04 AM,EVENT 48111 1596583431 0/0/0/0/0 INPUT 4 1 0 v:124
5/08/2020 8:50:04 AM,252 Event OK
5/08/2020 8:50:04 AM,EVENT 48112 1596583462 0/0/0/0/0 INPUT 4 0 31 v:124
5/08/2020 8:50:04 AM,252 Event OK
5/08/2020 8:50:04 AM,EVENT 48113 1596583462 0/0/0/0/0 INPUT 4 1 0 v:124
5/08/2020 8:50:04 AM,252 Event OK
5/08/2020 8:50:05 AM,EVENT 48114 1596583478 0/0/0/0/0 INPUT 7 1 0 v:124
5/08/2020 8:50:05 AM,252 Event OK
5/08/2020 8:50:05 AM,EVENT 48115 1596583478 0/0/0/0/0 INPUT 8 0 655 v:124
5/08/2020 8:50:05 AM,252 Event OK
5/08/2020 8:50:05 AM,EVENT 48116 1596583479 0/0/0/0/0 INPUT 1 1 0 v:124
5/08/2020 8:50:05 AM,252 Event OK
5/08/2020 8:50:05 AM,EVENT 48117 1596583482 0/0/0/0/0 TRIP 48089 344 170 7 7 521 v:124
5/08/2020 8:50:05 AM,252 Event OK
5/08/2020 8:50:06 AM,EVENT 48118 1596583483 0/0/0/0/0 INPUT 4 0 20 v:124
5/08/2020 8:50:06 AM,252 Event OK
5/08/2020 8:50:06 AM,EVENT 48119 1596583612 0/0/0/0/0 INPUT 8 1 0 v:124
5/08/2020 8:50:06 AM,252 Event OK
5/08/2020 8:50:06 AM,EVENT 48120 1596583612 0/0/0/0/0 INPUT 7 0 134 v:124
5/08/2020 8:50:06 AM,252 Event OK
5/08/2020 8:50:06 AM,EVENT 48121 1596583621 0/0/0/0/0 SIGNON 2507 03bbecf6 OK 26 220984 0 v:124
5/08/2020 8:50:06 AM,252 Event OK
5/08/2020 8:50:09 AM,EVENT 48122 1596583627 0/0/0/0/0 INPUT 1 0 148 v:124
5/08/2020 8:50:09 AM,252 Event OK
5/08/2020 8:50:10 AM,EVENT 48123 1596583627 0/0/0/0/0 INPUT 4 1 0 v:124
5/08/2020 8:50:10 AM,252 Event OK
5/08/2020 8:50:10 AM,EVENT 48124 1596583640 0/0/0/0/1 INPUT 4 0 13 v:124
5/08/2020 8:50:10 AM,252 Event OK
5/08/2020 8:50:10 AM,EVENT 48125 1596583640 0/0/0/0/1 INPUT 4 1 0 v:124
5/08/2020 8:50:10 AM,252 Event OK
5/08/2020 8:50:11 AM,EVENT 48126 1596583643 0/0/0/0/0 INPUT 4 0 3 v:124
5/08/2020 8:50:11 AM,252 Event OK
5/08/2020 8:50:11 AM,EVENT 48127 1596583643 0/0/0/0/0 INPUT 4 1 0 v:124
5/08/2020 8:50:11 AM,252 Event OK
5/08/2020 8:50:23 AM,EVENT 48128 1596583679 0/0/0/0/6 INPUT 3 1 0 v:124
5/08/2020 8:50:23 AM,252 Event OK
5/08/2020 8:50:24 AM,EVENT 48129 1596583681 0/0/0/0/10 INPUT 3 0 3 v:124
5/08/2020 8:50:24 AM,252 Event OK
5/08/2020 8:50:25 AM,EVENT 48130 1596583684 0/0/0/0/0 INPUT 4 0 41 v:124
5/08/2020 8:50:25 AM,252 Event OK
5/08/2020 8:50:26 AM,EVENT 48131 1596583684 0/0/0/0/0 INPUT 4 1 0 v:124
5/08/2020 8:50:26 AM,252 Event OK
5/08/2020 8:50:27 AM,EVENT 48132 1596583688 0/0/0/0/3 INPUT 4 0 4 v:124
5/08/2020 8:50:27 AM,252 Event OK
5/08/2020 8:50:29 AM,EVENT 48133 1596583688 0/0/0/0/3 INPUT 4 1 0 v:124
5/08/2020 8:50:29 AM,252 Event OK
5/08/2020 8:50:31 AM,EVENT 48134 1596583703 0/0/0/0/3 INPUT 4 0 15 v:124
5/08/2020 8:50:31 AM,252 Event OK
5/08/2020 8:50:32 AM,EVENT 48135 1596583703 0/0/0/0/2 INPUT 4 1 0 v:124
5/08/2020 8:50:32 AM,252 Event OK
5/08/2020 8:50:33 AM,EVENT 48136 1596583715 0/0/0/99/3 INPUT 4 0 12 v:124
5/08/2020 8:50:33 AM,252 Event OK
5/08/2020 8:50:34 AM,EVENT 48137 1596583715 0/0/0/99/3 INPUT 4 1 0 v:124
5/08/2020 8:50:34 AM,252 Event OK
5/08/2020 8:50:35 AM,EVENT 48138 1596583746 0/0/0/0/0 INPUT 7 1 0 v:124
5/08/2020 8:50:35 AM,252 Event OK
5/08/2020 8:50:36 AM,EVENT 48139 1596583746 0/0/0/0/0 INPUT 8 0 135 v:124
5/08/2020 8:50:36 AM,252 Event OK
5/08/2020 8:50:39 AM,EVENT 48140 1596583747 0/0/0/0/0 INPUT 1 1 0 v:124
5/08/2020 8:50:39 AM,252 Event OK
5/08/2020 8:50:41 AM,EVENT 48141 1596583751 0/0/0/0/0 TRIP 48121 3 121 7 7 131 v:124
5/08/2020 8:50:41 AM,252 Event OK
5/08/2020 8:50:42 AM,EVENT 48142 1596583752 0/0/0/0/0 INPUT 4 0 36 v:124
5/08/2020 8:50:42 AM,252 Event OK
5/08/2020 8:50:44 AM,EVENT 48143 1596595050 0/0/0/0/0 SWSTART OpusFC 5.0.58.517 R v:123
5/08/2020 8:50:44 AM,252 Event OK
5/08/2020 8:50:46 AM,EVENT 48144 1596583751 0/0/0/0/0 POWERDOWN v:124
5/08/2020 8:50:46 AM,252 Event OK
5/08/2020 8:55:40 AM,UNIT 9279
5/08/2020 8:55:40 AM,333 CHAL 1F4E1BCC
5/08/2020 8:55:41 AM,RESP E0CDA4D8
5/08/2020 8:55:41 AM,230 Auth OK
5/08/2020 8:55:41 AM,TIME
5/08/2020 8:55:41 AM,211 TIME 1596617741
5/08/2020 8:55:41 AM,EVCOUNT 478
5/08/2020 8:55:41 AM,252 Event OK
5/08/2020 8:55:41 AM,TODO
5/08/2020 8:55:41 AM,226 Nothing to do
5/08/2020 8:55:42 AM,EVENT 48144 1596583751 0/0/0/0/0 POWERDOWN v:124
5/08/2020 8:55:42 AM,252 Event OK
5/08/2020 8:56:19 AM,UNIT 9279
5/08/2020 8:56:19 AM,333 CHAL 58307368
5/08/2020 8:56:29 AM,RESP 0D76FD9A
5/08/2020 8:56:29 AM,230 Auth OK
5/08/2020 8:56:29 AM,TIME
5/08/2020 8:56:29 AM,211 TIME 1596617789
5/08/2020 8:56:29 AM,EVCOUNT 478
5/08/2020 8:56:29 AM,252 Event OK
5/08/2020 8:56:30 AM,TODO
5/08/2020 8:56:30 AM,226 Nothing to do
5/08/2020 8:56:30 AM,EVENT 48144 1596583751 0/0/0/0/0 POWERDOWN v:124
5/08/2020 8:56:30 AM,252 Event OK
5/08/2020 8:56:31 AM,EVENT 48145 1596595050 0/0/0/0/0 INPUT 1 1 0 v:123
5/08/2020 8:56:31 AM,252 Event OK
5/08/2020 8:56:31 AM,EVENT 48146 1596595050 0/0/0/0/0 INPUT 2 0 0 v:123
5/08/2020 8:56:31 AM,252 Event OK
5/08/2020 8:56:32 AM,EVENT 48147 1596595050 0/0/0/0/0 INPUT 3 0 0 v:124
5/08/2020 8:56:32 AM,252 Event OK
5/08/2020 8:56:32 AM,EVENT 48148 1596595050 0/0/0/0/0 INPUT 4 0 0 v:124
5/08/2020 8:56:32 AM,252 Event OK
5/08/2020 8:56:33 AM,EVENT 48149 1596595050 0/0/0/0/0 INPUT 7 0 0 v:124
5/08/2020 8:56:33 AM,252 Event OK
5/08/2020 8:56:33 AM,EVENT 48150 1596595050 0/0/0/0/0 INPUT 8 1 0 v:124
5/08/2020 8:56:33 AM,252 Event OK
5/08/2020 8:56:33 AM,EVENT 48151 1596595052 0/0/0/0/0 ZONE_OK 2 100 FW=NO VERSION v:124
5/08/2020 8:56:33 AM,252 Event OK
5/08/2020 8:56:34 AM,EVENT 48152 1596595065 0/0/0/99/0 SIGNON 2507 03bbecf6 OK 26 220984 0 v:124
5/08/2020 8:56:34 AM,252 Event OK
5/08/2020 8:56:34 AM,EVENT 48153 1596595071 0/0/0/99/0 INPUT 4 1 0 v:124
5/08/2020 8:56:34 AM,252 Event OK
5/08/2020 8:56:34 AM,EVENT 48154 1596595072 0/0/0/99/0 INPUT 1 0 21 v:124
5/08/2020 8:56:34 AM,252 Event OK
5/08/2020 8:56:35 AM,EVENT 48155 1596595073 0/0/0/99/0 INPUT 4 0 3 v:124
5/08/2020 8:56:35 AM,252 Event OK
5/08/2020 8:56:35 AM,EVENT 48156 1596595073 0/0/0/99/0 INPUT 4 1 0 v:124
5/08/2020 8:56:35 AM,252 Event OK
5/08/2020 8:56:35 AM,EVENT 48157 1596595086 0/0/0/0/3 INPUT 4 0 13 v:124
5/08/2020 8:56:35 AM,252 Event OK
5/08/2020 8:56:36 AM,EVENT 48158 1596595087 0/0/0/0/2 INPUT 4 1 0 v:124
5/08/2020 8:56:36 AM,252 Event OK
5/08/2020 8:56:36 AM,EVENT 48159 1596595098 0/0/0/0/0 INPUT 4 0 12 v:124
5/08/2020 8:56:36 AM,252 Event OK
5/08/2020 8:56:36 AM,EVENT 48160 1596595098 0/0/0/0/0 INPUT 4 1 0 v:124
5/08/2020 8:56:36 AM,252 Event OK
5/08/2020 8:56:37 AM,EVENT 48161 1596595102 0/0/0/0/0 INPUT 7 1 0 v:124
5/08/2020 8:56:37 AM,252 Event OK
5/08/2020 8:56:37 AM,EVENT 48162 1596595102 0/0/0/0/0 INPUT 8 0 52 v:124
5/08/2020 8:56:37 AM,252 Event OK
5/08/2020 8:56:37 AM,EVENT 48163 1596595103 0/0/0/0/0 INPUT 1 1 0 v:124
5/08/2020 8:56:37 AM,252 Event OK
5/08/2020 8:56:38 AM,EVENT 48164 1596595104 0/0/0/0/0 INPUT 4 0 6 v:123
5/08/2020 8:56:38 AM,252 Event OK
5/08/2020 8:56:39 AM,EVENT 48165 1596595107 0/0/0/0/0 TRIP 48152 0 34 9 6 43 v:123
5/08/2020 8:56:39 AM,252 Event OK
5/08/2020 8:56:39 AM,EVENT 48166 1596595113 0/0/0/0/0 REPORT * 0 0 v:124
5/08/2020 8:56:39 AM,252 Event OK
5/08/2020 8:56:41 AM,EVENT 48167 1596603646 0/0/0/0/0 SWSTART OpusFC 5.0.58.517 R v:124
5/08/2020 8:56:41 AM,252 Event OK
5/08/2020 8:56:44 AM,EVENT 48168 1596595107 0/0/0/0/0 POWERDOWN v:123
5/08/2020 8:56:44 AM,252 Event OK
5/08/2020 8:56:44 AM,EVENT 48169 1596603646 0/0/0/0/0 INPUT 1 1 0 v:123
5/08/2020 8:56:44 AM,252 Event OK
5/08/2020 8:56:44 AM,EVENT 48170 1596603646 0/0/0/0/0 INPUT 2 0 0 v:123
5/08/2020 8:56:44 AM,252 Event OK
5/08/2020 8:56:45 AM,EVENT 48171 1596603646 0/0/0/0/0 INPUT 3 0 0 v:123
5/08/2020 8:56:45 AM,252 Event OK
5/08/2020 8:56:45 AM,EVENT 48172 1596603646 0/0/0/0/0 INPUT 4 0 0 v:123
5/08/2020 8:56:45 AM,252 Event OK
5/08/2020 8:56:45 AM,EVENT 48173 1596603646 0/0/0/0/0 INPUT 7 0 0 v:123
5/08/2020 8:56:45 AM,252 Event OK
5/08/2020 8:56:46 AM,EVENT 48174 1596603646 0/0/0/0/0 INPUT 8 1 0 v:123
5/08/2020 8:56:46 AM,252 Event OK
5/08/2020 8:56:47 AM,EVENT 48175 1596603648 0/0/0/0/0 ZONE_OK 2 100 FW=NO VERSION v:123
5/08/2020 8:56:47 AM,252 Event OK
5/08/2020 8:56:47 AM,EVENT 48176 1596603657 0/0/0/0/0 SIGNON 2507 03bbecf6 OK 26 220984 0 v:124
5/08/2020 8:56:47 AM,252 Event OK
5/08/2020 8:56:47 AM,EVENT 48177 1596603663 0/0/0/99/0 INPUT 1 0 17 v:124
5/08/2020 8:56:47 AM,252 Event OK
5/08/2020 8:56:48 AM,EVENT 48178 1596603664 0/0/0/99/0 INPUT 4 1 0 v:124
5/08/2020 8:56:48 AM,252 Event OK
5/08/2020 8:56:48 AM,EVENT 48179 1596603702 0/0/0/0/0 INPUT 4 0 39 v:124
5/08/2020 8:56:48 AM,252 Event OK
5/08/2020 8:56:48 AM,EVENT 48180 1596603702 0/0/0/0/0 INPUT 4 1 0 v:124
5/08/2020 8:56:48 AM,252 Event OK
5/08/2020 8:56:49 AM,EVENT 48181 1596603706 0/0/0/0/0 INPUT 7 1 0 v:124
5/08/2020 8:56:49 AM,252 Event OK
5/08/2020 8:56:49 AM,EVENT 48182 1596603706 0/0/0/0/0 INPUT 8 0 60 v:124
5/08/2020 8:56:49 AM,252 Event OK
5/08/2020 8:56:50 AM,EVENT 48183 1596603708 0/0/0/0/0 INPUT 1 1 0 v:124
5/08/2020 8:56:50 AM,252 Event OK
5/08/2020 8:56:50 AM,EVENT 48184 1596603709 0/0/0/0/0 REPORT 48176 0 0 v:124
5/08/2020 8:56:50 AM,252 Event OK
5/08/2020 8:56:50 AM,EVENT 48185 1596603711 0/0/0/0/0 TRIP 48176 0 48 7 7 55 v:123
5/08/2020 8:56:50 AM,252 Event OK
5/08/2020 8:56:51 AM,EVENT 48186 1596603712 0/0/0/0/0 INPUT 4 0 9 v:123
5/08/2020 8:56:51 AM,252 Event OK
5/08/2020 8:56:51 AM,EVENT 48187 1596603862 0/0/0/0/0 INPUT 8 1 0 v:123
5/08/2020 8:56:51 AM,252 Event OK
5/08/2020 8:56:51 AM,EVENT 48188 1596603862 0/0/0/0/0 INPUT 7 0 156 v:124
5/08/2020 8:56:51 AM,252 Event OK
5/08/2020 8:56:52 AM,EVENT 48189 1596603873 0/0/0/0/0 SIGNON 2507 03bbecf6 OK 26 220984 0 v:124
5/08/2020 8:56:52 AM,252 Event OK
5/08/2020 8:56:53 AM,EVENT 48190 1596603878 0/0/0/0/0 INPUT 7 1 0 v:124
5/08/2020 8:56:53 AM,252 Event OK
5/08/2020 8:56:54 AM,EVENT 48191 1596603879 0/0/0/0/0 INPUT 7 0 0 v:124
5/08/2020 8:56:54 AM,252 Event OK
5/08/2020 8:56:54 AM,EVENT 48192 1596603879 0/0/0/0/0 INPUT 4 1 0 v:124
5/08/2020 8:56:54 AM,252 Event OK
5/08/2020 8:56:54 AM,EVENT 48193 1596603879 0/0/0/0/0 INPUT 1 0 172 v:124
5/08/2020 8:56:54 AM,252 Event OK
5/08/2020 8:56:55 AM,EVENT 48194 1596603913 0/0/0/0/0 INPUT 4 0 35 v:124
5/08/2020 8:56:55 AM,252 Event OK
5/08/2020 8:56:55 AM,EVENT 48195 1596603913 0/0/0/0/0 INPUT 4 1 0 v:124
5/08/2020 8:56:55 AM,252 Event OK
5/08/2020 8:56:56 AM,EVENT 48196 1596603946 0/0/0/0/0 INPUT 4 0 33 v:124
5/08/2020 8:56:56 AM,252 Event OK
5/08/2020 8:56:56 AM,EVENT 48197 1596603946 0/0/0/0/0 INPUT 4 1 0 v:124
5/08/2020 8:56:56 AM,252 Event OK
5/08/2020 8:56:56 AM,EVENT 48198 1596603967 0/0/0/0/0 INPUT 4 0 21 v:124
5/08/2020 8:56:56 AM,252 Event OK
5/08/2020 8:56:56 AM,EVENT 48199 1596603967 0/0/0/0/0 INPUT 4 1 0 v:124
5/08/2020 8:56:56 AM,252 Event OK
5/08/2020 8:56:57 AM,EVENT 48200 1596603988 0/0/0/0/6 INPUT 3 1 0 v:124
5/08/2020 8:56:57 AM,252 Event OK
5/08/2020 8:56:57 AM,EVENT 48201 1596603993 0/0/0/0/13 INPUT 3 0 5 v:124
5/08/2020 8:56:57 AM,252 Event OK
5/08/2020 8:56:57 AM,EVENT 48202 1596603994 0/0/0/0/8 INPUT 3 1 0 v:124
5/08/2020 8:56:57 AM,252 Event OK
5/08/2020 8:56:58 AM,EVENT 48203 1596604091 0/0/0/0/11 INPUT 3 0 97 v:124
5/08/2020 8:56:58 AM,252 Event OK
5/08/2020 8:56:58 AM,EVENT 48204 1596604102 0/0/0/0/5 INPUT 4 0 135 v:124
5/08/2020 8:56:58 AM,252 Event OK
5/08/2020 8:56:58 AM,EVENT 48205 1596604102 0/0/0/0/4 INPUT 4 1 0 v:124
5/08/2020 8:56:58 AM,252 Event OK
5/08/2020 8:56:59 AM,EVENT 48206 1596604111 0/0/0/0/3 INPUT 3 1 0 v:124
5/08/2020 8:56:59 AM,252 Event OK
5/08/2020 8:56:59 AM,EVENT 48207 1596604256 0/0/0/0/17 INPUT 3 0 145 v:124
5/08/2020 8:56:59 AM,252 Event OK
5/08/2020 8:56:59 AM,EVENT 48208 1596604258 0/0/0/0/0 INPUT 3 1 0 v:124
5/08/2020 8:56:59 AM,252 Event OK
5/08/2020 8:57:00 AM,EVENT 48209 1596604262 0/0/0/0/14 INPUT 3 0 3 v:124
5/08/2020 8:57:00 AM,252 Event OK
5/08/2020 8:57:00 AM,EVENT 48210 1596604312 0/0/0/0/0 INPUT 4 0 210 v:124
5/08/2020 8:57:00 AM,252 Event OK
5/08/2020 8:57:00 AM,EVENT 48211 1596604312 0/0/0/0/0 INPUT 4 1 0 v:124
5/08/2020 8:57:00 AM,252 Event OK
5/08/2020 8:57:01 AM,EVENT 48212 1596604322 0/0/0/0/0 INPUT 4 0 10 v:124
5/08/2020 8:57:01 AM,252 Event OK
5/08/2020 8:57:01 AM,EVENT 48213 1596604323 0/0/0/0/0 INPUT 4 1 0 v:124
5/08/2020 8:57:01 AM,252 Event OK
5/08/2020 8:57:01 AM,EVENT 48214 1596604324 0/0/0/0/5 INPUT 3 1 0 v:124
5/08/2020 8:57:01 AM,252 Event OK
5/08/2020 8:57:02 AM,EVENT 48215 1596604342 0/0/0/0/12 INPUT 3 0 19 v:124
5/08/2020 8:57:02 AM,252 Event OK
5/08/2020 8:57:02 AM,EVENT 48216 1596604345 0/0/0/0/6 INPUT 3 1 0 v:124
5/08/2020 8:57:02 AM,252 Event OK
5/08/2020 8:57:03 AM,EVENT 48217 1596604347 0/0/0/0/9 INPUT 3 0 3 v:124
5/08/2020 8:57:03 AM,252 Event OK
5/08/2020 8:57:04 AM,EVENT 48218 1596604348 0/0/0/0/8 INPUT 3 1 0 v:124
5/08/2020 8:57:04 AM,252 Event OK
5/08/2020 8:57:05 AM,EVENT 48219 1596604350 0/0/0/0/9 INPUT 3 0 2 v:124
5/08/2020 8:57:05 AM,252 Event OK
5/08/2020 8:57:05 AM,EVENT 48220 1596604354 0/0/0/0/0 INPUT 4 0 32 v:124
5/08/2020 8:57:05 AM,252 Event OK
5/08/2020 8:57:05 AM,EVENT 48221 1596604354 0/0/0/0/0 INPUT 4 1 0 v:124
5/08/2020 8:57:05 AM,252 Event OK
5/08/2020 8:57:05 AM,EVENT 48222 1596604375 0/0/0/99/0 INPUT 4 0 21 v:124
5/08/2020 8:57:05 AM,252 Event OK
5/08/2020 8:57:06 AM,EVENT 48223 1596604376 0/0/0/99/0 INPUT 4 1 0 v:124
5/08/2020 8:57:06 AM,252 Event OK
5/08/2020 8:57:06 AM,EVENT 48224 1596604379 0/0/0/99/0 INPUT 4 0 4 v:124
5/08/2020 8:57:06 AM,252 Event OK
5/08/2020 8:57:07 AM,EVENT 48225 1596604379 0/0/0/99/0 INPUT 4 1 0 v:124
5/08/2020 8:57:07 AM,252 Event OK
5/08/2020 8:57:09 AM,EVENT 48226 1596604387 0/0/0/0/0 INPUT 4 0 8 v:124
5/08/2020 8:57:09 AM,252 Event OK
5/08/2020 8:57:12 AM,EVENT 48227 1596604388 0/0/0/0/0 INPUT 4 1 0 v:124
5/08/2020 8:57:12 AM,252 Event OK
5/08/2020 8:57:12 AM,EVENT 48228 1596604390 0/0/0/0/0 INPUT 4 0 3 v:124
5/08/2020 8:57:12 AM,252 Event OK
5/08/2020 8:57:13 AM,EVENT 48229 1596604390 0/0/0/0/0 INPUT 4 1 0 v:124
5/08/2020 8:57:13 AM,252 Event OK
5/08/2020 8:57:13 AM,EVENT 48230 1596604410 0/0/0/0/7 INPUT 3 1 0 v:124
5/08/2020 8:57:13 AM,252 Event OK
5/08/2020 8:57:13 AM,EVENT 48231 1596604432 0/0/0/0/9 INPUT 3 0 22 v:124
5/08/2020 8:57:13 AM,252 Event OK
5/08/2020 8:57:14 AM,EVENT 48232 1596604435 0/0/0/0/7 INPUT 3 1 0 v:124
5/08/2020 8:57:14 AM,252 Event OK
5/08/2020 8:57:14 AM,EVENT 48233 1596604438 0/0/0/0/9 INPUT 3 0 4 v:124
5/08/2020 8:57:14 AM,252 Event OK
5/08/2020 8:57:15 AM,EVENT 48234 1596604440 0/0/0/0/0 INPUT 3 1 0 v:124
5/08/2020 8:57:15 AM,252 Event OK
5/08/2020 8:57:16 AM,EVENT 48235 1596604456 0/0/0/0/11 INPUT 3 0 17 v:124
5/08/2020 8:57:16 AM,252 Event OK
5/08/2020 8:57:16 AM,EVENT 48236 1596604477 0/0/0/0/0 INPUT 4 0 87 v:124
5/08/2020 8:57:16 AM,252 Event OK
5/08/2020 8:57:16 AM,EVENT 48237 1596604477 0/0/0/0/0 INPUT 4 1 0 v:124
5/08/2020 8:57:16 AM,252 Event OK
5/08/2020 8:57:17 AM,EVENT 48238 1596604501 0/0/0/0/4 INPUT 3 1 0 v:124
5/08/2020 8:57:17 AM,252 Event OK
5/08/2020 8:57:17 AM,EVENT 48239 1596604581 0/0/0/0/22 INPUT 3 0 80 v:124
5/08/2020 8:57:17 AM,252 Event OK
5/08/2020 8:57:18 AM,EVENT 48240 1596604582 0/0/0/0/11 INPUT 4 0 105 v:124
5/08/2020 8:57:18 AM,252 Event OK
5/08/2020 8:57:18 AM,EVENT 48241 1596604583 0/0/0/0/4 INPUT 4 1 0 v:124
5/08/2020 8:57:18 AM,252 Event OK
5/08/2020 8:57:18 AM,EVENT 48242 1596604588 0/0/0/0/5 INPUT 4 0 6 v:124
5/08/2020 8:57:18 AM,252 Event OK
5/08/2020 8:57:19 AM,EVENT 48243 1596604588 0/0/0/0/4 INPUT 4 1 0 v:124
5/08/2020 8:57:19 AM,252 Event OK
5/08/2020 8:57:19 AM,EVENT 48244 1596604594 0/0/0/0/1 INPUT 4 0 6 v:124
5/08/2020 8:57:19 AM,252 Event OK
5/08/2020 8:57:20 AM,EVENT 48245 1596604594 0/0/0/0/1 INPUT 4 1 0 v:124
5/08/2020 8:57:20 AM,252 Event OK
5/08/2020 8:57:20 AM,EVENT 48246 1596604597 0/0/0/0/3 INPUT 4 0 3 v:124
5/08/2020 8:57:20 AM,252 Event OK
5/08/2020 8:57:20 AM,EVENT 48247 1596604597 0/0/0/0/3 INPUT 4 1 0 v:124
5/08/2020 8:57:20 AM,252 Event OK
5/08/2020 8:57:20 AM,EVENT 48248 1596604603 0/0/0/0/0 INPUT 4 0 6 v:124
5/08/2020 8:57:20 AM,252 Event OK
5/08/2020 8:57:21 AM,EVENT 48249 1596604603 0/0/0/0/0 INPUT 4 1 0 v:124
5/08/2020 8:57:21 AM,252 Event OK
5/08/2020 8:57:22 AM,EVENT 48250 1596604620 0/0/0/0/8 INPUT 3 1 0 v:124
5/08/2020 8:57:22 AM,252 Event OK
5/08/2020 8:57:23 AM,EVENT 48251 1596604721 0/0/0/99/9 INPUT 3 0 101 v:124
5/08/2020 8:57:23 AM,252 Event OK
5/08/2020 8:57:24 AM,EVENT 48252 1596604722 0/0/0/99/8 INPUT 3 1 0 v:124
5/08/2020 8:57:24 AM,252 Event OK
5/08/2020 8:57:29 AM,EVENT 48253 1596604768 0/0/0/0/9 INPUT 3 0 47 v:124
5/08/2020 8:57:29 AM,252 Event OK
5/08/2020 8:57:29 AM,EVENT 48254 1596604778 0/0/0/0/7 INPUT 3 1 0 v:124
5/08/2020 8:57:29 AM,252 Event OK
5/08/2020 8:57:30 AM,EVENT 48255 1596604780 0/0/0/0/9 INPUT 3 0 2 v:124
5/08/2020 8:57:30 AM,252 Event OK
5/08/2020 8:57:30 AM,EVENT 48256 1596604781 0/0/0/0/8 INPUT 3 1 0 v:124
5/08/2020 8:57:30 AM,252 Event OK
5/08/2020 8:57:31 AM,EVENT 48257 1596604782 0/0/0/0/9 INPUT 3 0 2 v:124
5/08/2020 8:57:31 AM,252 Event OK
5/08/2020 8:57:31 AM,EVENT 48258 1596604804 0/0/0/0/7 INPUT 3 1 0 v:124
5/08/2020 8:57:31 AM,252 Event OK
5/08/2020 8:57:32 AM,EVENT 48259 1596604806 0/0/0/0/9 INPUT 3 0 1 v:124
5/08/2020 8:57:32 AM,252 Event OK
5/08/2020 8:57:32 AM,EVENT 48260 1596604815 0/0/0/0/8 INPUT 3 1 0 v:124
5/08/2020 8:57:32 AM,252 Event OK
5/08/2020 8:57:32 AM,EVENT 48261 1596604818 0/0/0/0/9 INPUT 3 0 3 v:124
5/08/2020 8:57:32 AM,252 Event OK
5/08/2020 8:57:33 AM,EVENT 48262 1596604820 0/0/0/0/8 INPUT 3 1 0 v:124
5/08/2020 8:57:33 AM,252 Event OK
5/08/2020 8:57:33 AM,EVENT 48263 1596604821 0/0/0/0/9 INPUT 3 0 1 v:124
5/08/2020 8:57:33 AM,252 Event OK
5/08/2020 8:57:34 AM,EVENT 48264 1596604840 0/0/0/0/0 INPUT 4 0 237 v:124
5/08/2020 8:57:34 AM,252 Event OK
5/08/2020 8:57:34 AM,EVENT 48265 1596604840 0/0/0/0/0 INPUT 4 1 0 v:124
5/08/2020 8:57:34 AM,252 Event OK
5/08/2020 8:57:35 AM,EVENT 48266 1596604849 0/0/0/0/0 INPUT 4 0 9 v:124
5/08/2020 8:57:35 AM,252 Event OK
5/08/2020 8:57:35 AM,EVENT 48267 1596604849 0/0/0/0/0 INPUT 4 1 0 v:124
5/08/2020 8:57:35 AM,252 Event OK
5/08/2020 8:57:36 AM,EVENT 48268 1596604852 0/0/0/0/0 INPUT 4 0 3 v:124
5/08/2020 8:57:36 AM,252 Event OK
5/08/2020 8:57:37 AM,EVENT 48269 1596604852 0/0/0/0/0 INPUT 4 1 0 v:124
5/08/2020 8:57:37 AM,252 Event OK
5/08/2020 8:57:37 AM,EVENT 48270 1596604855 0/0/0/0/0 INPUT 4 0 3 v:124
5/08/2020 8:57:37 AM,252 Event OK
5/08/2020 8:57:38 AM,EVENT 48271 1596604855 0/0/0/0/0 INPUT 4 1 0 v:124
5/08/2020 8:57:38 AM,252 Event OK
5/08/2020 8:57:38 AM,EVENT 48272 1596604860 0/0/0/0/3 INPUT 4 0 5 v:124
5/08/2020 8:57:38 AM,252 Event OK
5/08/2020 8:57:39 AM,EVENT 48273 1596604860 0/0/0/0/3 INPUT 4 1 0 v:124
5/08/2020 8:57:39 AM,252 Event OK
5/08/2020 8:57:39 AM,EVENT 48274 1596604865 0/0/0/0/3 INPUT 4 0 5 v:124
5/08/2020 8:57:39 AM,252 Event OK
5/08/2020 8:57:40 AM,EVENT 48275 1596604865 0/0/0/0/3 INPUT 4 1 0 v:124
5/08/2020 8:57:40 AM,252 Event OK
5/08/2020 8:57:40 AM,EVENT 48276 1596604870 0/0/0/0/0 INPUT 4 0 5 v:124
5/08/2020 8:57:40 AM,252 Event OK
5/08/2020 8:57:40 AM,EVENT 48277 1596604871 0/0/0/0/0 INPUT 4 1 0 v:124
5/08/2020 8:57:40 AM,252 Event OK
5/08/2020 8:57:40 AM,EVENT 48278 1596604877 0/0/0/0/5 INPUT 4 0 7 v:124
5/08/2020 8:57:40 AM,252 Event OK
5/08/2020 8:57:41 AM,EVENT 48279 1596604877 0/0/0/0/4 INPUT 4 1 0 v:124
5/08/2020 8:57:41 AM,252 Event OK
5/08/2020 8:57:41 AM,EVENT 48280 1596604882 0/0/0/0/1 INPUT 4 0 5 v:124
5/08/2020 8:57:41 AM,252 Event OK
5/08/2020 8:57:41 AM,EVENT 48281 1596604882 0/0/0/0/1 INPUT 4 1 0 v:124
5/08/2020 8:57:41 AM,252 Event OK
5/08/2020 8:57:42 AM,EVENT 48282 1596604892 0/0/0/0/3 INPUT 4 0 10 v:124
5/08/2020 8:57:42 AM,252 Event OK
5/08/2020 8:57:43 AM,EVENT 48283 1596604892 0/0/0/0/3 INPUT 4 1 0 v:124
5/08/2020 8:57:43 AM,252 Event OK
5/08/2020 8:57:43 AM,EVENT 48284 1596604896 0/0/0/0/0 INPUT 4 0 4 v:124
5/08/2020 8:57:43 AM,252 Event OK
5/08/2020 8:57:43 AM,EVENT 48285 1596604896 0/0/0/0/0 INPUT 4 1 0 v:124
5/08/2020 8:57:43 AM,252 Event OK
5/08/2020 8:57:44 AM,EVENT 48286 1596604900 0/0/0/0/0 INPUT 4 0 4 v:124
5/08/2020 8:57:44 AM,252 Event OK
5/08/2020 8:57:44 AM,EVENT 48287 1596604900 0/0/0/0/0 INPUT 4 1 0 v:124
5/08/2020 8:57:44 AM,252 Event OK
5/08/2020 8:57:44 AM,EVENT 48288 1596604903 0/0/0/0/0 INPUT 4 0 3 v:124
5/08/2020 8:57:44 AM,252 Event OK
5/08/2020 8:57:46 AM,EVENT 48289 1596604903 0/0/0/0/0 INPUT 4 1 0 v:124
5/08/2020 8:57:46 AM,252 Event OK
5/08/2020 8:57:47 AM,EVENT 48290 1596604906 0/0/0/0/0 INPUT 4 0 3 v:124
5/08/2020 8:57:47 AM,252 Event OK
5/08/2020 8:57:47 AM,EVENT 48291 1596604906 0/0/0/0/0 INPUT 4 1 0 v:124
5/08/2020 8:57:47 AM,252 Event OK
5/08/2020 8:57:47 AM,EVENT 48292 1596604912 0/0/0/0/1 INPUT 4 0 6 v:124
5/08/2020 8:57:47 AM,252 Event OK
5/08/2020 8:57:48 AM,EVENT 48293 1596604912 0/0/0/0/1 INPUT 4 1 0 v:124
5/08/2020 8:57:48 AM,252 Event OK
5/08/2020 8:57:48 AM,EVENT 48294 1596604921 0/0/0/0/2 INPUT 4 0 9 v:124
5/08/2020 8:57:48 AM,252 Event OK
5/08/2020 8:57:49 AM,EVENT 48295 1596604921 0/0/0/0/2 INPUT 4 1 0 v:124
5/08/2020 8:57:49 AM,252 Event OK
5/08/2020 8:57:49 AM,EVENT 48296 1596604928 0/0/0/0/3 INPUT 4 0 7 v:124
5/08/2020 8:57:49 AM,252 Event OK
5/08/2020 8:57:51 AM,EVENT 48297 1596604928 0/0/0/0/3 INPUT 4 1 0 v:124
5/08/2020 8:57:51 AM,252 Event OK
5/08/2020 8:57:52 AM,EVENT 48298 1596604932 0/0/0/0/3 INPUT 4 0 4 v:124
5/08/2020 8:57:52 AM,252 Event OK
5/08/2020 8:57:52 AM,EVENT 48299 1596604932 0/0/0/0/3 INPUT 4 1 0 v:124
5/08/2020 8:57:52 AM,252 Event OK
5/08/2020 8:57:53 AM,EVENT 48300 1596604941 0/0/0/0/3 INPUT 4 0 9 v:124
5/08/2020 8:57:53 AM,252 Event OK
5/08/2020 8:57:54 AM,EVENT 48301 1596604941 0/0/0/0/3 INPUT 4 1 0 v:124
5/08/2020 8:57:54 AM,252 Event OK
5/08/2020 8:58:04 AM,EVENT 48302 1596604945 0/0/0/0/1 INPUT 4 0 4 v:124
5/08/2020 8:58:04 AM,252 Event OK
5/08/2020 8:58:07 AM,EVENT 48303 1596604946 0/0/0/0/0 INPUT 4 1 0 v:124
5/08/2020 8:58:07 AM,252 Event OK
5/08/2020 8:58:08 AM,EVENT 48304 1596604948 0/0/0/0/1 INPUT 4 0 3 v:124
5/08/2020 8:58:08 AM,252 Event OK
5/08/2020 8:58:08 AM,EVENT 48305 1596604948 0/0/0/0/0 INPUT 4 1 0 v:124
5/08/2020 8:58:08 AM,252 Event OK
5/08/2020 8:58:08 AM,EVENT 48306 1596604968 0/0/0/0/0 INPUT 4 0 20 v:124
5/08/2020 8:58:08 AM,252 Event OK
5/08/2020 8:58:10 AM,EVENT 48307 1596604968 0/0/0/0/0 INPUT 4 1 0 v:124
5/08/2020 8:58:10 AM,252 Event OK
5/08/2020 8:58:10 AM,EVENT 48308 1596604975 0/0/0/0/0 INPUT 7 1 0 v:124
5/08/2020 8:58:10 AM,252 Event OK
5/08/2020 8:58:10 AM,EVENT 48309 1596604975 0/0/0/0/0 INPUT 8 0 1114 v:124
5/08/2020 8:58:10 AM,252 Event OK
5/08/2020 8:58:10 AM,EVENT 48310 1596604976 0/0/0/0/0 INPUT 1 1 0 v:124
5/08/2020 8:58:10 AM,252 Event OK
5/08/2020 8:58:11 AM,EVENT 48311 1596604977 0/0/0/0/0 INPUT 4 0 9 v:124
5/08/2020 8:58:11 AM,252 Event OK
5/08/2020 8:58:11 AM,EVENT 48312 1596604980 0/0/0/0/0 TRIP 48189 554 545 9 6 1108 v:124
5/08/2020 8:58:11 AM,252 Event OK
5/08/2020 8:58:11 AM,EVENT 48313 1596605295 0/0/0/0/0 INPUT 8 1 0 v:124
5/08/2020 8:58:11 AM,252 Event OK
5/08/2020 8:58:12 AM,EVENT 48314 1596605296 0/0/0/0/0 INPUT 7 0 320 v:124
5/08/2020 8:58:12 AM,252 Event OK
5/08/2020 8:58:12 AM,EVENT 48315 1596605308 0/0/0/0/0 SIGNON 2507 03bbecf6 OK 26 220984 0 v:124
5/08/2020 8:58:12 AM,252 Event OK
5/08/2020 8:58:13 AM,EVENT 48316 1596605315 0/0/0/0/0 INPUT 1 0 339 v:124
5/08/2020 8:58:13 AM,252 Event OK
5/08/2020 8:58:13 AM,EVENT 48317 1596605315 0/0/0/0/0 INPUT 4 1 0 v:124
5/08/2020 8:58:13 AM,252 Event OK
5/08/2020 8:58:14 AM,EVENT 48318 1596605383 0/0/0/0/3 INPUT 4 0 69 v:124
5/08/2020 8:58:14 AM,252 Event OK
5/08/2020 8:58:14 AM,EVENT 48319 1596605383 0/0/0/0/3 INPUT 4 1 0 v:124
5/08/2020 8:58:14 AM,252 Event OK
5/08/2020 8:58:15 AM,EVENT 48320 1596605387 0/0/0/0/3 INPUT 4 0 4 v:124
5/08/2020 8:58:15 AM,252 Event OK
5/08/2020 8:58:15 AM,EVENT 48321 1596605388 0/0/0/0/2 INPUT 4 1 0 v:124
5/08/2020 8:58:15 AM,252 Event OK
5/08/2020 8:58:15 AM,EVENT 48322 1596605389 0/0/0/0/0 INPUT 7 1 0 v:124
5/08/2020 8:58:15 AM,252 Event OK
5/08/2020 8:58:16 AM,EVENT 48323 1596605389 0/0/0/0/0 INPUT 8 0 94 v:124
5/08/2020 8:58:16 AM,252 Event OK
5/08/2020 8:58:16 AM,EVENT 48324 1596605390 0/0/0/0/0 INPUT 1 1 0 v:124
5/08/2020 8:58:16 AM,252 Event OK
5/08/2020 8:58:16 AM,EVENT 48325 1596605394 0/0/0/0/0 TRIP 48315 0 80 6 6 86 v:124
5/08/2020 8:58:16 AM,252 Event OK
5/08/2020 8:58:18 AM,EVENT 48326 1596605395 0/0/0/0/0 INPUT 4 0 7 v:124
5/08/2020 8:58:18 AM,252 Event OK
5/08/2020 8:58:19 AM,EVENT 48327 1596610068 0/0/0/0/0 SWSTART OpusFC 5.0.58.517 R v:124
5/08/2020 8:58:19 AM,252 Event OK
5/08/2020 8:58:21 AM,EVENT 48328 1596605394 0/0/0/0/0 POWERDOWN v:124
5/08/2020 8:58:21 AM,252 Event OK
5/08/2020 8:58:21 AM,EVENT 48329 1596610068 0/0/0/0/0 INPUT 1 1 0 v:123
5/08/2020 8:58:21 AM,252 Event OK
5/08/2020 8:58:21 AM,EVENT 48330 1596610068 0/0/0/0/0 INPUT 2 0 0 v:124
5/08/2020 8:58:21 AM,252 Event OK
5/08/2020 8:58:22 AM,EVENT 48331 1596610068 0/0/0/0/0 INPUT 3 0 0 v:124
5/08/2020 8:58:22 AM,252 Event OK
5/08/2020 8:58:22 AM,EVENT 48332 1596610068 0/0/0/0/0 INPUT 4 0 0 v:124
5/08/2020 8:58:22 AM,252 Event OK
5/08/2020 8:58:22 AM,EVENT 48333 1596610068 0/0/0/0/0 INPUT 7 0 0 v:124
5/08/2020 8:58:22 AM,252 Event OK
5/08/2020 8:58:22 AM,EVENT 48334 1596610068 0/0/0/0/0 INPUT 8 1 0 v:124
5/08/2020 8:58:22 AM,252 Event OK
5/08/2020 8:58:23 AM,EVENT 48335 1596610070 0/0/0/0/0 ZONE_OK 2 100 FW=NO VERSION v:124
5/08/2020 8:58:23 AM,252 Event OK
5/08/2020 8:58:23 AM,EVENT 48336 1596610078 0/0/0/0/0 SIGNON 2488 03b7fcdc OK 26 240191 0 v:124
5/08/2020 8:58:23 AM,252 Event OK
5/08/2020 8:58:23 AM,EVENT 48337 1596610084 0/0/0/99/0 INPUT 4 1 0 v:124
5/08/2020 8:58:23 AM,252 Event OK
5/08/2020 8:58:24 AM,EVENT 48338 1596610084 0/0/0/99/0 INPUT 1 0 16 v:124
5/08/2020 8:58:24 AM,252 Event OK
5/08/2020 8:58:27 AM,EVENT 48339 1596610090 0/0/0/99/7 INPUT 3 1 0 v:124
5/08/2020 8:58:27 AM,252 Event OK
5/08/2020 8:58:27 AM,EVENT 48340 1596610096 0/0/0/0/10 INPUT 3 0 5 v:124
5/08/2020 8:58:27 AM,252 Event OK
5/08/2020 8:58:28 AM,EVENT 48341 1596610098 0/0/0/0/6 INPUT 3 1 0 v:124
5/08/2020 8:58:28 AM,252 Event OK
5/08/2020 8:58:28 AM,EVENT 48342 1596610126 0/0/0/0/10 INPUT 3 0 27 v:124
5/08/2020 8:58:28 AM,252 Event OK
5/08/2020 8:58:28 AM,EVENT 48343 1596610128 0/0/0/0/8 INPUT 3 1 0 v:124
5/08/2020 8:58:28 AM,252 Event OK
5/08/2020 8:58:29 AM,EVENT 48344 1596610136 0/0/0/0/10 INPUT 3 0 9 v:124
5/08/2020 8:58:29 AM,252 Event OK
5/08/2020 8:58:29 AM,EVENT 48345 1596610167 0/0/0/0/7 INPUT 3 1 0 v:124
5/08/2020 8:58:29 AM,252 Event OK
5/08/2020 8:58:29 AM,EVENT 48346 1596610179 0/0/0/0/9 INPUT 3 0 12 v:124
5/08/2020 8:58:29 AM,252 Event OK
5/08/2020 8:58:30 AM,EVENT 48347 1596610240 0/0/0/0/0 INPUT 4 0 156 v:124
5/08/2020 8:58:30 AM,252 Event OK
5/08/2020 8:58:30 AM,EVENT 48348 1596610240 0/0/0/0/0 INPUT 4 1 0 v:124
5/08/2020 8:58:30 AM,252 Event OK
5/08/2020 8:58:30 AM,EVENT 48349 1596610285 0/0/0/0/0 INPUT 4 0 45 v:124
5/08/2020 8:58:30 AM,252 Event OK
5/08/2020 8:58:31 AM,EVENT 48350 1596610285 0/0/0/0/0 INPUT 4 1 0 v:124
5/08/2020 8:58:31 AM,252 Event OK
5/08/2020 8:58:31 AM,EVENT 48351 1596610306 0/0/0/0/0 INPUT 4 0 21 v:124
5/08/2020 8:58:31 AM,252 Event OK
5/08/2020 8:58:31 AM,EVENT 48352 1596610306 0/0/0/0/0 INPUT 4 1 0 v:124
5/08/2020 8:58:31 AM,252 Event OK
5/08/2020 8:58:32 AM,EVENT 48353 1596610339 0/0/0/0/0 INPUT 4 0 33 v:124
5/08/2020 8:58:32 AM,252 Event OK
5/08/2020 8:58:32 AM,EVENT 48354 1596610339 0/0/0/0/0 INPUT 4 1 0 v:124
5/08/2020 8:58:32 AM,252 Event OK
5/08/2020 8:58:32 AM,EVENT 48355 1596610426 0/0/0/0/0 INPUT 4 0 87 v:124
5/08/2020 8:58:32 AM,252 Event OK
5/08/2020 8:58:33 AM,EVENT 48356 1596610426 0/0/0/0/0 INPUT 4 1 0 v:124
5/08/2020 8:58:33 AM,252 Event OK
5/08/2020 8:58:33 AM,EVENT 48357 1596610431 0/0/0/0/7 INPUT 3 1 0 v:124
5/08/2020 8:58:33 AM,252 Event OK
5/08/2020 8:58:33 AM,EVENT 48358 1596610460 0/0/0/99/12 INPUT 3 0 29 v:124
5/08/2020 8:58:33 AM,252 Event OK
5/08/2020 8:58:34 AM,EVENT 48359 1596610486 0/0/0/0/0 INPUT 4 0 60 v:124
5/08/2020 8:58:34 AM,252 Event OK
5/08/2020 8:58:34 AM,EVENT 48360 1596610486 0/0/0/0/0 INPUT 4 1 0 v:124
5/08/2020 8:58:34 AM,252 Event OK
5/08/2020 8:58:34 AM,EVENT 48361 1596610490 0/0/0/0/3 INPUT 3 1 0 v:124
5/08/2020 8:58:34 AM,252 Event OK
5/08/2020 8:58:35 AM,EVENT 48362 1596610513 0/0/0/0/14 INPUT 3 0 24 v:124
5/08/2020 8:58:35 AM,252 Event OK
5/08/2020 8:58:35 AM,EVENT 48363 1596610557 0/0/0/0/2 INPUT 3 1 0 v:124
5/08/2020 8:58:35 AM,252 Event OK
5/08/2020 8:58:36 AM,EVENT 48364 1596610740 0/0/0/0/9 INPUT 3 0 184 v:124
5/08/2020 8:58:36 AM,252 Event OK
5/08/2020 8:58:36 AM,EVENT 48365 1596610746 0/0/0/0/8 INPUT 3 1 0 v:124
5/08/2020 8:58:36 AM,252 Event OK
5/08/2020 8:58:36 AM,EVENT 48366 1596610747 0/0/0/0/8 INPUT 3 0 1 v:124
5/08/2020 8:58:36 AM,252 Event OK
5/08/2020 8:58:37 AM,EVENT 48367 1596610760 0/0/0/0/0 INPUT 4 0 274 v:124
5/08/2020 8:58:37 AM,252 Event OK
5/08/2020 8:58:37 AM,EVENT 48368 1596610760 0/0/0/0/0 INPUT 4 1 0 v:124
5/08/2020 8:58:37 AM,252 Event OK
5/08/2020 8:58:37 AM,EVENT 48369 1596610795 0/0/0/99/3 INPUT 4 0 35 v:124
5/08/2020 8:58:37 AM,252 Event OK
5/08/2020 8:58:38 AM,EVENT 48370 1596610795 0/0/0/99/3 INPUT 4 1 0 v:124
5/08/2020 8:58:38 AM,252 Event OK
5/08/2020 8:58:38 AM,EVENT 48371 1596610801 0/0/0/99/2 INPUT 4 0 6 v:124
5/08/2020 8:58:38 AM,252 Event OK
5/08/2020 8:58:40 AM,EVENT 48372 1596610801 0/0/0/99/2 INPUT 4 1 0 v:124
5/08/2020 8:58:40 AM,252 Event OK
5/08/2020 8:58:40 AM,EVENT 48373 1596610808 0/0/0/0/3 INPUT 3 1 0 v:124
5/08/2020 8:58:40 AM,252 Event OK
5/08/2020 8:58:41 AM,EVENT 48374 1596610980 0/0/0/0/13 INPUT 3 0 173 v:124
5/08/2020 8:58:41 AM,252 Event OK
5/08/2020 8:58:42 AM,EVENT 48375 1596610980 0/0/0/0/13 INPUT 7 1 0 v:124
5/08/2020 8:58:42 AM,252 Event OK
5/08/2020 8:58:42 AM,EVENT 48376 1596610980 0/0/0/0/13 INPUT 8 0 912 v:124
5/08/2020 8:58:42 AM,252 Event OK
5/08/2020 8:58:43 AM,EVENT 48377 1596610981 0/0/0/0/9 INPUT 1 1 0 v:124
5/08/2020 8:58:43 AM,252 Event OK
5/08/2020 8:58:44 AM,EVENT 48378 1596610982 0/0/0/0/6 INPUT 4 0 180 v:124
5/08/2020 8:58:44 AM,252 Event OK
5/08/2020 8:58:50 AM,EVENT 48379 1596610985 0/0/0/0/0 REPORT 48336 0 0 v:124
5/08/2020 8:58:50 AM,252 Event OK
5/08/2020 8:58:51 AM,EVENT 48380 1596610985 0/0/0/0/0 TRIP 48336 464 433 11 7 908 v:124
5/08/2020 8:58:51 AM,252 Event OK
5/08/2020 8:58:53 AM,EVENT 48381 1596611310 0/0/0/0/0 INPUT 8 1 0 v:124
5/08/2020 8:58:53 AM,252 Event OK
5/08/2020 8:58:53 AM,EVENT 48382 1596611311 0/0/0/0/0 INPUT 7 0 330 v:124
5/08/2020 8:58:53 AM,252 Event OK
5/08/2020 8:58:54 AM,EVENT 48383 1596611323 0/0/0/0/0 SIGNON 2488 03b7fcdc OK 26 240191 0 v:124
5/08/2020 8:58:54 AM,252 Event OK
5/08/2020 8:58:54 AM,EVENT 48384 1596611335 0/0/0/0/0 INPUT 4 1 0 v:124
5/08/2020 8:58:54 AM,252 Event OK
5/08/2020 8:58:54 AM,EVENT 48385 1596611335 0/0/0/0/0 INPUT 1 0 353 v:124
5/08/2020 8:58:54 AM,252 Event OK
5/08/2020 8:58:56 AM,EVENT 48386 1596611360 0/0/0/0/3 INPUT 4 0 26 v:124
5/08/2020 8:58:56 AM,252 Event OK
5/08/2020 8:58:57 AM,EVENT 48387 1596611360 0/0/0/0/3 INPUT 4 1 0 v:124
5/08/2020 8:58:57 AM,252 Event OK
5/08/2020 8:58:57 AM,EVENT 48388 1596611365 0/0/0/0/0 INPUT 4 0 5 v:124
5/08/2020 8:58:57 AM,252 Event OK
5/08/2020 8:58:57 AM,EVENT 48389 1596611365 0/0/0/0/0 INPUT 4 1 0 v:124
5/08/2020 8:58:57 AM,252 Event OK
5/08/2020 8:58:58 AM,EVENT 48390 1596611371 0/0/0/0/0 INPUT 4 0 6 v:124
5/08/2020 8:58:58 AM,252 Event OK
5/08/2020 8:58:58 AM,EVENT 48391 1596611371 0/0/0/0/0 INPUT 4 1 0 v:124
5/08/2020 8:58:58 AM,252 Event OK
5/08/2020 8:58:59 AM,EVENT 48392 1596611374 0/0/0/0/0 INPUT 4 0 3 v:124
5/08/2020 8:58:59 AM,252 Event OK
5/08/2020 8:58:59 AM,EVENT 48393 1596611374 0/0/0/0/0 INPUT 4 1 0 v:124
5/08/2020 8:58:59 AM,252 Event OK
5/08/2020 8:58:59 AM,EVENT 48394 1596611377 0/0/0/0/0 INPUT 4 0 3 v:124
5/08/2020 8:58:59 AM,252 Event OK
5/08/2020 8:59:00 AM,EVENT 48395 1596611377 0/0/0/0/0 INPUT 4 1 0 v:124
5/08/2020 8:59:00 AM,252 Event OK
5/08/2020 8:59:00 AM,EVENT 48396 1596611380 0/0/0/0/0 INPUT 3 1 0 v:124
5/08/2020 8:59:00 AM,252 Event OK
5/08/2020 8:59:01 AM,EVENT 48397 1596611580 0/0/0/0/9 INPUT 3 0 200 v:124
5/08/2020 8:59:01 AM,252 Event OK
5/08/2020 8:59:01 AM,EVENT 48398 1596611583 0/0/0/0/6 INPUT 3 1 0 v:124
5/08/2020 8:59:01 AM,252 Event OK
5/08/2020 8:59:01 AM,EVENT 48399 1596611585 0/0/0/0/9 INPUT 3 0 1 v:124
5/08/2020 8:59:01 AM,252 Event OK
5/08/2020 8:59:02 AM,EVENT 48400 1596611587 0/0/0/0/8 INPUT 3 1 0 v:124
5/08/2020 8:59:02 AM,252 Event OK
5/08/2020 8:59:02 AM,EVENT 48401 1596611588 0/0/0/0/9 INPUT 3 0 1 v:124
5/08/2020 8:59:02 AM,252 Event OK
5/08/2020 8:59:02 AM,EVENT 48402 1596611591 0/0/0/0/6 INPUT 3 1 0 v:124
5/08/2020 8:59:02 AM,252 Event OK
5/08/2020 8:59:03 AM,EVENT 48403 1596611596 0/0/0/0/11 INPUT 3 0 5 v:124
5/08/2020 8:59:03 AM,252 Event OK
5/08/2020 8:59:03 AM,EVENT 48404 1596611610 0/0/0/0/5 INPUT 3 1 0 v:124
5/08/2020 8:59:03 AM,252 Event OK
5/08/2020 8:59:03 AM,EVENT 48405 1596611637 0/0/0/0/11 INPUT 3 0 27 v:124
5/08/2020 8:59:03 AM,252 Event OK
5/08/2020 8:59:04 AM,EVENT 48406 1596611638 0/0/0/0/9 INPUT 3 1 0 v:124
5/08/2020 8:59:04 AM,252 Event OK
5/08/2020 8:59:18 AM,EVENT 48407 1596611651 0/0/0/0/12 INPUT 7 1 0 v:124
5/08/2020 8:59:18 AM,252 Event OK
5/08/2020 8:59:22 AM,EVENT 48408 1596611651 0/0/0/0/12 INPUT 8 0 341 v:124
5/08/2020 8:59:22 AM,252 Event OK
5/08/2020 8:59:23 AM,EVENT 48409 1596611652 0/0/0/0/12 INPUT 1 1 0 v:124
5/08/2020 8:59:23 AM,252 Event OK
5/08/2020 8:59:23 AM,EVENT 48410 1596611653 0/0/0/0/12 INPUT 3 0 16 v:124
5/08/2020 8:59:23 AM,252 Event OK
5/08/2020 8:59:25 AM,EVENT 48411 1596611653 0/0/0/0/12 INPUT 4 0 276 v:124
5/08/2020 8:59:25 AM,252 Event OK
5/08/2020 8:59:25 AM,EVENT 48412 1596611656 0/0/0/0/0 TRIP 48383 250 69 14 11 333 v:124
5/08/2020 8:59:25 AM,252 Event OK
5/08/2020 8:59:26 AM,EVENT 48413 1596611863 0/0/0/0/0 INPUT 8 1 0 v:124
5/08/2020 8:59:26 AM,252 Event OK
5/08/2020 8:59:26 AM,EVENT 48414 1596611863 0/0/0/0/0 INPUT 7 0 211 v:124
5/08/2020 8:59:26 AM,252 Event OK
5/08/2020 8:59:27 AM,EVENT 48415 1596611875 0/0/0/0/0 SIGNON 2488 03b7fcdc OK 26 240191 0 v:124
5/08/2020 8:59:27 AM,252 Event OK
5/08/2020 8:59:27 AM,EVENT 48416 1596611881 0/0/0/0/0 INPUT 1 0 228 v:124
5/08/2020 8:59:27 AM,252 Event OK
5/08/2020 8:59:27 AM,EVENT 48417 1596611882 0/0/0/0/0 INPUT 4 1 0 v:124
5/08/2020 8:59:27 AM,252 Event OK
5/08/2020 8:59:28 AM,EVENT 48418 1596611915 0/0/0/0/3 INPUT 4 0 34 v:124
5/08/2020 8:59:28 AM,252 Event OK
5/08/2020 8:59:28 AM,EVENT 48419 1596611915 0/0/0/0/3 INPUT 4 1 0 v:124
5/08/2020 8:59:28 AM,252 Event OK
5/08/2020 8:59:29 AM,EVENT 48420 1596611921 0/0/0/0/4 INPUT 4 0 6 v:124
5/08/2020 8:59:29 AM,252 Event OK
5/08/2020 8:59:29 AM,EVENT 48421 1596611921 0/0/0/0/3 INPUT 4 1 0 v:124
5/08/2020 8:59:29 AM,252 Event OK
5/08/2020 8:59:30 AM,EVENT 48422 1596611925 0/0/0/0/6 INPUT 3 1 0 v:124
5/08/2020 8:59:30 AM,252 Event OK
5/08/2020 8:59:30 AM,EVENT 48423 1596612184 0/0/0/0/12 INPUT 3 0 258 v:124
5/08/2020 8:59:30 AM,252 Event OK
5/08/2020 8:59:30 AM,EVENT 48424 1596612185 0/0/0/0/7 INPUT 3 1 0 v:124
5/08/2020 8:59:30 AM,252 Event OK
5/08/2020 8:59:31 AM,EVENT 48425 1596612198 0/0/0/0/9 INPUT 3 0 12 v:124
5/08/2020 8:59:31 AM,252 Event OK
5/08/2020 8:59:31 AM,EVENT 48426 1596612208 0/0/0/0/1 INPUT 4 0 287 v:124
5/08/2020 8:59:31 AM,252 Event OK
5/08/2020 8:59:32 AM,EVENT 48427 1596612209 0/0/0/0/0 INPUT 4 1 0 v:124
5/08/2020 8:59:32 AM,252 Event OK
5/08/2020 8:59:32 AM,EVENT 48428 1596612215 0/0/0/0/0 INPUT 4 0 7 v:124
5/08/2020 8:59:32 AM,252 Event OK
5/08/2020 8:59:33 AM,EVENT 48429 1596612215 0/0/0/0/0 INPUT 4 1 0 v:124
5/08/2020 8:59:33 AM,252 Event OK
5/08/2020 8:59:33 AM,EVENT 48430 1596612228 0/0/0/0/4 INPUT 3 1 0 v:124
5/08/2020 8:59:33 AM,252 Event OK
5/08/2020 8:59:34 AM,EVENT 48431 1596612266 0/0/0/0/14 INPUT 3 0 38 v:124
5/08/2020 8:59:34 AM,252 Event OK
5/08/2020 8:59:36 AM,EVENT 48432 1596612305 0/0/0/0/7 INPUT 3 1 0 v:124
5/08/2020 8:59:36 AM,252 Event OK
5/08/2020 8:59:36 AM,EVENT 48433 1596612329 0/0/0/0/12 INPUT 3 0 23 v:124
5/08/2020 8:59:36 AM,252 Event OK
5/08/2020 8:59:36 AM,EVENT 48434 1596612331 0/0/0/0/6 INPUT 4 0 116 v:124
5/08/2020 8:59:36 AM,252 Event OK
5/08/2020 8:59:37 AM,EVENT 48435 1596612331 0/0/0/0/6 INPUT 4 1 0 v:124
5/08/2020 8:59:37 AM,252 Event OK
5/08/2020 8:59:37 AM,EVENT 48436 1596612338 0/0/0/0/3 INPUT 3 1 0 v:124
5/08/2020 8:59:37 AM,252 Event OK
5/08/2020 8:59:37 AM,EVENT 48437 1596612464 0/0/0/0/10 INPUT 3 0 127 v:124
5/08/2020 8:59:37 AM,252 Event OK
5/08/2020 8:59:37 AM,EVENT 48438 1596612470 0/0/0/0/0 INPUT 4 0 139 v:124
5/08/2020 8:59:37 AM,252 Event OK
5/08/2020 8:59:38 AM,EVENT 48439 1596612470 0/0/0/0/0 INPUT 4 1 0 v:124
5/08/2020 8:59:38 AM,252 Event OK
5/08/2020 8:59:38 AM,EVENT 48440 1596612488 0/0/0/0/0 INPUT 4 0 18 v:124
5/08/2020 8:59:38 AM,252 Event OK
5/08/2020 8:59:38 AM,EVENT 48441 1596612488 0/0/0/0/0 INPUT 4 1 0 v:124
5/08/2020 8:59:38 AM,252 Event OK
5/08/2020 8:59:39 AM,EVENT 48442 1596612508 0/0/0/99/0 INPUT 4 0 20 v:124
5/08/2020 8:59:39 AM,252 Event OK
5/08/2020 8:59:42 AM,EVENT 48443 1596612508 0/0/0/99/0 INPUT 4 1 0 v:124
5/08/2020 8:59:42 AM,252 Event OK
5/08/2020 8:59:45 AM,EVENT 48444 1596612509 0/0/0/99/1 INPUT 3 1 0 v:124
5/08/2020 8:59:45 AM,252 Event OK
5/08/2020 8:59:46 AM,EVENT 48445 1596612580 0/0/0/0/17 INPUT 3 0 72 v:124
5/08/2020 8:59:46 AM,252 Event OK
5/08/2020 8:59:48 AM,EVENT 48446 1596612587 0/0/0/0/0 INPUT 4 0 79 v:124
5/08/2020 8:59:48 AM,252 Event OK
5/08/2020 9:00:05 AM,EVENT 48447 1596612587 0/0/0/0/0 INPUT 4 1 0 v:124
5/08/2020 9:00:05 AM,252 Event OK
5/08/2020 9:00:05 AM,EVENT 48448 1596612625 0/0/0/0/3 INPUT 3 1 0 v:124
5/08/2020 9:00:05 AM,252 Event OK
5/08/2020 9:00:07 AM,EVENT 48449 1596612635 0/0/0/0/11 INPUT 3 0 10 v:124
5/08/2020 9:00:07 AM,252 Event OK
5/08/2020 9:00:09 AM,EVENT 48450 1596612639 0/0/0/0/0 INPUT 4 0 52 v:124
5/08/2020 9:00:09 AM,252 Event OK
5/08/2020 9:00:09 AM,EVENT 48451 1596612640 0/0/0/0/0 INPUT 4 1 0 v:124
5/08/2020 9:00:09 AM,252 Event OK
5/08/2020 9:00:10 AM,EVENT 48452 1596612646 0/0/0/0/2 INPUT 4 0 7 v:124
5/08/2020 9:00:10 AM,252 Event OK
5/08/2020 9:00:11 AM,EVENT 48453 1596612646 0/0/0/0/3 INPUT 4 1 0 v:124
5/08/2020 9:00:11 AM,252 Event OK
5/08/2020 9:00:11 AM,EVENT 48454 1596612650 0/0/0/0/0 INPUT 4 0 4 v:124
5/08/2020 9:00:11 AM,252 Event OK
5/08/2020 9:00:11 AM,EVENT 48455 1596612650 0/0/0/0/0 INPUT 4 1 0 v:124
5/08/2020 9:00:11 AM,252 Event OK
5/08/2020 9:00:11 AM,EVENT 48456 1596612665 0/0/0/0/0 INPUT 4 0 15 v:124
5/08/2020 9:00:11 AM,252 Event OK
5/08/2020 9:00:12 AM,EVENT 48457 1596612665 0/0/0/0/0 INPUT 4 1 0 v:124
5/08/2020 9:00:12 AM,252 Event OK
5/08/2020 9:00:12 AM,EVENT 48458 1596612668 0/0/0/0/0 INPUT 4 0 3 v:124
5/08/2020 9:00:12 AM,252 Event OK
5/08/2020 9:00:13 AM,EVENT 48459 1596612669 0/0/0/0/0 INPUT 4 1 0 v:124
5/08/2020 9:00:13 AM,252 Event OK
5/08/2020 9:00:13 AM,EVENT 48460 1596612671 0/0/0/0/0 INPUT 4 0 3 v:124
5/08/2020 9:00:13 AM,252 Event OK
5/08/2020 9:00:13 AM,EVENT 48461 1596612672 0/0/0/0/0 INPUT 4 1 0 v:124
5/08/2020 9:00:13 AM,252 Event OK
5/08/2020 9:00:14 AM,EVENT 48462 1596612674 0/0/0/0/0 INPUT 4 0 3 v:124
5/08/2020 9:00:14 AM,252 Event OK
5/08/2020 9:00:14 AM,EVENT 48463 1596612674 0/0/0/0/0 INPUT 4 1 0 v:124
5/08/2020 9:00:14 AM,252 Event OK
5/08/2020 9:00:16 AM,EVENT 48464 1596612677 0/0/0/0/0 INPUT 4 0 3 v:124
5/08/2020 9:00:16 AM,252 Event OK
5/08/2020 9:00:16 AM,EVENT 48465 1596612677 0/0/0/0/0 INPUT 4 1 0 v:124
5/08/2020 9:00:16 AM,252 Event OK
5/08/2020 9:00:16 AM,EVENT 48466 1596612680 0/0/0/0/0 INPUT 4 0 3 v:124
5/08/2020 9:00:16 AM,252 Event OK
5/08/2020 9:00:17 AM,EVENT 48467 1596612681 0/0/0/0/0 INPUT 4 1 0 v:124
5/08/2020 9:00:17 AM,252 Event OK
5/08/2020 9:00:17 AM,EVENT 48468 1596612683 0/0/0/0/0 INPUT 4 0 3 v:124
5/08/2020 9:00:17 AM,252 Event OK
5/08/2020 9:00:17 AM,EVENT 48469 1596612683 0/0/0/0/0 INPUT 4 1 0 v:124
5/08/2020 9:00:17 AM,252 Event OK
5/08/2020 9:00:18 AM,EVENT 48470 1596612686 0/0/0/0/0 INPUT 4 0 3 v:124
5/08/2020 9:00:18 AM,252 Event OK
5/08/2020 9:00:18 AM,EVENT 48471 1596612686 0/0/0/0/0 INPUT 4 1 0 v:124
5/08/2020 9:00:18 AM,252 Event OK
5/08/2020 9:00:18 AM,EVENT 48472 1596612699 0/0/0/0/4 INPUT 7 1 0 v:124
5/08/2020 9:00:18 AM,252 Event OK
5/08/2020 9:00:19 AM,EVENT 48473 1596612699 0/0/0/0/4 INPUT 8 0 837 v:124
5/08/2020 9:00:19 AM,252 Event OK
5/08/2020 9:00:19 AM,EVENT 48474 1596612700 0/0/0/0/4 INPUT 1 1 0 v:124
5/08/2020 9:00:19 AM,252 Event OK
5/08/2020 9:00:19 AM,EVENT 48475 1596612701 0/0/0/0/3 INPUT 4 0 14 v:124
5/08/2020 9:00:19 AM,252 Event OK
5/08/2020 9:00:19 AM,EVENT 48476 1596612702 0/0/0/0/1 INPUT 4 1 0 v:124
5/08/2020 9:00:19 AM,252 Event OK
5/08/2020 9:00:20 AM,EVENT 48477 1596612703 0/0/0/0/0 INPUT 4 0 2 v:124
5/08/2020 9:00:20 AM,252 Event OK
5/08/2020 9:00:20 AM,EVENT 48478 1596612704 0/0/0/0/0 TRIP 48415 540 281 9 7 830 v:124
5/08/2020 9:00:20 AM,252 Event OK
5/08/2020 9:00:22 AM,EVENT 48479 1596613066 0/0/0/0/0 INPUT 8 1 0 v:124
5/08/2020 9:00:22 AM,252 Event OK
5/08/2020 9:00:22 AM,EVENT 48480 1596613066 0/0/0/0/0 INPUT 7 0 367 v:124
5/08/2020 9:00:22 AM,252 Event OK
5/08/2020 9:00:22 AM,EVENT 48481 1596613076 0/0/0/0/0 SIGNON 2488 03b7fcdc OK 26 240191 0 v:124
5/08/2020 9:00:22 AM,252 Event OK
5/08/2020 9:00:23 AM,EVENT 48482 1596613082 0/0/0/0/0 INPUT 4 1 0 v:124
5/08/2020 9:00:23 AM,252 Event OK
5/08/2020 9:00:23 AM,EVENT 48483 1596613082 0/0/0/0/0 INPUT 1 0 381 v:124
5/08/2020 9:00:23 AM,252 Event OK
5/08/2020 9:00:23 AM,EVENT 48484 1596613087 0/0/0/0/5 INPUT 3 1 0 v:124
5/08/2020 9:00:23 AM,252 Event OK
5/08/2020 9:00:24 AM,EVENT 48485 1596613120 0/0/0/0/25 REPORT 48481 0 0 v:124
5/08/2020 9:00:24 AM,252 Event OK
5/08/2020 9:00:24 AM,EVENT 48486 1596613141 0/0/0/0/25 ZONEOVERSPEED 48481 8 32 1 v:124
5/08/2020 9:00:24 AM,252 Event OK
5/08/2020 9:00:25 AM,EVENT 48487 1596613216 0/0/0/0/9 INPUT 3 0 130 v:124
5/08/2020 9:00:25 AM,252 Event OK
5/08/2020 9:00:26 AM,EVENT 48488 1596613217 0/0/0/0/8 INPUT 3 1 0 v:124
5/08/2020 9:00:26 AM,252 Event OK
5/08/2020 9:00:28 AM,EVENT 48489 1596613226 0/0/0/0/9 INPUT 3 0 8 v:124
5/08/2020 9:00:28 AM,252 Event OK
5/08/2020 9:00:29 AM,EVENT 48490 1596613232 0/0/0/0/6 INPUT 3 1 0 v:124
5/08/2020 9:00:29 AM,252 Event OK
5/08/2020 9:00:32 AM,EVENT 48491 1596613235 0/0/0/0/9 INPUT 3 0 3 v:124
5/08/2020 9:00:32 AM,252 Event OK
5/08/2020 9:00:34 AM,EVENT 48492 1596613264 0/0/0/0/8 INPUT 3 1 0 v:124
5/08/2020 9:00:34 AM,252 Event OK
5/08/2020 9:00:34 AM,EVENT 48493 1596613276 0/0/0/0/11 INPUT 3 0 12 v:124
5/08/2020 9:00:34 AM,252 Event OK
5/08/2020 9:00:35 AM,EVENT 48494 1596613280 0/0/0/0/6 INPUT 3 1 0 v:124
5/08/2020 9:00:35 AM,252 Event OK
5/08/2020 9:00:35 AM,EVENT 48495 1596613285 0/0/0/0/10 INPUT 3 0 4 v:124
5/08/2020 9:00:35 AM,252 Event OK
5/08/2020 9:00:35 AM,EVENT 48496 1596613288 0/0/0/0/8 INPUT 3 1 0 v:124
5/08/2020 9:00:35 AM,252 Event OK
5/08/2020 9:00:36 AM,EVENT 48497 1596613528 0/0/0/99/20 INPUT 3 0 240 v:124
5/08/2020 9:00:36 AM,252 Event OK
5/08/2020 9:00:36 AM,EVENT 48498 1596613529 0/0/0/99/9 INPUT 4 0 448 v:124
5/08/2020 9:00:36 AM,252 Event OK
5/08/2020 9:00:38 AM,EVENT 48499 1596613530 0/0/0/99/5 INPUT 4 1 0 v:124
5/08/2020 9:00:38 AM,252 Event OK
5/08/2020 9:00:39 AM,EVENT 48500 1596613534 0/0/0/99/7 INPUT 3 1 0 v:124
5/08/2020 9:00:39 AM,252 Event OK
5/08/2020 9:00:39 AM,EVENT 48501 1596613542 0/0/0/0/9 INPUT 3 0 9 v:124
5/08/2020 9:00:39 AM,252 Event OK
5/08/2020 9:00:42 AM,EVENT 48502 1596613557 0/0/0/0/3 INPUT 4 0 28 v:124
5/08/2020 9:00:42 AM,252 Event OK
5/08/2020 9:00:44 AM,EVENT 48503 1596613558 0/0/0/0/3 INPUT 4 1 0 v:124
5/08/2020 9:00:44 AM,252 Event OK
5/08/2020 9:00:44 AM,EVENT 48504 1596613593 0/0/0/0/6 INPUT 3 1 0 v:124
5/08/2020 9:00:44 AM,252 Event OK
5/08/2020 9:00:45 AM,EVENT 48505 1596613706 0/0/0/0/11 INPUT 3 0 113 v:124
5/08/2020 9:00:45 AM,252 Event OK
5/08/2020 9:00:45 AM,EVENT 48506 1596613716 0/0/0/0/0 INPUT 7 1 0 v:124
5/08/2020 9:00:45 AM,252 Event OK
5/08/2020 9:00:45 AM,EVENT 48507 1596613716 0/0/0/0/0 INPUT 8 0 650 v:124
5/08/2020 9:00:45 AM,252 Event OK
5/08/2020 9:00:46 AM,EVENT 48508 1596613716 0/0/0/0/0 INPUT 1 1 0 v:124
5/08/2020 9:00:46 AM,252 Event OK
5/08/2020 9:00:46 AM,EVENT 48509 1596613718 0/0/0/0/0 INPUT 4 0 161 v:124
5/08/2020 9:00:46 AM,252 Event OK
5/08/2020 9:00:46 AM,EVENT 48510 1596613720 0/0/0/0/0 TRIP 48481 520 117 8 6 645 v:124
5/08/2020 9:00:46 AM,252 Event OK
5/08/2020 9:00:49 AM,EVENT 48511 1596613720 0/0/0/0/0 TRIPSUMMARY 48481 v:124
5/08/2020 9:00:49 AM,252 Event OK
5/08/2020 9:00:50 AM,EVENT 48512 1596613939 0/0/0/0/0 INPUT 8 1 0 v:124
5/08/2020 9:00:50 AM,252 Event OK
5/08/2020 9:00:51 AM,EVENT 48513 1596613939 0/0/0/0/0 INPUT 7 0 223 v:124
5/08/2020 9:00:51 AM,252 Event OK
5/08/2020 9:00:51 AM,EVENT 48514 1596613949 0/0/0/0/0 SIGNON 2507 03bbecf6 OK 26 220984 0 v:124
5/08/2020 9:00:51 AM,252 Event OK
5/08/2020 9:00:55 AM,EVENT 48515 1596613955 0/0/0/0/0 INPUT 1 0 239 v:124
5/08/2020 9:00:55 AM,252 Event OK
5/08/2020 9:01:04 AM,EVENT 48516 1596613956 0/0/0/0/0 INPUT 4 1 0 v:124
5/08/2020 9:01:04 AM,252 Event OK
5/08/2020 9:01:06 AM,EVENT 48517 1596613980 0/0/0/0/6 INPUT 3 1 0 v:124
5/08/2020 9:01:06 AM,252 Event OK
5/08/2020 9:01:06 AM,EVENT 48518 1596614018 0/0/0/0/14 INPUT 3 0 38 v:124
5/08/2020 9:01:06 AM,252 Event OK
5/08/2020 9:01:07 AM,EVENT 48519 1596614029 0/0/0/0/2 INPUT 4 0 74 v:124
5/08/2020 9:01:07 AM,252 Event OK
5/08/2020 9:01:07 AM,EVENT 48520 1596614029 0/0/0/0/2 INPUT 4 1 0 v:124
5/08/2020 9:01:07 AM,252 Event OK
5/08/2020 9:01:07 AM,EVENT 48521 1596614057 0/0/0/0/0 INPUT 4 0 28 v:124
5/08/2020 9:01:07 AM,252 Event OK
5/08/2020 9:01:07 AM,EVENT 48522 1596614057 0/0/0/0/0 INPUT 4 1 0 v:124
5/08/2020 9:01:07 AM,252 Event OK
5/08/2020 9:01:08 AM,EVENT 48523 1596614072 0/0/0/0/0 INPUT 4 0 15 v:124
5/08/2020 9:01:08 AM,252 Event OK
5/08/2020 9:01:09 AM,EVENT 48524 1596614073 0/0/0/0/0 INPUT 4 1 0 v:124
5/08/2020 9:01:09 AM,252 Event OK
5/08/2020 9:01:09 AM,EVENT 48525 1596614074 0/0/0/0/4 INPUT 3 1 0 v:124
5/08/2020 9:01:09 AM,252 Event OK
5/08/2020 9:01:10 AM,EVENT 48526 1596614103 0/0/0/0/12 INPUT 3 0 28 v:124
5/08/2020 9:01:10 AM,252 Event OK
5/08/2020 9:01:10 AM,EVENT 48527 1596614142 0/0/0/0/0 INPUT 3 1 0 v:124
5/08/2020 9:01:10 AM,252 Event OK
5/08/2020 9:01:11 AM,EVENT 48528 1596614369 0/0/0/0/12 INPUT 3 0 227 v:124
5/08/2020 9:01:11 AM,252 Event OK
5/08/2020 9:01:11 AM,EVENT 48529 1596614470 0/0/0/0/7 INPUT 3 1 0 v:124
5/08/2020 9:01:11 AM,252 Event OK
5/08/2020 9:01:11 AM,EVENT 48530 1596614474 0/0/0/0/9 INPUT 3 0 3 v:124
5/08/2020 9:01:11 AM,252 Event OK
5/08/2020 9:01:14 AM,EVENT 48531 1596614499 0/0/0/0/6 INPUT 3 1 0 v:124
5/08/2020 9:01:14 AM,252 Event OK
5/08/2020 9:01:14 AM,EVENT 48532 1596614501 0/0/0/0/10 INPUT 3 0 1 v:124
5/08/2020 9:01:14 AM,252 Event OK
5/08/2020 9:01:14 AM,EVENT 48533 1596614502 0/0/0/0/7 INPUT 4 0 430 v:124
5/08/2020 9:01:14 AM,252 Event OK
5/08/2020 9:01:15 AM,EVENT 48534 1596614502 0/0/0/0/5 INPUT 4 1 0 v:124
5/08/2020 9:01:15 AM,252 Event OK
5/08/2020 9:01:15 AM,EVENT 48535 1596614503 0/0/0/0/2 INPUT 7 1 0 v:124
5/08/2020 9:01:15 AM,252 Event OK
5/08/2020 9:01:15 AM,EVENT 48536 1596614503 0/0/0/0/2 INPUT 8 0 565 v:124
5/08/2020 9:01:15 AM,252 Event OK
5/08/2020 9:01:15 AM,EVENT 48537 1596614504 0/0/0/0/0 INPUT 1 1 0 v:124
5/08/2020 9:01:15 AM,252 Event OK
5/08/2020 9:01:16 AM,EVENT 48538 1596614507 0/0/0/0/0 INPUT 4 0 5 v:124
5/08/2020 9:01:16 AM,252 Event OK
5/08/2020 9:01:16 AM,EVENT 48539 1596614508 0/0/0/0/0 TRIP 48514 297 255 8 7 560 v:124
5/08/2020 9:01:16 AM,252 Event OK
5/08/2020 9:01:16 AM,EVENT 48540 1596615241 0/0/0/99/0 INPUT 8 1 0 v:124
5/08/2020 9:01:16 AM,252 Event OK
5/08/2020 9:01:16 AM,EVENT 48541 1596615242 0/0/0/99/0 INPUT 7 0 738 v:124
5/08/2020 9:01:16 AM,252 Event OK
5/08/2020 9:01:17 AM,EVENT 48542 1596615253 0/0/0/0/0 SIGNON 2507 03bbecf6 OK 26 220984 0 v:124
5/08/2020 9:01:17 AM,252 Event OK
5/08/2020 9:01:17 AM,EVENT 48543 1596615257 0/0/0/0/0 REPORT 48542 0 0 v:124
5/08/2020 9:01:17 AM,252 Event OK
5/08/2020 9:01:17 AM,EVENT 48544 1596615260 0/0/0/0/0 INPUT 1 0 756 v:124
5/08/2020 9:01:17 AM,252 Event OK
5/08/2020 9:01:18 AM,EVENT 48545 1596615260 0/0/0/0/0 INPUT 4 1 0 v:124
5/08/2020 9:01:18 AM,252 Event OK
5/08/2020 9:01:18 AM,EVENT 48546 1596615263 0/0/0/0/0 INPUT 4 0 4 v:124
5/08/2020 9:01:18 AM,252 Event OK
5/08/2020 9:01:18 AM,EVENT 48547 1596615263 0/0/0/0/0 INPUT 4 1 0 v:124
5/08/2020 9:01:18 AM,252 Event OK
5/08/2020 9:01:18 AM,EVENT 48548 1596615282 0/0/0/0/3 INPUT 4 0 19 v:124
5/08/2020 9:01:18 AM,252 Event OK
5/08/2020 9:01:19 AM,EVENT 48549 1596615282 0/0/0/0/2 INPUT 4 1 0 v:124
5/08/2020 9:01:19 AM,252 Event OK
5/08/2020 9:01:19 AM,EVENT 48550 1596615291 0/0/0/0/2 INPUT 4 0 9 v:124
5/08/2020 9:01:19 AM,252 Event OK
5/08/2020 9:01:19 AM,EVENT 48551 1596615292 0/0/0/0/2 INPUT 4 1 0 v:124
5/08/2020 9:01:19 AM,252 Event OK
5/08/2020 9:01:19 AM,EVENT 48552 1596615294 0/0/0/0/0 INPUT 7 1 0 v:124
5/08/2020 9:01:19 AM,252 Event OK
5/08/2020 9:01:20 AM,EVENT 48553 1596615294 0/0/0/0/0 INPUT 8 0 53 v:124
5/08/2020 9:01:20 AM,252 Event OK
5/08/2020 9:01:20 AM,EVENT 48554 1596615295 0/0/0/0/0 INPUT 1 1 0 v:124
5/08/2020 9:01:20 AM,252 Event OK
5/08/2020 9:01:20 AM,EVENT 48555 1596615295 0/0/0/0/0 INPUT 4 0 3 v:124
5/08/2020 9:01:20 AM,252 Event OK
5/08/2020 9:01:21 AM,EVENT 48556 1596615296 0/0/0/0/0 INPUT 4 1 0 v:124
5/08/2020 9:01:21 AM,252 Event OK
5/08/2020 9:01:21 AM,EVENT 48557 1596615298 0/0/0/0/0 TRIP 48542 0 37 8 6 45 v:124
5/08/2020 9:01:21 AM,252 Event OK
5/08/2020 9:01:21 AM,EVENT 48558 1596615299 0/0/0/0/0 INPUT 4 0 2 v:124
5/08/2020 9:01:21 AM,252 Event OK
5/08/2020 9:01:21 AM,EVENT 48559 1596615802 0/0/0/0/0 INPUT 8 1 0 v:124
5/08/2020 9:01:21 AM,252 Event OK
5/08/2020 9:01:22 AM,EVENT 48560 1596615803 0/0/0/0/0 INPUT 7 0 509 v:124
5/08/2020 9:01:22 AM,252 Event OK
5/08/2020 9:01:22 AM,EVENT 48561 1596615811 0/0/0/0/0 SIGNON 2507 03bbecf6 OK 26 220984 0 v:124
5/08/2020 9:01:22 AM,252 Event OK
5/08/2020 9:01:23 AM,EVENT 48562 1596615817 0/0/0/0/0 INPUT 4 1 0 v:124
5/08/2020 9:01:23 AM,252 Event OK
5/08/2020 9:01:23 AM,EVENT 48563 1596615817 0/0/0/0/0 INPUT 1 0 523 v:124
5/08/2020 9:01:23 AM,252 Event OK
5/08/2020 9:01:23 AM,EVENT 48564 1596615837 0/0/0/0/4 IMPACT 48561 9 0 0 0 9 0 - v:124
5/08/2020 9:01:23 AM,252 Event OK
5/08/2020 9:01:23 AM,EVENT 48565 1596615843 0/0/0/0/0 INPUT 4 0 26 v:124
5/08/2020 9:01:23 AM,252 Event OK
5/08/2020 9:01:24 AM,EVENT 48566 1596615843 0/0/0/0/0 INPUT 4 1 0 v:124
5/08/2020 9:01:24 AM,252 Event OK
5/08/2020 9:01:25 AM,EVENT 48567 1596615848 0/0/0/0/3 INPUT 4 0 5 v:124
5/08/2020 9:01:25 AM,252 Event OK
5/08/2020 9:01:25 AM,EVENT 48568 1596615848 0/0/0/0/3 INPUT 4 1 0 v:124
5/08/2020 9:01:25 AM,252 Event OK
5/08/2020 9:01:26 AM,EVENT 48569 1596615857 0/0/0/0/8 INPUT 3 1 0 v:124
5/08/2020 9:01:26 AM,252 Event OK
5/08/2020 9:01:26 AM,EVENT 48570 1596615860 0/0/0/0/9 INPUT 3 0 3 v:124
5/08/2020 9:01:26 AM,252 Event OK
5/08/2020 9:01:26 AM,EVENT 48571 1596615889 0/0/0/0/8 INPUT 3 1 0 v:124
5/08/2020 9:01:26 AM,252 Event OK
5/08/2020 9:01:27 AM,EVENT 48572 1596615897 0/0/0/0/9 INPUT 3 0 9 v:124
5/08/2020 9:01:27 AM,252 Event OK
5/08/2020 9:01:27 AM,EVENT 48573 1596615904 0/0/0/0/3 INPUT 4 0 56 v:124
5/08/2020 9:01:27 AM,252 Event OK
5/08/2020 9:01:30 AM,EVENT 48574 1596615905 0/0/0/0/2 INPUT 4 1 0 v:124
5/08/2020 9:01:30 AM,252 Event OK
5/08/2020 9:01:30 AM,EVENT 48575 1596615916 0/0/0/0/4 INPUT 4 0 12 v:124
5/08/2020 9:01:30 AM,252 Event OK
5/08/2020 9:01:31 AM,EVENT 48576 1596615916 0/0/0/0/3 INPUT 4 1 0 v:124
5/08/2020 9:01:31 AM,252 Event OK
5/08/2020 9:01:31 AM,EVENT 48577 1596615940 0/0/0/99/0 INPUT 4 0 24 v:124
5/08/2020 9:01:31 AM,252 Event OK
5/08/2020 9:01:32 AM,EVENT 48578 1596615940 0/0/0/99/0 INPUT 4 1 0 v:124
5/08/2020 9:01:32 AM,252 Event OK
5/08/2020 9:01:32 AM,EVENT 48579 1596615985 0/0/0/0/0 INPUT 4 0 45 v:124
5/08/2020 9:01:32 AM,252 Event OK
5/08/2020 9:01:32 AM,EVENT 48580 1596615985 0/0/0/0/0 INPUT 4 1 0 v:124
5/08/2020 9:01:32 AM,252 Event OK
5/08/2020 9:01:32 AM,EVENT 48581 1596616006 0/0/0/0/0 INPUT 4 0 21 v:124
5/08/2020 9:01:32 AM,252 Event OK
5/08/2020 9:01:33 AM,EVENT 48582 1596616006 0/0/0/0/0 INPUT 4 1 0 v:124
5/08/2020 9:01:33 AM,252 Event OK
5/08/2020 9:01:33 AM,EVENT 48583 1596616147 0/0/0/0/0 INPUT 4 0 141 v:124
5/08/2020 9:01:33 AM,252 Event OK
5/08/2020 9:01:33 AM,EVENT 48584 1596616147 0/0/0/0/0 INPUT 4 1 0 v:124
5/08/2020 9:01:33 AM,252 Event OK
5/08/2020 9:01:34 AM,EVENT 48585 1596616174 0/0/0/0/3 INPUT 4 0 27 v:124
5/08/2020 9:01:34 AM,252 Event OK
5/08/2020 9:01:34 AM,EVENT 48586 1596616174 0/0/0/0/3 INPUT 4 1 0 v:124
5/08/2020 9:01:34 AM,252 Event OK
5/08/2020 9:01:35 AM,EVENT 48587 1596616178 0/0/0/0/3 INPUT 4 0 4 v:124
5/08/2020 9:01:35 AM,252 Event OK
5/08/2020 9:01:35 AM,EVENT 48588 1596616178 0/0/0/0/3 INPUT 4 1 0 v:124
5/08/2020 9:01:35 AM,252 Event OK
5/08/2020 9:01:35 AM,EVENT 48589 1596616205 0/0/0/0/0 INPUT 4 0 27 v:124
5/08/2020 9:01:35 AM,252 Event OK
5/08/2020 9:01:36 AM,EVENT 48590 1596616205 0/0/0/0/0 INPUT 4 1 0 v:124
5/08/2020 9:01:36 AM,252 Event OK
5/08/2020 9:01:36 AM,EVENT 48591 1596616209 0/0/0/0/8 INPUT 3 1 0 v:124
5/08/2020 9:01:36 AM,252 Event OK
5/08/2020 9:01:36 AM,EVENT 48592 1596616480 0/0/0/0/11 INPUT 3 0 272 v:124
5/08/2020 9:01:36 AM,252 Event OK
5/08/2020 9:01:37 AM,EVENT 48593 1596616485 0/0/0/0/8 INPUT 3 1 0 v:124
5/08/2020 9:01:37 AM,252 Event OK
5/08/2020 9:01:37 AM,EVENT 48594 1596616486 0/0/0/0/8 INPUT 3 0 1 v:124
5/08/2020 9:01:37 AM,252 Event OK
5/08/2020 9:01:37 AM,EVENT 48595 1596616531 0/0/0/0/7 INPUT 3 1 0 v:124
5/08/2020 9:01:37 AM,252 Event OK
5/08/2020 9:01:38 AM,EVENT 48596 1596616534 0/0/0/0/12 INPUT 3 0 3 v:124
5/08/2020 9:01:38 AM,252 Event OK
5/08/2020 9:01:38 AM,EVENT 48597 1596616535 0/0/0/0/8 INPUT 3 1 0 v:124
5/08/2020 9:01:38 AM,252 Event OK
5/08/2020 9:01:38 AM,EVENT 48598 1596616689 0/0/0/0/10 INPUT 3 0 153 v:124
5/08/2020 9:01:38 AM,252 Event OK
5/08/2020 9:01:38 AM,EVENT 48599 1596616716 0/0/0/0/0 INPUT 4 0 511 v:124
5/08/2020 9:01:38 AM,252 Event OK
5/08/2020 9:01:39 AM,EVENT 48600 1596616716 0/0/0/0/0 INPUT 4 1 0 v:124
5/08/2020 9:01:39 AM,252 Event OK
5/08/2020 9:01:39 AM,EVENT 48601 1596616724 0/0/0/0/7 INPUT 3 1 0 v:124
5/08/2020 9:01:39 AM,252 Event OK
5/08/2020 9:01:39 AM,EVENT 48602 1596616726 0/0/0/0/11 INPUT 3 0 2 v:124
5/08/2020 9:01:39 AM,252 Event OK
5/08/2020 9:01:40 AM,EVENT 48603 1596616727 0/0/0/0/9 INPUT 3 1 0 v:124
5/08/2020 9:01:40 AM,252 Event OK
5/08/2020 9:01:40 AM,EVENT 48604 1596617087 0/0/0/0/23 REPORT 48561 0 0 v:124
5/08/2020 9:01:40 AM,252 Event OK
5/08/2020 9:01:41 AM,EVENT 48605 1596617226 0/0/0/0/10 INPUT 3 0 500 v:124
5/08/2020 9:01:41 AM,252 Event OK
5/08/2020 9:01:45 AM,EVENT 48606 1596617248 -310121770/1219228789/1419/2/0 INPUT 4 0 532 v:124
5/08/2020 9:01:45 AM,252 Event OK
5/08/2020 9:01:47 AM,EVENT 48607 1596617248 -310121770/1219228789/1419/2/0 INPUT 4 1 0 v:124
5/08/2020 9:01:47 AM,252 Event OK
5/08/2020 9:01:48 AM,EVENT 48608 1596617348 -310121109/1219229338/881/2/8 INPUT 3 1 0 v:124
5/08/2020 9:01:48 AM,252 Event OK
5/08/2020 9:01:48 AM,EVENT 48609 1596617416 -310128601/1219229905/837/3/9 INPUT 3 0 67 v:124
5/08/2020 9:01:48 AM,252 Event OK
5/08/2020 9:01:49 AM,EVENT 48610 1596617428 -310128307/1219228972/856/0/0 INPUT 4 0 180 v:124
5/08/2020 9:01:49 AM,252 Event OK
5/08/2020 9:01:50 AM,EVENT 48611 1596617428 -310128307/1219228972/856/0/0 INPUT 4 1 0 v:124
5/08/2020 9:01:50 AM,252 Event OK
5/08/2020 9:01:50 AM,EVENT 48612 1596617470 -310128269/1219228967/898/2/0 INPUT 4 0 42 v:124
5/08/2020 9:01:50 AM,252 Event OK
5/08/2020 9:01:50 AM,EVENT 48613 1596617470 -310128281/1219228976/896/2/0 INPUT 4 1 0 v:124
5/08/2020 9:01:50 AM,252 Event OK
5/08/2020 9:01:51 AM,EVENT 48614 1596617486 -310128249/1219229702/867/0/7 INPUT 3 1 0 v:124
5/08/2020 9:01:51 AM,252 Event OK
5/08/2020 9:01:52 AM,EVENT 48615 1596617500 -310125573/1219232335/862/0/9 INPUT 3 0 15 v:124
5/08/2020 9:01:52 AM,252 Event OK
5/08/2020 9:01:52 AM,EVENT 48616 1596617528 -310123932/1219230721/871/8/0 INPUT 7 1 0 v:124
5/08/2020 9:01:52 AM,252 Event OK
5/08/2020 9:01:53 AM,EVENT 48617 1596617528 -310123932/1219230721/871/8/0 INPUT 8 0 1725 v:124
5/08/2020 9:01:53 AM,252 Event OK
5/08/2020 9:01:54 AM,EVENT 48618 1596617528 -310123930/1219230723/871/8/0 INPUT 1 1 0 v:124
5/08/2020 9:01:54 AM,252 Event OK
5/08/2020 9:01:54 AM,EVENT 48619 1596617532 -310123923/1219230740/869/8/0 TRIP 48561 1025 690 7 7 1722 v:124
5/08/2020 9:01:54 AM,252 Event OK
5/08/2020 9:01:55 AM,EVENT 48620 1596617532 -310123922/1219230743/869/8/0 TRIPSUMMARY 48561 v:124
5/08/2020 9:01:55 AM,252 Event OK
5/08/2020 9:01:55 AM,EVENT 48621 1596617533 -310123922/1219230743/869/8/0 INPUT 4 0 62 v:124
5/08/2020 9:01:55 AM,252 Event OK
5/08/2020 9:01:56 AM,QUIT
5/08/2020 9:01:56 AM,221 Session ended - goodbye
5/08/2020 9:10:53 AM,UNIT 9279
5/08/2020 9:10:53 AM,333 CHAL 24E160F9
5/08/2020 9:10:53 AM,RESP C180FC4E
5/08/2020 9:10:53 AM,230 Auth OK
5/08/2020 9:10:54 AM,TIME
5/08/2020 9:10:54 AM,211 TIME 1596618654
5/08/2020 9:10:55 AM,EVCOUNT 2
5/08/2020 9:10:55 AM,252 Event OK
5/08/2020 9:10:55 AM,TODO
5/08/2020 9:10:55 AM,226 Nothing to do
5/08/2020 9:10:56 AM,EVENT 48622 1596618646 -310124195/1219230598/864/6/0 INPUT 8 1 0 v:124
5/08/2020 9:10:56 AM,252 Event OK
5/08/2020 9:10:57 AM,EVENT 48623 1596618646 -310124193/1219230597/869/6/0 INPUT 7 0 1119 v:124
5/08/2020 9:10:57 AM,252 Event OK
5/08/2020 9:10:58 AM,QUIT
5/08/2020 9:10:58 AM,221 Session ended - goodbye
5/08/2020 9:11:08 AM,UNIT 9279
5/08/2020 9:11:08 AM,333 CHAL 17EE7154
5/08/2020 9:11:08 AM,RESP 0F2E6B73
5/08/2020 9:11:08 AM,230 Auth OK
5/08/2020 9:11:09 AM,TIME
5/08/2020 9:11:09 AM,211 TIME 1596618669
5/08/2020 9:11:09 AM,EVCOUNT 3
5/08/2020 9:11:09 AM,252 Event OK
5/08/2020 9:11:10 AM,TODO
5/08/2020 9:11:10 AM,226 Nothing to do
5/08/2020 9:11:11 AM,EVENT 48624 1596618655 -310124113/1219230559/882/6/0 SIGNON 2507 03bbecf6 OK 26 220984 0 v:124
5/08/2020 9:11:11 AM,252 Event OK
5/08/2020 9:11:12 AM,EVENT 48625 1596618662 -310124101/1219230548/832/5/0 INPUT 1 0 1133 v:124
5/08/2020 9:11:12 AM,252 Event OK
5/08/2020 9:11:13 AM,EVENT 48626 1596618662 -310124101/1219230548/832/5/0 INPUT 4 1 0 v:124
5/08/2020 9:11:13 AM,252 Event OK
5/08/2020 9:11:14 AM,QUIT
5/08/2020 9:11:14 AM,221 Session ended - goodbye
5/08/2020 9:11:43 AM,UNIT 9279
5/08/2020 9:11:43 AM,333 CHAL 5B6974F0
5/08/2020 9:11:44 AM,RESP FCC60C29
5/08/2020 9:11:44 AM,230 Auth OK
5/08/2020 9:11:44 AM,TIME
5/08/2020 9:11:44 AM,211 TIME 1596618704
5/08/2020 9:11:45 AM,EVCOUNT 2
5/08/2020 9:11:45 AM,252 Event OK
5/08/2020 9:11:45 AM,TODO
5/08/2020 9:11:45 AM,226 Nothing to do
5/08/2020 9:11:46 AM,EVENT 48627 1596618696 -310123977/1219230623/826/6/0 INPUT 4 0 35 v:124
5/08/2020 9:11:46 AM,252 Event OK
5/08/2020 9:11:47 AM,EVENT 48628 1596618696 -310123977/1219230623/826/6/0 INPUT 4 1 0 v:124
5/08/2020 9:11:47 AM,252 Event OK
5/08/2020 9:11:48 AM,QUIT
5/08/2020 9:11:48 AM,221 Session ended - goodbye
5/08/2020 9:12:26 AM,UNIT 9279
5/08/2020 9:12:26 AM,333 CHAL 4DF387D9
5/08/2020 9:12:27 AM,RESP 42AD118B
5/08/2020 9:12:27 AM,230 Auth OK
5/08/2020 9:12:28 AM,TIME
5/08/2020 9:12:28 AM,211 TIME 1596618748
5/08/2020 9:12:29 AM,EVCOUNT 2
5/08/2020 9:12:29 AM,252 Event OK
5/08/2020 9:12:30 AM,TODO
5/08/2020 9:12:30 AM,226 Nothing to do
5/08/2020 9:12:31 AM,EVENT 48629 1596618739 -310123992/1219230878/872/6/0 INPUT 4 0 43 v:124
5/08/2020 9:12:31 AM,252 Event OK
5/08/2020 9:12:32 AM,EVENT 48630 1596618739 -310123992/1219230878/872/6/0 INPUT 4 1 0 v:124
5/08/2020 9:12:32 AM,252 Event OK
5/08/2020 9:12:33 AM,QUIT
5/08/2020 9:12:33 AM,221 Session ended - goodbye
5/08/2020 9:12:45 AM,UNIT 9279
5/08/2020 9:12:45 AM,333 CHAL 5850BE07
5/08/2020 9:12:46 AM,RESP 32B545EC
5/08/2020 9:12:46 AM,230 Auth OK
5/08/2020 9:12:47 AM,TIME
5/08/2020 9:12:47 AM,211 TIME 1596618767
5/08/2020 9:12:47 AM,EVCOUNT 4
5/08/2020 9:12:47 AM,252 Event OK
5/08/2020 9:12:48 AM,TODO
5/08/2020 9:12:48 AM,226 Nothing to do
5/08/2020 9:12:49 AM,EVENT 48631 1596618758 -310123883/1219230929/844/6/0 INPUT 4 0 19 v:124
5/08/2020 9:12:49 AM,252 Event OK
5/08/2020 9:12:50 AM,EVENT 48632 1596618759 -310123868/1219230948/846/6/0 INPUT 4 1 0 v:124
5/08/2020 9:12:50 AM,252 Event OK
5/08/2020 9:12:52 AM,EVENT 48633 1596618761 -310123738/1219231044/859/6/0 INPUT 4 0 3 v:124
5/08/2020 9:12:52 AM,252 Event OK
5/08/2020 9:12:53 AM,EVENT 48634 1596618761 -310123738/1219231044/859/6/0 INPUT 4 1 0 v:124
5/08/2020 9:12:53 AM,252 Event OK
5/08/2020 9:12:54 AM,QUIT
5/08/2020 9:12:54 AM,221 Session ended - goodbye
5/08/2020 9:13:06 AM,UNIT 9279
5/08/2020 9:13:06 AM,333 CHAL 143BF27C
5/08/2020 9:13:07 AM,RESP 845C6726
5/08/2020 9:13:07 AM,230 Auth OK
5/08/2020 9:13:08 AM,TIME
5/08/2020 9:13:08 AM,211 TIME 1596618788
5/08/2020 9:13:09 AM,EVCOUNT 1
5/08/2020 9:13:09 AM,252 Event OK
5/08/2020 9:13:09 AM,TODO
5/08/2020 9:13:09 AM,226 Nothing to do
5/08/2020 9:13:11 AM,EVENT 48635 1596618777 -310124097/1219231835/925/6/7 INPUT 3 1 0 v:124
5/08/2020 9:13:11 AM,252 Event OK
5/08/2020 9:13:11 AM,QUIT
5/08/2020 9:13:11 AM,221 Session ended - goodbye
5/08/2020 9:13:23 AM,UNIT 9279
5/08/2020 9:13:23 AM,333 CHAL AE9AE65
5/08/2020 9:13:24 AM,RESP 70B25259
5/08/2020 9:13:24 AM,230 Auth OK
5/08/2020 9:13:26 AM,TIME
5/08/2020 9:13:26 AM,211 TIME 1596618806
5/08/2020 9:13:27 AM,EVCOUNT 2
5/08/2020 9:13:27 AM,252 Event OK
5/08/2020 9:13:28 AM,TODO
5/08/2020 9:13:28 AM,226 Nothing to do
5/08/2020 9:13:29 AM,EVENT 48636 1596618790 -310124619/1219236364/896/6/10 INPUT 3 0 14 v:124
5/08/2020 9:13:29 AM,252 Event OK
5/08/2020 9:13:31 AM,EVENT 48637 1596618792 -310124491/1219236821/896/6/8 INPUT 3 1 0 v:124
5/08/2020 9:13:31 AM,252 Event OK
5/08/2020 9:13:32 AM,QUIT
5/08/2020 9:13:32 AM,221 Session ended - goodbye
5/08/2020 9:14:45 AM,UNIT 9279
5/08/2020 9:14:45 AM,333 CHAL 2883D2EF
5/08/2020 9:14:45 AM,RESP AA9B2FB3
5/08/2020 9:14:45 AM,230 Auth OK
5/08/2020 9:14:46 AM,TIME
5/08/2020 9:14:46 AM,211 TIME 1596618886
5/08/2020 9:14:47 AM,EVCOUNT 3
5/08/2020 9:14:47 AM,252 Event OK
5/08/2020 9:14:48 AM,TODO
5/08/2020 9:14:48 AM,226 Nothing to do
5/08/2020 9:14:48 AM,EVENT 48638 1596618877 -310143051/1219230844/931/5/10 INPUT 3 0 85 v:124
5/08/2020 9:14:48 AM,252 Event OK
5/08/2020 9:14:50 AM,EVENT 48639 1596618881 -310143492/1219230657/954/5/1 INPUT 4 0 120 v:124
5/08/2020 9:14:50 AM,252 Event OK
5/08/2020 9:14:51 AM,EVENT 48640 1596618882 -310143523/1219230659/960/5/0 INPUT 4 1 0 v:124
5/08/2020 9:14:51 AM,252 Event OK
5/08/2020 9:14:51 AM,QUIT
5/08/2020 9:14:51 AM,221 Session ended - goodbye
5/08/2020 9:15:02 AM,UNIT 9279
5/08/2020 9:15:02 AM,333 CHAL AAC3F5A
5/08/2020 9:15:02 AM,RESP 6E23DACD
5/08/2020 9:15:02 AM,230 Auth OK
5/08/2020 9:15:03 AM,TIME
5/08/2020 9:15:03 AM,211 TIME 1596618903
5/08/2020 9:15:03 AM,EVCOUNT 7
5/08/2020 9:15:03 AM,252 Event OK
5/08/2020 9:15:04 AM,TODO
5/08/2020 9:15:04 AM,226 Nothing to do
5/08/2020 9:15:05 AM,EVENT 48641 1596618887 -310143594/1219230668/983/5/0 INPUT 7 1 0 v:124
5/08/2020 9:15:05 AM,252 Event OK
5/08/2020 9:15:06 AM,EVENT 48642 1596618887 -310143594/1219230668/983/5/0 INPUT 8 0 241 v:124
5/08/2020 9:15:06 AM,252 Event OK
5/08/2020 9:15:07 AM,EVENT 48643 1596618887 -310143601/1219230669/985/5/0 INPUT 4 0 6 v:124
5/08/2020 9:15:07 AM,252 Event OK
5/08/2020 9:15:08 AM,EVENT 48644 1596618887 -310143601/1219230669/985/5/0 INPUT 4 1 0 v:124
5/08/2020 9:15:08 AM,252 Event OK
5/08/2020 9:15:09 AM,EVENT 48645 1596618888 -310143607/1219230671/986/5/0 INPUT 1 1 0 v:124
5/08/2020 9:15:09 AM,252 Event OK
5/08/2020 9:15:10 AM,EVENT 48646 1596618889 -310143623/1219230674/990/5/0 INPUT 4 0 2 v:124
5/08/2020 9:15:10 AM,252 Event OK
5/08/2020 9:15:10 AM,EVENT 48647 1596618891 -310143647/1219230677/989/5/0 TRIP 48624 99 129 8 6 236 v:124
5/08/2020 9:15:10 AM,252 Event OK
5/08/2020 9:15:11 AM,QUIT
5/08/2020 9:15:11 AM,221 Session ended - goodbye
5/08/2020 10:17:28 AM,UNIT 9279
5/08/2020 10:17:28 AM,333 CHAL 6C40F5C3
5/08/2020 10:17:28 AM,RESP 5B42D7C6
5/08/2020 10:17:28 AM,230 Auth OK
5/08/2020 10:17:28 AM,TIME
5/08/2020 10:17:28 AM,211 TIME 1596622648
5/08/2020 10:17:29 AM,EVCOUNT 13
5/08/2020 10:17:29 AM,252 Event OK
5/08/2020 10:17:29 AM,TODO
5/08/2020 10:17:29 AM,226 Nothing to do
5/08/2020 10:17:29 AM,EVENT 48648 1596622590 0/0/0/0/0 SWSTART OpusFC 5.0.58.517 R v:123
5/08/2020 10:17:29 AM,252 Event OK
5/08/2020 10:17:30 AM,EVENT 48649 1596618891 0/0/0/0/0 POWERDOWN v:124
5/08/2020 10:17:30 AM,252 Event OK
5/08/2020 10:17:31 AM,EVENT 48650 1596622590 0/0/0/0/0 INPUT 1 1 0 v:123
5/08/2020 10:17:31 AM,252 Event OK
5/08/2020 10:17:31 AM,EVENT 48651 1596622590 0/0/0/0/0 INPUT 2 0 0 v:123
5/08/2020 10:17:31 AM,252 Event OK
5/08/2020 10:17:31 AM,EVENT 48652 1596622590 0/0/0/0/0 INPUT 3 0 0 v:123
5/08/2020 10:17:31 AM,252 Event OK
5/08/2020 10:17:31 AM,EVENT 48653 1596622590 0/0/0/0/0 INPUT 4 0 0 v:123
5/08/2020 10:17:31 AM,252 Event OK
5/08/2020 10:17:32 AM,EVENT 48654 1596622590 0/0/0/0/0 INPUT 7 0 0 v:123
5/08/2020 10:17:32 AM,252 Event OK
5/08/2020 10:17:33 AM,EVENT 48655 1596622590 0/0/0/0/0 INPUT 8 1 0 v:123
5/08/2020 10:17:33 AM,252 Event OK
5/08/2020 10:18:00 AM,UNIT 9279
5/08/2020 10:18:00 AM,333 CHAL 1F461916
5/08/2020 10:18:01 AM,RESP 427C587B
5/08/2020 10:18:01 AM,230 Auth OK
5/08/2020 10:18:01 AM,TIME
5/08/2020 10:18:01 AM,211 TIME 1596622681
5/08/2020 10:18:02 AM,EVCOUNT 10
5/08/2020 10:18:02 AM,252 Event OK
5/08/2020 10:18:02 AM,TODO
5/08/2020 10:18:02 AM,226 Nothing to do
5/08/2020 10:18:03 AM,EVENT 48655 1596622590 0/0/0/0/0 INPUT 8 1 0 v:123
5/08/2020 10:18:03 AM,253 Event OK - Duplicate
5/08/2020 10:18:03 AM,EVENT 48656 1596622592 0/0/0/0/0 ZONE_OK 2 100 FW=NO VERSION v:123
5/08/2020 10:18:03 AM,252 Event OK
5/08/2020 10:18:04 AM,EVENT 48657 1596622608 0/0/0/99/0 SIGNON 2462 03dbeefb OK_CL 26 120882 0 v:123
5/08/2020 10:18:04 AM,252 Event OK
5/08/2020 10:18:05 AM,EVENT 48658 1596622631 -310143380/1219230953/2069/4/1 CHECKLIST 48657 OK 0 24 432 F v:123
5/08/2020 10:18:05 AM,252 Event OK
5/08/2020 10:18:05 AM,EVENT 48659 1596622642 -310143388/1219230930/1268/4/0 INPUT 4 1 0 v:123
5/08/2020 10:18:05 AM,252 Event OK
5/08/2020 10:18:06 AM,EVENT 48660 1596622643 -310143387/1219230925/1248/4/0 INPUT 1 0 52 v:123
5/08/2020 10:18:06 AM,252 Event OK
5/08/2020 10:18:07 AM,EVENT 48661 1596622668 -310143252/1219230751/909/4/0 INPUT 4 0 26 v:123
5/08/2020 10:18:07 AM,252 Event OK
5/08/2020 10:18:07 AM,EVENT 48662 1596622668 -310143228/1219230748/909/4/0 INPUT 4 1 0 v:123
5/08/2020 10:18:07 AM,252 Event OK
5/08/2020 10:18:08 AM,EVENT 48663 1596622671 -310143102/1219230738/903/4/0 INPUT 4 0 3 v:123
5/08/2020 10:18:08 AM,252 Event OK
5/08/2020 10:18:09 AM,EVENT 48664 1596622671 -310143079/1219230735/900/4/0 INPUT 4 1 0 v:123
5/08/2020 10:18:09 AM,252 Event OK
5/08/2020 10:18:09 AM,EVENT 48665 1596622678 -310142564/1219230439/926/3/4 INPUT 4 0 7 v:124
5/08/2020 10:18:09 AM,252 Event OK
5/08/2020 10:18:10 AM,EVENT 48666 1596622678 -310142549/1219230417/927/3/3 INPUT 4 1 0 v:124
5/08/2020 10:18:10 AM,252 Event OK
5/08/2020 10:18:11 AM,EVENT 48667 1596622686 -310142755/1219230666/958/3/5 INPUT 3 1 0 v:124
5/08/2020 10:18:11 AM,252 Event OK
5/08/2020 10:18:11 AM,QUIT
5/08/2020 10:18:11 AM,221 Session ended - goodbye
5/08/2020 10:19:21 AM,UNIT 9279
5/08/2020 10:19:21 AM,333 CHAL 1D2ED327
5/08/2020 10:19:21 AM,RESP 46E247C7
5/08/2020 10:19:21 AM,230 Auth OK
5/08/2020 10:19:21 AM,TIME
5/08/2020 10:19:21 AM,211 TIME 1596622761
5/08/2020 10:19:22 AM,EVCOUNT 1
5/08/2020 10:19:22 AM,252 Event OK
5/08/2020 10:19:22 AM,TODO
5/08/2020 10:19:22 AM,226 Nothing to do
5/08/2020 10:19:22 AM,EVENT 48668 1596622753 -310121478/1219236435/1037/6/11 INPUT 3 0 68 v:124
5/08/2020 10:19:22 AM,252 Event OK
5/08/2020 10:19:22 AM,QUIT
5/08/2020 10:19:22 AM,221 Session ended - goodbye
5/08/2020 10:19:32 AM,UNIT 9279
5/08/2020 10:19:32 AM,333 CHAL 3D2C24FB
5/08/2020 10:19:33 AM,RESP 9DA24C33
5/08/2020 10:19:33 AM,230 Auth OK
5/08/2020 10:19:34 AM,TIME
5/08/2020 10:19:34 AM,211 TIME 1596622774
5/08/2020 10:19:34 AM,EVCOUNT 7
5/08/2020 10:19:34 AM,252 Event OK
5/08/2020 10:19:35 AM,TODO
5/08/2020 10:19:35 AM,226 Nothing to do
5/08/2020 10:19:36 AM,EVENT 48669 1596622763 -310121377/1219236382/984/6/0 INPUT 7 1 0 v:123
5/08/2020 10:19:36 AM,252 Event OK
5/08/2020 10:19:37 AM,EVENT 48670 1596622763 -310121377/1219236382/984/6/0 INPUT 8 0 172 v:123
5/08/2020 10:19:37 AM,252 Event OK
5/08/2020 10:19:37 AM,EVENT 48671 1596622764 -310121374/1219236381/980/6/0 INPUT 1 1 0 v:123
5/08/2020 10:19:37 AM,252 Event OK
5/08/2020 10:19:38 AM,EVENT 48672 1596622764 -310121372/1219236379/979/6/0 INPUT 4 0 85 v:123
5/08/2020 10:19:38 AM,252 Event OK
5/08/2020 10:19:39 AM,EVENT 48673 1596622765 -310121367/1219236376/980/6/0 INPUT 4 1 0 v:123
5/08/2020 10:19:39 AM,252 Event OK
5/08/2020 10:19:40 AM,EVENT 48674 1596622766 -310121357/1219236371/980/6/0 INPUT 4 0 2 v:123
5/08/2020 10:19:40 AM,252 Event OK
5/08/2020 10:19:41 AM,EVENT 48675 1596622767 -310121350/1219236369/978/6/0 TRIP 48657 68 55 15 13 138 v:123
5/08/2020 10:19:41 AM,252 Event OK
5/08/2020 10:19:41 AM,EVENT 48676 1596622775 -310121295/1219236354/956/3/0 REPORT * 0 72 v:123
5/08/2020 10:19:41 AM,252 Event OK
5/08/2020 10:19:42 AM,QUIT
5/08/2020 10:19:42 AM,221 Session ended - goodbye
5/08/2020 10:21:36 AM,UNIT 9279
5/08/2020 10:21:36 AM,333 CHAL 7A9419F
5/08/2020 10:21:36 AM,RESP 1D0C0B78
5/08/2020 10:21:36 AM,230 Auth OK
5/08/2020 10:21:37 AM,TIME
5/08/2020 10:21:37 AM,211 TIME 1596622897
5/08/2020 10:21:37 AM,EVCOUNT 3
5/08/2020 10:21:37 AM,252 Event OK
5/08/2020 10:21:38 AM,TODO
5/08/2020 10:21:38 AM,226 Nothing to do
5/08/2020 10:21:39 AM,EVENT 48677 1596622890 -310121287/1219236327/1013/3/0 INPUT 8 1 0 v:124
5/08/2020 10:21:39 AM,252 Event OK
5/08/2020 10:21:39 AM,EVENT 48678 1596622890 -310121288/1219236328/1012/3/0 INPUT 7 0 127 v:124
5/08/2020 10:21:39 AM,252 Event OK
5/08/2020 10:21:40 AM,EVENT 48679 1596622891 -310121288/1219236329/1011/3/0 DEBUG Time(BAD):1596622891->4294967295 v:124
5/08/2020 10:21:40 AM,252 Event OK
5/08/2020 10:21:41 AM,QUIT
5/08/2020 10:21:41 AM,221 Session ended - goodbye
5/08/2020 10:21:55 AM,UNIT 9279
5/08/2020 10:21:55 AM,333 CHAL 64192514
5/08/2020 10:21:55 AM,RESP 4D909973
5/08/2020 10:21:55 AM,230 Auth OK
5/08/2020 10:21:56 AM,TIME
5/08/2020 10:21:56 AM,211 TIME 1596622916
5/08/2020 10:21:56 AM,EVCOUNT 1
5/08/2020 10:21:56 AM,252 Event OK
5/08/2020 10:21:57 AM,TODO
5/08/2020 10:21:57 AM,226 Nothing to do
5/08/2020 10:21:58 AM,EVENT 48680 1596622908 -310121276/1219236348/980/3/0 SIGNON 2462 03dbeefb OK 26 120882 0 v:124
5/08/2020 10:21:58 AM,252 Event OK
5/08/2020 10:21:58 AM,QUIT
5/08/2020 10:21:58 AM,221 Session ended - goodbye
5/08/2020 10:22:09 AM,UNIT 9279
5/08/2020 10:22:09 AM,333 CHAL 5723A4BE
5/08/2020 10:22:10 AM,RESP D95EEF5D
5/08/2020 10:22:10 AM,230 Auth OK
5/08/2020 10:22:10 AM,TIME
5/08/2020 10:22:10 AM,211 TIME 1596622930
5/08/2020 10:22:11 AM,EVCOUNT 3
5/08/2020 10:22:11 AM,252 Event OK
5/08/2020 10:22:11 AM,TODO
5/08/2020 10:22:11 AM,226 Nothing to do
5/08/2020 10:22:12 AM,EVENT 48681 1596622915 -310121280/1219236348/998/3/0 INPUT 1 0 151 v:124
5/08/2020 10:22:12 AM,252 Event OK
5/08/2020 10:22:13 AM,EVENT 48682 1596622915 -310121280/1219236350/998/3/0 INPUT 4 1 0 v:124
5/08/2020 10:22:13 AM,252 Event OK
5/08/2020 10:22:14 AM,EVENT 48683 1596622921 -310120926/1219236098/999/3/6 INPUT 3 1 0 v:124
5/08/2020 10:22:14 AM,252 Event OK
5/08/2020 10:22:15 AM,QUIT
5/08/2020 10:22:15 AM,221 Session ended - goodbye
5/08/2020 10:27:25 AM,UNIT 9279
5/08/2020 10:27:25 AM,333 CHAL 3EDFBBF8
5/08/2020 10:27:26 AM,RESP BF588DE6
5/08/2020 10:27:26 AM,230 Auth OK
5/08/2020 10:27:26 AM,TIME
5/08/2020 10:27:26 AM,211 TIME 1596623246
5/08/2020 10:27:27 AM,EVCOUNT 6
5/08/2020 10:27:27 AM,252 Event OK
5/08/2020 10:27:27 AM,TODO
5/08/2020 10:27:27 AM,226 Nothing to do
5/08/2020 10:27:27 AM,EVENT 48684 1596622941 -310121087/1219230032/1015/6/11 INPUT 3 0 19 v:124
5/08/2020 10:27:27 AM,252 Event OK
5/08/2020 10:27:28 AM,EVENT 48685 1596622952 -310121255/1219229954/967/6/0 INPUT 7 1 0 v:124
5/08/2020 10:27:28 AM,252 Event OK
5/08/2020 10:27:28 AM,EVENT 48686 1596622952 -310121255/1219229954/967/6/0 INPUT 8 0 62 v:124
5/08/2020 10:27:28 AM,252 Event OK
5/08/2020 10:27:28 AM,EVENT 48687 1596622953 -310121253/1219229960/964/6/0 INPUT 1 1 0 v:124
5/08/2020 10:27:28 AM,252 Event OK
5/08/2020 10:27:29 AM,EVENT 48688 1596622955 -310121252/1219229972/956/6/0 INPUT 4 0 39 v:123
5/08/2020 10:27:29 AM,252 Event OK
5/08/2020 10:27:29 AM,EVENT 48689 1596622956 -310121253/1219229983/948/0/0 TRIP 48680 19 20 9 7 48 v:124
5/08/2020 10:27:29 AM,252 Event OK
5/08/2020 10:27:30 AM,QUIT
5/08/2020 10:27:30 AM,221 Session ended - goodbye
5/08/2020 8:59:01 PM,UNIT 9279
5/08/2020 8:59:01 PM,333 CHAL 5FCBA306
5/08/2020 8:59:02 PM,RESP 162693E1
5/08/2020 8:59:02 PM,230 Auth OK
5/08/2020 8:59:02 PM,TIME
5/08/2020 8:59:02 PM,211 TIME 1596661142
5/08/2020 8:59:02 PM,EVCOUNT 456
5/08/2020 8:59:02 PM,252 Event OK
5/08/2020 8:59:02 PM,TODO
5/08/2020 8:59:02 PM,226 Nothing to do
5/08/2020 8:59:03 PM,EVENT 48690 1596625038 -310121253/1219229983/948/0/0 SWSTART OpusFC 5.0.58.517 R v:123
5/08/2020 8:59:03 PM,252 Event OK
5/08/2020 8:59:03 PM,EVENT 48691 1596622956 0/0/0/0/0 POWERDOWN v:124
5/08/2020 8:59:03 PM,252 Event OK
5/08/2020 8:59:03 PM,EVENT 48692 1596625038 0/0/0/0/0 INPUT 1 1 0 v:123
5/08/2020 8:59:03 PM,252 Event OK
5/08/2020 8:59:04 PM,EVENT 48693 1596625038 0/0/0/0/0 INPUT 2 0 0 v:123
5/08/2020 8:59:04 PM,252 Event OK
5/08/2020 8:59:04 PM,EVENT 48694 1596625038 0/0/0/0/0 INPUT 3 0 0 v:123
5/08/2020 8:59:04 PM,252 Event OK
5/08/2020 8:59:04 PM,EVENT 48695 1596625038 0/0/0/0/0 INPUT 4 0 0 v:123
5/08/2020 8:59:04 PM,252 Event OK
5/08/2020 8:59:04 PM,EVENT 48696 1596625038 0/0/0/0/0 INPUT 7 0 0 v:123
5/08/2020 8:59:04 PM,252 Event OK
5/08/2020 8:59:04 PM,EVENT 48697 1596625038 0/0/0/0/0 INPUT 8 1 0 v:123
5/08/2020 8:59:04 PM,252 Event OK
5/08/2020 8:59:05 PM,EVENT 48698 1596625040 0/0/0/0/0 ZONE_OK 2 100 FW=NO VERSION v:123
5/08/2020 8:59:05 PM,252 Event OK
5/08/2020 8:59:05 PM,EVENT 48699 1596625050 -310121392/1219229491/3501/0/4 SIGNON 2462 03dbeefb OK 26 120882 0 v:123
5/08/2020 8:59:05 PM,252 Event OK
5/08/2020 8:59:05 PM,EVENT 48700 1596625087 -310121338/1219229365/1042/0/0 INPUT 1 0 48 v:124
5/08/2020 8:59:05 PM,252 Event OK
5/08/2020 8:59:06 PM,EVENT 48701 1596625087 -310121335/1219229365/1034/0/0 INPUT 4 1 0 v:124
5/08/2020 8:59:06 PM,252 Event OK
5/08/2020 8:59:06 PM,EVENT 48702 1596625110 -310121525/1219229131/896/0/6 INPUT 3 1 0 v:124
5/08/2020 8:59:06 PM,252 Event OK
5/08/2020 8:59:06 PM,EVENT 48703 1596625770 0/0/0/0/10 INPUT 3 0 659 v:124
5/08/2020 8:59:06 PM,252 Event OK
5/08/2020 8:59:06 PM,EVENT 48704 1596625802 0/0/0/0/0 INPUT 4 0 715 v:124
5/08/2020 8:59:06 PM,252 Event OK
5/08/2020 8:59:06 PM,EVENT 48705 1596625802 0/0/0/0/0 INPUT 4 1 0 v:124
5/08/2020 8:59:06 PM,252 Event OK
5/08/2020 8:59:07 PM,EVENT 48706 1596625805 0/0/0/0/0 INPUT 4 0 3 v:124
5/08/2020 8:59:07 PM,252 Event OK
5/08/2020 8:59:07 PM,EVENT 48707 1596625805 0/0/0/0/0 INPUT 4 1 0 v:124
5/08/2020 8:59:07 PM,252 Event OK
5/08/2020 8:59:07 PM,EVENT 48708 1596625809 0/0/0/0/0 INPUT 4 0 4 v:124
5/08/2020 8:59:07 PM,252 Event OK
5/08/2020 8:59:07 PM,EVENT 48709 1596625809 0/0/0/0/0 INPUT 4 1 0 v:124
5/08/2020 8:59:07 PM,252 Event OK
5/08/2020 8:59:08 PM,EVENT 48710 1596625814 0/0/0/0/0 INPUT 4 0 5 v:124
5/08/2020 8:59:08 PM,252 Event OK
5/08/2020 8:59:08 PM,EVENT 48711 1596625814 0/0/0/0/0 INPUT 4 1 0 v:124
5/08/2020 8:59:08 PM,252 Event OK
5/08/2020 8:59:08 PM,EVENT 48712 1596625818 0/0/0/0/0 INPUT 4 0 4 v:124
5/08/2020 8:59:08 PM,252 Event OK
5/08/2020 8:59:08 PM,EVENT 48713 1596625819 0/0/0/0/0 INPUT 4 1 0 v:124
5/08/2020 8:59:08 PM,252 Event OK
5/08/2020 8:59:08 PM,EVENT 48714 1596625859 0/0/0/0/3 INPUT 4 0 41 v:124
5/08/2020 8:59:08 PM,252 Event OK
5/08/2020 8:59:09 PM,EVENT 48715 1596625859 0/0/0/0/3 INPUT 4 1 0 v:124
5/08/2020 8:59:09 PM,252 Event OK
5/08/2020 8:59:09 PM,EVENT 48716 1596625874 0/0/0/0/3 INPUT 4 0 15 v:124
5/08/2020 8:59:09 PM,252 Event OK
5/08/2020 8:59:09 PM,EVENT 48717 1596625874 0/0/0/0/3 INPUT 4 1 0 v:124
5/08/2020 8:59:09 PM,252 Event OK
5/08/2020 8:59:10 PM,EVENT 48718 1596625891 0/0/0/99/8 INPUT 3 1 0 v:124
5/08/2020 8:59:10 PM,252 Event OK
5/08/2020 8:59:10 PM,EVENT 48719 1596625895 0/0/0/99/12 INPUT 3 0 4 v:124
5/08/2020 8:59:10 PM,252 Event OK
5/08/2020 8:59:10 PM,EVENT 48720 1596625896 0/0/0/99/8 INPUT 4 0 22 v:124
5/08/2020 8:59:10 PM,252 Event OK
5/08/2020 8:59:11 PM,EVENT 48721 1596625896 0/0/0/99/7 INPUT 4 1 0 v:124
5/08/2020 8:59:11 PM,252 Event OK
5/08/2020 8:59:11 PM,EVENT 48722 1596625897 0/0/0/99/3 INPUT 1 1 0 v:124
5/08/2020 8:59:11 PM,252 Event OK
5/08/2020 8:59:11 PM,EVENT 48723 1596625900 0/0/0/99/3 INPUT 4 0 4 v:124
5/08/2020 8:59:11 PM,252 Event OK
5/08/2020 8:59:12 PM,EVENT 48724 1596625902 0/0/0/99/2 INPUT 7 1 0 v:124
5/08/2020 8:59:12 PM,252 Event OK
5/08/2020 8:59:12 PM,EVENT 48725 1596625902 0/0/0/99/2 INPUT 8 0 863 v:124
5/08/2020 8:59:12 PM,252 Event OK
5/08/2020 8:59:13 PM,EVENT 48726 1596625906 0/0/0/99/0 TRIP 48699 663 150 44 38 857 v:124
5/08/2020 8:59:13 PM,252 Event OK
5/08/2020 8:59:13 PM,EVENT 48727 1596625921 0/0/0/0/0 INPUT 8 1 0 v:124
5/08/2020 8:59:13 PM,252 Event OK
5/08/2020 8:59:13 PM,EVENT 48728 1596625921 0/0/0/0/0 INPUT 7 0 19 v:124
5/08/2020 8:59:13 PM,252 Event OK
5/08/2020 8:59:14 PM,EVENT 48729 1596625959 0/0/0/0/0 SIGNON 2462 03dbeefb OK 26 120882 0 v:124
5/08/2020 8:59:14 PM,252 Event OK
5/08/2020 8:59:14 PM,EVENT 48730 1596625965 0/0/0/0/0 INPUT 1 0 69 v:124
5/08/2020 8:59:14 PM,252 Event OK
5/08/2020 8:59:14 PM,EVENT 48731 1596625965 0/0/0/0/0 INPUT 4 1 0 v:124
5/08/2020 8:59:14 PM,252 Event OK
5/08/2020 8:59:15 PM,EVENT 48732 1596625970 0/0/0/0/4 INPUT 3 1 0 v:124
5/08/2020 8:59:15 PM,252 Event OK
5/08/2020 8:59:15 PM,EVENT 48733 1596625979 0/0/0/0/10 INPUT 3 0 8 v:124
5/08/2020 8:59:15 PM,252 Event OK
5/08/2020 8:59:15 PM,EVENT 48734 1596625994 0/0/0/0/0 INPUT 7 1 0 v:124
5/08/2020 8:59:15 PM,252 Event OK
5/08/2020 8:59:15 PM,EVENT 48735 1596625994 0/0/0/0/0 INPUT 8 0 73 v:124
5/08/2020 8:59:15 PM,252 Event OK
5/08/2020 8:59:17 PM,EVENT 48736 1596625994 0/0/0/0/0 INPUT 4 0 29 v:124
5/08/2020 8:59:17 PM,252 Event OK
5/08/2020 8:59:17 PM,EVENT 48737 1596625994 0/0/0/0/0 INPUT 4 1 0 v:124
5/08/2020 8:59:17 PM,252 Event OK
5/08/2020 8:59:17 PM,EVENT 48738 1596625995 0/0/0/0/0 INPUT 1 1 0 v:124
5/08/2020 8:59:17 PM,252 Event OK
5/08/2020 8:59:18 PM,EVENT 48739 1596625998 0/0/0/0/0 TRIP 48729 8 25 7 7 40 v:124
5/08/2020 8:59:18 PM,252 Event OK
5/08/2020 8:59:18 PM,EVENT 48740 1596625999 0/0/0/0/0 INPUT 4 0 4 v:124
5/08/2020 8:59:18 PM,252 Event OK
5/08/2020 8:59:18 PM,EVENT 48741 1596626004 0/0/0/0/0 INPUT 8 1 0 v:124
5/08/2020 8:59:18 PM,252 Event OK
5/08/2020 8:59:18 PM,EVENT 48742 1596626004 0/0/0/0/0 INPUT 7 0 10 v:124
5/08/2020 8:59:18 PM,252 Event OK
5/08/2020 8:59:19 PM,EVENT 48743 1596626010 0/0/0/0/0 INPUT 7 1 0 v:124
5/08/2020 8:59:19 PM,252 Event OK
5/08/2020 8:59:19 PM,EVENT 48744 1596626010 0/0/0/0/0 INPUT 8 0 6 v:124
5/08/2020 8:59:19 PM,252 Event OK
5/08/2020 8:59:19 PM,EVENT 48745 1596626016 0/0/0/0/0 REPORT * 0 0 v:124
5/08/2020 8:59:19 PM,252 Event OK
5/08/2020 8:59:19 PM,EVENT 48746 1596626041 0/0/0/0/0 INPUT 8 1 0 v:124
5/08/2020 8:59:19 PM,252 Event OK
5/08/2020 8:59:20 PM,EVENT 48747 1596626041 0/0/0/0/0 INPUT 7 0 31 v:124
5/08/2020 8:59:20 PM,252 Event OK
5/08/2020 8:59:20 PM,EVENT 48748 1596626054 0/0/0/0/0 SIGNON 2462 03dbeefb OK 26 120882 0 v:124
5/08/2020 8:59:20 PM,252 Event OK
5/08/2020 8:59:20 PM,EVENT 48749 1596626059 0/0/0/0/0 INPUT 7 1 0 v:124
5/08/2020 8:59:20 PM,252 Event OK
5/08/2020 8:59:20 PM,EVENT 48750 1596626059 0/0/0/0/0 INPUT 8 0 19 v:124
5/08/2020 8:59:20 PM,252 Event OK
5/08/2020 8:59:21 PM,EVENT 48751 1596626064 0/0/0/0/0 TRIP 48748 0 0 11 11 11 v:123
5/08/2020 8:59:21 PM,252 Event OK
5/08/2020 8:59:21 PM,EVENT 48752 1596626125 0/0/0/0/0 INPUT 8 1 0 v:124
5/08/2020 8:59:21 PM,252 Event OK
5/08/2020 8:59:21 PM,EVENT 48753 1596626125 0/0/0/0/0 INPUT 7 0 65 v:124
5/08/2020 8:59:21 PM,252 Event OK
5/08/2020 8:59:22 PM,EVENT 48754 1596626139 0/0/0/0/0 SIGNON 2462 03dbeefb OK 26 120882 0 v:124
5/08/2020 8:59:22 PM,252 Event OK
5/08/2020 8:59:22 PM,EVENT 48755 1596626160 0/0/0/0/0 INPUT 7 1 0 v:124
5/08/2020 8:59:22 PM,252 Event OK
5/08/2020 8:59:22 PM,EVENT 48756 1596626160 0/0/0/0/0 INPUT 8 0 35 v:124
5/08/2020 8:59:22 PM,252 Event OK
5/08/2020 8:59:22 PM,EVENT 48757 1596626160 0/0/0/0/0 INPUT 8 1 0 v:124
5/08/2020 8:59:22 PM,252 Event OK
5/08/2020 8:59:22 PM,EVENT 48758 1596626160 0/0/0/0/0 INPUT 7 0 1 v:124
5/08/2020 8:59:22 PM,252 Event OK
5/08/2020 8:59:23 PM,EVENT 48759 1596626168 0/0/0/0/0 INPUT 7 1 0 v:124
5/08/2020 8:59:23 PM,252 Event OK
5/08/2020 8:59:23 PM,EVENT 48760 1596626168 0/0/0/0/0 INPUT 8 0 8 v:124
5/08/2020 8:59:23 PM,252 Event OK
5/08/2020 8:59:23 PM,EVENT 48761 1596626169 0/0/0/0/0 INPUT 8 1 0 v:124
5/08/2020 8:59:23 PM,252 Event OK
5/08/2020 8:59:23 PM,EVENT 48762 1596626169 0/0/0/0/0 INPUT 7 0 1 v:124
5/08/2020 8:59:23 PM,252 Event OK
5/08/2020 8:59:24 PM,EVENT 48763 1596626173 0/0/0/0/0 INPUT 7 1 0 v:124
5/08/2020 8:59:24 PM,252 Event OK
5/08/2020 8:59:24 PM,EVENT 48764 1596626173 0/0/0/0/0 INPUT 8 0 4 v:124
5/08/2020 8:59:24 PM,252 Event OK
5/08/2020 8:59:24 PM,EVENT 48765 1596626173 0/0/0/0/0 INPUT 8 1 0 v:124
5/08/2020 8:59:24 PM,252 Event OK
5/08/2020 8:59:24 PM,EVENT 48766 1596626174 0/0/0/0/0 INPUT 7 0 1 v:124
5/08/2020 8:59:24 PM,252 Event OK
5/08/2020 8:59:24 PM,EVENT 48767 1596626180 0/0/0/0/0 INPUT 7 1 0 v:124
5/08/2020 8:59:24 PM,252 Event OK
5/08/2020 8:59:25 PM,EVENT 48768 1596626180 0/0/0/0/0 INPUT 8 0 6 v:124
5/08/2020 8:59:25 PM,252 Event OK
5/08/2020 8:59:25 PM,EVENT 48769 1596626181 0/0/0/0/0 INPUT 8 1 0 v:124
5/08/2020 8:59:25 PM,252 Event OK
5/08/2020 8:59:25 PM,EVENT 48770 1596626181 0/0/0/0/0 INPUT 7 0 2 v:124
5/08/2020 8:59:25 PM,252 Event OK
5/08/2020 8:59:25 PM,EVENT 48771 1596626186 0/0/0/0/0 INPUT 7 1 0 v:124
5/08/2020 8:59:25 PM,252 Event OK
5/08/2020 8:59:26 PM,EVENT 48772 1596626186 0/0/0/0/0 INPUT 8 0 6 v:123
5/08/2020 8:59:26 PM,252 Event OK
5/08/2020 8:59:26 PM,EVENT 48773 1596626191 0/0/0/0/0 INPUT 8 1 0 v:123
5/08/2020 8:59:26 PM,252 Event OK
5/08/2020 8:59:26 PM,EVENT 48774 1596626191 0/0/0/0/0 INPUT 7 0 4 v:124
5/08/2020 8:59:26 PM,252 Event OK
5/08/2020 8:59:26 PM,EVENT 48775 1596626195 0/0/0/0/0 INPUT 7 1 0 v:124
5/08/2020 8:59:26 PM,252 Event OK
5/08/2020 8:59:26 PM,EVENT 48776 1596626195 0/0/0/0/0 INPUT 8 0 4 v:124
5/08/2020 8:59:26 PM,252 Event OK
5/08/2020 8:59:27 PM,EVENT 48777 1596626196 0/0/0/0/0 INPUT 8 1 0 v:124
5/08/2020 8:59:27 PM,252 Event OK
5/08/2020 8:59:27 PM,EVENT 48778 1596626196 0/0/0/0/0 INPUT 7 0 2 v:124
5/08/2020 8:59:27 PM,252 Event OK
5/08/2020 8:59:27 PM,EVENT 48779 1596626281 0/0/0/0/0 INPUT 7 1 0 v:123
5/08/2020 8:59:27 PM,252 Event OK
5/08/2020 8:59:27 PM,EVENT 48780 1596626281 0/0/0/0/0 INPUT 8 0 86 v:123
5/08/2020 8:59:27 PM,252 Event OK
5/08/2020 8:59:28 PM,EVENT 48781 1596626286 0/0/0/0/0 TRIP 48754 0 0 147 147 147 v:124
5/08/2020 8:59:28 PM,252 Event OK
5/08/2020 8:59:28 PM,EVENT 48782 1596626299 0/0/0/0/0 INPUT 8 1 0 v:124
5/08/2020 8:59:28 PM,252 Event OK
5/08/2020 8:59:28 PM,EVENT 48783 1596626299 0/0/0/0/0 INPUT 7 0 18 v:124
5/08/2020 8:59:28 PM,252 Event OK
5/08/2020 8:59:28 PM,EVENT 48784 1596626311 0/0/0/0/0 SIGNON 2531 03d1f6d6 OK 26 170494 0 v:124
5/08/2020 8:59:28 PM,252 Event OK
5/08/2020 8:59:28 PM,EVENT 48785 1596626317 0/0/0/0/0 INPUT 4 1 0 v:124
5/08/2020 8:59:28 PM,252 Event OK
5/08/2020 8:59:29 PM,EVENT 48786 1596626318 0/0/0/0/0 INPUT 1 0 323 v:124
5/08/2020 8:59:29 PM,252 Event OK
5/08/2020 8:59:29 PM,EVENT 48787 1596626323 0/0/0/0/0 INPUT 4 0 6 v:123
5/08/2020 8:59:29 PM,252 Event OK
5/08/2020 8:59:29 PM,EVENT 48788 1596626323 0/0/0/0/0 INPUT 4 1 0 v:123
5/08/2020 8:59:29 PM,252 Event OK
5/08/2020 8:59:30 PM,EVENT 48789 1596626325 0/0/0/0/4 INPUT 3 1 0 v:123
5/08/2020 8:59:30 PM,252 Event OK
5/08/2020 8:59:30 PM,EVENT 48790 1596626532 0/0/0/0/12 INPUT 3 0 206 v:124
5/08/2020 8:59:30 PM,252 Event OK
5/08/2020 8:59:30 PM,EVENT 48791 1596626582 0/0/0/99/3 INPUT 3 1 0 v:124
5/08/2020 8:59:30 PM,252 Event OK
5/08/2020 8:59:30 PM,EVENT 48792 1596626741 0/0/0/0/13 INPUT 3 0 158 v:124
5/08/2020 8:59:30 PM,252 Event OK
5/08/2020 8:59:31 PM,EVENT 48793 1596626755 0/0/0/0/0 INPUT 4 0 432 v:124
5/08/2020 8:59:31 PM,252 Event OK
5/08/2020 8:59:31 PM,EVENT 48794 1596626755 0/0/0/0/0 INPUT 4 1 0 v:124
5/08/2020 8:59:31 PM,252 Event OK
5/08/2020 8:59:31 PM,EVENT 48795 1596626788 0/0/0/0/0 INPUT 4 0 33 v:124
5/08/2020 8:59:31 PM,252 Event OK
5/08/2020 8:59:32 PM,EVENT 48796 1596626788 0/0/0/0/0 INPUT 4 1 0 v:124
5/08/2020 8:59:32 PM,252 Event OK
5/08/2020 8:59:32 PM,EVENT 48797 1596626803 0/0/0/0/0 INPUT 7 1 0 v:124
5/08/2020 8:59:32 PM,252 Event OK
5/08/2020 8:59:32 PM,EVENT 48798 1596626803 0/0/0/0/0 INPUT 8 0 503 v:124
5/08/2020 8:59:32 PM,252 Event OK
5/08/2020 8:59:33 PM,EVENT 48799 1596626803 0/0/0/0/0 INPUT 1 1 0 v:124
5/08/2020 8:59:33 PM,252 Event OK
5/08/2020 8:59:33 PM,EVENT 48800 1596626805 0/0/0/0/0 INPUT 4 0 17 v:123
5/08/2020 8:59:33 PM,252 Event OK
5/08/2020 8:59:34 PM,EVENT 48801 1596626807 0/0/0/0/0 TRIP 48784 364 124 8 6 496 v:123
5/08/2020 8:59:34 PM,252 Event OK
5/08/2020 8:59:34 PM,EVENT 48802 1596626808 0/0/0/0/0 INPUT 8 1 0 v:124
5/08/2020 8:59:34 PM,252 Event OK
5/08/2020 8:59:36 PM,EVENT 48803 1596626809 0/0/0/0/0 INPUT 7 0 6 v:124
5/08/2020 8:59:36 PM,252 Event OK
5/08/2020 8:59:37 PM,EVENT 48804 1596626820 0/0/0/0/0 SIGNON 2462 03dbeefb OK 26 120882 0 v:124
5/08/2020 8:59:37 PM,252 Event OK
5/08/2020 8:59:46 PM,EVENT 48805 1596626826 0/0/0/0/0 INPUT 1 0 23 v:124
5/08/2020 8:59:46 PM,252 Event OK
5/08/2020 8:59:47 PM,EVENT 48806 1596626827 0/0/0/0/0 INPUT 4 1 0 v:124
5/08/2020 8:59:47 PM,252 Event OK
5/08/2020 8:59:47 PM,EVENT 48807 1596626837 0/0/0/0/0 INPUT 4 0 11 v:124
5/08/2020 8:59:47 PM,252 Event OK
5/08/2020 8:59:47 PM,EVENT 48808 1596626838 0/0/0/0/0 INPUT 4 1 0 v:124
5/08/2020 8:59:47 PM,252 Event OK
5/08/2020 8:59:48 PM,EVENT 48809 1596626852 0/0/0/0/0 INPUT 4 0 15 v:124
5/08/2020 8:59:48 PM,252 Event OK
5/08/2020 8:59:48 PM,EVENT 48810 1596626852 0/0/0/0/0 INPUT 4 1 0 v:124
5/08/2020 8:59:48 PM,252 Event OK
5/08/2020 8:59:49 PM,EVENT 48811 1596626886 0/0/0/0/5 INPUT 3 1 0 v:124
5/08/2020 8:59:49 PM,252 Event OK
5/08/2020 8:59:50 PM,EVENT 48812 1596626906 0/0/0/0/10 INPUT 3 0 19 v:124
5/08/2020 8:59:50 PM,252 Event OK
5/08/2020 8:59:50 PM,EVENT 48813 1596626918 0/0/0/99/0 INPUT 4 0 66 v:124
5/08/2020 8:59:50 PM,252 Event OK
5/08/2020 8:59:51 PM,EVENT 48814 1596626918 0/0/0/99/0 INPUT 4 1 0 v:123
5/08/2020 8:59:51 PM,252 Event OK
5/08/2020 8:59:52 PM,EVENT 48815 1596626935 0/0/0/99/0 INPUT 4 0 17 v:124
5/08/2020 8:59:52 PM,252 Event OK
5/08/2020 8:59:52 PM,EVENT 48816 1596626935 0/0/0/99/0 INPUT 4 1 0 v:124
5/08/2020 8:59:52 PM,252 Event OK
5/08/2020 8:59:52 PM,EVENT 48817 1596626968 0/0/0/0/0 INPUT 4 0 33 v:124
5/08/2020 8:59:52 PM,252 Event OK
5/08/2020 8:59:53 PM,EVENT 48818 1596626969 0/0/0/0/0 INPUT 4 1 0 v:124
5/08/2020 8:59:53 PM,252 Event OK
5/08/2020 8:59:53 PM,EVENT 48819 1596626972 0/0/0/0/0 INPUT 4 0 4 v:124
5/08/2020 8:59:53 PM,252 Event OK
5/08/2020 9:00:06 PM,EVENT 48820 1596626972 0/0/0/0/0 INPUT 4 1 0 v:124
5/08/2020 9:00:06 PM,252 Event OK
5/08/2020 9:00:06 PM,EVENT 48821 1596626975 0/0/0/0/5 INPUT 3 1 0 v:124
5/08/2020 9:00:06 PM,252 Event OK
5/08/2020 9:00:06 PM,EVENT 48822 1596627323 0/0/0/0/10 INPUT 3 0 348 v:124
5/08/2020 9:00:06 PM,252 Event OK
5/08/2020 9:00:06 PM,EVENT 48823 1596627326 0/0/0/0/8 INPUT 3 1 0 v:124
5/08/2020 9:00:06 PM,252 Event OK
5/08/2020 9:00:07 PM,EVENT 48824 1596627343 0/0/0/0/10 INPUT 3 0 17 v:124
5/08/2020 9:00:07 PM,252 Event OK
5/08/2020 9:00:07 PM,EVENT 48825 1596627348 0/0/0/0/0 INPUT 1 1 0 v:124
5/08/2020 9:00:07 PM,252 Event OK
5/08/2020 9:00:07 PM,EVENT 48826 1596627348 0/0/0/0/0 INPUT 1 0 0 v:124
5/08/2020 9:00:07 PM,252 Event OK
5/08/2020 9:00:07 PM,EVENT 48827 1596627353 0/0/0/0/0 INPUT 4 0 381 v:124
5/08/2020 9:00:07 PM,252 Event OK
5/08/2020 9:00:09 PM,EVENT 48828 1596627354 0/0/0/0/0 INPUT 4 1 0 v:124
5/08/2020 9:00:09 PM,252 Event OK
5/08/2020 9:00:09 PM,EVENT 48829 1596627386 0/0/0/0/0 INPUT 4 0 33 v:124
5/08/2020 9:00:09 PM,252 Event OK
5/08/2020 9:00:10 PM,EVENT 48830 1596627386 0/0/0/0/0 INPUT 4 1 0 v:124
5/08/2020 9:00:10 PM,252 Event OK
5/08/2020 9:00:10 PM,EVENT 48831 1596627416 0/0/0/0/0 INPUT 4 0 30 v:124
5/08/2020 9:00:10 PM,252 Event OK
5/08/2020 9:00:10 PM,EVENT 48832 1596627417 0/0/0/0/0 INPUT 4 1 0 v:123
5/08/2020 9:00:10 PM,252 Event OK
5/08/2020 9:00:10 PM,EVENT 48833 1596627424 0/0/0/0/0 INPUT 4 0 8 v:124
5/08/2020 9:00:10 PM,252 Event OK
5/08/2020 9:00:10 PM,EVENT 48834 1596627424 0/0/0/0/0 INPUT 4 1 0 v:124
5/08/2020 9:00:10 PM,252 Event OK
5/08/2020 9:00:11 PM,EVENT 48835 1596627427 0/0/0/0/0 INPUT 4 0 3 v:123
5/08/2020 9:00:11 PM,252 Event OK
5/08/2020 9:00:11 PM,EVENT 48836 1596627427 0/0/0/0/0 INPUT 4 1 0 v:123
5/08/2020 9:00:11 PM,252 Event OK
5/08/2020 9:00:11 PM,EVENT 48837 1596627431 0/0/0/0/0 INPUT 4 0 4 v:123
5/08/2020 9:00:11 PM,252 Event OK
5/08/2020 9:00:11 PM,EVENT 48838 1596627431 0/0/0/0/0 INPUT 4 1 0 v:123
5/08/2020 9:00:11 PM,252 Event OK
5/08/2020 9:00:11 PM,EVENT 48839 1596627434 0/0/0/0/0 INPUT 4 0 3 v:124
5/08/2020 9:00:11 PM,252 Event OK
5/08/2020 9:00:12 PM,EVENT 48840 1596627434 0/0/0/0/0 INPUT 4 1 0 v:124
5/08/2020 9:00:12 PM,252 Event OK
5/08/2020 9:00:12 PM,EVENT 48841 1596627440 0/0/0/0/1 INPUT 4 0 6 v:124
5/08/2020 9:00:12 PM,252 Event OK
5/08/2020 9:00:12 PM,EVENT 48842 1596627440 0/0/0/0/2 INPUT 4 1 0 v:124
5/08/2020 9:00:12 PM,252 Event OK
5/08/2020 9:00:12 PM,EVENT 48843 1596627446 0/0/0/0/1 INPUT 4 0 6 v:124
5/08/2020 9:00:12 PM,252 Event OK
5/08/2020 9:00:13 PM,EVENT 48844 1596627446 0/0/0/0/1 INPUT 4 1 0 v:124
5/08/2020 9:00:13 PM,252 Event OK
5/08/2020 9:00:13 PM,EVENT 48845 1596627470 0/0/0/0/6 INPUT 3 1 0 v:124
5/08/2020 9:00:13 PM,252 Event OK
5/08/2020 9:00:13 PM,EVENT 48846 1596627478 0/0/0/0/10 INPUT 3 0 8 v:124
5/08/2020 9:00:13 PM,252 Event OK
5/08/2020 9:00:13 PM,EVENT 48847 1596627480 0/0/0/0/8 INPUT 3 1 0 v:124
5/08/2020 9:00:13 PM,252 Event OK
5/08/2020 9:00:13 PM,EVENT 48848 1596627489 0/0/0/0/9 INPUT 3 0 10 v:124
5/08/2020 9:00:13 PM,252 Event OK
5/08/2020 9:00:14 PM,EVENT 48849 1596627520 0/0/0/0/0 INPUT 4 0 74 v:124
5/08/2020 9:00:14 PM,252 Event OK
5/08/2020 9:00:14 PM,EVENT 48850 1596627520 0/0/0/0/0 INPUT 4 1 0 v:124
5/08/2020 9:00:14 PM,252 Event OK
5/08/2020 9:00:14 PM,EVENT 48851 1596627523 0/0/0/0/0 INPUT 4 0 3 v:124
5/08/2020 9:00:14 PM,252 Event OK
5/08/2020 9:00:14 PM,EVENT 48852 1596627524 0/0/0/0/0 INPUT 4 1 0 v:124
5/08/2020 9:00:14 PM,252 Event OK
5/08/2020 9:00:15 PM,EVENT 48853 1596627545 0/0/0/0/0 INPUT 4 0 22 v:124
5/08/2020 9:00:15 PM,252 Event OK
5/08/2020 9:00:15 PM,EVENT 48854 1596627545 0/0/0/0/0 INPUT 4 1 0 v:124
5/08/2020 9:00:15 PM,252 Event OK
5/08/2020 9:00:15 PM,EVENT 48855 1596627551 0/0/0/0/2 INPUT 4 0 6 v:124
5/08/2020 9:00:15 PM,252 Event OK
5/08/2020 9:00:16 PM,EVENT 48856 1596627551 0/0/0/0/2 INPUT 4 1 0 v:124
5/08/2020 9:00:16 PM,252 Event OK
5/08/2020 9:00:16 PM,EVENT 48857 1596627567 0/0/0/0/0 INPUT 4 0 16 v:124
5/08/2020 9:00:16 PM,252 Event OK
5/08/2020 9:00:16 PM,EVENT 48858 1596627567 0/0/0/0/0 INPUT 4 1 0 v:124
5/08/2020 9:00:16 PM,252 Event OK
5/08/2020 9:00:16 PM,EVENT 48859 1596627572 0/0/0/0/0 INPUT 4 0 5 v:124
5/08/2020 9:00:16 PM,252 Event OK
5/08/2020 9:00:16 PM,EVENT 48860 1596627572 0/0/0/0/0 INPUT 4 1 0 v:123
5/08/2020 9:00:16 PM,252 Event OK
5/08/2020 9:00:17 PM,EVENT 48861 1596627587 0/0/0/0/0 INPUT 4 0 15 v:124
5/08/2020 9:00:17 PM,252 Event OK
5/08/2020 9:00:17 PM,EVENT 48862 1596627588 0/0/0/0/0 INPUT 4 1 0 v:124
5/08/2020 9:00:17 PM,252 Event OK
5/08/2020 9:00:17 PM,EVENT 48863 1596627599 0/0/0/0/0 INPUT 4 0 12 v:124
5/08/2020 9:00:17 PM,252 Event OK
5/08/2020 9:00:17 PM,EVENT 48864 1596627599 0/0/0/0/0 INPUT 4 1 0 v:124
5/08/2020 9:00:17 PM,252 Event OK
5/08/2020 9:00:17 PM,EVENT 48865 1596627604 0/0/0/99/0 INPUT 4 0 5 v:124
5/08/2020 9:00:17 PM,252 Event OK
5/08/2020 9:00:18 PM,EVENT 48866 1596627604 0/0/0/99/0 INPUT 4 1 0 v:124
5/08/2020 9:00:18 PM,252 Event OK
5/08/2020 9:00:18 PM,EVENT 48867 1596627610 0/0/0/99/0 INPUT 4 0 6 v:124
5/08/2020 9:00:18 PM,252 Event OK
5/08/2020 9:00:18 PM,EVENT 48868 1596627610 0/0/0/99/0 INPUT 4 1 0 v:124
5/08/2020 9:00:18 PM,252 Event OK
5/08/2020 9:00:18 PM,EVENT 48869 1596627613 0/0/0/99/3 INPUT 4 0 3 v:124
5/08/2020 9:00:18 PM,252 Event OK
5/08/2020 9:00:19 PM,EVENT 48870 1596627613 0/0/0/99/3 INPUT 4 1 0 v:124
5/08/2020 9:00:19 PM,252 Event OK
5/08/2020 9:00:19 PM,EVENT 48871 1596627627 0/0/0/0/1 INPUT 4 0 14 v:124
5/08/2020 9:00:19 PM,252 Event OK
5/08/2020 9:00:19 PM,EVENT 48872 1596627627 0/0/0/0/1 INPUT 4 1 0 v:124
5/08/2020 9:00:19 PM,252 Event OK
5/08/2020 9:00:19 PM,EVENT 48873 1596627632 0/0/0/0/1 INPUT 4 0 5 v:124
5/08/2020 9:00:19 PM,252 Event OK
5/08/2020 9:00:20 PM,EVENT 48874 1596627632 0/0/0/0/0 INPUT 4 1 0 v:124
5/08/2020 9:00:20 PM,252 Event OK
5/08/2020 9:00:20 PM,EVENT 48875 1596627635 0/0/0/0/0 INPUT 4 0 3 v:124
5/08/2020 9:00:20 PM,252 Event OK
5/08/2020 9:00:20 PM,EVENT 48876 1596627635 0/0/0/0/0 INPUT 4 1 0 v:124
5/08/2020 9:00:20 PM,252 Event OK
5/08/2020 9:00:20 PM,EVENT 48877 1596627642 0/0/0/0/0 INPUT 4 0 7 v:124
5/08/2020 9:00:20 PM,252 Event OK
5/08/2020 9:00:21 PM,EVENT 48878 1596627642 0/0/0/0/0 INPUT 4 1 0 v:124
5/08/2020 9:00:21 PM,252 Event OK
5/08/2020 9:00:21 PM,EVENT 48879 1596627647 0/0/0/0/0 INPUT 4 0 5 v:124
5/08/2020 9:00:21 PM,252 Event OK
5/08/2020 9:00:22 PM,EVENT 48880 1596627647 0/0/0/0/0 INPUT 4 1 0 v:124
5/08/2020 9:00:22 PM,252 Event OK
5/08/2020 9:00:54 PM,UNIT 9279
5/08/2020 9:00:54 PM,333 CHAL 1ED0BD54
5/08/2020 9:00:54 PM,RESP C371912B
5/08/2020 9:00:54 PM,230 Auth OK
5/08/2020 9:00:54 PM,TIME
5/08/2020 9:00:54 PM,211 TIME 1596661254
5/08/2020 9:00:54 PM,EVCOUNT 277
5/08/2020 9:00:54 PM,252 Event OK
5/08/2020 9:00:55 PM,TODO
5/08/2020 9:00:55 PM,226 Nothing to do
5/08/2020 9:00:55 PM,EVENT 48881 1596627678 0/0/0/0/0 INPUT 4 0 31 v:124
5/08/2020 9:00:55 PM,252 Event OK
5/08/2020 9:00:55 PM,EVENT 48882 1596627678 0/0/0/0/0 INPUT 4 1 0 v:124
5/08/2020 9:00:55 PM,252 Event OK
5/08/2020 9:00:55 PM,EVENT 48883 1596627685 0/0/0/0/5 INPUT 3 1 0 v:124
5/08/2020 9:00:55 PM,252 Event OK
5/08/2020 9:00:56 PM,EVENT 48884 1596627714 0/0/0/0/11 INPUT 3 0 29 v:124
5/08/2020 9:00:56 PM,252 Event OK
5/08/2020 9:00:56 PM,EVENT 48885 1596627715 0/0/0/0/8 INPUT 3 1 0 v:124
5/08/2020 9:00:56 PM,252 Event OK
5/08/2020 9:00:56 PM,EVENT 48886 1596627773 0/0/0/0/12 INPUT 3 0 58 v:124
5/08/2020 9:00:56 PM,252 Event OK
5/08/2020 9:00:57 PM,EVENT 48881 1596627678 0/0/0/0/0 INPUT 4 0 31 v:124
5/08/2020 9:00:57 PM,252 Event OK - Outofsync
5/08/2020 9:00:57 PM,EVENT 48887 1596627779 0/0/0/0/0 INPUT 4 0 101 v:124
5/08/2020 9:00:57 PM,252 Event OK
5/08/2020 9:00:57 PM,EVENT 48888 1596627779 0/0/0/0/0 INPUT 4 1 0 v:124
5/08/2020 9:00:57 PM,252 Event OK
5/08/2020 9:00:57 PM,EVENT 48889 1596627812 0/0/0/0/0 INPUT 4 0 33 v:124
5/08/2020 9:00:57 PM,252 Event OK
5/08/2020 9:00:58 PM,EVENT 48890 1596627812 0/0/0/0/0 INPUT 4 1 0 v:124
5/08/2020 9:00:58 PM,252 Event OK
5/08/2020 9:00:58 PM,EVENT 48891 1596627833 0/0/0/0/0 INPUT 4 0 21 v:124
5/08/2020 9:00:58 PM,252 Event OK
5/08/2020 9:00:59 PM,EVENT 48892 1596627834 0/0/0/0/0 INPUT 4 1 0 v:124
5/08/2020 9:00:59 PM,252 Event OK
5/08/2020 9:00:59 PM,EVENT 48893 1596627839 0/0/0/0/3 INPUT 4 0 6 v:124
5/08/2020 9:00:59 PM,252 Event OK
5/08/2020 9:00:59 PM,EVENT 48894 1596627839 0/0/0/0/3 INPUT 4 1 0 v:124
5/08/2020 9:00:59 PM,252 Event OK
5/08/2020 9:00:59 PM,EVENT 48895 1596627843 0/0/0/0/1 INPUT 4 0 4 v:124
5/08/2020 9:00:59 PM,252 Event OK
5/08/2020 9:01:00 PM,EVENT 48896 1596627844 0/0/0/0/0 INPUT 4 1 0 v:124
5/08/2020 9:01:00 PM,252 Event OK
5/08/2020 9:01:00 PM,EVENT 48897 1596627850 0/0/0/0/0 INPUT 3 1 0 v:124
5/08/2020 9:01:00 PM,252 Event OK
5/08/2020 9:01:00 PM,EVENT 48898 1596627851 0/0/0/0/6 REPORT 48804 0 0 v:124
5/08/2020 9:01:00 PM,252 Event OK
5/08/2020 9:01:01 PM,EVENT 48899 1596627851 0/0/0/0/10 INPUT 3 0 2 v:124
5/08/2020 9:01:01 PM,252 Event OK
5/08/2020 9:01:01 PM,EVENT 48900 1596627861 0/0/0/0/0 INPUT 4 0 18 v:124
5/08/2020 9:01:01 PM,252 Event OK
5/08/2020 9:01:01 PM,EVENT 48901 1596627861 0/0/0/0/0 INPUT 4 1 0 v:124
5/08/2020 9:01:01 PM,252 Event OK
5/08/2020 9:01:02 PM,EVENT 48902 1596627864 0/0/0/0/0 INPUT 4 0 3 v:124
5/08/2020 9:01:02 PM,252 Event OK
5/08/2020 9:01:02 PM,EVENT 48903 1596627865 0/0/0/0/0 INPUT 4 1 0 v:124
5/08/2020 9:01:02 PM,252 Event OK
5/08/2020 9:01:02 PM,EVENT 48904 1596627871 0/0/0/0/2 INPUT 3 1 0 v:124
5/08/2020 9:01:02 PM,252 Event OK
5/08/2020 9:01:03 PM,EVENT 48905 1596627876 0/0/0/0/15 INPUT 3 0 6 v:124
5/08/2020 9:01:03 PM,252 Event OK
5/08/2020 9:01:03 PM,EVENT 48906 1596627877 0/0/0/0/11 INPUT 3 1 0 v:124
5/08/2020 9:01:03 PM,252 Event OK
5/08/2020 9:01:03 PM,EVENT 48907 1596627912 0/0/0/0/10 INPUT 3 0 35 v:124
5/08/2020 9:01:03 PM,252 Event OK
5/08/2020 9:01:04 PM,EVENT 48908 1596627918 0/0/0/0/8 INPUT 3 1 0 v:124
5/08/2020 9:01:04 PM,252 Event OK
5/08/2020 9:01:04 PM,EVENT 48909 1596627923 0/0/0/0/11 INPUT 3 0 5 v:124
5/08/2020 9:01:04 PM,252 Event OK
5/08/2020 9:01:04 PM,EVENT 48910 1596627931 0/0/0/0/0 INPUT 4 0 67 v:124
5/08/2020 9:01:04 PM,252 Event OK
5/08/2020 9:01:05 PM,EVENT 48911 1596627931 0/0/0/0/0 INPUT 4 1 0 v:124
5/08/2020 9:01:05 PM,252 Event OK
5/08/2020 9:01:05 PM,EVENT 48912 1596627946 0/0/0/0/4 INPUT 4 0 15 v:123
5/08/2020 9:01:05 PM,252 Event OK
5/08/2020 9:01:05 PM,EVENT 48913 1596627947 0/0/0/0/4 INPUT 4 1 0 v:123
5/08/2020 9:01:05 PM,252 Event OK
5/08/2020 9:01:06 PM,EVENT 48914 1596627953 0/0/0/99/4 INPUT 3 1 0 v:124
5/08/2020 9:01:06 PM,252 Event OK
5/08/2020 9:01:06 PM,EVENT 48915 1596627961 0/0/0/99/10 INPUT 3 0 8 v:124
5/08/2020 9:01:06 PM,252 Event OK
5/08/2020 9:01:06 PM,EVENT 48916 1596627963 0/0/0/99/8 INPUT 3 1 0 v:124
5/08/2020 9:01:06 PM,252 Event OK
5/08/2020 9:01:07 PM,EVENT 48917 1596627966 0/0/0/99/9 INPUT 3 0 4 v:124
5/08/2020 9:01:07 PM,252 Event OK
5/08/2020 9:01:07 PM,EVENT 48918 1596627970 0/0/0/99/0 INPUT 7 1 0 v:124
5/08/2020 9:01:07 PM,252 Event OK
5/08/2020 9:01:07 PM,EVENT 48919 1596627970 0/0/0/99/0 INPUT 8 0 1161 v:124
5/08/2020 9:01:07 PM,252 Event OK
5/08/2020 9:01:08 PM,EVENT 48920 1596627971 0/0/0/99/0 INPUT 1 1 0 v:124
5/08/2020 9:01:08 PM,252 Event OK
5/08/2020 9:01:08 PM,EVENT 48921 1596627974 0/0/0/0/0 TRIP 48804 549 599 6 6 1154 v:124
5/08/2020 9:01:08 PM,252 Event OK
5/08/2020 9:01:09 PM,EVENT 48922 1596627975 0/0/0/0/0 INPUT 4 0 28 v:124
5/08/2020 9:01:09 PM,252 Event OK
5/08/2020 9:01:09 PM,EVENT 48923 1596638017 0/0/0/0/0 SWSTART OpusFC 5.0.58.517 R v:124
5/08/2020 9:01:09 PM,252 Event OK
5/08/2020 9:01:10 PM,EVENT 48924 1596627974 0/0/0/0/0 POWERDOWN v:124
5/08/2020 9:01:10 PM,252 Event OK
5/08/2020 9:01:10 PM,EVENT 48925 1596638017 0/0/0/0/0 INPUT 1 1 0 v:124
5/08/2020 9:01:10 PM,252 Event OK
5/08/2020 9:01:10 PM,EVENT 48926 1596638017 0/0/0/0/0 INPUT 2 0 0 v:124
5/08/2020 9:01:10 PM,252 Event OK
5/08/2020 9:01:11 PM,EVENT 48927 1596638017 0/0/0/0/0 INPUT 3 0 0 v:124
5/08/2020 9:01:11 PM,252 Event OK
5/08/2020 9:01:11 PM,EVENT 48928 1596638017 0/0/0/0/0 INPUT 4 0 0 v:124
5/08/2020 9:01:11 PM,252 Event OK
5/08/2020 9:01:11 PM,EVENT 48929 1596638017 0/0/0/0/0 INPUT 7 0 0 v:123
5/08/2020 9:01:11 PM,252 Event OK
5/08/2020 9:01:12 PM,EVENT 48930 1596638017 0/0/0/0/0 INPUT 8 1 0 v:123
5/08/2020 9:01:12 PM,252 Event OK
5/08/2020 9:01:12 PM,EVENT 48931 1596638019 0/0/0/0/0 ZONE_OK 2 100 FW=NO VERSION v:123
5/08/2020 9:01:12 PM,252 Event OK
5/08/2020 9:01:13 PM,EVENT 48932 1596638029 0/0/0/0/0 SIGNON * 0 NOCARD 26 0 222222 v:124
5/08/2020 9:01:13 PM,252 Event OK
5/08/2020 9:01:13 PM,EVENT 48933 1596638040 0/0/0/99/0 SIGNON 2462 03dbeefb OK 26 120882 0 v:124
5/08/2020 9:01:13 PM,252 Event OK
5/08/2020 9:01:13 PM,EVENT 48934 1596638047 0/0/0/0/0 INPUT 1 0 29 v:124
5/08/2020 9:01:13 PM,252 Event OK
5/08/2020 9:01:14 PM,EVENT 48935 1596638047 0/0/0/0/0 INPUT 4 1 0 v:124
5/08/2020 9:01:14 PM,252 Event OK
5/08/2020 9:01:14 PM,EVENT 48936 1596638056 0/0/0/0/0 INPUT 4 0 9 v:124
5/08/2020 9:01:14 PM,252 Event OK
5/08/2020 9:01:14 PM,EVENT 48937 1596638056 0/0/0/0/0 INPUT 4 1 0 v:124
5/08/2020 9:01:14 PM,252 Event OK
5/08/2020 9:01:15 PM,EVENT 48938 1596638119 0/0/0/0/0 INPUT 4 0 63 v:124
5/08/2020 9:01:15 PM,252 Event OK
5/08/2020 9:01:15 PM,EVENT 48939 1596638119 0/0/0/0/0 INPUT 4 1 0 v:124
5/08/2020 9:01:15 PM,252 Event OK
5/08/2020 9:01:15 PM,EVENT 48940 1596638133 0/0/0/0/0 INPUT 4 0 14 v:124
5/08/2020 9:01:15 PM,252 Event OK
5/08/2020 9:01:15 PM,EVENT 48941 1596638133 0/0/0/0/0 INPUT 4 1 0 v:124
5/08/2020 9:01:15 PM,252 Event OK
5/08/2020 9:01:16 PM,EVENT 48942 1596638136 0/0/0/0/0 INPUT 4 0 3 v:124
5/08/2020 9:01:16 PM,252 Event OK
5/08/2020 9:01:16 PM,EVENT 48943 1596638137 0/0/0/0/0 INPUT 4 1 0 v:124
5/08/2020 9:01:16 PM,252 Event OK
5/08/2020 9:01:17 PM,EVENT 48944 1596638139 0/0/0/0/0 INPUT 4 0 3 v:124
5/08/2020 9:01:17 PM,252 Event OK
5/08/2020 9:01:17 PM,EVENT 48945 1596638140 0/0/0/0/0 INPUT 4 1 0 v:124
5/08/2020 9:01:17 PM,252 Event OK
5/08/2020 9:01:17 PM,EVENT 48946 1596638142 0/0/0/0/0 INPUT 4 0 3 v:124
5/08/2020 9:01:17 PM,252 Event OK
5/08/2020 9:01:18 PM,EVENT 48947 1596638143 0/0/0/0/0 INPUT 4 1 0 v:124
5/08/2020 9:01:18 PM,252 Event OK
5/08/2020 9:01:18 PM,EVENT 48948 1596638149 0/0/0/0/0 INPUT 4 0 7 v:124
5/08/2020 9:01:18 PM,252 Event OK
5/08/2020 9:01:19 PM,EVENT 48949 1596638149 0/0/0/0/0 INPUT 4 1 0 v:124
5/08/2020 9:01:19 PM,252 Event OK
5/08/2020 9:01:19 PM,EVENT 48950 1596638152 0/0/0/0/0 INPUT 4 0 3 v:124
5/08/2020 9:01:19 PM,252 Event OK
5/08/2020 9:01:22 PM,EVENT 48951 1596638153 0/0/0/0/0 INPUT 4 1 0 v:124
5/08/2020 9:01:22 PM,252 Event OK
5/08/2020 9:01:23 PM,EVENT 48952 1596638155 0/0/0/0/0 INPUT 4 0 3 v:124
5/08/2020 9:01:23 PM,252 Event OK
5/08/2020 9:01:23 PM,EVENT 48953 1596638156 0/0/0/0/0 INPUT 4 1 0 v:124
5/08/2020 9:01:23 PM,252 Event OK
5/08/2020 9:01:24 PM,EVENT 48954 1596638160 0/0/0/0/0 INPUT 4 0 5 v:124
5/08/2020 9:01:24 PM,252 Event OK
5/08/2020 9:01:25 PM,EVENT 48955 1596638161 0/0/0/0/0 INPUT 4 1 0 v:124
5/08/2020 9:01:25 PM,252 Event OK
5/08/2020 9:01:25 PM,EVENT 48956 1596638173 0/0/0/0/0 INPUT 4 0 13 v:124
5/08/2020 9:01:25 PM,252 Event OK
5/08/2020 9:01:26 PM,EVENT 48957 1596638173 0/0/0/0/0 INPUT 4 1 0 v:124
5/08/2020 9:01:26 PM,252 Event OK
5/08/2020 9:01:26 PM,EVENT 48958 1596638179 0/0/0/0/0 INPUT 4 0 6 v:124
5/08/2020 9:01:26 PM,252 Event OK
5/08/2020 9:01:30 PM,EVENT 48959 1596638179 0/0/0/0/0 INPUT 4 1 0 v:124
5/08/2020 9:01:30 PM,252 Event OK
5/08/2020 9:01:30 PM,EVENT 48960 1596638184 0/0/0/0/0 INPUT 4 0 5 v:124
5/08/2020 9:01:30 PM,252 Event OK
5/08/2020 9:01:30 PM,EVENT 48961 1596638184 0/0/0/0/0 INPUT 4 1 0 v:124
5/08/2020 9:01:30 PM,252 Event OK
5/08/2020 9:01:31 PM,EVENT 48962 1596638207 0/0/0/0/0 INPUT 4 0 23 v:124
5/08/2020 9:01:31 PM,252 Event OK
5/08/2020 9:01:31 PM,EVENT 48963 1596638208 0/0/0/0/0 INPUT 4 1 0 v:124
5/08/2020 9:01:31 PM,252 Event OK
5/08/2020 9:01:31 PM,EVENT 48964 1596638227 0/0/0/0/0 INPUT 4 0 20 v:124
5/08/2020 9:01:31 PM,252 Event OK
5/08/2020 9:01:32 PM,EVENT 48965 1596638227 0/0/0/0/0 INPUT 4 1 0 v:124
5/08/2020 9:01:32 PM,252 Event OK
5/08/2020 9:01:32 PM,EVENT 48966 1596638233 0/0/0/0/0 INPUT 4 0 6 v:124
5/08/2020 9:01:32 PM,252 Event OK
5/08/2020 9:01:32 PM,EVENT 48967 1596638233 0/0/0/0/0 INPUT 4 1 0 v:124
5/08/2020 9:01:32 PM,252 Event OK
5/08/2020 9:01:33 PM,EVENT 48968 1596638237 0/0/0/0/0 INPUT 4 0 4 v:124
5/08/2020 9:01:33 PM,252 Event OK
5/08/2020 9:01:33 PM,EVENT 48969 1596638238 0/0/0/0/0 INPUT 4 1 0 v:124
5/08/2020 9:01:33 PM,252 Event OK
5/08/2020 9:01:34 PM,EVENT 48970 1596638240 0/0/0/0/0 INPUT 4 0 3 v:124
5/08/2020 9:01:34 PM,252 Event OK
5/08/2020 9:01:34 PM,EVENT 48971 1596638241 0/0/0/0/0 INPUT 4 1 0 v:124
5/08/2020 9:01:34 PM,252 Event OK
5/08/2020 9:01:34 PM,EVENT 48972 1596638244 0/0/0/0/0 INPUT 4 0 4 v:124
5/08/2020 9:01:34 PM,252 Event OK
5/08/2020 9:01:35 PM,EVENT 48973 1596638245 0/0/0/0/0 INPUT 4 1 0 v:124
5/08/2020 9:01:35 PM,252 Event OK
5/08/2020 9:01:35 PM,EVENT 48974 1596638260 0/0/0/0/0 INPUT 4 0 16 v:124
5/08/2020 9:01:35 PM,252 Event OK
5/08/2020 9:01:36 PM,EVENT 48975 1596638261 0/0/0/0/0 INPUT 4 1 0 v:124
5/08/2020 9:01:36 PM,252 Event OK
5/08/2020 9:01:36 PM,EVENT 48976 1596638263 0/0/0/0/0 INPUT 4 0 3 v:124
5/08/2020 9:01:36 PM,252 Event OK
5/08/2020 9:01:36 PM,EVENT 48977 1596638263 0/0/0/0/0 INPUT 4 1 0 v:124
5/08/2020 9:01:36 PM,252 Event OK
5/08/2020 9:01:37 PM,EVENT 48978 1596638271 0/0/0/0/4 INPUT 3 1 0 v:124
5/08/2020 9:01:37 PM,252 Event OK
5/08/2020 9:01:37 PM,EVENT 48979 1596638299 0/0/0/0/16 INPUT 3 0 29 v:124
5/08/2020 9:01:37 PM,252 Event OK
5/08/2020 9:01:38 PM,EVENT 48980 1596638310 0/0/0/0/0 INPUT 4 0 47 v:124
5/08/2020 9:01:38 PM,252 Event OK
5/08/2020 9:01:38 PM,EVENT 48981 1596638310 0/0/0/0/0 INPUT 4 1 0 v:124
5/08/2020 9:01:38 PM,252 Event OK
5/08/2020 9:01:38 PM,EVENT 48982 1596638320 0/0/0/0/8 INPUT 3 1 0 v:124
5/08/2020 9:01:38 PM,252 Event OK
5/08/2020 9:01:39 PM,EVENT 48983 1596638322 0/0/0/0/9 INPUT 3 0 1 v:124
5/08/2020 9:01:39 PM,252 Event OK
5/08/2020 9:01:39 PM,EVENT 48984 1596638323 0/0/0/0/8 INPUT 3 1 0 v:124
5/08/2020 9:01:39 PM,252 Event OK
5/08/2020 9:01:39 PM,EVENT 48985 1596638325 0/0/0/0/9 INPUT 3 0 2 v:124
5/08/2020 9:01:39 PM,252 Event OK
5/08/2020 9:01:40 PM,EVENT 48986 1596638339 0/0/0/0/7 INPUT 3 1 0 v:124
5/08/2020 9:01:40 PM,252 Event OK
5/08/2020 9:01:40 PM,EVENT 48987 1596638581 0/0/0/0/10 INPUT 3 0 242 v:124
5/08/2020 9:01:40 PM,252 Event OK
5/08/2020 9:01:40 PM,EVENT 48988 1596638680 0/0/0/0/0 INPUT 7 1 0 v:124
5/08/2020 9:01:40 PM,252 Event OK
5/08/2020 9:01:41 PM,EVENT 48989 1596638680 0/0/0/0/0 INPUT 8 0 663 v:124
5/08/2020 9:01:41 PM,252 Event OK
5/08/2020 9:01:43 PM,EVENT 48990 1596638681 0/0/0/0/0 INPUT 1 1 0 v:124
5/08/2020 9:01:43 PM,252 Event OK
5/08/2020 9:01:43 PM,EVENT 48991 1596638683 0/0/0/0/0 INPUT 4 0 373 v:124
5/08/2020 9:01:43 PM,252 Event OK
5/08/2020 9:01:43 PM,EVENT 48992 1596638685 0/0/0/0/0 TRIP 48933 274 362 9 7 645 v:124
5/08/2020 9:01:43 PM,252 Event OK
5/08/2020 9:01:44 PM,EVENT 48993 1596638690 0/0/0/0/0 REPORT * 0 0 v:124
5/08/2020 9:01:44 PM,252 Event OK
5/08/2020 9:01:44 PM,EVENT 48994 1596638746 0/0/0/99/0 INPUT 8 1 0 v:124
5/08/2020 9:01:44 PM,252 Event OK
5/08/2020 9:01:45 PM,EVENT 48995 1596638747 0/0/0/99/0 INPUT 7 0 66 v:124
5/08/2020 9:01:45 PM,252 Event OK
5/08/2020 9:01:45 PM,EVENT 48996 1596638757 0/0/0/0/0 SIGNON 2462 03dbeefb OK 26 120882 0 v:124
5/08/2020 9:01:45 PM,252 Event OK
5/08/2020 9:01:45 PM,EVENT 48997 1596638763 0/0/0/0/0 INPUT 1 0 83 v:124
5/08/2020 9:01:45 PM,252 Event OK
5/08/2020 9:01:45 PM,EVENT 48998 1596638764 0/0/0/0/0 INPUT 4 1 0 v:124
5/08/2020 9:01:45 PM,252 Event OK
5/08/2020 9:01:46 PM,EVENT 48999 1596638789 0/0/0/0/0 INPUT 4 0 26 v:124
5/08/2020 9:01:46 PM,252 Event OK
5/08/2020 9:01:46 PM,EVENT 49000 1596638789 0/0/0/0/0 INPUT 4 1 0 v:124
5/08/2020 9:01:46 PM,252 Event OK
5/08/2020 9:01:46 PM,EVENT 49001 1596638842 0/0/0/0/7 INPUT 3 1 0 v:124
5/08/2020 9:01:46 PM,252 Event OK
5/08/2020 9:01:47 PM,EVENT 49002 1596638855 0/0/0/0/10 INPUT 3 0 14 v:124
5/08/2020 9:01:47 PM,252 Event OK
5/08/2020 9:01:48 PM,EVENT 49003 1596638856 0/0/0/0/8 INPUT 3 1 0 v:124
5/08/2020 9:01:48 PM,252 Event OK
5/08/2020 9:01:49 PM,EVENT 49004 1596638860 0/0/0/0/10 INPUT 3 0 4 v:124
5/08/2020 9:01:49 PM,252 Event OK
5/08/2020 9:01:50 PM,EVENT 49005 1596638862 0/0/0/0/8 INPUT 3 1 0 v:124
5/08/2020 9:01:50 PM,252 Event OK
5/08/2020 9:01:50 PM,EVENT 49006 1596638865 0/0/0/0/9 INPUT 3 0 3 v:124
5/08/2020 9:01:50 PM,252 Event OK
5/08/2020 9:01:50 PM,EVENT 49007 1596638871 0/0/0/0/8 INPUT 3 1 0 v:124
5/08/2020 9:01:50 PM,252 Event OK
5/08/2020 9:01:52 PM,EVENT 49008 1596638874 0/0/0/0/9 INPUT 3 0 3 v:124
5/08/2020 9:01:52 PM,252 Event OK
5/08/2020 9:01:52 PM,EVENT 49009 1596638877 0/0/0/0/8 INPUT 3 1 0 v:124
5/08/2020 9:01:52 PM,252 Event OK
5/08/2020 9:01:52 PM,EVENT 49010 1596638879 0/0/0/0/9 INPUT 3 0 2 v:124
5/08/2020 9:01:52 PM,252 Event OK
5/08/2020 9:01:53 PM,EVENT 49011 1596638887 0/0/0/0/8 INPUT 3 1 0 v:124
5/08/2020 9:01:53 PM,252 Event OK
5/08/2020 9:01:53 PM,EVENT 49012 1596639109 0/0/0/0/12 INPUT 3 0 222 v:124
5/08/2020 9:01:53 PM,252 Event OK
5/08/2020 9:01:54 PM,EVENT 49013 1596639154 0/0/0/0/7 INPUT 3 1 0 v:124
5/08/2020 9:01:54 PM,252 Event OK
5/08/2020 9:01:54 PM,EVENT 49014 1596639156 0/0/0/0/9 INPUT 3 0 2 v:124
5/08/2020 9:01:54 PM,252 Event OK
5/08/2020 9:01:54 PM,EVENT 49015 1596639158 0/0/0/0/4 INPUT 4 0 369 v:124
5/08/2020 9:01:54 PM,252 Event OK
5/08/2020 9:01:55 PM,EVENT 49016 1596639158 0/0/0/0/3 INPUT 4 1 0 v:124
5/08/2020 9:01:55 PM,252 Event OK
5/08/2020 9:01:55 PM,EVENT 49017 1596639173 0/0/0/0/0 INPUT 4 0 15 v:124
5/08/2020 9:01:55 PM,252 Event OK
5/08/2020 9:01:56 PM,EVENT 49018 1596639173 0/0/0/0/0 INPUT 4 1 0 v:124
5/08/2020 9:01:56 PM,252 Event OK
5/08/2020 9:01:56 PM,EVENT 49019 1596639174 0/0/0/0/0 INPUT 7 1 0 v:124
5/08/2020 9:01:56 PM,252 Event OK
5/08/2020 9:01:57 PM,EVENT 49020 1596639174 0/0/0/0/0 INPUT 8 0 427 v:124
5/08/2020 9:01:57 PM,252 Event OK
5/08/2020 9:01:57 PM,EVENT 49021 1596639175 0/0/0/0/2 INPUT 1 1 0 v:124
5/08/2020 9:01:57 PM,252 Event OK
5/08/2020 9:01:57 PM,EVENT 49022 1596639175 0/0/0/0/5 INPUT 4 0 2 v:124
5/08/2020 9:01:57 PM,252 Event OK
5/08/2020 9:01:58 PM,EVENT 49023 1596639175 0/0/0/0/5 INPUT 4 1 0 v:124
5/08/2020 9:01:58 PM,252 Event OK
5/08/2020 9:01:58 PM,EVENT 49024 1596639178 0/0/0/0/0 TRIP 48996 250 165 6 6 421 v:124
5/08/2020 9:01:58 PM,252 Event OK
5/08/2020 9:01:59 PM,EVENT 49025 1596639179 0/0/0/0/0 INPUT 4 0 3 v:124
5/08/2020 9:01:59 PM,252 Event OK
5/08/2020 9:01:59 PM,EVENT 49026 1596646568 0/0/0/0/0 SWSTART OpusFC 5.0.58.517 R v:124
5/08/2020 9:01:59 PM,252 Event OK
5/08/2020 9:02:00 PM,EVENT 49027 1596639178 0/0/0/0/0 POWERDOWN v:124
5/08/2020 9:02:00 PM,252 Event OK
5/08/2020 9:02:02 PM,EVENT 49028 1596646568 0/0/0/0/0 INPUT 1 1 0 v:123
5/08/2020 9:02:02 PM,252 Event OK
5/08/2020 9:02:02 PM,EVENT 49029 1596646568 0/0/0/0/0 INPUT 2 0 0 v:123
5/08/2020 9:02:02 PM,252 Event OK
5/08/2020 9:02:02 PM,EVENT 49030 1596646568 0/0/0/0/0 INPUT 3 0 0 v:123
5/08/2020 9:02:02 PM,252 Event OK
5/08/2020 9:02:02 PM,EVENT 49031 1596646568 0/0/0/0/0 INPUT 4 0 0 v:123
5/08/2020 9:02:02 PM,252 Event OK
5/08/2020 9:02:03 PM,EVENT 49032 1596646568 0/0/0/0/0 INPUT 7 0 0 v:123
5/08/2020 9:02:03 PM,252 Event OK
5/08/2020 9:02:03 PM,EVENT 49033 1596646568 0/0/0/0/0 INPUT 8 1 0 v:123
5/08/2020 9:02:03 PM,252 Event OK
5/08/2020 9:02:03 PM,EVENT 49034 1596646570 0/0/0/0/0 ZONE_OK 2 100 FW=NO VERSION v:123
5/08/2020 9:02:03 PM,252 Event OK
5/08/2020 9:02:04 PM,EVENT 49035 1596646574 0/0/0/0/0 SIGNON * 0 NOCARD 26 0 280799 v:123
5/08/2020 9:02:04 PM,252 Event OK
5/08/2020 9:02:04 PM,EVENT 49036 1596646585 0/0/0/99/0 SIGNON 2470 03aff0d6 OK 26 280794 0 v:123
5/08/2020 9:02:04 PM,252 Event OK
5/08/2020 9:02:04 PM,EVENT 49037 1596646593 0/0/0/0/0 INPUT 1 0 24 v:124
5/08/2020 9:02:04 PM,252 Event OK
5/08/2020 9:02:05 PM,EVENT 49038 1596646593 0/0/0/0/0 INPUT 4 1 0 v:124
5/08/2020 9:02:05 PM,252 Event OK
5/08/2020 9:02:05 PM,EVENT 49039 1596646605 0/0/0/0/2 INPUT 4 0 12 v:123
5/08/2020 9:02:05 PM,252 Event OK
5/08/2020 9:02:05 PM,EVENT 49040 1596646606 0/0/0/0/2 INPUT 4 1 0 v:123
5/08/2020 9:02:05 PM,252 Event OK
5/08/2020 9:02:06 PM,EVENT 49041 1596646607 0/0/0/0/0 INPUT 4 0 2 v:123
5/08/2020 9:02:06 PM,252 Event OK
5/08/2020 9:02:06 PM,EVENT 49042 1596646607 0/0/0/0/0 INPUT 4 1 0 v:123
5/08/2020 9:02:06 PM,252 Event OK
5/08/2020 9:02:07 PM,EVENT 49043 1596646614 0/0/0/0/3 INPUT 3 1 0 v:124
5/08/2020 9:02:07 PM,252 Event OK
5/08/2020 9:02:07 PM,EVENT 49044 1596646963 0/0/0/0/14 INPUT 3 0 348 v:124
5/08/2020 9:02:07 PM,252 Event OK
5/08/2020 9:02:07 PM,EVENT 49045 1596646966 0/0/0/0/0 INPUT 4 0 359 v:124
5/08/2020 9:02:07 PM,252 Event OK
5/08/2020 9:02:08 PM,EVENT 49046 1596646966 0/0/0/0/0 INPUT 4 1 0 v:124
5/08/2020 9:02:08 PM,252 Event OK
5/08/2020 9:02:08 PM,EVENT 49047 1596646969 0/0/0/0/5 INPUT 3 1 0 v:124
5/08/2020 9:02:08 PM,252 Event OK
5/08/2020 9:02:08 PM,EVENT 49048 1596646975 0/0/0/0/11 INPUT 3 0 6 v:124
5/08/2020 9:02:08 PM,252 Event OK
5/08/2020 9:02:09 PM,EVENT 49049 1596646975 0/0/0/0/9 INPUT 3 1 0 v:124
5/08/2020 9:02:09 PM,252 Event OK
5/08/2020 9:02:09 PM,EVENT 49050 1596646976 0/0/0/0/9 INPUT 3 0 1 v:124
5/08/2020 9:02:09 PM,252 Event OK
5/08/2020 9:02:09 PM,EVENT 49051 1596646984 0/0/0/0/5 INPUT 4 0 18 v:124
5/08/2020 9:02:09 PM,252 Event OK
5/08/2020 9:02:09 PM,EVENT 49052 1596646984 0/0/0/0/4 INPUT 4 1 0 v:124
5/08/2020 9:02:09 PM,252 Event OK
5/08/2020 9:02:10 PM,EVENT 49053 1596647001 0/0/0/0/0 INPUT 4 0 17 v:123
5/08/2020 9:02:10 PM,252 Event OK
5/08/2020 9:02:10 PM,EVENT 49054 1596647001 0/0/0/0/0 INPUT 4 1 0 v:123
5/08/2020 9:02:10 PM,252 Event OK
5/08/2020 9:02:10 PM,EVENT 49055 1596647009 0/0/0/0/4 INPUT 3 1 0 v:124
5/08/2020 9:02:10 PM,252 Event OK
5/08/2020 9:02:11 PM,EVENT 49056 1596647268 0/0/0/0/13 INPUT 3 0 258 v:124
5/08/2020 9:02:11 PM,252 Event OK
5/08/2020 9:02:11 PM,EVENT 49057 1596647298 0/0/0/99/4 INPUT 3 1 0 v:124
5/08/2020 9:02:11 PM,252 Event OK
5/08/2020 9:02:12 PM,EVENT 49058 1596647485 0/0/0/0/15 INPUT 3 0 187 v:124
5/08/2020 9:02:12 PM,252 Event OK
5/08/2020 9:02:12 PM,EVENT 49059 1596647486 0/0/0/0/8 INPUT 4 0 485 v:124
5/08/2020 9:02:12 PM,252 Event OK
5/08/2020 9:02:12 PM,EVENT 49060 1596647486 0/0/0/0/7 INPUT 4 1 0 v:124
5/08/2020 9:02:12 PM,252 Event OK
5/08/2020 9:02:13 PM,EVENT 49061 1596647499 0/0/0/0/2 INPUT 3 1 0 v:124
5/08/2020 9:02:13 PM,252 Event OK
5/08/2020 9:02:13 PM,EVENT 49062 1596647500 0/0/0/0/6 INPUT 3 0 0 v:124
5/08/2020 9:02:13 PM,252 Event OK
5/08/2020 9:02:13 PM,EVENT 49063 1596647508 0/0/0/0/5 INPUT 3 1 0 v:124
5/08/2020 9:02:13 PM,252 Event OK
5/08/2020 9:02:13 PM,EVENT 49064 1596647571 0/0/0/0/10 INPUT 3 0 63 v:124
5/08/2020 9:02:13 PM,252 Event OK
5/08/2020 9:02:14 PM,EVENT 49065 1596647625 0/0/0/0/0 INPUT 4 0 139 v:124
5/08/2020 9:02:14 PM,252 Event OK
5/08/2020 9:02:14 PM,EVENT 49066 1596647625 0/0/0/0/0 INPUT 4 1 0 v:124
5/08/2020 9:02:14 PM,252 Event OK
5/08/2020 9:02:14 PM,EVENT 49067 1596647637 0/0/0/99/7 INPUT 3 1 0 v:124
5/08/2020 9:02:14 PM,252 Event OK
5/08/2020 9:02:15 PM,EVENT 49068 1596647661 0/0/0/0/9 INPUT 3 0 24 v:124
5/08/2020 9:02:15 PM,252 Event OK
5/08/2020 9:02:15 PM,EVENT 49069 1596647662 0/0/0/0/8 INPUT 7 1 0 v:124
5/08/2020 9:02:15 PM,252 Event OK
5/08/2020 9:02:15 PM,EVENT 49070 1596647662 0/0/0/0/8 INPUT 8 0 1093 v:124
5/08/2020 9:02:15 PM,252 Event OK
5/08/2020 9:02:15 PM,EVENT 49071 1596647663 0/0/0/0/5 INPUT 1 1 0 v:124
5/08/2020 9:02:15 PM,252 Event OK
5/08/2020 9:02:16 PM,EVENT 49072 1596647663 0/0/0/0/2 INPUT 4 0 38 v:124
5/08/2020 9:02:16 PM,252 Event OK
5/08/2020 9:02:16 PM,EVENT 49073 1596647666 0/0/0/0/0 TRIP 49036 887 183 11 8 1081 v:124
5/08/2020 9:02:16 PM,252 Event OK
5/08/2020 9:02:16 PM,EVENT 49074 1596647668 0/0/0/0/0 REPORT * 0 0 v:124
5/08/2020 9:02:16 PM,252 Event OK
5/08/2020 9:02:17 PM,EVENT 49075 1596648119 0/0/0/0/0 INPUT 8 1 0 v:124
5/08/2020 9:02:17 PM,252 Event OK
5/08/2020 9:02:17 PM,EVENT 49076 1596648119 0/0/0/0/0 INPUT 7 0 457 v:124
5/08/2020 9:02:17 PM,252 Event OK
5/08/2020 9:02:17 PM,EVENT 49077 1596648128 0/0/0/0/0 SIGNON 2529 03f3f8d1 OK 26 60397 0 v:124
5/08/2020 9:02:17 PM,252 Event OK
5/08/2020 9:02:18 PM,EVENT 49078 1596648134 0/0/0/0/0 INPUT 1 0 471 v:124
5/08/2020 9:02:18 PM,252 Event OK
5/08/2020 9:02:18 PM,EVENT 49079 1596648134 0/0/0/0/0 INPUT 4 1 0 v:124
5/08/2020 9:02:18 PM,252 Event OK
5/08/2020 9:02:18 PM,EVENT 49080 1596648184 0/0/0/0/5 INPUT 4 0 50 v:124
5/08/2020 9:02:18 PM,252 Event OK
5/08/2020 9:02:18 PM,EVENT 49081 1596648184 0/0/0/0/4 INPUT 4 1 0 v:124
5/08/2020 9:02:18 PM,252 Event OK
5/08/2020 9:02:19 PM,EVENT 49082 1596648189 0/0/0/0/0 INPUT 4 0 5 v:124
5/08/2020 9:02:19 PM,252 Event OK
5/08/2020 9:02:19 PM,EVENT 49083 1596648189 0/0/0/0/0 INPUT 4 1 0 v:124
5/08/2020 9:02:19 PM,252 Event OK
5/08/2020 9:02:19 PM,EVENT 49084 1596648196 0/0/0/0/7 INPUT 3 1 0 v:124
5/08/2020 9:02:19 PM,252 Event OK
5/08/2020 9:02:20 PM,EVENT 49085 1596648218 0/0/0/0/13 INPUT 3 0 22 v:124
5/08/2020 9:02:20 PM,252 Event OK
5/08/2020 9:02:20 PM,EVENT 49086 1596648221 0/0/0/0/3 INPUT 4 0 32 v:124
5/08/2020 9:02:20 PM,252 Event OK
5/08/2020 9:02:20 PM,EVENT 49087 1596648222 0/0/0/0/2 INPUT 4 1 0 v:124
5/08/2020 9:02:20 PM,252 Event OK
5/08/2020 9:02:21 PM,EVENT 49088 1596648228 0/0/0/0/0 INPUT 4 0 7 v:124
5/08/2020 9:02:21 PM,252 Event OK
5/08/2020 9:02:21 PM,EVENT 49089 1596648228 0/0/0/0/0 INPUT 4 1 0 v:124
5/08/2020 9:02:21 PM,252 Event OK
5/08/2020 9:02:21 PM,EVENT 49090 1596648231 0/0/0/0/6 INPUT 3 1 0 v:124
5/08/2020 9:02:21 PM,252 Event OK
5/08/2020 9:02:21 PM,EVENT 49091 1596648280 0/0/0/0/11 INPUT 3 0 50 v:124
5/08/2020 9:02:21 PM,252 Event OK
5/08/2020 9:02:22 PM,EVENT 49092 1596648285 0/0/0/0/3 INPUT 3 1 0 v:124
5/08/2020 9:02:22 PM,252 Event OK
5/08/2020 9:02:22 PM,EVENT 49093 1596648293 0/0/0/0/9 INPUT 3 0 7 v:124
5/08/2020 9:02:22 PM,252 Event OK
5/08/2020 9:02:22 PM,EVENT 49094 1596648318 0/0/0/99/2 INPUT 3 1 0 v:124
5/08/2020 9:02:22 PM,252 Event OK
5/08/2020 9:02:23 PM,EVENT 49095 1596648320 0/0/0/99/9 INPUT 3 0 2 v:124
5/08/2020 9:02:23 PM,252 Event OK
5/08/2020 9:02:23 PM,EVENT 49096 1596648323 0/0/0/99/0 INPUT 4 0 95 v:124
5/08/2020 9:02:23 PM,252 Event OK
5/08/2020 9:02:23 PM,EVENT 49097 1596648324 0/0/0/99/0 INPUT 4 1 0 v:124
5/08/2020 9:02:23 PM,252 Event OK
5/08/2020 9:02:24 PM,EVENT 49098 1596648338 0/0/0/99/4 INPUT 3 1 0 v:124
5/08/2020 9:02:24 PM,252 Event OK
5/08/2020 9:02:24 PM,EVENT 49099 1596648442 0/0/0/0/9 INPUT 3 0 104 v:124
5/08/2020 9:02:24 PM,252 Event OK
5/08/2020 9:02:24 PM,EVENT 49100 1596648444 0/0/0/0/6 INPUT 4 0 121 v:124
5/08/2020 9:02:24 PM,252 Event OK
5/08/2020 9:02:25 PM,EVENT 49101 1596648444 0/0/0/0/6 INPUT 4 1 0 v:124
5/08/2020 9:02:25 PM,252 Event OK
5/08/2020 9:02:26 PM,EVENT 49102 1596648450 0/0/0/0/0 INPUT 7 1 0 v:124
5/08/2020 9:02:26 PM,252 Event OK
5/08/2020 9:02:26 PM,EVENT 49103 1596648450 0/0/0/0/0 INPUT 8 0 331 v:124
5/08/2020 9:02:26 PM,252 Event OK
5/08/2020 9:02:26 PM,EVENT 49104 1596648450 0/0/0/0/0 INPUT 1 1 0 v:124
5/08/2020 9:02:26 PM,252 Event OK
5/08/2020 9:02:27 PM,EVENT 49105 1596648453 0/0/0/0/0 INPUT 4 0 8 v:124
5/08/2020 9:02:27 PM,252 Event OK
5/08/2020 9:02:27 PM,EVENT 49106 1596648454 0/0/0/0/0 TRIP 49077 185 133 9 7 327 v:124
5/08/2020 9:02:27 PM,252 Event OK
5/08/2020 9:02:27 PM,EVENT 49107 1596659850 0/0/0/0/0 SWSTART OpusFC 5.0.58.517 R v:123
5/08/2020 9:02:27 PM,252 Event OK
5/08/2020 9:02:28 PM,EVENT 49108 1596648454 0/0/0/0/0 POWERDOWN v:124
5/08/2020 9:02:28 PM,252 Event OK
5/08/2020 9:02:28 PM,EVENT 49109 1596659850 0/0/0/0/0 INPUT 1 1 0 v:123
5/08/2020 9:02:28 PM,252 Event OK
5/08/2020 9:02:28 PM,EVENT 49110 1596659850 0/0/0/0/0 INPUT 2 0 0 v:124
5/08/2020 9:02:28 PM,252 Event OK
5/08/2020 9:02:29 PM,EVENT 49111 1596659850 0/0/0/0/0 INPUT 3 0 0 v:124
5/08/2020 9:02:29 PM,252 Event OK
5/08/2020 9:02:29 PM,EVENT 49112 1596659850 0/0/0/0/0 INPUT 4 0 0 v:124
5/08/2020 9:02:29 PM,252 Event OK
5/08/2020 9:02:29 PM,EVENT 49113 1596659850 0/0/0/0/0 INPUT 7 0 0 v:124
5/08/2020 9:02:29 PM,252 Event OK
5/08/2020 9:02:29 PM,EVENT 49114 1596659850 0/0/0/0/0 INPUT 8 1 0 v:124
5/08/2020 9:02:29 PM,252 Event OK
5/08/2020 9:02:30 PM,EVENT 49115 1596659852 0/0/0/0/0 ZONE_OK 2 100 FW=NO VERSION v:124
5/08/2020 9:02:30 PM,252 Event OK
5/08/2020 9:02:30 PM,EVENT 49116 1596659852 0/0/0/0/0 INPUT 7 1 0 v:124
5/08/2020 9:02:30 PM,252 Event OK
5/08/2020 9:02:31 PM,EVENT 49117 1596659852 0/0/0/0/0 INPUT 8 0 1 v:124
5/08/2020 9:02:31 PM,252 Event OK
5/08/2020 9:02:31 PM,EVENT 49118 1596659852 0/0/0/0/0 REPORT * 0 0 v:124
5/08/2020 9:02:31 PM,252 Event OK
5/08/2020 9:02:31 PM,EVENT 49119 1596659858 0/0/0/0/0 INPUT 8 1 0 v:124
5/08/2020 9:02:31 PM,252 Event OK
5/08/2020 9:02:31 PM,EVENT 49120 1596659859 0/0/0/0/0 INPUT 7 0 7 v:124
5/08/2020 9:02:31 PM,252 Event OK
5/08/2020 9:02:32 PM,EVENT 49121 1596659866 0/0/0/99/0 SIGNON * 0 NOCARD 26 0 230219 v:124
5/08/2020 9:02:32 PM,252 Event OK
5/08/2020 9:02:32 PM,EVENT 49122 1596659880 0/0/0/0/0 SIGNON 2536 01b9faf7 OK 26 230284 0 v:124
5/08/2020 9:02:32 PM,252 Event OK
5/08/2020 9:02:32 PM,EVENT 49123 1596659888 0/0/0/0/0 INPUT 1 0 38 v:124
5/08/2020 9:02:32 PM,252 Event OK
5/08/2020 9:02:33 PM,EVENT 49124 1596659889 0/0/0/0/0 INPUT 4 1 0 v:124
5/08/2020 9:02:33 PM,252 Event OK
5/08/2020 9:02:33 PM,EVENT 49125 1596659899 0/0/0/0/0 INPUT 4 0 11 v:124
5/08/2020 9:02:33 PM,252 Event OK
5/08/2020 9:02:33 PM,EVENT 49126 1596659900 0/0/0/0/0 INPUT 4 1 0 v:124
5/08/2020 9:02:33 PM,252 Event OK
5/08/2020 9:02:33 PM,EVENT 49127 1596659902 0/0/0/0/0 INPUT 4 0 3 v:124
5/08/2020 9:02:33 PM,252 Event OK
5/08/2020 9:02:34 PM,EVENT 49128 1596659903 0/0/0/0/0 INPUT 4 1 0 v:124
5/08/2020 9:02:34 PM,252 Event OK
5/08/2020 9:02:34 PM,EVENT 49129 1596659906 0/0/0/0/2 INPUT 4 0 4 v:124
5/08/2020 9:02:34 PM,252 Event OK
5/08/2020 9:02:34 PM,EVENT 49130 1596659907 0/0/0/0/2 INPUT 4 1 0 v:124
5/08/2020 9:02:34 PM,252 Event OK
5/08/2020 9:02:34 PM,EVENT 49131 1596659913 0/0/0/0/3 INPUT 4 0 7 v:124
5/08/2020 9:02:34 PM,252 Event OK
5/08/2020 9:02:35 PM,EVENT 49132 1596659913 0/0/0/0/3 INPUT 4 1 0 v:124
5/08/2020 9:02:35 PM,252 Event OK
5/08/2020 9:02:35 PM,EVENT 49133 1596659921 0/0/0/0/1 INPUT 4 0 8 v:124
5/08/2020 9:02:35 PM,252 Event OK
5/08/2020 9:02:35 PM,EVENT 49134 1596659921 0/0/0/0/1 INPUT 4 1 0 v:124
5/08/2020 9:02:35 PM,252 Event OK
5/08/2020 9:02:36 PM,EVENT 49135 1596659940 0/0/0/0/0 INPUT 4 0 19 v:124
5/08/2020 9:02:36 PM,252 Event OK
5/08/2020 9:02:36 PM,EVENT 49136 1596659940 0/0/0/0/0 INPUT 4 1 0 v:124
5/08/2020 9:02:36 PM,252 Event OK
5/08/2020 9:02:36 PM,EVENT 49137 1596659951 0/0/0/0/3 INPUT 3 1 0 v:124
5/08/2020 9:02:36 PM,252 Event OK
5/08/2020 9:02:37 PM,EVENT 49138 1596660087 0/0/0/0/14 INPUT 3 0 137 v:124
5/08/2020 9:02:37 PM,252 Event OK
5/08/2020 9:02:37 PM,EVENT 49139 1596660141 0/0/0/0/4 INPUT 3 1 0 v:124
5/08/2020 9:02:37 PM,252 Event OK
5/08/2020 9:02:37 PM,EVENT 49140 1596660517 0/0/0/99/19 INPUT 3 0 375 v:124
5/08/2020 9:02:37 PM,252 Event OK
5/08/2020 9:02:38 PM,EVENT 49141 1596660534 0/0/0/99/0 INPUT 4 0 594 v:124
5/08/2020 9:02:38 PM,252 Event OK
5/08/2020 9:02:38 PM,EVENT 49142 1596660534 0/0/0/99/0 INPUT 4 1 0 v:124
5/08/2020 9:02:38 PM,252 Event OK
5/08/2020 9:02:38 PM,EVENT 49143 1596660535 0/0/0/0/0 INPUT 3 1 0 v:124
5/08/2020 9:02:38 PM,252 Event OK
5/08/2020 9:02:38 PM,EVENT 49144 1596660938 0/0/0/0/23 ZONEOVERSPEED 49122 7 30 1 v:124
5/08/2020 9:02:38 PM,252 Event OK
5/08/2020 9:02:39 PM,EVENT 49145 1596661135 0/0/0/0/11 INPUT 3 0 599 v:124
5/08/2020 9:02:39 PM,252 Event OK
5/08/2020 9:02:39 PM,EVENT 49146 1596661158 -310122093/1219228216/1711/3/0 INPUT 4 0 624 v:124
5/08/2020 9:02:39 PM,252 Event OK
5/08/2020 9:02:39 PM,EVENT 49147 1596661158 -310122093/1219228216/1711/3/0 INPUT 4 1 0 v:124
5/08/2020 9:02:39 PM,252 Event OK
5/08/2020 9:02:40 PM,EVENT 49148 1596661167 -310122070/1219228351/1345/3/0 INPUT 4 0 9 v:123
5/08/2020 9:02:40 PM,252 Event OK
5/08/2020 9:02:40 PM,EVENT 49149 1596661167 -310122070/1219228351/1345/3/0 INPUT 4 1 0 v:123
5/08/2020 9:02:40 PM,252 Event OK
5/08/2020 9:02:40 PM,EVENT 49150 1596661173 -310121436/1219228892/1208/3/8 INPUT 3 1 0 v:124
5/08/2020 9:02:40 PM,252 Event OK
5/08/2020 9:02:41 PM,EVENT 49151 1596661226 -310128740/1219229069/1064/0/10 INPUT 3 0 53 v:124
5/08/2020 9:02:41 PM,252 Event OK
5/08/2020 9:02:41 PM,EVENT 49152 1596661232 -310128407/1219228706/1020/0/0 INPUT 7 1 0 v:124
5/08/2020 9:02:41 PM,252 Event OK
5/08/2020 9:02:41 PM,EVENT 49153 1596661232 -310128407/1219228706/1020/0/0 INPUT 8 0 1373 v:124
5/08/2020 9:02:41 PM,252 Event OK
5/08/2020 9:02:42 PM,EVENT 49154 1596661232 -310128411/1219228712/1017/0/0 INPUT 1 1 0 v:124
5/08/2020 9:02:42 PM,252 Event OK
5/08/2020 9:02:42 PM,EVENT 49155 1596661235 -310128421/1219228731/1004/0/0 INPUT 4 0 68 v:124
5/08/2020 9:02:42 PM,252 Event OK
5/08/2020 9:02:42 PM,EVENT 49156 1596661236 -310128425/1219228738/999/0/0 TRIP 49122 1164 183 9 8 1356 v:124
5/08/2020 9:02:42 PM,252 Event OK
5/08/2020 9:02:43 PM,EVENT 49157 1596661236 -310128425/1219228738/999/0/0 TRIPSUMMARY 49122 v:124
5/08/2020 9:02:43 PM,252 Event OK
5/08/2020 9:02:43 PM,QUIT
5/08/2020 9:02:43 PM,221 Session ended - goodbye
5/08/2020 9:02:53 PM,UNIT 9279
5/08/2020 9:02:53 PM,333 CHAL 619DBF35
5/08/2020 9:02:53 PM,RESP C75F5922
5/08/2020 9:02:53 PM,230 Auth OK
5/08/2020 9:02:54 PM,TIME
5/08/2020 9:02:54 PM,211 TIME 1596661374
5/08/2020 9:02:54 PM,EVCOUNT 2
5/08/2020 9:02:54 PM,252 Event OK
5/08/2020 9:02:55 PM,TODO
5/08/2020 9:02:55 PM,125 TODO GETXML 2000 Operators 
225 Work list complete
5/08/2020 9:02:55 PM,GETXML
5/08/2020 9:02:55 PM,Binary data 4200 bytes
5/08/2020 9:02:57 PM,GOT Operators 4152 1C8F75B1
5/08/2020 9:02:57 PM,250 Download OK
5/08/2020 9:02:57 PM,EVENT 49158 1596661364 -310128387/1219228829/939/2/0 INPUT 8 1 0 v:124
5/08/2020 9:02:57 PM,252 Event OK
5/08/2020 9:02:57 PM,EVENT 49159 1596661365 -310128388/1219228828/940/2/0 INPUT 7 0 133 v:124
5/08/2020 9:02:57 PM,252 Event OK
5/08/2020 9:02:58 PM,QUIT
5/08/2020 9:02:58 PM,221 Session ended - goodbye
5/08/2020 9:03:07 PM,UNIT 9279
5/08/2020 9:03:07 PM,333 CHAL 70B8FDCA
5/08/2020 9:03:07 PM,RESP DD4C6908
5/08/2020 9:03:07 PM,230 Auth OK
5/08/2020 9:03:08 PM,TIME
5/08/2020 9:03:08 PM,211 TIME 1596661388
5/08/2020 9:03:08 PM,EVCOUNT 3
5/08/2020 9:03:08 PM,252 Event OK
5/08/2020 9:03:09 PM,TODO
5/08/2020 9:03:09 PM,226 Nothing to do
5/08/2020 9:03:10 PM,EVENT 49160 1596661377 -310128391/1219228780/940/2/0 SIGNON 2536 01b9faf7 OK 26 230284 0 v:124
5/08/2020 9:03:10 PM,252 Event OK
5/08/2020 9:03:11 PM,EVENT 49161 1596661384 -310128394/1219228759/931/1/0 INPUT 1 0 151 v:124
5/08/2020 9:03:11 PM,252 Event OK
5/08/2020 9:03:11 PM,EVENT 49162 1596661384 -310128394/1219228758/930/1/0 INPUT 4 1 0 v:124
5/08/2020 9:03:11 PM,252 Event OK
5/08/2020 9:03:12 PM,QUIT
5/08/2020 9:03:12 PM,221 Session ended - goodbye
5/08/2020 9:03:27 PM,UNIT 9279
5/08/2020 9:03:27 PM,333 CHAL 1EAD40EF
5/08/2020 9:03:29 PM,RESP 407A9160
5/08/2020 9:03:29 PM,230 Auth OK
5/08/2020 9:03:30 PM,TIME
5/08/2020 9:03:30 PM,211 TIME 1596661410
5/08/2020 9:03:31 PM,EVCOUNT 6
5/08/2020 9:03:31 PM,252 Event OK
5/08/2020 9:03:31 PM,TODO
5/08/2020 9:03:31 PM,226 Nothing to do
5/08/2020 9:03:32 PM,EVENT 49163 1596661391 -310128483/1219228794/920/1/0 INPUT 4 0 8 v:124
5/08/2020 9:03:32 PM,252 Event OK
5/08/2020 9:03:33 PM,EVENT 49164 1596661391 -310128483/1219228794/920/1/0 INPUT 4 1 0 v:124
5/08/2020 9:03:33 PM,252 Event OK
5/08/2020 9:03:34 PM,EVENT 49165 1596661394 -310128603/1219228819/932/1/0 INPUT 4 0 3 v:124
5/08/2020 9:03:34 PM,252 Event OK
5/08/2020 9:03:34 PM,EVENT 49166 1596661395 -310128603/1219228819/932/1/0 INPUT 4 1 0 v:124
5/08/2020 9:03:34 PM,252 Event OK
5/08/2020 9:03:35 PM,EVENT 49167 1596661397 -310128729/1219228807/931/1/0 INPUT 4 0 3 v:124
5/08/2020 9:03:35 PM,252 Event OK
5/08/2020 9:03:36 PM,EVENT 49168 1596661397 -310128729/1219228807/931/1/0 INPUT 4 1 0 v:124
5/08/2020 9:03:36 PM,252 Event OK
5/08/2020 9:03:36 PM,QUIT
5/08/2020 9:03:36 PM,221 Session ended - goodbye
5/08/2020 9:03:46 PM,UNIT 9279
5/08/2020 9:03:46 PM,333 CHAL 6245FF74
5/08/2020 9:03:47 PM,RESP F7EE4B4A
5/08/2020 9:03:47 PM,230 Auth OK
5/08/2020 9:03:47 PM,TIME
5/08/2020 9:03:47 PM,211 TIME 1596661427
5/08/2020 9:03:48 PM,EVCOUNT 1
5/08/2020 9:03:48 PM,252 Event OK
5/08/2020 9:03:48 PM,TODO
5/08/2020 9:03:48 PM,226 Nothing to do
5/08/2020 9:03:49 PM,EVENT 49169 1596661414 -310127734/1219230350/976/1/8 INPUT 3 1 0 v:124
5/08/2020 9:03:49 PM,252 Event OK
5/08/2020 9:03:50 PM,QUIT
5/08/2020 9:03:50 PM,221 Session ended - goodbye
5/08/2020 9:04:49 PM,UNIT 9279
5/08/2020 9:04:49 PM,333 CHAL 6F3C1742
5/08/2020 9:04:49 PM,RESP CB051480
5/08/2020 9:04:49 PM,230 Auth OK
5/08/2020 9:04:50 PM,TIME
5/08/2020 9:04:50 PM,211 TIME 1596661490
5/08/2020 9:04:51 PM,EVCOUNT 1
5/08/2020 9:04:51 PM,252 Event OK
5/08/2020 9:04:51 PM,TODO
5/08/2020 9:04:51 PM,226 Nothing to do
5/08/2020 9:04:52 PM,EVENT 49170 1596661474 -310122362/1219226784/917/1/10 INPUT 3 0 60 v:124
5/08/2020 9:04:52 PM,252 Event OK
5/08/2020 9:04:52 PM,EVENT 49171 1596661487 -310122320/1219227782/976/1/6 INPUT 3 1 0 v:124
5/08/2020 9:04:52 PM,252 Event OK
5/08/2020 9:04:53 PM,QUIT
5/08/2020 9:04:53 PM,221 Session ended - goodbye
5/08/2020 9:05:08 PM,UNIT 9279
5/08/2020 9:05:08 PM,333 CHAL 4F942DE6
5/08/2020 9:05:10 PM,RESP 2535FAE6
5/08/2020 9:05:10 PM,230 Auth OK
5/08/2020 9:05:28 PM,TIME
5/08/2020 9:05:28 PM,211 TIME 1596661528
5/08/2020 9:05:31 PM,EVCOUNT 8
5/08/2020 9:05:31 PM,252 Event OK
5/08/2020 9:05:34 PM,TODO
5/08/2020 9:05:34 PM,226 Nothing to do
5/08/2020 9:05:36 PM,EVENT 49172 1596661491 -310121845/1219228757/1003/1/10 INPUT 3 0 4 v:124
5/08/2020 9:05:36 PM,252 Event OK
5/08/2020 9:05:38 PM,EVENT 49173 1596661494 -310121670/1219229047/1012/1/4 INPUT 3 1 0 v:124
5/08/2020 9:05:38 PM,252 Event OK
5/08/2020 9:05:39 PM,EVENT 49174 1596661494 -310121670/1219229047/1012/1/4 INPUT 7 1 0 v:124
5/08/2020 9:05:39 PM,252 Event OK
5/08/2020 9:05:40 PM,EVENT 49175 1596661494 -310121670/1219229047/1012/1/4 INPUT 8 0 129 v:124
5/08/2020 9:05:40 PM,252 Event OK
5/08/2020 9:05:44 PM,EVENT 49176 1596661495 -310121667/1219229055/1011/1/15 INPUT 1 1 0 v:124
5/08/2020 9:05:44 PM,252 Event OK
5/08/2020 9:05:46 PM,EVENT 49177 1596661495 -310121667/1219229055/1012/1/21 INPUT 3 0 2 v:124
5/08/2020 9:05:46 PM,252 Event OK
5/08/2020 9:05:47 PM,EVENT 49178 1596661495 -310121667/1219229055/1012/1/21 INPUT 4 0 98 v:124
5/08/2020 9:05:47 PM,252 Event OK
5/08/2020 9:05:54 PM,EVENT 49179 1596661498 -310121666/1219229051/1010/1/0 TRIP 49160 66 46 9 6 121 v:124
5/08/2020 9:05:54 PM,252 Event OK
5/08/2020 9:05:58 PM,QUIT
5/08/2020 9:05:58 PM,221 Session ended - goodbye
5/08/2020 9:25:42 PM,UNIT 9279
5/08/2020 9:25:42 PM,333 CHAL 4FE1DAAE
5/08/2020 9:25:43 PM,RESP 70284837
5/08/2020 9:25:43 PM,230 Auth OK
5/08/2020 9:25:43 PM,TIME
5/08/2020 9:25:43 PM,211 TIME 1596662743
5/08/2020 9:25:46 PM,EVCOUNT 14
5/08/2020 9:25:46 PM,252 Event OK
5/08/2020 9:25:46 PM,TODO
5/08/2020 9:25:46 PM,226 Nothing to do
5/08/2020 9:25:48 PM,EVENT 49180 1596662508 -310121593/1219228788/934/1/0 INPUT 8 1 0 v:124
5/08/2020 9:25:48 PM,252 Event OK
5/08/2020 9:25:49 PM,EVENT 49181 1596662509 -310121591/1219228795/925/1/0 DEBUG Time(BAD):1596662509->4294967295 v:124
5/08/2020 9:25:49 PM,252 Event OK
5/08/2020 9:25:49 PM,EVENT 49182 1596662509 -310121591/1219228795/925/1/0 INPUT 7 0 1015 v:124
5/08/2020 9:25:49 PM,252 Event OK
5/08/2020 9:25:49 PM,EVENT 49183 1596662522 -310121534/1219228777/914/1/0 SIGNON 2536 01b9faf7 OK 26 230284 0 v:124
5/08/2020 9:25:49 PM,252 Event OK
5/08/2020 9:25:49 PM,EVENT 49184 1596662528 -310121527/1219228743/902/1/0 INPUT 1 0 1034 v:124
5/08/2020 9:25:49 PM,252 Event OK
5/08/2020 9:25:50 PM,EVENT 49185 1596662528 -310121527/1219228743/902/1/0 INPUT 4 1 0 v:124
5/08/2020 9:25:50 PM,252 Event OK
5/08/2020 9:25:52 PM,EVENT 49186 1596662537 -310121159/1219229202/878/1/6 INPUT 3 1 0 v:124
5/08/2020 9:25:52 PM,252 Event OK
5/08/2020 9:25:54 PM,EVENT 49187 1596662540 -310120702/1219229723/890/1/11 REPORT 49183 10 43 v:124
5/08/2020 9:25:54 PM,252 Event OK
5/08/2020 9:25:55 PM,EVENT 49188 1596662637 -310143219/1219231596/901/9/9 INPUT 3 0 100 v:124
5/08/2020 9:25:55 PM,252 Event OK
5/08/2020 9:25:55 PM,EVENT 49189 1596662641 -310143427/1219231608/885/9/0 INPUT 7 1 0 v:124
5/08/2020 9:25:55 PM,252 Event OK
5/08/2020 9:25:56 PM,EVENT 49190 1596662641 -310143427/1219231608/885/9/0 INPUT 8 0 133 v:124
5/08/2020 9:25:56 PM,252 Event OK
5/08/2020 9:25:59 PM,EVENT 49191 1596662642 -310143422/1219231613/886/9/0 INPUT 1 1 0 v:124
5/08/2020 9:25:59 PM,252 Event OK
5/08/2020 9:26:00 PM,EVENT 49192 1596662643 -310143415/1219231620/887/9/0 INPUT 4 0 115 v:124
5/08/2020 9:26:00 PM,252 Event OK
5/08/2020 9:26:00 PM,EVENT 49193 1596662645 -310143407/1219231632/891/9/0 TRIP 49183 100 15 9 7 124 v:124
5/08/2020 9:26:00 PM,252 Event OK
5/08/2020 9:26:01 PM,QUIT
5/08/2020 9:26:01 PM,221 Session ended - goodbye
5/08/2020 10:26:01 PM,UNIT 9279
5/08/2020 10:26:01 PM,333 CHAL 520A82B2
5/08/2020 10:26:02 PM,RESP 629FB46A
5/08/2020 10:26:02 PM,230 Auth OK
5/08/2020 10:26:02 PM,TIME
5/08/2020 10:26:02 PM,211 TIME 1596666362
5/08/2020 10:26:03 PM,EVCOUNT 15
5/08/2020 10:26:03 PM,252 Event OK
5/08/2020 10:26:03 PM,TODO
5/08/2020 10:26:03 PM,226 Nothing to do
5/08/2020 10:26:04 PM,EVENT 49194 1596666251 0/0/0/0/0 SWSTART OpusFC 5.0.58.517 R v:123
5/08/2020 10:26:04 PM,252 Event OK
5/08/2020 10:26:05 PM,EVENT 49195 1596662645 0/0/0/0/0 POWERDOWN v:124
5/08/2020 10:26:05 PM,252 Event OK
5/08/2020 10:26:06 PM,EVENT 49196 1596666251 0/0/0/0/0 INPUT 1 1 0 v:123
5/08/2020 10:26:06 PM,252 Event OK
5/08/2020 10:26:06 PM,EVENT 49197 1596666251 0/0/0/0/0 INPUT 2 0 0 v:123
5/08/2020 10:26:06 PM,252 Event OK
5/08/2020 10:26:07 PM,EVENT 49198 1596666251 0/0/0/0/0 INPUT 3 0 0 v:123
5/08/2020 10:26:07 PM,252 Event OK
5/08/2020 10:26:07 PM,EVENT 49199 1596666251 0/0/0/0/0 INPUT 4 0 0 v:123
5/08/2020 10:26:07 PM,252 Event OK
5/08/2020 10:26:08 PM,EVENT 49200 1596666251 0/0/0/0/0 INPUT 7 0 0 v:123
5/08/2020 10:26:08 PM,252 Event OK
5/08/2020 10:26:09 PM,EVENT 49201 1596666251 0/0/0/0/0 INPUT 8 1 0 v:123
5/08/2020 10:26:09 PM,252 Event OK
5/08/2020 10:26:09 PM,EVENT 49202 1596666253 0/0/0/0/0 ZONE_OK 2 100 FW=NO VERSION v:123
5/08/2020 10:26:09 PM,252 Event OK
5/08/2020 10:26:10 PM,EVENT 49203 1596666262 0/0/0/0/0 SIGNON 2479 03f9f2d4 OK_CL 26 30695 0 v:123
5/08/2020 10:26:10 PM,252 Event OK
5/08/2020 10:26:11 PM,EVENT 49204 1596666268 0/0/0/99/0 CHECKLIST 49203 OK 0 6 432 F v:124
5/08/2020 10:26:11 PM,252 Event OK
5/08/2020 10:26:11 PM,EVENT 49205 1596666283 -310143658/1219233377/10856/7/0 INPUT 4 1 0 v:124
5/08/2020 10:26:11 PM,252 Event OK
5/08/2020 10:26:12 PM,EVENT 49206 1596666283 -310143658/1219233377/10856/7/0 INPUT 1 0 31 v:124
5/08/2020 10:26:12 PM,252 Event OK
5/08/2020 10:26:13 PM,EVENT 49207 1596666356 -310142748/1219231430/810/4/0 INPUT 4 0 74 v:124
5/08/2020 10:26:13 PM,252 Event OK
5/08/2020 10:26:13 PM,EVENT 49208 1596666357 -310142760/1219231446/810/4/0 INPUT 4 1 0 v:124
5/08/2020 10:26:13 PM,252 Event OK
5/08/2020 10:26:14 PM,EVENT 49209 1596666359 -310143021/1219231785/814/4/7 INPUT 3 1 0 v:123
5/08/2020 10:26:14 PM,252 Event OK
5/08/2020 10:26:15 PM,QUIT
5/08/2020 10:26:15 PM,221 Session ended - goodbye
5/08/2020 10:52:55 PM,UNIT 9279
5/08/2020 10:52:55 PM,333 CHAL 8164D36
5/08/2020 10:52:55 PM,RESP F134872B
5/08/2020 10:52:55 PM,230 Auth OK
5/08/2020 10:52:56 PM,TIME
5/08/2020 10:52:56 PM,211 TIME 1596667976
5/08/2020 10:52:57 PM,EVCOUNT 21
5/08/2020 10:52:57 PM,252 Event OK
5/08/2020 10:52:57 PM,TODO
5/08/2020 10:52:57 PM,226 Nothing to do
5/08/2020 10:52:59 PM,EVENT 49210 1596666453 -310122031/1219228555/940/6/10 INPUT 3 0 94 v:124
5/08/2020 10:52:59 PM,252 Event OK
5/08/2020 10:54:04 PM,UNIT 9279
5/08/2020 10:54:04 PM,333 CHAL 38ECC8A4
5/08/2020 10:54:04 PM,RESP 4FE2050C
5/08/2020 10:54:04 PM,230 Auth OK
5/08/2020 10:54:05 PM,TIME
5/08/2020 10:54:05 PM,211 TIME 1596668045
5/08/2020 10:54:05 PM,EVCOUNT 22
5/08/2020 10:54:05 PM,252 Event OK
5/08/2020 10:54:05 PM,TODO
5/08/2020 10:54:05 PM,226 Nothing to do
5/08/2020 10:54:05 PM,EVENT 49210 1596666453 -310122031/1219228555/940/6/10 INPUT 3 0 94 v:124
5/08/2020 10:54:05 PM,253 Event OK - Duplicate
5/08/2020 10:54:06 PM,EVENT 49211 1596666455 -310122120/1219228416/917/6/2 INPUT 4 0 99 v:124
5/08/2020 10:54:06 PM,252 Event OK
5/08/2020 10:54:06 PM,EVENT 49212 1596666455 -310122120/1219228416/917/6/2 INPUT 4 1 0 v:124
5/08/2020 10:54:06 PM,252 Event OK
5/08/2020 10:54:06 PM,EVENT 49213 1596666459 -310122121/1219228421/910/6/0 INPUT 7 1 0 v:124
5/08/2020 10:54:06 PM,252 Event OK
5/08/2020 10:54:06 PM,EVENT 49214 1596666459 -310122121/1219228421/910/6/0 INPUT 8 0 207 v:123
5/08/2020 10:54:06 PM,252 Event OK
5/08/2020 10:54:07 PM,EVENT 49215 1596666460 -310122118/1219228420/913/6/0 INPUT 1 1 0 v:123
5/08/2020 10:54:07 PM,252 Event OK
5/08/2020 10:54:07 PM,EVENT 49216 1596666462 -310122122/1219228415/908/0/0 INPUT 4 0 7 v:123
5/08/2020 10:54:07 PM,252 Event OK
5/08/2020 10:54:07 PM,EVENT 49217 1596666463 -310122125/1219228414/904/0/0 TRIP 49203 94 86 18 17 198 v:123
5/08/2020 10:54:07 PM,252 Event OK
5/08/2020 10:54:08 PM,EVENT 49218 1596666497 -310122160/1219228205/786/0/0 REPORT * 0 228 v:123
5/08/2020 10:54:08 PM,252 Event OK
5/08/2020 10:54:08 PM,EVENT 49219 1596667360 -310121993/1219228689/773/0/0 INPUT 8 1 0 v:123
5/08/2020 10:54:08 PM,252 Event OK
5/08/2020 10:54:08 PM,EVENT 49220 1596667360 -310121993/1219228689/773/0/0 INPUT 7 0 901 v:124
5/08/2020 10:54:08 PM,252 Event OK
5/08/2020 10:54:08 PM,EVENT 49221 1596667388 -310122098/1219228659/748/0/0 INPUT 7 1 0 v:124
5/08/2020 10:54:08 PM,252 Event OK
5/08/2020 10:54:09 PM,EVENT 49222 1596667388 -310122098/1219228659/748/0/0 INPUT 8 0 28 v:124
5/08/2020 10:54:09 PM,252 Event OK
5/08/2020 10:54:09 PM,EVENT 49223 1596667890 -310122247/1219228473/733/0/0 INPUT 8 1 0 v:124
5/08/2020 10:54:09 PM,252 Event OK
5/08/2020 10:54:09 PM,EVENT 49224 1596667891 -310122246/1219228475/734/0/0 INPUT 7 0 503 v:124
5/08/2020 10:54:09 PM,252 Event OK
5/08/2020 10:54:10 PM,EVENT 49225 1596667903 -310122224/1219228511/729/0/0 SIGNON 2479 03f9f2d4 OK 26 30695 0 v:124
5/08/2020 10:54:10 PM,252 Event OK
5/08/2020 10:54:10 PM,EVENT 49226 1596667911 -310122208/1219228540/729/0/0 INPUT 1 0 1450 v:124
5/08/2020 10:54:10 PM,252 Event OK
5/08/2020 10:54:10 PM,EVENT 49227 1596667912 -310122206/1219228542/729/0/0 INPUT 4 1 0 v:124
5/08/2020 10:54:10 PM,252 Event OK
5/08/2020 10:54:10 PM,EVENT 49228 1596667943 -310121793/1219227549/717/0/7 INPUT 3 1 0 v:124
5/08/2020 10:54:10 PM,252 Event OK
5/08/2020 10:54:11 PM,EVENT 49229 1596667945 -310121434/1219228071/720/0/9 INPUT 3 0 2 v:124
5/08/2020 10:54:11 PM,252 Event OK
5/08/2020 10:54:11 PM,EVENT 49230 1596667946 -310121315/1219228269/724/0/8 INPUT 3 1 0 v:124
5/08/2020 10:54:11 PM,252 Event OK
5/08/2020 10:54:11 PM,EVENT 49231 1596668036 -310143201/1219231063/724/4/10 INPUT 3 0 90 v:124
5/08/2020 10:54:11 PM,252 Event OK
5/08/2020 10:54:11 PM,QUIT
5/08/2020 10:54:11 PM,221 Session ended - goodbye
5/08/2020 10:54:23 PM,UNIT 9279
5/08/2020 10:54:23 PM,333 CHAL 70CB1E95
5/08/2020 10:54:24 PM,RESP CCEF00DC
5/08/2020 10:54:24 PM,230 Auth OK
5/08/2020 10:54:24 PM,TIME
5/08/2020 10:54:24 PM,211 TIME 1596668064
5/08/2020 10:54:25 PM,EVCOUNT 2
5/08/2020 10:54:25 PM,252 Event OK
5/08/2020 10:54:25 PM,TODO
5/08/2020 10:54:25 PM,226 Nothing to do
5/08/2020 10:54:26 PM,EVENT 49232 1596668057 -310143240/1219231053/719/1/0 INPUT 4 0 146 v:124
5/08/2020 10:54:26 PM,252 Event OK
5/08/2020 10:54:27 PM,EVENT 49233 1596668058 -310143240/1219231053/719/1/0 INPUT 4 1 0 v:124
5/08/2020 10:54:27 PM,252 Event OK
5/08/2020 10:54:27 PM,QUIT
5/08/2020 10:54:27 PM,221 Session ended - goodbye
5/08/2020 10:54:38 PM,UNIT 9279
5/08/2020 10:54:38 PM,333 CHAL 5F5F1D78
5/08/2020 10:54:38 PM,RESP 0D86DFD4
5/08/2020 10:54:38 PM,230 Auth OK
5/08/2020 10:54:39 PM,TIME
5/08/2020 10:54:39 PM,211 TIME 1596668079
5/08/2020 10:54:39 PM,EVCOUNT 1
5/08/2020 10:54:39 PM,252 Event OK
5/08/2020 10:54:40 PM,TODO
5/08/2020 10:54:40 PM,226 Nothing to do
5/08/2020 10:54:41 PM,EVENT 49234 1596668071 -310142547/1219231008/716/3/5 INPUT 3 1 0 v:124
5/08/2020 10:54:41 PM,252 Event OK
5/08/2020 10:54:41 PM,QUIT
5/08/2020 10:54:41 PM,221 Session ended - goodbye
6/08/2020 12:02:42 AM,UNIT 9279
6/08/2020 12:02:42 AM,333 CHAL 1C879AE
6/08/2020 12:02:42 AM,RESP 5167047A
6/08/2020 12:02:42 AM,230 Auth OK
6/08/2020 12:02:43 AM,TIME
6/08/2020 12:02:43 AM,211 TIME 1596672163
6/08/2020 12:02:43 AM,EVCOUNT 130
6/08/2020 12:02:43 AM,252 Event OK
6/08/2020 12:02:44 AM,TODO
6/08/2020 12:02:44 AM,125 TODO GETXML 2000 Operators 
225 Work list complete
6/08/2020 12:02:45 AM,GETXML
6/08/2020 12:02:45 AM,Binary data 4241 bytes
6/08/2020 12:02:59 AM,GOT Operators 4193 B22E2A56
6/08/2020 12:02:59 AM,250 Download OK
6/08/2020 12:03:02 AM,EVENT 49235 1596668164 -310121635/1219228491/778/1/9 INPUT 3 0 93 v:124
6/08/2020 12:03:02 AM,252 Event OK
6/08/2020 12:03:03 AM,EVENT 49236 1596668165 -310121788/1219228380/775/1/6 INPUT 4 0 108 v:124
6/08/2020 12:03:03 AM,252 Event OK
6/08/2020 12:03:04 AM,EVENT 49237 1596668166 -310121788/1219228380/775/1/5 INPUT 4 1 0 v:124
6/08/2020 12:03:04 AM,252 Event OK
6/08/2020 12:03:36 AM,EVENT 49238 1596668171 -310121845/1219228390/743/1/0 INPUT 7 1 0 v:124
6/08/2020 12:03:36 AM,252 Event OK
6/08/2020 12:04:01 AM,UNIT 9279
6/08/2020 12:04:01 AM,333 CHAL 4C557062
6/08/2020 12:04:02 AM,RESP B42CBD23
6/08/2020 12:04:02 AM,230 Auth OK
6/08/2020 12:04:04 AM,TIME
6/08/2020 12:04:04 AM,211 TIME 1596672244
6/08/2020 12:04:05 AM,EVCOUNT 127
6/08/2020 12:04:05 AM,252 Event OK
6/08/2020 12:04:06 AM,TODO
6/08/2020 12:04:06 AM,226 Nothing to do
6/08/2020 12:04:08 AM,EVENT 49238 1596668171 -310121845/1219228390/743/1/0 INPUT 7 1 0 v:124
6/08/2020 12:04:08 AM,253 Event OK - Duplicate
6/08/2020 12:04:10 AM,EVENT 49239 1596668171 -310121845/1219228390/743/1/0 INPUT 8 0 281 v:124
6/08/2020 12:04:10 AM,252 Event OK
6/08/2020 12:04:11 AM,EVENT 49240 1596668172 -310121853/1219228392/741/1/0 INPUT 1 1 0 v:124
6/08/2020 12:04:11 AM,252 Event OK
6/08/2020 12:04:12 AM,EVENT 49241 1596668173 -310121870/1219228394/731/1/0 INPUT 4 0 8 v:123
6/08/2020 12:04:12 AM,252 Event OK
6/08/2020 12:04:14 AM,EVENT 49242 1596668175 -310121883/1219228393/723/1/0 TRIP 49225 185 77 11 9 273 v:123
6/08/2020 12:04:14 AM,252 Event OK
6/08/2020 12:04:15 AM,EVENT 49243 1596668632 -310121951/1219228414/701/0/0 INPUT 8 1 0 v:124
6/08/2020 12:04:15 AM,252 Event OK
6/08/2020 12:04:16 AM,EVENT 49244 1596668632 -310121951/1219228414/701/0/0 INPUT 7 0 461 v:124
6/08/2020 12:04:16 AM,252 Event OK
6/08/2020 12:04:19 AM,EVENT 49245 1596668642 -310121957/1219228404/720/0/0 SIGNON 2479 03f9f2d4 OK 26 30695 0 v:124
6/08/2020 12:04:19 AM,252 Event OK
6/08/2020 12:04:29 AM,EVENT 49246 1596668650 -310121957/1219228356/729/0/0 INPUT 1 0 478 v:124
6/08/2020 12:04:29 AM,252 Event OK
6/08/2020 12:04:30 AM,EVENT 49247 1596668651 -310121957/1219228349/729/0/0 INPUT 4 1 0 v:124
6/08/2020 12:04:30 AM,252 Event OK
6/08/2020 12:04:31 AM,EVENT 49248 1596668678 -310122183/1219227056/782/0/7 INPUT 3 1 0 v:124
6/08/2020 12:04:31 AM,252 Event OK
6/08/2020 12:04:33 AM,EVENT 49249 1596668699 -310126742/1219219026/922/0/24 REPORT 49245 22 227 v:124
6/08/2020 12:04:33 AM,252 Event OK
6/08/2020 12:04:38 AM,EVENT 49250 1596669287 0/0/0/0/11 INPUT 3 0 610 v:124
6/08/2020 12:04:38 AM,252 Event OK
6/08/2020 12:04:39 AM,EVENT 49251 1596669296 0/0/0/0/0 INPUT 4 0 646 v:124
6/08/2020 12:04:39 AM,252 Event OK
6/08/2020 12:04:40 AM,EVENT 49252 1596669296 0/0/0/0/0 INPUT 4 1 0 v:124
6/08/2020 12:04:40 AM,252 Event OK
6/08/2020 12:04:41 AM,EVENT 49253 1596669347 0/0/0/0/6 INPUT 3 1 0 v:124
6/08/2020 12:04:41 AM,252 Event OK
6/08/2020 12:04:41 AM,EVENT 49254 1596669353 0/0/0/0/12 INPUT 3 0 6 v:124
6/08/2020 12:04:41 AM,252 Event OK
6/08/2020 12:04:42 AM,EVENT 49255 1596669363 0/0/0/0/8 INPUT 3 1 0 v:124
6/08/2020 12:04:42 AM,252 Event OK
6/08/2020 12:04:43 AM,EVENT 49256 1596669373 0/0/0/0/10 INPUT 3 0 11 v:124
6/08/2020 12:04:43 AM,252 Event OK
6/08/2020 12:04:45 AM,EVENT 49257 1596669381 0/0/0/0/7 INPUT 3 1 0 v:124
6/08/2020 12:04:45 AM,252 Event OK
6/08/2020 12:04:46 AM,EVENT 49258 1596669883 0/0/0/0/8 INPUT 3 0 503 v:124
6/08/2020 12:04:46 AM,252 Event OK
6/08/2020 12:04:46 AM,EVENT 49259 1596669887 0/0/0/0/2 INPUT 4 0 591 v:124
6/08/2020 12:04:46 AM,252 Event OK
6/08/2020 12:04:47 AM,EVENT 49260 1596669888 0/0/0/0/2 INPUT 4 1 0 v:124
6/08/2020 12:04:47 AM,252 Event OK
6/08/2020 12:04:47 AM,EVENT 49261 1596669917 0/0/0/0/0 INPUT 4 0 30 v:124
6/08/2020 12:04:47 AM,252 Event OK
6/08/2020 12:04:48 AM,EVENT 49262 1596669918 0/0/0/0/0 INPUT 4 1 0 v:124
6/08/2020 12:04:48 AM,252 Event OK
6/08/2020 12:05:32 AM,EVENT 49263 1596669919 0/0/0/0/6 INPUT 3 1 0 v:124
6/08/2020 12:05:32 AM,252 Event OK
6/08/2020 12:05:34 AM,UNIT 9279
6/08/2020 12:05:34 AM,333 CHAL 31249F45
6/08/2020 12:05:34 AM,RESP 8868112E
6/08/2020 12:05:34 AM,230 Auth OK
6/08/2020 12:05:34 AM,TIME
6/08/2020 12:05:34 AM,211 TIME 1596672334
6/08/2020 12:05:35 AM,EVCOUNT 102
6/08/2020 12:05:35 AM,252 Event OK
6/08/2020 12:05:35 AM,TODO
6/08/2020 12:05:35 AM,226 Nothing to do
6/08/2020 12:05:35 AM,EVENT 49263 1596669919 0/0/0/0/6 INPUT 3 1 0 v:124
6/08/2020 12:05:35 AM,253 Event OK - Duplicate
6/08/2020 12:05:36 AM,EVENT 49264 1596669920 0/0/0/0/9 INPUT 3 0 0 v:124
6/08/2020 12:05:36 AM,252 Event OK
6/08/2020 12:05:36 AM,EVENT 49265 1596669921 0/0/0/0/7 INPUT 3 1 0 v:124
6/08/2020 12:05:36 AM,252 Event OK
6/08/2020 12:05:36 AM,EVENT 49266 1596669966 0/0/0/0/9 INPUT 3 0 46 v:124
6/08/2020 12:05:36 AM,252 Event OK
6/08/2020 12:05:37 AM,EVENT 49267 1596669980 0/0/0/99/0 INPUT 4 0 63 v:124
6/08/2020 12:05:37 AM,252 Event OK
6/08/2020 12:05:38 AM,EVENT 49268 1596669980 0/0/0/99/0 INPUT 4 1 0 v:124
6/08/2020 12:05:38 AM,252 Event OK
6/08/2020 12:05:38 AM,EVENT 49269 1596669993 0/0/0/99/3 INPUT 4 0 13 v:124
6/08/2020 12:05:38 AM,252 Event OK
6/08/2020 12:08:56 AM,UNIT 9279
6/08/2020 12:08:56 AM,333 CHAL 5F60872
6/08/2020 12:08:56 AM,RESP E597A1BE
6/08/2020 12:08:56 AM,230 Auth OK
6/08/2020 12:08:56 AM,TIME
6/08/2020 12:08:56 AM,211 TIME 1596672536
6/08/2020 12:08:59 AM,EVCOUNT 95
6/08/2020 12:08:59 AM,252 Event OK
6/08/2020 12:08:59 AM,TODO
6/08/2020 12:08:59 AM,226 Nothing to do
6/08/2020 12:09:05 AM,EVENT 49270 1596669993 0/0/0/99/3 INPUT 4 1 0 v:124
6/08/2020 12:09:05 AM,252 Event OK
6/08/2020 12:09:07 AM,EVENT 49271 1596670001 0/0/0/99/2 INPUT 4 0 8 v:124
6/08/2020 12:09:07 AM,252 Event OK
6/08/2020 12:09:07 AM,EVENT 49272 1596670001 0/0/0/99/1 INPUT 4 1 0 v:124
6/08/2020 12:09:07 AM,252 Event OK
6/08/2020 12:09:08 AM,EVENT 49273 1596670073 0/0/0/0/3 INPUT 4 0 72 v:124
6/08/2020 12:09:08 AM,252 Event OK
6/08/2020 12:09:08 AM,EVENT 49274 1596670074 0/0/0/0/2 INPUT 4 1 0 v:124
6/08/2020 12:09:08 AM,252 Event OK
6/08/2020 12:09:09 AM,EVENT 49275 1596670076 0/0/0/0/3 INPUT 4 0 3 v:124
6/08/2020 12:09:09 AM,252 Event OK
6/08/2020 12:09:09 AM,EVENT 49276 1596670076 0/0/0/0/3 INPUT 4 1 0 v:124
6/08/2020 12:09:09 AM,252 Event OK
6/08/2020 12:09:10 AM,EVENT 49277 1596670090 0/0/0/0/0 INPUT 4 0 14 v:124
6/08/2020 12:09:10 AM,252 Event OK
6/08/2020 12:09:10 AM,EVENT 49278 1596670090 0/0/0/0/0 INPUT 4 1 0 v:124
6/08/2020 12:09:10 AM,252 Event OK
6/08/2020 12:09:11 AM,EVENT 49279 1596670093 0/0/0/0/8 INPUT 3 1 0 v:124
6/08/2020 12:09:11 AM,252 Event OK
6/08/2020 12:09:12 AM,EVENT 49280 1596670094 0/0/0/0/9 INPUT 3 0 1 v:124
6/08/2020 12:09:12 AM,252 Event OK
6/08/2020 12:09:12 AM,EVENT 49281 1596670105 0/0/0/0/3 INPUT 4 0 15 v:124
6/08/2020 12:09:12 AM,252 Event OK
6/08/2020 12:12:49 AM,UNIT 9279
6/08/2020 12:12:49 AM,333 CHAL 26E6201F
6/08/2020 12:12:51 AM,RESP EC3B96E4
6/08/2020 12:12:51 AM,230 Auth OK
6/08/2020 12:12:53 AM,TIME
6/08/2020 12:12:53 AM,211 TIME 1596672773
6/08/2020 12:12:55 AM,EVCOUNT 83
6/08/2020 12:12:55 AM,252 Event OK
6/08/2020 12:12:56 AM,TODO
6/08/2020 12:12:56 AM,226 Nothing to do
6/08/2020 12:12:57 AM,EVENT 49282 1596670105 0/0/0/0/3 INPUT 4 1 0 v:124
6/08/2020 12:12:57 AM,252 Event OK
6/08/2020 12:12:59 AM,EVENT 49283 1596670207 0/0/0/0/2 INPUT 3 1 0 v:124
6/08/2020 12:12:59 AM,252 Event OK
6/08/2020 12:13:00 AM,EVENT 49284 1596670297 0/0/0/0/21 INPUT 3 0 91 v:124
6/08/2020 12:13:00 AM,252 Event OK
6/08/2020 12:13:02 AM,EVENT 49285 1596670303 0/0/0/0/5 INPUT 3 1 0 v:124
6/08/2020 12:13:02 AM,252 Event OK
6/08/2020 12:13:09 AM,EVENT 49286 1596670387 0/0/0/0/14 INPUT 3 0 83 v:124
6/08/2020 12:13:09 AM,252 Event OK
6/08/2020 12:13:10 AM,EVENT 49287 1596670411 0/0/0/0/0 INPUT 4 0 306 v:124
6/08/2020 12:13:10 AM,252 Event OK
6/08/2020 12:13:13 AM,EVENT 49288 1596670411 0/0/0/0/0 INPUT 4 1 0 v:124
6/08/2020 12:13:13 AM,252 Event OK
6/08/2020 12:13:15 AM,EVENT 49289 1596670457 0/0/0/0/0 INPUT 4 0 46 v:124
6/08/2020 12:13:15 AM,252 Event OK
6/08/2020 12:13:16 AM,EVENT 49290 1596670457 0/0/0/0/0 INPUT 4 1 0 v:124
6/08/2020 12:13:16 AM,252 Event OK
6/08/2020 12:13:19 AM,EVENT 49291 1596670496 0/0/0/0/4 INPUT 3 1 0 v:124
6/08/2020 12:13:19 AM,252 Event OK
6/08/2020 12:13:22 AM,EVENT 49292 1596670498 0/0/0/0/11 INPUT 3 0 2 v:124
6/08/2020 12:13:22 AM,252 Event OK
6/08/2020 12:13:23 AM,EVENT 49293 1596670498 0/0/0/0/9 INPUT 3 1 0 v:124
6/08/2020 12:13:23 AM,252 Event OK
6/08/2020 12:13:24 AM,EVENT 49294 1596670529 0/0/0/0/22 REPORT 49245 0 0 v:124
6/08/2020 12:13:24 AM,252 Event OK
6/08/2020 12:13:24 AM,EVENT 49295 1596670753 0/0/0/0/12 INPUT 3 0 254 v:124
6/08/2020 12:13:24 AM,252 Event OK
6/08/2020 12:13:25 AM,EVENT 49296 1596670784 0/0/0/0/3 INPUT 4 0 327 v:124
6/08/2020 12:13:25 AM,252 Event OK
6/08/2020 12:13:26 AM,EVENT 49297 1596670785 0/0/0/0/2 INPUT 4 1 0 v:124
6/08/2020 12:13:26 AM,252 Event OK
6/08/2020 12:13:28 AM,EVENT 49298 1596670800 0/0/0/0/5 INPUT 3 1 0 v:124
6/08/2020 12:13:28 AM,252 Event OK
6/08/2020 12:13:29 AM,EVENT 49299 1596670804 0/0/0/0/14 INPUT 3 0 3 v:124
6/08/2020 12:13:29 AM,252 Event OK
6/08/2020 12:13:32 AM,EVENT 49300 1596670805 0/0/0/0/9 INPUT 3 1 0 v:124
6/08/2020 12:13:32 AM,252 Event OK
6/08/2020 12:13:33 AM,EVENT 49301 1596670999 0/0/0/0/16 INPUT 3 0 194 v:124
6/08/2020 12:13:33 AM,252 Event OK
6/08/2020 12:13:34 AM,EVENT 49302 1596671010 0/0/0/0/0 INPUT 3 1 0 v:124
6/08/2020 12:13:34 AM,252 Event OK
6/08/2020 12:13:36 AM,EVENT 49303 1596671011 0/0/0/99/13 INPUT 3 0 2 v:124
6/08/2020 12:13:36 AM,252 Event OK
6/08/2020 12:13:37 AM,EVENT 49304 1596671017 0/0/0/99/5 INPUT 3 1 0 v:124
6/08/2020 12:13:37 AM,252 Event OK
6/08/2020 12:13:38 AM,EVENT 49305 1596671065 0/0/0/0/10 INPUT 3 0 47 v:124
6/08/2020 12:13:38 AM,252 Event OK
6/08/2020 12:13:39 AM,EVENT 49306 1596671067 0/0/0/0/7 INPUT 3 1 0 v:124
6/08/2020 12:13:39 AM,252 Event OK
6/08/2020 12:13:40 AM,EVENT 49307 1596671321 0/0/0/0/16 INPUT 3 0 253 v:124
6/08/2020 12:13:40 AM,252 Event OK
6/08/2020 12:13:42 AM,EVENT 49308 1596671347 0/0/0/0/3 INPUT 4 0 563 v:123
6/08/2020 12:13:42 AM,252 Event OK
6/08/2020 12:13:43 AM,EVENT 49309 1596671347 0/0/0/0/2 INPUT 4 1 0 v:123
6/08/2020 12:13:43 AM,252 Event OK
6/08/2020 12:13:44 AM,EVENT 49310 1596671356 0/0/0/0/0 INPUT 1 1 0 v:123
6/08/2020 12:13:44 AM,252 Event OK
6/08/2020 12:13:49 AM,EVENT 49311 1596671356 0/0/0/0/0 INPUT 4 0 9 v:123
6/08/2020 12:13:49 AM,252 Event OK
6/08/2020 12:13:50 AM,EVENT 49312 1596671356 0/0/0/0/0 INPUT 4 1 0 v:123
6/08/2020 12:13:50 AM,252 Event OK
6/08/2020 12:13:51 AM,EVENT 49313 1596671358 0/0/0/99/0 INPUT 4 0 2 v:123
6/08/2020 12:13:51 AM,252 Event OK
6/08/2020 12:13:52 AM,EVENT 49314 1596671358 0/0/0/99/0 OILPRESSURE 49245 1 v:123
6/08/2020 12:13:52 AM,252 Event OK
6/08/2020 12:13:53 AM,EVENT 49315 1596671368 0/0/0/99/0 INPUT 3 1 0 v:124
6/08/2020 12:13:53 AM,252 Event OK
6/08/2020 12:13:54 AM,EVENT 49316 1596671368 0/0/0/99/0 INPUT 7 1 0 v:124
6/08/2020 12:13:54 AM,252 Event OK
6/08/2020 12:13:57 AM,EVENT 49317 1596671368 0/0/0/99/0 INPUT 8 0 2736 v:124
6/08/2020 12:13:57 AM,252 Event OK
6/08/2020 12:13:58 AM,EVENT 49318 1596671369 0/0/0/99/20 INPUT 3 0 2 v:124
6/08/2020 12:13:58 AM,252 Event OK
6/08/2020 12:13:59 AM,EVENT 49319 1596671372 0/0/0/99/0 TRIP 49245 2109 601 20 9 2730 v:124
6/08/2020 12:13:59 AM,252 Event OK
6/08/2020 12:14:00 AM,EVENT 49320 1596671372 0/0/0/99/0 TRIPSUMMARY 49245 v:124
6/08/2020 12:14:00 AM,252 Event OK
6/08/2020 12:14:01 AM,EVENT 49321 1596671374 0/0/0/99/0 INPUT 8 1 0 v:124
6/08/2020 12:14:01 AM,252 Event OK
6/08/2020 12:14:02 AM,EVENT 49322 1596671375 0/0/0/99/0 INPUT 7 0 7 v:124
6/08/2020 12:14:02 AM,252 Event OK
6/08/2020 12:14:03 AM,EVENT 49323 1596671384 0/0/0/0/0 SIGNON 2479 03f9f2d4 OK 26 30695 0 v:124
6/08/2020 12:14:03 AM,252 Event OK
6/08/2020 12:14:04 AM,EVENT 49324 1596671391 0/0/0/0/0 INPUT 1 0 35 v:124
6/08/2020 12:14:04 AM,252 Event OK
6/08/2020 12:14:05 AM,EVENT 49325 1596671391 0/0/0/0/0 INPUT 4 1 0 v:124
6/08/2020 12:14:05 AM,252 Event OK
6/08/2020 12:14:05 AM,EVENT 49326 1596671438 0/0/0/0/0 INPUT 4 0 48 v:123
6/08/2020 12:14:05 AM,252 Event OK
6/08/2020 12:14:06 AM,EVENT 49327 1596671438 0/0/0/0/0 INPUT 4 1 0 v:123
6/08/2020 12:14:06 AM,252 Event OK
6/08/2020 12:14:07 AM,EVENT 49328 1596671456 0/0/0/0/5 INPUT 3 1 0 v:123
6/08/2020 12:14:07 AM,252 Event OK
6/08/2020 12:14:08 AM,EVENT 49329 1596671579 0/0/0/0/12 INPUT 3 0 123 v:124
6/08/2020 12:14:08 AM,252 Event OK
6/08/2020 12:14:10 AM,EVENT 49330 1596671595 0/0/0/0/0 INPUT 1 1 0 v:124
6/08/2020 12:14:10 AM,252 Event OK
6/08/2020 12:14:11 AM,EVENT 49331 1596671597 0/0/0/0/0 INPUT 7 1 0 v:124
6/08/2020 12:14:11 AM,252 Event OK
6/08/2020 12:14:12 AM,EVENT 49332 1596671597 0/0/0/0/0 INPUT 8 0 223 v:124
6/08/2020 12:14:12 AM,252 Event OK
6/08/2020 12:14:13 AM,EVENT 49333 1596671598 0/0/0/0/0 OILPRESSURE 49323 2 v:124
6/08/2020 12:14:13 AM,252 Event OK
6/08/2020 12:14:14 AM,EVENT 49334 1596671598 0/0/0/0/0 INPUT 8 1 0 v:124
6/08/2020 12:14:14 AM,252 Event OK
6/08/2020 12:14:15 AM,EVENT 49335 1596671599 0/0/0/0/0 INPUT 7 0 2 v:124
6/08/2020 12:14:15 AM,252 Event OK
6/08/2020 12:14:16 AM,EVENT 49336 1596671599 0/0/0/0/0 INPUT 4 0 161 v:124
6/08/2020 12:14:16 AM,252 Event OK
6/08/2020 12:14:18 AM,EVENT 49337 1596671605 0/0/0/0/0 INPUT 1 0 10 v:124
6/08/2020 12:14:18 AM,252 Event OK
6/08/2020 12:14:19 AM,EVENT 49338 1596671605 0/0/0/0/0 INPUT 4 1 0 v:124
6/08/2020 12:14:19 AM,252 Event OK
6/08/2020 12:14:20 AM,EVENT 49339 1596671614 0/0/0/0/4 INPUT 3 1 0 v:123
6/08/2020 12:14:20 AM,252 Event OK
6/08/2020 12:14:21 AM,EVENT 49340 1596671616 0/0/0/0/9 INPUT 3 0 2 v:124
6/08/2020 12:14:21 AM,252 Event OK
6/08/2020 12:14:22 AM,EVENT 49341 1596671624 0/0/0/0/7 INPUT 3 1 0 v:124
6/08/2020 12:14:22 AM,252 Event OK
6/08/2020 12:14:23 AM,EVENT 49342 1596671929 -310122473/1219227933/1348/0/12 INPUT 3 0 304 v:124
6/08/2020 12:14:23 AM,252 Event OK
6/08/2020 12:14:24 AM,EVENT 49343 1596671935 -310122388/1219228248/1151/0/0 INPUT 7 1 0 v:124
6/08/2020 12:14:24 AM,252 Event OK
6/08/2020 12:14:26 AM,EVENT 49344 1596671935 -310122388/1219228248/1151/0/0 INPUT 8 0 336 v:124
6/08/2020 12:14:26 AM,252 Event OK
6/08/2020 12:14:27 AM,EVENT 49345 1596671935 -310122388/1219228248/1124/0/0 INPUT 1 1 0 v:124
6/08/2020 12:14:27 AM,252 Event OK
6/08/2020 12:14:28 AM,EVENT 49346 1596671936 -310122385/1219228247/1100/0/0 INPUT 4 0 331 v:124
6/08/2020 12:14:28 AM,252 Event OK
6/08/2020 12:14:29 AM,EVENT 49347 1596671937 -310122381/1219228246/1081/0/0 INPUT 4 1 0 v:124
6/08/2020 12:14:29 AM,252 Event OK
6/08/2020 12:14:31 AM,EVENT 49348 1596671939 -310122374/1219228242/1047/0/0 TRIP 49323 429 113 14 7 556 v:123
6/08/2020 12:14:31 AM,252 Event OK
6/08/2020 12:14:32 AM,EVENT 49349 1596671939 -310122374/1219228242/1047/0/0 TRIPSUMMARY 49323 v:123
6/08/2020 12:14:32 AM,252 Event OK
6/08/2020 12:14:33 AM,EVENT 49350 1596671940 -310122375/1219228242/1040/0/0 INPUT 4 0 2 v:124
6/08/2020 12:14:33 AM,252 Event OK
6/08/2020 12:14:35 AM,EVENT 49351 1596671974 -310122270/1219228205/732/2/0 INPUT 8 1 0 v:124
6/08/2020 12:14:35 AM,252 Event OK
6/08/2020 12:14:36 AM,EVENT 49352 1596671974 -310122270/1219228203/731/2/0 INPUT 7 0 40 v:124
6/08/2020 12:14:36 AM,252 Event OK
6/08/2020 12:14:36 AM,EVENT 49353 1596671984 -310122265/1219228164/712/2/0 SIGNON 2479 03f9f2d4 OK 26 30695 0 v:124
6/08/2020 12:14:36 AM,252 Event OK
6/08/2020 12:14:38 AM,EVENT 49354 1596671990 -310122250/1219228147/706/2/0 INPUT 4 1 0 v:124
6/08/2020 12:14:38 AM,252 Event OK
6/08/2020 12:14:39 AM,EVENT 49355 1596671990 -310122250/1219228147/706/2/0 INPUT 1 0 54 v:124
6/08/2020 12:14:39 AM,252 Event OK
6/08/2020 12:14:41 AM,EVENT 49356 1596672014 -310121627/1219228815/715/0/8 INPUT 3 1 0 v:123
6/08/2020 12:14:41 AM,252 Event OK
6/08/2020 12:14:42 AM,EVENT 49357 1596672066 -310128490/1219228845/809/3/11 INPUT 3 0 52 v:124
6/08/2020 12:14:42 AM,252 Event OK
6/08/2020 12:14:43 AM,EVENT 49358 1596672067 -310128333/1219228756/810/1/8 INPUT 4 0 78 v:124
6/08/2020 12:14:43 AM,252 Event OK
6/08/2020 12:14:45 AM,EVENT 49359 1596672067 -310128333/1219228756/810/1/7 INPUT 4 1 0 v:124
6/08/2020 12:14:45 AM,252 Event OK
6/08/2020 12:14:46 AM,EVENT 49360 1596672071 -310128317/1219228738/815/1/0 INPUT 7 1 0 v:123
6/08/2020 12:14:46 AM,252 Event OK
6/08/2020 12:14:47 AM,EVENT 49361 1596672071 -310128317/1219228738/815/1/0 INPUT 8 0 98 v:123
6/08/2020 12:14:47 AM,252 Event OK
6/08/2020 12:14:48 AM,EVENT 49362 1596672072 -310128321/1219228735/814/1/0 INPUT 1 1 0 v:123
6/08/2020 12:14:48 AM,252 Event OK
6/08/2020 12:14:50 AM,EVENT 49363 1596672076 -310128348/1219228729/824/1/0 TRIP 49353 52 35 6 6 93 v:124
6/08/2020 12:14:50 AM,252 Event OK
6/08/2020 12:14:50 AM,EVENT 49364 1596672077 -310128349/1219228728/826/1/0 INPUT 4 0 9 v:124
6/08/2020 12:14:50 AM,252 Event OK
6/08/2020 12:14:51 AM,QUIT
6/08/2020 12:14:51 AM,221 Session ended - goodbye
6/08/2020 12:44:22 AM,UNIT 9279
6/08/2020 12:44:22 AM,333 CHAL 4D20EF9D
6/08/2020 12:44:22 AM,RESP 7BED936D
6/08/2020 12:44:22 AM,230 Auth OK
6/08/2020 12:44:22 AM,TIME
6/08/2020 12:44:22 AM,211 TIME 1596674662
6/08/2020 12:44:23 AM,EVCOUNT 18
6/08/2020 12:44:23 AM,252 Event OK
6/08/2020 12:44:23 AM,TODO
6/08/2020 12:44:23 AM,226 Nothing to do
6/08/2020 12:44:23 AM,EVENT 49365 1596674585 0/0/0/0/0 SWSTART OpusFC 5.0.58.517 R v:123
6/08/2020 12:44:23 AM,252 Event OK
6/08/2020 12:44:24 AM,EVENT 49366 1596672076 0/0/0/0/0 POWERDOWN v:124
6/08/2020 12:44:24 AM,252 Event OK
6/08/2020 12:44:24 AM,EVENT 49367 1596674585 0/0/0/0/0 INPUT 1 1 0 v:123
6/08/2020 12:44:24 AM,252 Event OK
6/08/2020 12:44:25 AM,EVENT 49368 1596674585 0/0/0/0/0 INPUT 2 0 0 v:123
6/08/2020 12:44:25 AM,252 Event OK
6/08/2020 12:44:25 AM,EVENT 49369 1596674585 0/0/0/0/0 INPUT 3 0 0 v:123
6/08/2020 12:44:25 AM,252 Event OK
6/08/2020 12:44:25 AM,EVENT 49370 1596674585 0/0/0/0/0 INPUT 4 0 0 v:123
6/08/2020 12:44:25 AM,252 Event OK
6/08/2020 12:44:25 AM,EVENT 49371 1596674585 0/0/0/0/0 INPUT 7 0 0 v:123
6/08/2020 12:44:25 AM,252 Event OK
6/08/2020 12:44:26 AM,EVENT 49372 1596674585 0/0/0/0/0 INPUT 8 1 0 v:123
6/08/2020 12:44:26 AM,252 Event OK
6/08/2020 12:44:27 AM,EVENT 49373 1596674587 0/0/0/0/0 ZONE_OK 2 100 FW=NO VERSION v:123
6/08/2020 12:44:27 AM,252 Event OK
6/08/2020 12:44:27 AM,EVENT 49374 1596674595 0/0/0/0/0 SIGNON 2479 03f9f2d4 OK 26 30695 0 v:123
6/08/2020 12:44:27 AM,252 Event OK
6/08/2020 12:44:28 AM,EVENT 49375 1596674601 -310128244/1219228608/3161/3/0 INPUT 4 1 0 v:123
6/08/2020 12:44:28 AM,252 Event OK
6/08/2020 12:44:28 AM,EVENT 49376 1596674602 -310128244/1219228610/2813/3/0 INPUT 1 0 16 v:123
6/08/2020 12:44:28 AM,252 Event OK
6/08/2020 12:44:28 AM,EVENT 49377 1596674607 -310128368/1219228639/1978/3/0 INPUT 4 0 6 v:123
6/08/2020 12:44:28 AM,252 Event OK
6/08/2020 12:44:30 AM,EVENT 49378 1596674607 -310128368/1219228639/1978/3/0 INPUT 4 1 0 v:123
6/08/2020 12:44:30 AM,252 Event OK
6/08/2020 12:44:30 AM,EVENT 49379 1596674627 -310128662/1219228939/1064/2/8 INPUT 3 1 0 v:123
6/08/2020 12:44:30 AM,252 Event OK
6/08/2020 12:44:31 AM,EVENT 49380 1596674630 -310128398/1219229495/1010/2/9 INPUT 3 0 2 v:123
6/08/2020 12:44:31 AM,252 Event OK
6/08/2020 12:44:31 AM,EVENT 49381 1596674631 -310128338/1219229603/1004/2/8 INPUT 3 1 0 v:123
6/08/2020 12:44:31 AM,252 Event OK
6/08/2020 12:44:31 AM,EVENT 49382 1596674655 -310122099/1219233519/806/5/11 INPUT 3 0 24 v:123
6/08/2020 12:44:31 AM,252 Event OK
6/08/2020 12:44:31 AM,EVENT 49383 1596674664 -310121763/1219233338/795/8/0 INPUT 7 1 0 v:123
6/08/2020 12:44:31 AM,252 Event OK
6/08/2020 12:44:32 AM,EVENT 49384 1596674664 -310121763/1219233338/795/8/0 INPUT 8 0 78 v:123
6/08/2020 12:44:32 AM,252 Event OK
6/08/2020 12:44:32 AM,EVENT 49385 1596674665 -310121768/1219233337/788/8/0 INPUT 1 1 0 v:123
6/08/2020 12:44:32 AM,252 Event OK
6/08/2020 12:44:32 AM,EVENT 49386 1596674668 -310121784/1219233344/778/8/0 TRIP 49374 26 41 6 6 73 v:123
6/08/2020 12:44:32 AM,252 Event OK
6/08/2020 12:44:32 AM,EVENT 49387 1596674669 -310121789/1219233347/777/8/0 INPUT 4 0 61 v:123
6/08/2020 12:44:32 AM,252 Event OK
6/08/2020 12:44:33 AM,QUIT
6/08/2020 12:44:33 AM,221 Session ended - goodbye
6/08/2020 12:45:14 AM,UNIT 9279
6/08/2020 12:45:14 AM,333 CHAL BC2C09B
6/08/2020 12:45:15 AM,RESP CCE5C796
6/08/2020 12:45:15 AM,230 Auth OK
6/08/2020 12:45:16 AM,TIME
6/08/2020 12:45:16 AM,211 TIME 1596674716
6/08/2020 12:45:16 AM,EVCOUNT 1
6/08/2020 12:45:16 AM,252 Event OK
6/08/2020 12:45:17 AM,TODO
6/08/2020 12:45:17 AM,226 Nothing to do
6/08/2020 12:45:18 AM,EVENT 49388 1596674709 -310121910/1219233374/821/6/0 REPORT * 0 69 v:123
6/08/2020 12:45:18 AM,252 Event OK
6/08/2020 12:45:18 AM,QUIT
6/08/2020 12:45:18 AM,221 Session ended - goodbye
6/08/2020 1:23:58 AM,UNIT 9279
6/08/2020 1:23:58 AM,333 CHAL 410268D8
6/08/2020 1:23:58 AM,RESP 19855F17
6/08/2020 1:23:58 AM,230 Auth OK
6/08/2020 1:23:58 AM,TIME
6/08/2020 1:23:58 AM,211 TIME 1596677038
6/08/2020 1:23:59 AM,EVCOUNT 11
6/08/2020 1:23:59 AM,252 Event OK
6/08/2020 1:23:59 AM,TODO
6/08/2020 1:23:59 AM,226 Nothing to do
6/08/2020 1:23:59 AM,EVENT 49389 1596677010 -310121910/1219233374/821/0/0 SWSTART OpusFC 5.0.58.517 R v:122
6/08/2020 1:23:59 AM,252 Event OK
6/08/2020 1:24:00 AM,EVENT 49390 1596674668 0/0/0/0/0 POWERDOWN v:123
6/08/2020 1:24:00 AM,252 Event OK
6/08/2020 1:24:01 AM,EVENT 49391 1596677010 0/0/0/0/0 INPUT 1 1 0 v:123
6/08/2020 1:24:01 AM,252 Event OK
6/08/2020 1:24:02 AM,EVENT 49392 1596677010 0/0/0/0/0 INPUT 2 0 0 v:123
6/08/2020 1:24:02 AM,252 Event OK
6/08/2020 1:24:02 AM,EVENT 49393 1596677010 0/0/0/0/0 INPUT 3 0 0 v:123
6/08/2020 1:24:02 AM,252 Event OK
6/08/2020 1:24:03 AM,EVENT 49394 1596677010 0/0/0/0/0 INPUT 4 0 0 v:123
6/08/2020 1:24:03 AM,252 Event OK
6/08/2020 1:24:03 AM,EVENT 49395 1596677010 0/0/0/0/0 INPUT 7 0 0 v:123
6/08/2020 1:24:03 AM,252 Event OK
6/08/2020 1:24:03 AM,EVENT 49396 1596677010 0/0/0/0/0 INPUT 8 1 0 v:123
6/08/2020 1:24:03 AM,252 Event OK
6/08/2020 1:24:04 AM,EVENT 49397 1596677012 0/0/0/0/0 ZONE_OK 2 100 FW=NO VERSION v:123
6/08/2020 1:24:04 AM,252 Event OK
6/08/2020 1:24:04 AM,EVENT 49398 1596677017 0/0/0/0/0 SIGNON * 0 NOCARD 26 0 080973 v:123
6/08/2020 1:24:04 AM,252 Event OK
6/08/2020 1:24:04 AM,EVENT 49399 1596677028 -310121750/1219233379/3333/99/6 SIGNON 2494 03edef18 OK 26 90873 0 v:123
6/08/2020 1:24:04 AM,252 Event OK
6/08/2020 1:24:08 AM,EVENT 49400 1596677035 -310121818/1219233310/1729/7/0 INPUT 1 0 25 v:123
6/08/2020 1:24:08 AM,252 Event OK
6/08/2020 1:24:09 AM,EVENT 49401 1596677036 -310121817/1219233309/1695/7/0 INPUT 4 1 0 v:123
6/08/2020 1:24:09 AM,252 Event OK
6/08/2020 1:24:12 AM,QUIT
6/08/2020 1:24:12 AM,221 Session ended - goodbye
6/08/2020 1:24:25 AM,UNIT 9279
6/08/2020 1:24:25 AM,333 CHAL 33858B55
6/08/2020 1:24:26 AM,RESP AB0F8625
6/08/2020 1:24:26 AM,230 Auth OK
6/08/2020 1:24:27 AM,TIME
6/08/2020 1:24:27 AM,211 TIME 1596677067
6/08/2020 1:24:28 AM,EVCOUNT 3
6/08/2020 1:24:28 AM,252 Event OK
6/08/2020 1:24:29 AM,TODO
6/08/2020 1:24:29 AM,125 TODO GETXML 2000 Operators 
225 Work list complete
6/08/2020 1:24:30 AM,GETXML
6/08/2020 1:24:30 AM,Binary data 4241 bytes
6/08/2020 1:27:21 AM,UNIT 9279
6/08/2020 1:27:21 AM,333 CHAL 6136067A
6/08/2020 1:27:21 AM,RESP 7C22D28B
6/08/2020 1:27:21 AM,230 Auth OK
6/08/2020 1:27:22 AM,TIME
6/08/2020 1:27:22 AM,211 TIME 1596677242
6/08/2020 1:27:23 AM,EVCOUNT 20
6/08/2020 1:27:23 AM,252 Event OK
6/08/2020 1:27:23 AM,TODO
6/08/2020 1:27:23 AM,226 Nothing to do
6/08/2020 1:27:24 AM,EVENT 49402 1596677058 -310121828/1219233610/1046/7/0 INPUT 4 0 23 v:123
6/08/2020 1:27:24 AM,252 Event OK
6/08/2020 1:27:25 AM,EVENT 49403 1596677059 -310121835/1219233617/1041/7/0 INPUT 4 1 0 v:123
6/08/2020 1:27:25 AM,252 Event OK
6/08/2020 1:27:26 AM,EVENT 49404 1596677063 -310121904/1219233629/995/7/0 INPUT 4 0 5 v:123
6/08/2020 1:27:26 AM,252 Event OK
6/08/2020 1:27:27 AM,EVENT 49405 1596677064 -310121904/1219233629/995/7/0 INPUT 4 1 0 v:123
6/08/2020 1:27:27 AM,252 Event OK
6/08/2020 1:27:28 AM,EVENT 49406 1596677068 -310122145/1219233748/949/7/0 INPUT 4 0 5 v:123
6/08/2020 1:27:28 AM,252 Event OK
6/08/2020 1:27:28 AM,EVENT 49407 1596677068 -310122145/1219233748/949/7/0 INPUT 4 1 0 v:123
6/08/2020 1:27:28 AM,252 Event OK
6/08/2020 1:27:29 AM,EVENT 49408 1596677077 -310122615/1219234018/861/7/0 INPUT 4 0 9 v:123
6/08/2020 1:27:29 AM,252 Event OK
6/08/2020 1:27:30 AM,EVENT 49409 1596677078 -310122629/1219234039/858/7/0 INPUT 4 1 0 v:123
6/08/2020 1:27:30 AM,252 Event OK
6/08/2020 1:27:31 AM,EVENT 49410 1596677087 -310122468/1219233727/782/7/5 INPUT 3 1 0 v:123
6/08/2020 1:27:31 AM,252 Event OK
6/08/2020 1:27:32 AM,EVENT 49411 1596677114 -310128470/1219230382/891/7/9 INPUT 3 0 27 v:123
6/08/2020 1:27:32 AM,252 Event OK
6/08/2020 1:27:33 AM,EVENT 49412 1596677117 -310128451/1219229890/869/7/5 INPUT 4 0 40 v:123
6/08/2020 1:27:33 AM,252 Event OK
6/08/2020 1:27:34 AM,EVENT 49413 1596677117 -310128451/1219229890/869/7/4 INPUT 4 1 0 v:123
6/08/2020 1:27:34 AM,252 Event OK
6/08/2020 1:27:34 AM,EVENT 49414 1596677147 -310128437/1219229898/896/0/0 INPUT 4 0 30 v:123
6/08/2020 1:27:34 AM,252 Event OK
6/08/2020 1:27:35 AM,EVENT 49415 1596677147 -310128437/1219229898/896/0/0 INPUT 4 1 0 v:123
6/08/2020 1:27:35 AM,252 Event OK
6/08/2020 1:27:37 AM,EVENT 49416 1596677159 -310128084/1219229723/925/3/0 INPUT 7 1 0 v:123
6/08/2020 1:27:37 AM,252 Event OK
6/08/2020 1:27:38 AM,EVENT 49417 1596677159 -310128084/1219229723/925/3/0 INPUT 8 0 149 v:123
6/08/2020 1:27:38 AM,252 Event OK
6/08/2020 1:27:39 AM,EVENT 49418 1596677160 -310128084/1219229722/928/3/0 INPUT 4 0 13 v:123
6/08/2020 1:27:39 AM,252 Event OK
6/08/2020 1:27:40 AM,EVENT 49419 1596677160 -310128084/1219229722/928/3/0 INPUT 1 1 0 v:123
6/08/2020 1:27:40 AM,252 Event OK
6/08/2020 1:27:41 AM,EVENT 49420 1596677164 -310128089/1219229720/941/3/0 TRIP 49399 27 98 12 8 137 v:124
6/08/2020 1:27:41 AM,252 Event OK
6/08/2020 1:27:42 AM,EVENT 49421 1596677195 -310128107/1219229671/1001/3/0 REPORT * 0 91 v:124
6/08/2020 1:27:42 AM,252 Event OK
6/08/2020 1:27:43 AM,QUIT
6/08/2020 1:27:43 AM,221 Session ended - goodbye
6/08/2020 1:35:31 AM,UNIT 9279
6/08/2020 1:35:31 AM,333 CHAL 6939F522
6/08/2020 1:35:32 AM,RESP 0522F9E2
6/08/2020 1:35:32 AM,230 Auth OK
6/08/2020 1:35:32 AM,TIME
6/08/2020 1:35:32 AM,211 TIME 1596677732
6/08/2020 1:35:33 AM,EVCOUNT 2
6/08/2020 1:35:33 AM,252 Event OK
6/08/2020 1:35:34 AM,TODO
6/08/2020 1:35:34 AM,226 Nothing to do
6/08/2020 1:35:34 AM,EVENT 49422 1596677725 -310128001/1219229496/962/3/0 INPUT 8 1 0 v:124
6/08/2020 1:35:34 AM,252 Event OK
6/08/2020 1:35:35 AM,EVENT 49423 1596677725 -310128001/1219229496/962/3/0 INPUT 7 0 565 v:124
6/08/2020 1:35:35 AM,252 Event OK
6/08/2020 1:35:36 AM,QUIT
6/08/2020 1:35:36 AM,221 Session ended - goodbye
6/08/2020 1:35:47 AM,UNIT 9279
6/08/2020 1:35:47 AM,333 CHAL 593216D7
6/08/2020 1:35:47 AM,RESP C4CC9FBF
6/08/2020 1:35:47 AM,230 Auth OK
6/08/2020 1:35:48 AM,TIME
6/08/2020 1:35:48 AM,211 TIME 1596677748
6/08/2020 1:35:49 AM,EVCOUNT 1
6/08/2020 1:35:49 AM,252 Event OK
6/08/2020 1:35:49 AM,TODO
6/08/2020 1:35:49 AM,226 Nothing to do
6/08/2020 1:35:50 AM,EVENT 49424 1596677737 -310128028/1219229551/947/3/0 SIGNON 2494 03edef18 OK 26 90873 0 v:124
6/08/2020 1:35:50 AM,252 Event OK
6/08/2020 1:35:51 AM,QUIT
6/08/2020 1:35:51 AM,221 Session ended - goodbye
6/08/2020 1:36:01 AM,UNIT 9279
6/08/2020 1:36:01 AM,333 CHAL 357D4EF8
6/08/2020 1:36:02 AM,RESP B626FF91
6/08/2020 1:36:02 AM,230 Auth OK
6/08/2020 1:36:02 AM,TIME
6/08/2020 1:36:02 AM,211 TIME 1596677762
6/08/2020 1:36:03 AM,EVCOUNT 6
6/08/2020 1:36:03 AM,252 Event OK
6/08/2020 1:36:03 AM,TODO
6/08/2020 1:36:03 AM,226 Nothing to do
6/08/2020 1:36:04 AM,EVENT 49425 1596677748 -310128065/1219229583/941/3/0 INPUT 1 0 587 v:124
6/08/2020 1:36:04 AM,252 Event OK
6/08/2020 1:36:05 AM,EVENT 49426 1596677748 -310128068/1219229583/941/3/0 INPUT 4 1 0 v:124
6/08/2020 1:36:05 AM,252 Event OK
6/08/2020 1:36:06 AM,EVENT 49427 1596677749 -310128071/1219229584/942/3/0 INPUT 4 0 2 v:123
6/08/2020 1:36:06 AM,252 Event OK
6/08/2020 1:36:07 AM,EVENT 49428 1596677749 -310128071/1219229584/942/3/0 INPUT 4 1 0 v:123
6/08/2020 1:36:07 AM,252 Event OK
6/08/2020 1:36:07 AM,EVENT 49429 1596677758 -310128105/1219229614/948/2/0 INPUT 4 0 9 v:123
6/08/2020 1:36:07 AM,252 Event OK
6/08/2020 1:36:08 AM,EVENT 49430 1596677758 -310128105/1219229614/948/2/0 INPUT 4 1 0 v:123
6/08/2020 1:36:08 AM,252 Event OK
6/08/2020 1:36:09 AM,QUIT
6/08/2020 1:36:09 AM,221 Session ended - goodbye
6/08/2020 1:37:34 AM,UNIT 9279
6/08/2020 1:37:34 AM,333 CHAL 15D5FD14
6/08/2020 1:37:34 AM,RESP 036DB5AE
6/08/2020 1:37:34 AM,230 Auth OK
6/08/2020 1:37:35 AM,TIME
6/08/2020 1:37:35 AM,211 TIME 1596677855
6/08/2020 1:37:35 AM,EVCOUNT 5
6/08/2020 1:37:35 AM,252 Event OK
6/08/2020 1:37:36 AM,TODO
6/08/2020 1:37:36 AM,226 Nothing to do
6/08/2020 1:37:37 AM,EVENT 49431 1596677785 -310128223/1219229743/926/2/0 INPUT 4 0 27 v:123
6/08/2020 1:37:37 AM,252 Event OK
6/08/2020 1:37:37 AM,EVENT 49432 1596677786 -310128247/1219229752/926/2/0 INPUT 4 1 0 v:123
6/08/2020 1:37:37 AM,252 Event OK
6/08/2020 1:37:38 AM,EVENT 49433 1596677790 -310128481/1219229878/934/2/2 INPUT 4 0 5 v:123
6/08/2020 1:37:38 AM,252 Event OK
6/08/2020 1:37:39 AM,EVENT 49434 1596677791 -310128504/1219229899/934/2/2 INPUT 4 1 0 v:123
6/08/2020 1:37:39 AM,252 Event OK
6/08/2020 1:37:39 AM,EVENT 49435 1596677803 -310128545/1219229400/921/2/7 INPUT 3 1 0 v:123
6/08/2020 1:37:39 AM,252 Event OK
6/08/2020 1:37:40 AM,QUIT
6/08/2020 1:37:40 AM,221 Session ended - goodbye
6/08/2020 1:39:31 AM,UNIT 9279
6/08/2020 1:39:31 AM,333 CHAL 3DD44838
6/08/2020 1:39:32 AM,RESP 2FF111F2
6/08/2020 1:39:32 AM,230 Auth OK
6/08/2020 1:39:32 AM,TIME
6/08/2020 1:39:32 AM,211 TIME 1596677972
6/08/2020 1:39:33 AM,EVCOUNT 1
6/08/2020 1:39:33 AM,252 Event OK
6/08/2020 1:39:35 AM,TODO
6/08/2020 1:39:35 AM,226 Nothing to do
6/08/2020 1:39:35 AM,EVENT 49436 1596677965 -310122218/1219233780/910/7/11 INPUT 3 0 161 v:124
6/08/2020 1:39:35 AM,252 Event OK
6/08/2020 1:39:36 AM,QUIT
6/08/2020 1:39:36 AM,221 Session ended - goodbye
6/08/2020 1:39:46 AM,UNIT 9279
6/08/2020 1:39:46 AM,333 CHAL A134253
6/08/2020 1:39:47 AM,RESP FCC30E55
6/08/2020 1:39:47 AM,230 Auth OK
6/08/2020 1:39:48 AM,TIME
6/08/2020 1:39:48 AM,211 TIME 1596677988
6/08/2020 1:39:48 AM,EVCOUNT 2
6/08/2020 1:39:48 AM,252 Event OK
6/08/2020 1:39:49 AM,TODO
6/08/2020 1:39:49 AM,226 Nothing to do
6/08/2020 1:39:50 AM,EVENT 49437 1596677974 -310121471/1219233183/1053/6/0 INPUT 4 0 184 v:123
6/08/2020 1:39:50 AM,252 Event OK
6/08/2020 1:39:50 AM,EVENT 49438 1596677974 -310121471/1219233183/1053/6/0 INPUT 4 1 0 v:123
6/08/2020 1:39:50 AM,252 Event OK
6/08/2020 1:39:51 AM,QUIT
6/08/2020 1:39:51 AM,221 Session ended - goodbye
6/08/2020 1:40:16 AM,UNIT 9279
6/08/2020 1:40:16 AM,333 CHAL 4B9944D3
6/08/2020 1:40:17 AM,RESP 1378EF7E
6/08/2020 1:40:17 AM,230 Auth OK
6/08/2020 1:40:17 AM,TIME
6/08/2020 1:40:17 AM,211 TIME 1596678017
6/08/2020 1:40:18 AM,EVCOUNT 5
6/08/2020 1:40:18 AM,252 Event OK
6/08/2020 1:40:19 AM,TODO
6/08/2020 1:40:19 AM,226 Nothing to do
6/08/2020 1:40:20 AM,EVENT 49439 1596678010 -310121705/1219233387/1305/5/0 INPUT 7 1 0 v:124
6/08/2020 1:40:20 AM,252 Event OK
6/08/2020 1:40:20 AM,EVENT 49440 1596678010 -310121705/1219233387/1305/5/0 INPUT 8 0 285 v:124
6/08/2020 1:40:20 AM,252 Event OK
6/08/2020 1:40:21 AM,EVENT 49441 1596678010 -310121699/1219233391/1306/5/0 INPUT 4 0 36 v:124
6/08/2020 1:40:21 AM,252 Event OK
6/08/2020 1:40:22 AM,EVENT 49442 1596678010 -310121699/1219233391/1306/5/0 INPUT 4 1 0 v:124
6/08/2020 1:40:22 AM,252 Event OK
6/08/2020 1:40:23 AM,EVENT 49443 1596678011 -310121694/1219233395/1306/5/0 INPUT 1 1 0 v:124
6/08/2020 1:40:23 AM,252 Event OK
6/08/2020 1:40:24 AM,EVENT 49444 1596678014 -310121668/1219233421/1305/5/0 TRIP 49424 161 106 10 10 277 v:123
6/08/2020 1:40:24 AM,252 Event OK
6/08/2020 1:40:25 AM,EVENT 49445 1596678015 -310121667/1219233425/1305/5/0 INPUT 4 0 4 v:124
6/08/2020 1:40:25 AM,252 Event OK
6/08/2020 1:40:26 AM,QUIT
6/08/2020 1:40:26 AM,221 Session ended - goodbye
6/08/2020 1:43:27 AM,UNIT 9279
6/08/2020 1:43:27 AM,333 CHAL 6DB86274
6/08/2020 1:43:28 AM,RESP F9EDAF80
6/08/2020 1:43:28 AM,230 Auth OK
6/08/2020 1:43:29 AM,TIME
6/08/2020 1:43:29 AM,211 TIME 1596678209
6/08/2020 1:43:29 AM,EVCOUNT 2
6/08/2020 1:43:29 AM,252 Event OK
6/08/2020 1:43:30 AM,TODO
6/08/2020 1:43:30 AM,226 Nothing to do
6/08/2020 1:43:31 AM,EVENT 49446 1596678200 -310121815/1219233932/1612/5/0 INPUT 8 1 0 v:124
6/08/2020 1:43:31 AM,252 Event OK
6/08/2020 1:43:33 AM,EVENT 49447 1596678201 -310121821/1219233934/1607/5/0 INPUT 7 0 191 v:124
6/08/2020 1:43:33 AM,252 Event OK
6/08/2020 1:43:34 AM,QUIT
6/08/2020 1:43:34 AM,221 Session ended - goodbye
6/08/2020 1:43:45 AM,UNIT 9279
6/08/2020 1:43:45 AM,333 CHAL 54C6134C
6/08/2020 1:43:45 AM,RESP E1772E08
6/08/2020 1:43:45 AM,230 Auth OK
6/08/2020 1:43:46 AM,TIME
6/08/2020 1:43:46 AM,211 TIME 1596678226
6/08/2020 1:43:46 AM,EVCOUNT 3
6/08/2020 1:43:46 AM,252 Event OK
6/08/2020 1:43:47 AM,TODO
6/08/2020 1:43:47 AM,226 Nothing to do
6/08/2020 1:43:48 AM,EVENT 49448 1596678214 -310122013/1219233893/1486/5/0 SIGNON 2494 03edef18 OK 26 90873 0 v:124
6/08/2020 1:43:48 AM,252 Event OK
6/08/2020 1:43:49 AM,EVENT 49449 1596678220 -310122058/1219233848/1499/5/0 INPUT 1 0 209 v:124
6/08/2020 1:43:49 AM,252 Event OK
6/08/2020 1:43:50 AM,EVENT 49450 1596678220 -310122058/1219233848/1499/5/0 INPUT 4 1 0 v:124
6/08/2020 1:43:50 AM,252 Event OK
6/08/2020 1:43:51 AM,QUIT
6/08/2020 1:43:51 AM,221 Session ended - goodbye
6/08/2020 1:44:17 AM,UNIT 9279
6/08/2020 1:44:17 AM,333 CHAL 55402719
6/08/2020 1:44:17 AM,RESP 15ABFF28
6/08/2020 1:44:17 AM,230 Auth OK
6/08/2020 1:44:18 AM,TIME
6/08/2020 1:44:18 AM,211 TIME 1596678258
6/08/2020 1:44:18 AM,EVCOUNT 2
6/08/2020 1:44:18 AM,252 Event OK
6/08/2020 1:44:19 AM,TODO
6/08/2020 1:44:19 AM,226 Nothing to do
6/08/2020 1:44:20 AM,EVENT 49451 1596678249 -310122494/1219233796/1154/5/0 INPUT 4 0 30 v:124
6/08/2020 1:44:20 AM,252 Event OK
6/08/2020 1:44:20 AM,EVENT 49452 1596678249 -310122494/1219233796/1154/5/0 INPUT 4 1 0 v:124
6/08/2020 1:44:20 AM,252 Event OK
6/08/2020 1:44:21 AM,QUIT
6/08/2020 1:44:21 AM,221 Session ended - goodbye
6/08/2020 1:44:32 AM,UNIT 9279
6/08/2020 1:44:32 AM,333 CHAL 1340A844
6/08/2020 1:44:32 AM,RESP 33788CDD
6/08/2020 1:44:32 AM,230 Auth OK
6/08/2020 1:44:33 AM,TIME
6/08/2020 1:44:33 AM,211 TIME 1596678273
6/08/2020 1:44:33 AM,EVCOUNT 2
6/08/2020 1:44:33 AM,252 Event OK
6/08/2020 1:44:34 AM,TODO
6/08/2020 1:44:34 AM,226 Nothing to do
6/08/2020 1:44:35 AM,EVENT 49453 1596678261 -310122841/1219233807/999/5/0 INPUT 4 0 12 v:124
6/08/2020 1:44:35 AM,252 Event OK
6/08/2020 1:44:36 AM,EVENT 49454 1596678261 -310122841/1219233807/999/5/0 INPUT 4 1 0 v:124
6/08/2020 1:44:36 AM,252 Event OK
6/08/2020 1:44:37 AM,QUIT
6/08/2020 1:44:37 AM,221 Session ended - goodbye
6/08/2020 1:44:49 AM,UNIT 9279
6/08/2020 1:44:49 AM,333 CHAL 32F90329
6/08/2020 1:44:50 AM,RESP EE31F189
6/08/2020 1:44:50 AM,230 Auth OK
6/08/2020 1:44:50 AM,TIME
6/08/2020 1:44:50 AM,211 TIME 1596678290
6/08/2020 1:44:51 AM,EVCOUNT 2
6/08/2020 1:44:51 AM,252 Event OK
6/08/2020 1:44:51 AM,TODO
6/08/2020 1:44:51 AM,226 Nothing to do
6/08/2020 1:44:53 AM,EVENT 49455 1596678274 -310121828/1219232819/1321/5/1 INPUT 4 0 13 v:124
6/08/2020 1:44:53 AM,252 Event OK
6/08/2020 1:44:54 AM,EVENT 49456 1596678274 -310121828/1219232819/1321/5/1 INPUT 4 1 0 v:124
6/08/2020 1:44:54 AM,252 Event OK
6/08/2020 1:44:54 AM,QUIT
6/08/2020 1:44:54 AM,221 Session ended - goodbye
6/08/2020 1:45:05 AM,UNIT 9279
6/08/2020 1:45:05 AM,333 CHAL 17C79A94
6/08/2020 1:45:05 AM,RESP E84DC23A
6/08/2020 1:45:05 AM,230 Auth OK
6/08/2020 1:45:06 AM,TIME
6/08/2020 1:45:06 AM,211 TIME 1596678306
6/08/2020 1:45:06 AM,EVCOUNT 2
6/08/2020 1:45:06 AM,252 Event OK
6/08/2020 1:45:07 AM,TODO
6/08/2020 1:45:07 AM,226 Nothing to do
6/08/2020 1:45:08 AM,EVENT 49457 1596678295 -310121825/1219232687/2551/7/0 INPUT 4 0 21 v:124
6/08/2020 1:45:08 AM,252 Event OK
6/08/2020 1:45:09 AM,EVENT 49458 1596678295 -310121825/1219232687/2551/7/0 INPUT 4 1 0 v:124
6/08/2020 1:45:09 AM,252 Event OK
6/08/2020 1:45:09 AM,QUIT
6/08/2020 1:45:09 AM,221 Session ended - goodbye
6/08/2020 1:45:20 AM,UNIT 9279
6/08/2020 1:45:20 AM,333 CHAL CA27005
6/08/2020 1:45:20 AM,RESP B5D14E94
6/08/2020 1:45:20 AM,230 Auth OK
6/08/2020 1:45:21 AM,TIME
6/08/2020 1:45:21 AM,211 TIME 1596678321
6/08/2020 1:45:21 AM,EVCOUNT 5
6/08/2020 1:45:21 AM,252 Event OK
6/08/2020 1:45:22 AM,TODO
6/08/2020 1:45:22 AM,226 Nothing to do
6/08/2020 1:45:23 AM,EVENT 49459 1596678307 -310121695/1219232644/3250/7/0 INPUT 7 1 0 v:124
6/08/2020 1:45:23 AM,252 Event OK
6/08/2020 1:45:24 AM,EVENT 49460 1596678307 -310121695/1219232644/3250/7/0 INPUT 8 0 106 v:124
6/08/2020 1:45:24 AM,252 Event OK
6/08/2020 1:45:25 AM,EVENT 49461 1596678308 -310121769/1219232600/3287/7/0 INPUT 1 1 0 v:124
6/08/2020 1:45:25 AM,252 Event OK
6/08/2020 1:45:26 AM,EVENT 49462 1596678309 -310121832/1219232601/3331/4/0 INPUT 4 0 14 v:123
6/08/2020 1:45:26 AM,252 Event OK
6/08/2020 1:45:26 AM,EVENT 49463 1596678311 -310121941/1219232656/3427/4/0 TRIP 49448 0 90 8 6 98 v:124
6/08/2020 1:45:26 AM,252 Event OK
6/08/2020 1:45:27 AM,QUIT
6/08/2020 1:45:27 AM,221 Session ended - goodbye
6/08/2020 6:36:40 AM,UNIT 9279
6/08/2020 6:36:40 AM,333 CHAL 152F044E
6/08/2020 6:36:42 AM,RESP 724C017C
6/08/2020 6:36:42 AM,230 Auth OK
6/08/2020 6:36:49 AM,TIME
6/08/2020 6:36:49 AM,211 TIME 1596695809
6/08/2020 6:36:49 AM,EVCOUNT 23
6/08/2020 6:36:49 AM,252 Event OK
6/08/2020 6:36:49 AM,TODO
6/08/2020 6:36:49 AM,125 TODO GET 1364652 user.tar.gz_5.0.58.518 
225 Work list complete
6/08/2020 6:36:50 AM,GET
6/08/2020 6:36:50 AM,Binary data 1364716 bytes
6/08/2020 6:38:55 AM,GOT user.tar.gz_5.0.58.518 0 0
6/08/2020 6:38:55 AM,552 File data incorrect
6/08/2020 6:38:57 AM,EVENT 49464 1596695713 -310121941/1219232656/3427/0/0 SWSTART OpusFC 5.0.58.517 R v:124
6/08/2020 6:38:57 AM,252 Event OK
6/08/2020 6:39:09 AM,UNIT 9279
6/08/2020 6:39:09 AM,333 CHAL 36F459BC
6/08/2020 6:39:09 AM,RESP 550692F3
6/08/2020 6:39:09 AM,230 Auth OK
6/08/2020 6:39:16 AM,TIME
6/08/2020 6:39:16 AM,211 TIME 1596695956
6/08/2020 6:39:16 AM,EVCOUNT 26
6/08/2020 6:39:16 AM,252 Event OK
6/08/2020 6:39:16 AM,TODO
6/08/2020 6:39:16 AM,226 Nothing to do
6/08/2020 6:39:17 AM,EVENT 49464 1596695713 -310121941/1219232656/3427/0/0 SWSTART OpusFC 5.0.58.517 R v:124
6/08/2020 6:39:17 AM,252 Event OK
6/08/2020 6:39:17 AM,EVENT 49465 1596678311 0/0/0/0/0 POWERDOWN v:124
6/08/2020 6:39:17 AM,252 Event OK
6/08/2020 6:39:17 AM,EVENT 49466 1596695713 0/0/0/0/0 INPUT 1 1 0 v:123
6/08/2020 6:39:17 AM,252 Event OK
6/08/2020 6:39:18 AM,EVENT 49467 1596695713 0/0/0/0/0 INPUT 2 0 0 v:123
6/08/2020 6:39:18 AM,252 Event OK
6/08/2020 6:39:18 AM,EVENT 49468 1596695713 0/0/0/0/0 INPUT 3 0 0 v:123
6/08/2020 6:39:18 AM,252 Event OK
6/08/2020 6:39:18 AM,EVENT 49469 1596695713 0/0/0/0/0 INPUT 4 0 0 v:123
6/08/2020 6:39:18 AM,252 Event OK
6/08/2020 6:39:19 AM,EVENT 49470 1596695713 0/0/0/0/0 INPUT 7 0 0 v:123
6/08/2020 6:39:19 AM,252 Event OK
6/08/2020 6:39:19 AM,EVENT 49471 1596695713 0/0/0/0/0 INPUT 8 1 0 v:123
6/08/2020 6:39:19 AM,252 Event OK
6/08/2020 6:39:20 AM,EVENT 49472 1596695715 0/0/0/0/0 ZONE_OK 2 100 FW=NO VERSION v:123
6/08/2020 6:39:20 AM,252 Event OK
6/08/2020 6:39:20 AM,EVENT 49473 1596695723 0/0/0/0/0 SIGNON 2494 03edef18 OK 26 90873 0 v:123
6/08/2020 6:39:20 AM,252 Event OK
6/08/2020 6:39:24 AM,EVENT 49474 1596695729 0/0/0/4/0 INPUT 4 1 0 v:123
6/08/2020 6:39:24 AM,252 Event OK
6/08/2020 6:39:30 AM,EVENT 49475 1596695730 0/0/0/4/0 INPUT 1 0 16 v:123
6/08/2020 6:39:30 AM,252 Event OK
6/08/2020 6:39:31 AM,EVENT 49476 1596695747 0/0/0/2/0 INPUT 4 0 18 v:123
6/08/2020 6:39:31 AM,252 Event OK
6/08/2020 6:39:31 AM,EVENT 49477 1596695747 0/0/0/2/0 INPUT 4 1 0 v:123
6/08/2020 6:39:31 AM,252 Event OK
6/08/2020 6:39:31 AM,EVENT 49478 1596695753 0/0/0/2/0 INPUT 4 0 6 v:123
6/08/2020 6:39:31 AM,252 Event OK
6/08/2020 6:39:32 AM,EVENT 49479 1596695753 0/0/0/2/0 INPUT 4 1 0 v:123
6/08/2020 6:39:32 AM,252 Event OK
6/08/2020 6:39:32 AM,EVENT 49480 1596695761 0/0/0/2/0 INPUT 4 0 8 v:123
6/08/2020 6:39:32 AM,252 Event OK
6/08/2020 6:39:32 AM,EVENT 49481 1596695761 0/0/0/2/0 INPUT 4 1 0 v:123
6/08/2020 6:39:32 AM,252 Event OK
6/08/2020 6:39:32 AM,EVENT 49482 1596695771 -310131671/1219249363/36715/6/0 INPUT 4 0 10 v:123
6/08/2020 6:39:32 AM,252 Event OK
6/08/2020 6:39:32 AM,EVENT 49483 1596695772 -310131671/1219249363/36715/6/0 INPUT 4 1 0 v:123
6/08/2020 6:39:32 AM,252 Event OK
6/08/2020 6:39:33 AM,EVENT 49484 1596695801 -310121632/1219232312/2660/7/0 INPUT 7 1 0 v:123
6/08/2020 6:39:33 AM,252 Event OK
6/08/2020 6:39:33 AM,EVENT 49485 1596695801 -310121632/1219232312/2660/7/0 INPUT 8 0 87 v:123
6/08/2020 6:39:33 AM,252 Event OK
6/08/2020 6:39:35 AM,EVENT 49486 1596695802 -310121631/1219232344/2599/7/0 INPUT 1 1 0 v:123
6/08/2020 6:39:35 AM,252 Event OK
6/08/2020 6:39:36 AM,EVENT 49487 1596695805 -310121638/1219232445/2449/7/0 TRIP 49473 0 76 6 6 82 v:123
6/08/2020 6:39:36 AM,252 Event OK
6/08/2020 6:39:36 AM,EVENT 49488 1596695806 -310121650/1219232459/2420/7/0 INPUT 4 0 34 v:123
6/08/2020 6:39:36 AM,252 Event OK
6/08/2020 6:39:36 AM,EVENT 49489 1596695837 -310121822/1219233153/2084/7/0 REPORT * 0 75 v:123
6/08/2020 6:39:36 AM,252 Event OK
6/08/2020 6:39:36 AM,QUIT
6/08/2020 6:39:36 AM,221 Session ended - goodbye
6/08/2020 7:52:48 AM,UNIT 9279
6/08/2020 7:52:48 AM,333 CHAL 36881197
6/08/2020 7:52:48 AM,RESP C4C5DB5C
6/08/2020 7:52:48 AM,230 Auth OK
6/08/2020 7:52:49 AM,TIME
6/08/2020 7:52:49 AM,211 TIME 1596700369
6/08/2020 7:52:49 AM,EVCOUNT 14
6/08/2020 7:52:49 AM,252 Event OK
6/08/2020 7:52:49 AM,TODO
6/08/2020 7:52:49 AM,226 Nothing to do
6/08/2020 7:52:49 AM,EVENT 49490 1596700340 -310121822/1219233153/2084/0/0 SWSTART OpusFC 5.0.58.517 R v:124
6/08/2020 7:52:49 AM,252 Event OK
6/08/2020 7:52:50 AM,EVENT 49491 1596695805 0/0/0/0/0 POWERDOWN v:123
6/08/2020 7:52:50 AM,252 Event OK
6/08/2020 7:52:51 AM,EVENT 49492 1596700340 0/0/0/0/0 INPUT 1 1 0 v:123
6/08/2020 7:52:51 AM,252 Event OK
6/08/2020 7:52:52 AM,EVENT 49493 1596700340 0/0/0/0/0 INPUT 2 0 0 v:123
6/08/2020 7:52:52 AM,252 Event OK
6/08/2020 7:52:52 AM,EVENT 49494 1596700340 0/0/0/0/0 INPUT 3 0 0 v:123
6/08/2020 7:52:52 AM,252 Event OK
6/08/2020 7:52:52 AM,EVENT 49495 1596700340 0/0/0/0/0 INPUT 4 0 0 v:123
6/08/2020 7:52:52 AM,252 Event OK
6/08/2020 7:52:53 AM,EVENT 49496 1596700340 0/0/0/0/0 INPUT 7 0 0 v:123
6/08/2020 7:52:53 AM,252 Event OK
6/08/2020 7:52:53 AM,EVENT 49497 1596700340 0/0/0/0/0 INPUT 8 1 0 v:123
6/08/2020 7:52:53 AM,252 Event OK
6/08/2020 7:52:53 AM,EVENT 49498 1596700342 0/0/0/0/0 ZONE_OK 2 100 FW=NO VERSION v:123
6/08/2020 7:52:53 AM,252 Event OK
6/08/2020 7:52:57 AM,EVENT 49499 1596700350 0/0/0/0/0 SIGNON 2494 03edef18 OK 26 90873 0 v:123
6/08/2020 7:52:57 AM,252 Event OK
6/08/2020 7:52:58 AM,EVENT 49500 1596700360 -310122099/1219232197/69368/99/0 INPUT 7 1 0 v:123
6/08/2020 7:52:58 AM,252 Event OK
6/08/2020 7:52:58 AM,EVENT 49501 1596700360 -310122099/1219232197/69368/99/0 INPUT 7 0 0 v:123
6/08/2020 7:52:58 AM,252 Event OK
6/08/2020 7:52:58 AM,EVENT 49502 1596700361 -310122908/1219234487/26383/99/0 INPUT 4 1 0 v:123
6/08/2020 7:52:58 AM,252 Event OK
6/08/2020 7:52:58 AM,EVENT 49503 1596700361 -310122908/1219234487/26383/99/0 INPUT 1 0 21 v:123
6/08/2020 7:52:58 AM,252 Event OK
6/08/2020 7:52:59 AM,QUIT
6/08/2020 7:52:59 AM,221 Session ended - goodbye
6/08/2020 7:53:25 AM,UNIT 9279
6/08/2020 7:53:25 AM,333 CHAL 39635975
6/08/2020 7:53:26 AM,RESP 35F1CCAF
6/08/2020 7:53:26 AM,230 Auth OK
6/08/2020 7:53:27 AM,TIME
6/08/2020 7:53:27 AM,211 TIME 1596700407
6/08/2020 7:53:27 AM,EVCOUNT 2
6/08/2020 7:53:27 AM,252 Event OK
6/08/2020 7:53:28 AM,TODO
6/08/2020 7:53:28 AM,226 Nothing to do
6/08/2020 7:53:29 AM,EVENT 49504 1596700398 -310122889/1219236225/2475/7/0 INPUT 4 0 38 v:124
6/08/2020 7:53:29 AM,252 Event OK
6/08/2020 7:53:30 AM,EVENT 49505 1596700399 -310122896/1219236130/2621/7/0 INPUT 4 1 0 v:124
6/08/2020 7:53:30 AM,252 Event OK
6/08/2020 7:53:30 AM,QUIT
6/08/2020 7:53:30 AM,221 Session ended - goodbye
6/08/2020 7:53:40 AM,UNIT 9279
6/08/2020 7:53:40 AM,333 CHAL 62DE8B21
6/08/2020 7:53:41 AM,RESP E274B39A
6/08/2020 7:53:41 AM,230 Auth OK
6/08/2020 7:53:42 AM,TIME
6/08/2020 7:53:42 AM,211 TIME 1596700422
6/08/2020 7:53:42 AM,EVCOUNT 3
6/08/2020 7:53:42 AM,252 Event OK
6/08/2020 7:53:43 AM,TODO
6/08/2020 7:53:43 AM,226 Nothing to do
6/08/2020 7:53:44 AM,EVENT 49506 1596700413 -310122285/1219234579/1317/7/0 INPUT 4 0 15 v:123
6/08/2020 7:53:44 AM,252 Event OK
6/08/2020 7:53:44 AM,EVENT 49507 1596700413 -310122285/1219234579/1317/7/0 INPUT 4 1 0 v:123
6/08/2020 7:53:44 AM,252 Event OK
6/08/2020 7:53:45 AM,EVENT 49508 1596700418 -310122438/1219233448/1081/7/7 INPUT 3 1 0 v:123
6/08/2020 7:53:45 AM,252 Event OK
6/08/2020 7:53:46 AM,QUIT
6/08/2020 7:53:46 AM,221 Session ended - goodbye
6/08/2020 7:55:36 AM,UNIT 9279
6/08/2020 7:55:36 AM,333 CHAL 399FFE37
6/08/2020 7:55:37 AM,RESP 7D397F93
6/08/2020 7:55:37 AM,230 Auth OK
6/08/2020 7:55:41 AM,TIME
6/08/2020 7:55:41 AM,211 TIME 1596700541
6/08/2020 7:55:55 AM,EVCOUNT 4
6/08/2020 7:55:55 AM,252 Event OK
6/08/2020 7:55:55 AM,TODO
6/08/2020 7:55:55 AM,226 Nothing to do
6/08/2020 7:55:56 AM,EVENT 49509 1596700442 -310130180/1219226802/767/5/16 INPUT 3 0 25 v:124
6/08/2020 7:55:56 AM,252 Event OK
6/08/2020 7:55:56 AM,EVENT 49510 1596700515 -310130278/1219226589/730/0/0 INPUT 4 0 102 v:124
6/08/2020 7:55:56 AM,252 Event OK
6/08/2020 7:55:56 AM,EVENT 49511 1596700515 -310130278/1219226589/730/0/0 INPUT 4 1 0 v:124
6/08/2020 7:55:56 AM,252 Event OK
6/08/2020 7:55:56 AM,EVENT 49512 1596700524 -310130524/1219225941/734/0/7 INPUT 3 1 0 v:123
6/08/2020 7:55:56 AM,252 Event OK
6/08/2020 7:55:59 AM,QUIT
6/08/2020 7:55:59 AM,221 Session ended - goodbye
6/08/2020 7:57:29 AM,UNIT 9279
6/08/2020 7:57:29 AM,333 CHAL 27F68E0F
6/08/2020 7:57:30 AM,RESP 8834B9C8
6/08/2020 7:57:30 AM,230 Auth OK
6/08/2020 7:57:30 AM,TIME
6/08/2020 7:57:30 AM,211 TIME 1596700650
6/08/2020 7:57:31 AM,EVCOUNT 4
6/08/2020 7:57:31 AM,252 Event OK
6/08/2020 7:57:31 AM,TODO
6/08/2020 7:57:31 AM,226 Nothing to do
6/08/2020 7:57:32 AM,EVENT 49513 1596700642 -310122546/1219233320/717/7/12 INPUT 3 0 118 v:124
6/08/2020 7:57:32 AM,252 Event OK
6/08/2020 7:57:33 AM,EVENT 49514 1596700644 -310122542/1219233318/712/5/0 INPUT 7 1 0 v:124
6/08/2020 7:57:33 AM,252 Event OK
6/08/2020 7:57:34 AM,EVENT 49515 1596700644 -310122542/1219233318/712/5/0 INPUT 8 0 303 v:124
6/08/2020 7:57:34 AM,252 Event OK
6/08/2020 7:57:35 AM,EVENT 49516 1596700645 -310122540/1219233314/709/5/0 INPUT 1 1 0 v:123
6/08/2020 7:57:35 AM,252 Event OK
6/08/2020 7:57:36 AM,EVENT 49517 1596700647 -310122537/1219233310/705/5/0 REPORT 49499 0 71 v:123
6/08/2020 7:57:36 AM,252 Event OK
6/08/2020 7:57:36 AM,EVENT 49518 1596700648 -310122536/1219233307/702/5/0 TRIP 49499 143 145 10 10 298 v:123
6/08/2020 7:57:36 AM,252 Event OK
6/08/2020 7:57:37 AM,EVENT 49519 1596700649 -310122535/1219233306/702/5/0 INPUT 4 0 133 v:123
6/08/2020 7:57:37 AM,252 Event OK
6/08/2020 7:57:38 AM,QUIT
6/08/2020 7:57:38 AM,221 Session ended - goodbye
6/08/2020 8:00:29 AM,UNIT 9279
6/08/2020 8:00:29 AM,333 CHAL 284A94C6
6/08/2020 8:00:30 AM,RESP 0229679C
6/08/2020 8:00:30 AM,230 Auth OK
6/08/2020 8:00:30 AM,TIME
6/08/2020 8:00:30 AM,211 TIME 1596700830
6/08/2020 8:00:31 AM,EVCOUNT 2
6/08/2020 8:00:31 AM,252 Event OK
6/08/2020 8:00:31 AM,TODO
6/08/2020 8:00:31 AM,226 Nothing to do
6/08/2020 8:00:32 AM,EVENT 49520 1596700822 -310122486/1219233378/691/4/0 INPUT 8 1 0 v:123
6/08/2020 8:00:32 AM,252 Event OK
6/08/2020 8:00:33 AM,EVENT 49521 1596700823 -310122487/1219233377/694/4/0 INPUT 7 0 179 v:123
6/08/2020 8:00:33 AM,252 Event OK
6/08/2020 8:00:33 AM,QUIT
6/08/2020 8:00:33 AM,221 Session ended - goodbye
6/08/2020 8:00:44 AM,UNIT 9279
6/08/2020 8:00:44 AM,333 CHAL 3216ECAA
6/08/2020 8:00:45 AM,RESP A5AF19BB
6/08/2020 8:00:45 AM,230 Auth OK
6/08/2020 8:00:45 AM,TIME
6/08/2020 8:00:45 AM,211 TIME 1596700845
6/08/2020 8:00:46 AM,EVCOUNT 4
6/08/2020 8:00:46 AM,252 Event OK
6/08/2020 8:00:46 AM,TODO
6/08/2020 8:00:46 AM,226 Nothing to do
6/08/2020 8:00:47 AM,EVENT 49522 1596700834 -310122487/1219233356/731/4/0 INPUT 7 1 0 v:123
6/08/2020 8:00:47 AM,252 Event OK
6/08/2020 8:00:48 AM,EVENT 49523 1596700834 -310122487/1219233356/731/4/0 INPUT 8 0 11 v:123
6/08/2020 8:00:48 AM,252 Event OK
6/08/2020 8:00:48 AM,EVENT 49524 1596700840 -310122485/1219233337/734/4/0 INPUT 8 1 0 v:123
6/08/2020 8:00:48 AM,252 Event OK
6/08/2020 8:00:49 AM,EVENT 49525 1596700841 -310122485/1219233336/732/4/0 INPUT 7 0 7 v:123
6/08/2020 8:00:49 AM,252 Event OK
6/08/2020 8:00:50 AM,QUIT
6/08/2020 8:00:50 AM,221 Session ended - goodbye
6/08/2020 8:01:00 AM,UNIT 9279
6/08/2020 8:01:00 AM,333 CHAL 263C8C
6/08/2020 8:01:01 AM,RESP 44B74A97
6/08/2020 8:01:01 AM,230 Auth OK
6/08/2020 8:01:01 AM,TIME
6/08/2020 8:01:01 AM,211 TIME 1596700861
6/08/2020 8:01:02 AM,EVCOUNT 1
6/08/2020 8:01:02 AM,252 Event OK
6/08/2020 8:01:02 AM,TODO
6/08/2020 8:01:02 AM,226 Nothing to do
6/08/2020 8:01:03 AM,EVENT 49526 1596700850 -310122506/1219233321/751/4/0 SIGNON * 0 NOCARD 26 0 240869 v:123
6/08/2020 8:01:03 AM,252 Event OK
6/08/2020 8:01:04 AM,QUIT
6/08/2020 8:01:04 AM,221 Session ended - goodbye
6/08/2020 8:01:14 AM,UNIT 9279
6/08/2020 8:01:14 AM,333 CHAL 3366D5B0
6/08/2020 8:01:15 AM,RESP B9CE8DF1
6/08/2020 8:01:15 AM,230 Auth OK
6/08/2020 8:01:15 AM,TIME
6/08/2020 8:01:15 AM,211 TIME 1596700875
6/08/2020 8:01:16 AM,EVCOUNT 5
6/08/2020 8:01:16 AM,252 Event OK
6/08/2020 8:01:16 AM,TODO
6/08/2020 8:01:16 AM,125 TODO GETXML 2000 Operators 
225 Work list complete
6/08/2020 8:01:17 AM,GETXML
6/08/2020 8:01:17 AM,Binary data 4241 bytes
6/08/2020 8:01:19 AM,GOT Operators 4193 B22E2A56
6/08/2020 8:01:19 AM,250 Download OK
6/08/2020 8:01:20 AM,EVENT 49527 1596700864 -310122535/1219233353/737/5/0 SIGNON 2482 03b7eed3 OK 26 240896 0 v:123
6/08/2020 8:01:20 AM,252 Event OK
6/08/2020 8:01:21 AM,EVENT 49528 1596700869 -310122528/1219233361/720/5/0 INPUT 7 1 0 v:123
6/08/2020 8:01:21 AM,252 Event OK
6/08/2020 8:01:22 AM,EVENT 49529 1596700869 -310122528/1219233361/720/5/0 INPUT 7 0 1 v:123
6/08/2020 8:01:22 AM,252 Event OK
6/08/2020 8:01:23 AM,EVENT 49530 1596700870 -310122526/1219233359/717/5/0 INPUT 1 0 224 v:124
6/08/2020 8:01:23 AM,252 Event OK
6/08/2020 8:01:24 AM,EVENT 49531 1596700871 -310122523/1219233357/716/5/0 INPUT 4 1 0 v:123
6/08/2020 8:01:24 AM,252 Event OK
6/08/2020 8:01:24 AM,QUIT
6/08/2020 8:01:24 AM,221 Session ended - goodbye
6/08/2020 8:01:34 AM,UNIT 9279
6/08/2020 8:01:34 AM,333 CHAL 5BA52090
6/08/2020 8:01:34 AM,RESP 1D26F993
6/08/2020 8:01:34 AM,230 Auth OK
6/08/2020 8:01:35 AM,TIME
6/08/2020 8:01:35 AM,211 TIME 1596700895
6/08/2020 8:01:35 AM,EVCOUNT 2
6/08/2020 8:01:35 AM,252 Event OK
6/08/2020 8:01:36 AM,TODO
6/08/2020 8:01:36 AM,226 Nothing to do
6/08/2020 8:01:37 AM,EVENT 49532 1596700882 -310122737/1219233488/724/5/5 INPUT 4 0 12 v:123
6/08/2020 8:01:37 AM,252 Event OK
6/08/2020 8:01:37 AM,EVENT 49533 1596700882 -310122737/1219233488/724/5/4 INPUT 4 1 0 v:123
6/08/2020 8:01:37 AM,252 Event OK
6/08/2020 8:01:38 AM,QUIT
6/08/2020 8:01:38 AM,221 Session ended - goodbye
6/08/2020 8:01:48 AM,UNIT 9279
6/08/2020 8:01:48 AM,333 CHAL 59D92A84
6/08/2020 8:01:49 AM,RESP 65FD6401
6/08/2020 8:01:49 AM,230 Auth OK
6/08/2020 8:01:50 AM,TIME
6/08/2020 8:01:50 AM,211 TIME 1596700910
6/08/2020 8:01:50 AM,EVCOUNT 1
6/08/2020 8:01:50 AM,252 Event OK
6/08/2020 8:01:51 AM,TODO
6/08/2020 8:01:51 AM,226 Nothing to do
6/08/2020 8:01:52 AM,EVENT 49534 1596700897 -310123205/1219233889/689/5/7 INPUT 3 1 0 v:123
6/08/2020 8:01:52 AM,252 Event OK
6/08/2020 8:01:53 AM,QUIT
6/08/2020 8:01:53 AM,221 Session ended - goodbye
6/08/2020 8:47:05 AM,UNIT 9279
6/08/2020 8:47:05 AM,333 CHAL 4B24B777
6/08/2020 8:47:05 AM,RESP BB72C9C6
6/08/2020 8:47:05 AM,230 Auth OK
6/08/2020 8:47:06 AM,TIME
6/08/2020 8:47:06 AM,211 TIME 1596703626
6/08/2020 8:47:07 AM,EVCOUNT 63
6/08/2020 8:47:07 AM,252 Event OK
6/08/2020 8:47:07 AM,TODO
6/08/2020 8:47:07 AM,226 Nothing to do
6/08/2020 8:47:08 AM,EVENT 49535 1596701097 0/0/0/0/10 INPUT 3 0 201 v:124
6/08/2020 8:47:08 AM,252 Event OK
6/08/2020 8:47:09 AM,EVENT 49536 1596701114 0/0/0/0/5 INPUT 3 1 0 v:123
6/08/2020 8:47:09 AM,252 Event OK
6/08/2020 8:47:10 AM,EVENT 49537 1596701115 0/0/0/0/7 INPUT 3 0 1 v:123
6/08/2020 8:47:10 AM,252 Event OK
6/08/2020 8:47:11 AM,EVENT 49538 1596701118 0/0/0/0/5 INPUT 3 1 0 v:123
6/08/2020 8:47:11 AM,252 Event OK
6/08/2020 8:47:12 AM,EVENT 49539 1596701641 0/0/0/0/11 INPUT 3 0 522 v:124
6/08/2020 8:47:12 AM,252 Event OK
6/08/2020 8:47:12 AM,EVENT 49540 1596701659 0/0/0/0/6 INPUT 3 1 0 v:123
6/08/2020 8:47:12 AM,252 Event OK
6/08/2020 8:47:13 AM,EVENT 49541 1596701660 0/0/0/0/8 INPUT 3 0 1 v:123
6/08/2020 8:47:13 AM,252 Event OK
6/08/2020 8:47:14 AM,EVENT 49542 1596701664 0/0/0/0/4 INPUT 3 1 0 v:123
6/08/2020 8:47:14 AM,252 Event OK
6/08/2020 8:47:15 AM,EVENT 49543 1596701730 0/0/0/0/12 INPUT 3 0 66 v:124
6/08/2020 8:47:15 AM,252 Event OK
6/08/2020 8:47:16 AM,EVENT 49544 1596701759 0/0/0/0/5 INPUT 4 0 877 v:124
6/08/2020 8:47:16 AM,252 Event OK
6/08/2020 8:47:17 AM,EVENT 49545 1596701759 0/0/0/0/4 INPUT 4 1 0 v:124
6/08/2020 8:47:17 AM,252 Event OK
6/08/2020 8:47:19 AM,EVENT 49546 1596701761 0/0/0/0/2 INPUT 3 1 0 v:124
6/08/2020 8:47:19 AM,252 Event OK
6/08/2020 8:47:20 AM,EVENT 49547 1596701975 0/0/0/0/18 INPUT 3 0 214 v:124
6/08/2020 8:47:20 AM,252 Event OK
6/08/2020 8:47:20 AM,EVENT 49548 1596701991 0/0/0/0/5 INPUT 3 1 0 v:124
6/08/2020 8:47:20 AM,252 Event OK
6/08/2020 8:47:21 AM,EVENT 49549 1596702054 0/0/0/0/18 INPUT 3 0 62 v:124
6/08/2020 8:47:21 AM,252 Event OK
6/08/2020 8:47:22 AM,EVENT 49550 1596702068 0/0/0/0/6 INPUT 3 1 0 v:124
6/08/2020 8:47:22 AM,252 Event OK
6/08/2020 8:47:24 AM,EVENT 49551 1596702070 0/0/0/0/9 INPUT 3 0 1 v:124
6/08/2020 8:47:24 AM,252 Event OK
6/08/2020 8:47:25 AM,EVENT 49552 1596702075 0/0/0/0/7 INPUT 3 1 0 v:124
6/08/2020 8:47:25 AM,252 Event OK
6/08/2020 8:47:29 AM,EVENT 49553 1596702077 0/0/0/0/9 INPUT 3 0 2 v:124
6/08/2020 8:47:29 AM,252 Event OK
6/08/2020 8:47:30 AM,EVENT 49554 1596702079 0/0/0/0/8 INPUT 3 1 0 v:124
6/08/2020 8:47:30 AM,252 Event OK
6/08/2020 8:47:31 AM,EVENT 49555 1596702080 0/0/0/0/9 INPUT 3 0 1 v:124
6/08/2020 8:47:31 AM,252 Event OK
6/08/2020 8:47:32 AM,EVENT 49556 1596702089 0/0/0/0/8 INPUT 3 1 0 v:124
6/08/2020 8:47:32 AM,252 Event OK
6/08/2020 8:47:33 AM,EVENT 49557 1596702091 0/0/0/0/9 INPUT 3 0 2 v:124
6/08/2020 8:47:33 AM,252 Event OK
6/08/2020 8:47:34 AM,EVENT 49558 1596702116 0/0/0/0/0 INPUT 4 0 357 v:124
6/08/2020 8:47:34 AM,252 Event OK
6/08/2020 8:47:35 AM,EVENT 49559 1596702116 0/0/0/0/0 INPUT 4 1 0 v:124
6/08/2020 8:47:35 AM,252 Event OK
6/08/2020 8:47:35 AM,EVENT 49560 1596702149 0/0/0/0/0 INPUT 4 0 33 v:124
6/08/2020 8:47:35 AM,252 Event OK
6/08/2020 8:47:37 AM,EVENT 49561 1596702149 0/0/0/0/0 INPUT 4 1 0 v:124
6/08/2020 8:47:37 AM,252 Event OK
6/08/2020 8:47:39 AM,EVENT 49562 1596702183 0/0/0/0/6 INPUT 3 1 0 v:124
6/08/2020 8:47:39 AM,252 Event OK
6/08/2020 8:47:43 AM,EVENT 49563 1596702218 0/0/0/99/9 INPUT 3 0 36 v:124
6/08/2020 8:47:43 AM,252 Event OK
6/08/2020 8:47:46 AM,EVENT 49564 1596702248 0/0/0/0/0 INPUT 4 0 99 v:124
6/08/2020 8:47:46 AM,252 Event OK
6/08/2020 8:47:48 AM,EVENT 49565 1596702248 0/0/0/0/0 INPUT 4 1 0 v:124
6/08/2020 8:47:48 AM,252 Event OK
6/08/2020 8:47:50 AM,EVENT 49566 1596702267 0/0/0/0/0 INPUT 4 0 19 v:124
6/08/2020 8:47:50 AM,252 Event OK
6/08/2020 8:47:56 AM,EVENT 49567 1596702267 0/0/0/0/0 INPUT 4 1 0 v:124
6/08/2020 8:47:56 AM,252 Event OK
6/08/2020 8:47:57 AM,EVENT 49568 1596702335 0/0/0/0/0 INPUT 4 0 68 v:124
6/08/2020 8:47:57 AM,252 Event OK
6/08/2020 8:47:57 AM,EVENT 49569 1596702335 0/0/0/0/0 INPUT 4 1 0 v:124
6/08/2020 8:47:57 AM,252 Event OK
6/08/2020 8:47:58 AM,EVENT 49570 1596702371 0/0/0/0/5 INPUT 3 1 0 v:124
6/08/2020 8:47:58 AM,252 Event OK
6/08/2020 8:47:58 AM,EVENT 49571 1596702464 0/0/0/0/13 INPUT 3 0 94 v:124
6/08/2020 8:47:58 AM,252 Event OK
6/08/2020 8:47:59 AM,EVENT 49572 1596702474 0/0/0/0/5 INPUT 3 1 0 v:124
6/08/2020 8:47:59 AM,252 Event OK
6/08/2020 8:48:00 AM,EVENT 49573 1596702477 0/0/0/0/12 REPORT 49527 0 0 v:124
6/08/2020 8:48:00 AM,252 Event OK
6/08/2020 8:48:00 AM,EVENT 49574 1596702498 0/0/0/0/10 INPUT 3 0 24 v:124
6/08/2020 8:48:00 AM,252 Event OK
6/08/2020 8:48:01 AM,EVENT 49575 1596702500 0/0/0/0/2 INPUT 4 0 165 v:124
6/08/2020 8:48:01 AM,252 Event OK
6/08/2020 8:48:02 AM,EVENT 49576 1596702500 0/0/0/0/2 INPUT 4 1 0 v:124
6/08/2020 8:48:02 AM,252 Event OK
6/08/2020 8:48:02 AM,EVENT 49577 1596702632 0/0/0/0/0 INPUT 4 0 132 v:124
6/08/2020 8:48:02 AM,252 Event OK
6/08/2020 8:48:03 AM,EVENT 49578 1596702632 0/0/0/0/0 INPUT 4 1 0 v:124
6/08/2020 8:48:03 AM,252 Event OK
6/08/2020 8:48:04 AM,EVENT 49579 1596702667 0/0/0/0/3 INPUT 4 0 35 v:124
6/08/2020 8:48:04 AM,252 Event OK
6/08/2020 8:48:04 AM,EVENT 49580 1596702668 0/0/0/0/3 INPUT 4 1 0 v:124
6/08/2020 8:48:04 AM,252 Event OK
6/08/2020 8:48:05 AM,EVENT 49581 1596702724 0/0/0/0/4 INPUT 3 1 0 v:124
6/08/2020 8:48:05 AM,252 Event OK
6/08/2020 8:48:06 AM,EVENT 49582 1596702730 0/0/0/0/11 INPUT 3 0 5 v:124
6/08/2020 8:48:06 AM,252 Event OK
6/08/2020 8:48:07 AM,EVENT 49583 1596702730 0/0/0/0/8 INPUT 3 1 0 v:124
6/08/2020 8:48:07 AM,252 Event OK
6/08/2020 8:48:08 AM,EVENT 49584 1596702804 0/0/0/0/18 INPUT 3 0 73 v:124
6/08/2020 8:48:08 AM,252 Event OK
6/08/2020 8:48:10 AM,EVENT 49585 1596702809 0/0/0/0/0 INPUT 4 0 142 v:124
6/08/2020 8:48:10 AM,252 Event OK
6/08/2020 8:48:12 AM,EVENT 49586 1596702809 0/0/0/0/0 INPUT 4 1 0 v:124
6/08/2020 8:48:12 AM,252 Event OK
6/08/2020 8:48:15 AM,EVENT 49587 1596702833 0/0/0/0/4 INPUT 3 1 0 v:124
6/08/2020 8:48:15 AM,252 Event OK
6/08/2020 8:48:16 AM,EVENT 49588 1596702835 0/0/0/0/12 INPUT 3 0 1 v:124
6/08/2020 8:48:16 AM,252 Event OK
6/08/2020 8:48:16 AM,EVENT 49589 1596702836 0/0/0/0/10 INPUT 3 1 0 v:124
6/08/2020 8:48:16 AM,252 Event OK
6/08/2020 8:48:16 AM,EVENT 49590 1596703163 0/0/0/0/23 ZONEOVERSPEED 49527 7 34 1 v:124
6/08/2020 8:48:16 AM,252 Event OK
6/08/2020 8:48:16 AM,EVENT 49591 1596703593 -310121806/1219228487/1203/0/11 INPUT 3 0 757 v:124
6/08/2020 8:48:16 AM,252 Event OK
6/08/2020 8:48:17 AM,EVENT 49592 1596703599 -310121803/1219228479/1023/0/0 INPUT 7 1 0 v:124
6/08/2020 8:48:17 AM,252 Event OK
6/08/2020 8:48:17 AM,EVENT 49593 1596703599 -310121803/1219228479/1023/0/0 INPUT 8 0 2759 v:124
6/08/2020 8:48:17 AM,252 Event OK
6/08/2020 8:48:17 AM,EVENT 49594 1596703599 -310121803/1219228474/1014/0/0 INPUT 1 1 0 v:124
6/08/2020 8:48:17 AM,252 Event OK
6/08/2020 8:48:17 AM,EVENT 49595 1596703603 -310121799/1219228422/954/0/0 TRIP 49527 2064 669 7 7 2740 v:124
6/08/2020 8:48:17 AM,252 Event OK
6/08/2020 8:48:18 AM,EVENT 49596 1596703603 -310121799/1219228422/954/0/0 TRIPSUMMARY 49527 v:124
6/08/2020 8:48:18 AM,252 Event OK
6/08/2020 8:48:20 AM,EVENT 49597 1596703604 -310121796/1219228416/946/0/0 INPUT 4 0 794 v:124
6/08/2020 8:48:20 AM,252 Event OK
6/08/2020 8:48:20 AM,EVENT 49598 1596703655 -310121769/1219228527/765/1/0 INPUT 8 1 0 v:124
6/08/2020 8:48:20 AM,252 Event OK
6/08/2020 8:48:20 AM,EVENT 49599 1596703655 -310121769/1219228527/765/1/0 INPUT 7 0 56 v:124
6/08/2020 8:48:20 AM,252 Event OK
6/08/2020 8:48:20 AM,EVENT 49600 1596703665 -310121782/1219228517/763/1/0 SIGNON 2482 03b7eed3 OK 26 240896 0 v:124
6/08/2020 8:48:20 AM,252 Event OK
6/08/2020 8:48:21 AM,EVENT 49601 1596703671 -310121789/1219228521/759/1/0 INPUT 1 0 71 v:124
6/08/2020 8:48:21 AM,252 Event OK
6/08/2020 8:48:21 AM,EVENT 49602 1596703671 -310121788/1219228521/757/1/0 INPUT 4 1 0 v:124
6/08/2020 8:48:21 AM,252 Event OK
6/08/2020 8:48:21 AM,EVENT 49603 1596703686 -310121249/1219229062/735/0/8 INPUT 3 1 0 v:124
6/08/2020 8:48:21 AM,252 Event OK
6/08/2020 8:48:21 AM,QUIT
6/08/2020 8:48:21 AM,221 Session ended - goodbye
6/08/2020 8:49:02 AM,UNIT 9279
6/08/2020 8:49:02 AM,333 CHAL 4E917517
6/08/2020 8:49:03 AM,RESP C3234CD8
6/08/2020 8:49:03 AM,230 Auth OK
6/08/2020 8:49:03 AM,TIME
6/08/2020 8:49:03 AM,211 TIME 1596703743
6/08/2020 8:49:04 AM,EVCOUNT 1
6/08/2020 8:49:04 AM,252 Event OK
6/08/2020 8:49:04 AM,TODO
6/08/2020 8:49:04 AM,226 Nothing to do
6/08/2020 8:49:05 AM,EVENT 49604 1596703735 -310128543/1219228883/815/1/10 INPUT 3 0 50 v:124
6/08/2020 8:49:05 AM,252 Event OK
6/08/2020 8:49:05 AM,EVENT 49605 1596703740 -310128369/1219228751/822/1/0 INPUT 7 1 0 v:124
6/08/2020 8:49:05 AM,252 Event OK
6/08/2020 8:49:06 AM,EVENT 49606 1596703740 -310128369/1219228751/822/1/0 INPUT 8 0 85 v:124
6/08/2020 8:49:06 AM,252 Event OK
6/08/2020 8:49:07 AM,EVENT 49607 1596703740 -310128372/1219228753/821/1/0 INPUT 1 1 0 v:123
6/08/2020 8:49:07 AM,252 Event OK
6/08/2020 8:49:07 AM,EVENT 49608 1596703742 -310128371/1219228754/817/1/0 INPUT 4 0 72 v:124
6/08/2020 8:49:07 AM,252 Event OK
6/08/2020 8:49:08 AM,QUIT
6/08/2020 8:49:08 AM,221 Session ended - goodbye
6/08/2020 8:49:18 AM,UNIT 9279
6/08/2020 8:49:18 AM,333 CHAL 5CD6DE73
6/08/2020 8:49:19 AM,RESP DBBA74B1
6/08/2020 8:49:19 AM,230 Auth OK
6/08/2020 8:49:19 AM,TIME
6/08/2020 8:49:19 AM,211 TIME 1596703759
6/08/2020 8:49:19 AM,EVCOUNT 1
6/08/2020 8:49:19 AM,252 Event OK
6/08/2020 8:49:20 AM,TODO
6/08/2020 8:49:20 AM,226 Nothing to do
6/08/2020 8:49:21 AM,EVENT 49609 1596703744 -310128368/1219228753/809/1/0 TRIP 49600 50 22 8 6 80 v:124
6/08/2020 8:49:21 AM,252 Event OK
6/08/2020 8:49:21 AM,QUIT
6/08/2020 8:49:21 AM,221 Session ended - goodbye
6/08/2020 8:51:16 AM,UNIT 9279
6/08/2020 8:51:16 AM,333 CHAL 5FD7691E
6/08/2020 8:51:17 AM,RESP 104AE2C8
6/08/2020 8:51:17 AM,230 Auth OK
6/08/2020 8:51:17 AM,TIME
6/08/2020 8:51:17 AM,211 TIME 1596703877
6/08/2020 8:51:18 AM,EVCOUNT 2
6/08/2020 8:51:18 AM,252 Event OK
6/08/2020 8:51:18 AM,TODO
6/08/2020 8:51:18 AM,226 Nothing to do
6/08/2020 8:51:19 AM,EVENT 49610 1596703869 -310128224/1219228545/827/0/0 INPUT 8 1 0 v:124
6/08/2020 8:51:19 AM,252 Event OK
6/08/2020 8:51:19 AM,EVENT 49611 1596703870 -310128225/1219228545/830/0/0 INPUT 7 0 130 v:124
6/08/2020 8:51:19 AM,252 Event OK
6/08/2020 8:51:20 AM,QUIT
6/08/2020 8:51:20 AM,221 Session ended - goodbye
6/08/2020 8:51:30 AM,UNIT 9279
6/08/2020 8:51:30 AM,333 CHAL 13180243
6/08/2020 8:51:31 AM,RESP 1D906BBB
6/08/2020 8:51:31 AM,230 Auth OK
6/08/2020 8:51:31 AM,TIME
6/08/2020 8:51:31 AM,211 TIME 1596703891
6/08/2020 8:51:32 AM,EVCOUNT 1
6/08/2020 8:51:32 AM,252 Event OK
6/08/2020 8:51:33 AM,TODO
6/08/2020 8:51:33 AM,226 Nothing to do
6/08/2020 8:51:33 AM,EVENT 49612 1596703878 -310128251/1219228550/813/0/0 SIGNON * 0 NOCARD 26 0 240897 v:124
6/08/2020 8:51:33 AM,252 Event OK
6/08/2020 8:51:34 AM,EVENT 49613 1596703889 -310128307/1219228554/826/0/0 SIGNON * 0 NOCARD 26 0 240999 v:124
6/08/2020 8:51:34 AM,252 Event OK
6/08/2020 8:51:34 AM,QUIT
6/08/2020 8:51:34 AM,221 Session ended - goodbye
6/08/2020 8:51:49 AM,UNIT 9279
6/08/2020 8:51:49 AM,333 CHAL 4B628B29
6/08/2020 8:51:50 AM,RESP 1EE9B773
6/08/2020 8:51:50 AM,230 Auth OK
6/08/2020 8:51:50 AM,TIME
6/08/2020 8:51:50 AM,211 TIME 1596703910
6/08/2020 8:51:50 AM,EVCOUNT 1
6/08/2020 8:51:50 AM,252 Event OK
6/08/2020 8:51:51 AM,TODO
6/08/2020 8:51:51 AM,125 TODO GETXML 2000 Operators 
225 Work list complete
6/08/2020 8:51:51 AM,GETXML
6/08/2020 8:51:51 AM,Binary data 4241 bytes
6/08/2020 8:51:54 AM,GOT Operators 4193 B22E2A56
6/08/2020 8:51:54 AM,250 Download OK
6/08/2020 8:51:55 AM,EVENT 49614 1596703902 -310128334/1219228606/835/0/0 SIGNON 2482 03b7eed3 OK 26 240896 0 v:124
6/08/2020 8:51:55 AM,252 Event OK
6/08/2020 8:51:56 AM,EVENT 49615 1596703908 -310128338/1219228642/831/0/0 INPUT 4 1 0 v:124
6/08/2020 8:51:56 AM,252 Event OK
6/08/2020 8:51:57 AM,EVENT 49616 1596703909 -310128338/1219228642/831/0/0 INPUT 1 0 168 v:124
6/08/2020 8:51:57 AM,252 Event OK
6/08/2020 8:51:58 AM,QUIT
6/08/2020 8:51:58 AM,221 Session ended - goodbye
6/08/2020 8:52:14 AM,UNIT 9279
6/08/2020 8:52:14 AM,333 CHAL 2EACB428
6/08/2020 8:52:14 AM,RESP 3B942547
6/08/2020 8:52:14 AM,230 Auth OK
6/08/2020 8:52:15 AM,TIME
6/08/2020 8:52:15 AM,211 TIME 1596703935
6/08/2020 8:52:15 AM,EVCOUNT 3
6/08/2020 8:52:15 AM,252 Event OK
6/08/2020 8:52:16 AM,TODO
6/08/2020 8:52:16 AM,226 Nothing to do
6/08/2020 8:52:17 AM,EVENT 49617 1596703920 -310129131/1219228614/811/0/5 INPUT 4 0 12 v:124
6/08/2020 8:52:17 AM,252 Event OK
6/08/2020 8:52:18 AM,EVENT 49618 1596703920 -310129131/1219228614/811/0/4 INPUT 4 1 0 v:124
6/08/2020 8:52:18 AM,252 Event OK
6/08/2020 8:52:19 AM,EVENT 49619 1596703924 -310128833/1219228808/793/0/6 INPUT 3 1 0 v:124
6/08/2020 8:52:19 AM,252 Event OK
6/08/2020 8:52:19 AM,QUIT
6/08/2020 8:52:19 AM,221 Session ended - goodbye
6/08/2020 8:52:35 AM,UNIT 9279
6/08/2020 8:52:35 AM,333 CHAL 4842E3D4
6/08/2020 8:52:36 AM,RESP 549E5F96
6/08/2020 8:52:36 AM,230 Auth OK
6/08/2020 8:52:37 AM,TIME
6/08/2020 8:52:37 AM,211 TIME 1596703957
6/08/2020 8:52:37 AM,EVCOUNT 1
6/08/2020 8:52:37 AM,252 Event OK
6/08/2020 8:52:38 AM,TODO
6/08/2020 8:52:38 AM,226 Nothing to do
6/08/2020 8:52:39 AM,EVENT 49620 1596703949 -310123513/1219230700/785/0/10 INPUT 3 0 25 v:124
6/08/2020 8:52:39 AM,252 Event OK
6/08/2020 8:52:40 AM,QUIT
6/08/2020 8:52:40 AM,221 Session ended - goodbye
6/08/2020 8:52:50 AM,UNIT 9279
6/08/2020 8:52:50 AM,333 CHAL 63EBCF85
6/08/2020 8:52:51 AM,RESP CA3DCC88
6/08/2020 8:52:51 AM,230 Auth OK
6/08/2020 8:52:51 AM,TIME
6/08/2020 8:52:51 AM,211 TIME 1596703971
6/08/2020 8:52:52 AM,EVCOUNT 5
6/08/2020 8:52:52 AM,252 Event OK
6/08/2020 8:52:53 AM,TODO
6/08/2020 8:52:53 AM,226 Nothing to do
6/08/2020 8:52:53 AM,EVENT 49621 1596703956 -310123739/1219230078/806/6/0 INPUT 7 1 0 v:124
6/08/2020 8:52:53 AM,252 Event OK
6/08/2020 8:52:55 AM,EVENT 49622 1596703956 -310123739/1219230078/806/6/0 INPUT 8 0 88 v:124
6/08/2020 8:52:55 AM,252 Event OK
6/08/2020 8:52:56 AM,EVENT 49623 1596703957 -310123739/1219230079/807/6/0 INPUT 1 1 0 v:124
6/08/2020 8:52:56 AM,252 Event OK
6/08/2020 8:52:56 AM,EVENT 49624 1596703958 -310123741/1219230081/811/6/0 INPUT 4 0 38 v:124
6/08/2020 8:52:56 AM,252 Event OK
6/08/2020 8:52:57 AM,EVENT 49625 1596703961 -310123745/1219230092/825/6/0 TRIP 49614 25 25 9 6 59 v:124
6/08/2020 8:52:57 AM,252 Event OK
6/08/2020 8:52:58 AM,QUIT
6/08/2020 8:52:58 AM,221 Session ended - goodbye
6/08/2020 9:12:58 AM,UNIT 9279
6/08/2020 9:12:58 AM,333 CHAL 736494F3
6/08/2020 9:12:59 AM,RESP 23B6F777
6/08/2020 9:12:59 AM,230 Auth OK
6/08/2020 9:13:00 AM,TIME
6/08/2020 9:13:00 AM,211 TIME 1596705180
6/08/2020 9:13:01 AM,EVCOUNT 2
6/08/2020 9:13:01 AM,252 Event OK
6/08/2020 9:13:02 AM,TODO
6/08/2020 9:13:02 AM,226 Nothing to do
6/08/2020 9:13:03 AM,EVENT 49626 1596705168 -310124070/1219230444/769/8/0 INPUT 8 1 0 v:124
6/08/2020 9:13:03 AM,252 Event OK
6/08/2020 9:13:05 AM,EVENT 49627 1596705169 -310124071/1219230447/772/8/0 INPUT 7 0 1212 v:124
6/08/2020 9:13:05 AM,252 Event OK
6/08/2020 9:13:06 AM,EVENT 49628 1596705180 -310124061/1219230475/822/8/0 SIGNON 2482 03b7eed3 OK 26 240896 0 v:124
6/08/2020 9:13:06 AM,252 Event OK
6/08/2020 9:13:07 AM,QUIT
6/08/2020 9:13:07 AM,221 Session ended - goodbye
6/08/2020 9:13:17 AM,UNIT 9279
6/08/2020 9:13:17 AM,333 CHAL 54B9BCD6
6/08/2020 9:13:18 AM,RESP FD1CB799
6/08/2020 9:13:18 AM,230 Auth OK
6/08/2020 9:13:19 AM,TIME
6/08/2020 9:13:19 AM,211 TIME 1596705199
6/08/2020 9:13:20 AM,EVCOUNT 2
6/08/2020 9:13:20 AM,252 Event OK
6/08/2020 9:13:20 AM,TODO
6/08/2020 9:13:20 AM,226 Nothing to do
6/08/2020 9:13:21 AM,EVENT 49629 1596705186 -310124048/1219230473/855/8/0 INPUT 1 0 1229 v:124
6/08/2020 9:13:21 AM,252 Event OK
6/08/2020 9:13:22 AM,EVENT 49630 1596705186 -310124051/1219230475/859/8/0 INPUT 4 1 0 v:124
6/08/2020 9:13:22 AM,252 Event OK
6/08/2020 9:13:22 AM,QUIT
6/08/2020 9:13:22 AM,221 Session ended - goodbye
6/08/2020 9:13:39 AM,UNIT 9279
6/08/2020 9:13:39 AM,333 CHAL 523F2D97
6/08/2020 9:13:40 AM,RESP C11D6DDA
6/08/2020 9:13:40 AM,230 Auth OK
6/08/2020 9:13:40 AM,TIME
6/08/2020 9:13:40 AM,211 TIME 1596705220
6/08/2020 9:13:41 AM,EVCOUNT 2
6/08/2020 9:13:41 AM,252 Event OK
6/08/2020 9:13:42 AM,TODO
6/08/2020 9:13:42 AM,226 Nothing to do
6/08/2020 9:13:43 AM,EVENT 49631 1596705211 -310123634/1219231475/882/8/7 INPUT 3 1 0 v:124
6/08/2020 9:13:43 AM,252 Event OK
6/08/2020 9:13:45 AM,EVENT 49632 1596705216 -310123180/1219232663/916/8/9 INPUT 3 0 5 v:124
6/08/2020 9:13:45 AM,252 Event OK
6/08/2020 9:13:46 AM,EVENT 49633 1596705219 -310123171/1219232598/973/8/4 INPUT 3 1 0 v:124
6/08/2020 9:13:46 AM,252 Event OK
6/08/2020 9:13:47 AM,EVENT 49634 1596705221 -310123437/1219232334/965/8/10 INPUT 3 0 1 v:124
6/08/2020 9:13:47 AM,252 Event OK
6/08/2020 9:13:49 AM,EVENT 49635 1596705222 -310123735/1219232276/972/5/8 INPUT 3 1 0 v:124
6/08/2020 9:13:49 AM,252 Event OK
6/08/2020 9:13:50 AM,EVENT 49636 1596705223 -310123877/1219232317/974/5/9 REPORT 49628 8 185 v:124
6/08/2020 9:13:50 AM,252 Event OK
6/08/2020 9:13:51 AM,QUIT
6/08/2020 9:13:51 AM,221 Session ended - goodbye
6/08/2020 9:15:00 AM,UNIT 9279
6/08/2020 9:15:00 AM,333 CHAL 177D3D9B
6/08/2020 9:15:05 AM,RESP 8D8D1B28
6/08/2020 9:15:05 AM,230 Auth OK
6/08/2020 9:15:05 AM,TIME
6/08/2020 9:15:05 AM,211 TIME 1596705305
6/08/2020 9:15:06 AM,EVCOUNT 7
6/08/2020 9:15:06 AM,252 Event OK
6/08/2020 9:15:06 AM,TODO
6/08/2020 9:15:06 AM,226 Nothing to do
6/08/2020 9:15:07 AM,EVENT 49637 1596705293 -310143160/1219231110/1051/6/10 INPUT 3 0 71 v:124
6/08/2020 9:15:07 AM,252 Event OK
6/08/2020 9:15:08 AM,EVENT 49638 1596705299 -310143520/1219231042/1062/6/0 INPUT 7 1 0 v:123
6/08/2020 9:15:08 AM,252 Event OK
6/08/2020 9:15:09 AM,EVENT 49639 1596705299 -310143520/1219231042/1062/6/0 INPUT 8 0 130 v:123
6/08/2020 9:15:09 AM,252 Event OK
6/08/2020 9:15:09 AM,EVENT 49640 1596705299 -310143529/1219231045/1061/6/0 INPUT 3 1 0 v:123
6/08/2020 9:15:09 AM,252 Event OK
6/08/2020 9:15:10 AM,EVENT 49641 1596705300 -310143537/1219231045/1062/6/10 INPUT 1 1 0 v:123
6/08/2020 9:15:10 AM,252 Event OK
6/08/2020 9:15:11 AM,EVENT 49642 1596705300 -310143545/1219231047/1062/6/18 INPUT 3 0 2 v:123
6/08/2020 9:15:11 AM,252 Event OK
6/08/2020 9:15:12 AM,EVENT 49643 1596705300 -310143545/1219231047/1062/6/18 INPUT 4 0 114 v:123
6/08/2020 9:15:12 AM,252 Event OK
6/08/2020 9:15:13 AM,EVENT 49644 1596705303 -310143596/1219231055/1059/6/0 TRIP 49628 79 35 10 7 124 v:124
6/08/2020 9:15:13 AM,252 Event OK
6/08/2020 9:15:13 AM,QUIT
6/08/2020 9:15:13 AM,221 Session ended - goodbye
6/08/2020 10:06:29 AM,UNIT 9279
6/08/2020 10:06:29 AM,333 CHAL 51A062E2
6/08/2020 10:06:30 AM,RESP 5F7ACC40
6/08/2020 10:06:30 AM,230 Auth OK
6/08/2020 10:06:30 AM,TIME
6/08/2020 10:06:30 AM,211 TIME 1596708390
6/08/2020 10:06:31 AM,EVCOUNT 11
6/08/2020 10:06:31 AM,252 Event OK
6/08/2020 10:06:31 AM,TODO
6/08/2020 10:06:31 AM,125 TODO CONFIG
225 Work list complete
6/08/2020 10:06:32 AM,CONFIG
6/08/2020 10:06:32 AM,141 CONF IMPACT_F 10
141 CONF IMPACT_B 10
141 CONF IMPACT_L 10
141 CONF IMPACT_R 10
141 CONF IDLEMAX 300
141 CONF BATT_HIGH 130
141 CONF HWCONFIG 519
141 CONF BATT_CRITLOW 100
141 CONF HARNESS_TYPE 2
141 CONF FECONFIG 61991
141 CONF BYPASS 4
141 CONF XSIDLE_METHOD 2
141 CONF BATT_INPUT 1
141 CONF CKL_BYPASS 1
141 CONF ITS 0
141 CONF PWR_LOW 1800
141 CONF IMPACT_WARN_LVL 12
141 CONF IMPACT_CRIT_LVL 15
141 CONF SYSTEM_METRIC 1
141 CONF DISPLAY_OFFSET 480
141 CONF SPEED_ALERT 1
141 CONF SPEED_DEBOUNCE 7
141 CONF SPEED_MAX 60
141 CONF IN1EVENT 1
141 CONF IN1LOGIC 0
141 CONF IN1MODE 1
141 CONF IN2EVENT 1
141 CONF IN2LOGIC 0
141 CONF IN2MODE 1
141 CONF IN3EVENT 1
141 CONF IN3LOGIC 1
141 CONF IN3MODE 2
141 CONF IN4EVENT 1
141 CONF IN4LOGIC 1
141 CONF IN4MODE 2
141 CONF IN5EVENT 0
141 CONF IN5LOGIC 1
141 CONF IN5MODE 0
141 CONF IN6EVENT 0
141 CONF IN6LOGIC 1
141 CONF IN6MODE 0
141 CONF IN7EVENT 1
141 CONF IN7LOGIC 0
141 CONF IN7MODE 1
141 CONF IN8EVENT 1
141 CONF IN8LOGIC 1
141 CONF IN8MODE 1
141 CONF IN3FREQTHR 5
141 CONF IN4FREQTHR 5
141 CONF ENGINE_SPEED_MAX 3300
141 CONF LOW_COOLANT_DEBOUNCE 5
241 Config complete
6/08/2020 10:06:33 AM,EVENT 49645 1596708359 0/0/0/0/0 SWSTART OpusFC 5.0.58.517 R v:123
6/08/2020 10:06:33 AM,252 Event OK
6/08/2020 10:06:33 AM,EVENT 49646 1596705303 0/0/0/0/0 POWERDOWN v:124
6/08/2020 10:06:33 AM,252 Event OK
6/08/2020 10:06:34 AM,EVENT 49647 1596708359 0/0/0/0/0 INPUT 1 1 0 v:123
6/08/2020 10:06:34 AM,252 Event OK
6/08/2020 10:06:34 AM,EVENT 49648 1596708359 0/0/0/0/0 INPUT 2 0 0 v:123
6/08/2020 10:06:34 AM,252 Event OK
6/08/2020 10:06:34 AM,EVENT 49649 1596708359 0/0/0/0/0 INPUT 3 0 0 v:123
6/08/2020 10:06:34 AM,252 Event OK
6/08/2020 10:06:35 AM,EVENT 49650 1596708359 0/0/0/0/0 INPUT 4 0 0 v:123
6/08/2020 10:06:35 AM,252 Event OK
6/08/2020 10:06:35 AM,EVENT 49651 1596708359 0/0/0/0/0 INPUT 7 0 0 v:123
6/08/2020 10:06:35 AM,252 Event OK
6/08/2020 10:06:35 AM,EVENT 49652 1596708359 0/0/0/0/0 INPUT 8 1 0 v:123
6/08/2020 10:06:35 AM,252 Event OK
6/08/2020 10:06:36 AM,EVENT 49653 1596708361 0/0/0/0/0 ZONE_OK 2 100 FW=NO VERSION v:123
6/08/2020 10:06:36 AM,252 Event OK
6/08/2020 10:06:36 AM,EVENT 49654 1596708377 -310143198/1219231220/3048/5/2 SIGNON 2531 03d1f6d6 OK_CL 26 170494 0 v:123
6/08/2020 10:06:36 AM,252 Event OK
6/08/2020 10:06:36 AM,EVENT 49655 1596708383 -310143201/1219231117/2394/5/1 CHECKLIST 49654 OK 0 7 432 F v:123
6/08/2020 10:06:36 AM,252 Event OK
6/08/2020 10:06:36 AM,EVENT 49656 1596708388 -310143238/1219231216/1967/5/0 CONFIG v:124
6/08/2020 10:06:36 AM,252 Event OK
6/08/2020 10:06:37 AM,EVENT 49657 1596708389 -310143247/1219231241/1855/5/0 INPUT 4 1 0 v:123
6/08/2020 10:06:37 AM,252 Event OK
6/08/2020 10:06:37 AM,EVENT 49658 1596708390 -310143250/1219231253/1818/5/0 INPUT 1 0 30 v:123
6/08/2020 10:06:37 AM,252 Event OK
6/08/2020 10:06:37 AM,QUIT
6/08/2020 10:06:37 AM,221 Session ended - goodbye
6/08/2020 10:06:47 AM,UNIT 9279
6/08/2020 10:06:47 AM,333 CHAL 73954683
6/08/2020 10:06:47 AM,RESP CB90F12D
6/08/2020 10:06:47 AM,230 Auth OK
6/08/2020 10:06:48 AM,TIME
6/08/2020 10:06:48 AM,211 TIME 1596708408
6/08/2020 10:06:48 AM,EVCOUNT 2
6/08/2020 10:06:48 AM,252 Event OK
6/08/2020 10:06:49 AM,TODO
6/08/2020 10:06:49 AM,226 Nothing to do
6/08/2020 10:06:49 AM,PUT config_audit 1932 453B1A61
6/08/2020 10:06:49 AM,151 FILE config_audit 1932
6/08/2020 10:06:51 AM,Binary data received 1932 bytes
6/08/2020 10:06:51 AM,200 OK
6/08/2020 10:06:51 AM,EVENT 49659 1596708397 -310143206/1219231335/1383/5/0 INPUT 4 0 8 v:123
6/08/2020 10:06:51 AM,252 Event OK
6/08/2020 10:06:52 AM,EVENT 49660 1596708397 -310143206/1219231335/1383/5/0 INPUT 4 1 0 v:123
6/08/2020 10:06:52 AM,252 Event OK
6/08/2020 10:06:52 AM,QUIT
6/08/2020 10:06:52 AM,221 Session ended - goodbye
6/08/2020 10:07:01 AM,UNIT 9279
6/08/2020 10:07:01 AM,333 CHAL 7F9B9672
6/08/2020 10:07:02 AM,RESP 5F546402
6/08/2020 10:07:02 AM,230 Auth OK
6/08/2020 10:07:02 AM,TIME
6/08/2020 10:07:02 AM,211 TIME 1596708422
6/08/2020 10:07:03 AM,EVCOUNT 1
6/08/2020 10:07:03 AM,252 Event OK
6/08/2020 10:07:03 AM,TODO
6/08/2020 10:07:03 AM,226 Nothing to do
6/08/2020 10:07:04 AM,EVENT 49661 1596708411 -310142940/1219231348/971/5/5 INPUT 3 1 0 v:123
6/08/2020 10:07:04 AM,252 Event OK
6/08/2020 10:07:04 AM,QUIT
6/08/2020 10:07:04 AM,221 Session ended - goodbye
6/08/2020 10:08:16 AM,UNIT 9279
6/08/2020 10:08:16 AM,333 CHAL 7BFB825C
6/08/2020 10:08:16 AM,RESP 19477051
6/08/2020 10:08:16 AM,230 Auth OK
6/08/2020 10:08:17 AM,TIME
6/08/2020 10:08:17 AM,211 TIME 1596708497
6/08/2020 10:08:18 AM,EVCOUNT 3
6/08/2020 10:08:18 AM,252 Event OK
6/08/2020 10:08:18 AM,TODO
6/08/2020 10:08:18 AM,226 Nothing to do
6/08/2020 10:08:19 AM,EVENT 49662 1596708489 -310125189/1219231675/975/9/10 INPUT 3 0 78 v:124
6/08/2020 10:08:19 AM,252 Event OK
6/08/2020 10:08:20 AM,EVENT 49663 1596708490 -310125217/1219231545/974/9/7 INPUT 4 0 93 v:124
6/08/2020 10:08:20 AM,252 Event OK
6/08/2020 10:08:21 AM,EVENT 49664 1596708490 -310125217/1219231545/974/9/5 INPUT 4 1 0 v:124
6/08/2020 10:08:21 AM,252 Event OK
6/08/2020 10:08:22 AM,QUIT
6/08/2020 10:08:22 AM,221 Session ended - goodbye
6/08/2020 10:08:32 AM,UNIT 9279
6/08/2020 10:08:32 AM,333 CHAL 3E72844E
6/08/2020 10:08:32 AM,RESP CD0B27DE
6/08/2020 10:08:32 AM,230 Auth OK
6/08/2020 10:08:33 AM,TIME
6/08/2020 10:08:33 AM,211 TIME 1596708513
6/08/2020 10:08:33 AM,EVCOUNT 7
6/08/2020 10:08:33 AM,252 Event OK
6/08/2020 10:08:34 AM,TODO
6/08/2020 10:08:34 AM,226 Nothing to do
6/08/2020 10:08:34 AM,EVENT 49665 1596708499 -310125663/1219230238/975/9/6 INPUT 4 0 9 v:124
6/08/2020 10:08:34 AM,252 Event OK
6/08/2020 10:08:35 AM,EVENT 49666 1596708499 -310125663/1219230238/975/9/5 INPUT 4 1 0 v:124
6/08/2020 10:08:35 AM,252 Event OK
6/08/2020 10:08:36 AM,EVENT 49667 1596708500 -310125668/1219230250/981/9/2 INPUT 7 1 0 v:124
6/08/2020 10:08:36 AM,252 Event OK
6/08/2020 10:08:36 AM,EVENT 49668 1596708500 -310125668/1219230250/981/9/2 INPUT 8 0 140 v:124
6/08/2020 10:08:36 AM,252 Event OK
6/08/2020 10:08:37 AM,EVENT 49669 1596708501 -310125675/1219230268/988/9/0 INPUT 1 1 0 v:123
6/08/2020 10:08:37 AM,252 Event OK
6/08/2020 10:08:38 AM,EVENT 49670 1596708504 -310125692/1219230317/1006/9/0 TRIP 49654 78 37 8 8 123 v:123
6/08/2020 10:08:38 AM,252 Event OK
6/08/2020 10:08:38 AM,EVENT 49671 1596708505 -310125693/1219230324/1009/9/0 INPUT 4 0 5 v:123
6/08/2020 10:08:38 AM,252 Event OK
6/08/2020 10:08:39 AM,QUIT
6/08/2020 10:08:39 AM,221 Session ended - goodbye
6/08/2020 10:09:10 AM,UNIT 9279
6/08/2020 10:09:10 AM,333 CHAL 5EC53E9A
6/08/2020 10:09:11 AM,RESP 0804374D
6/08/2020 10:09:11 AM,230 Auth OK
6/08/2020 10:09:11 AM,TIME
6/08/2020 10:09:11 AM,211 TIME 1596708551
6/08/2020 10:09:12 AM,EVCOUNT 1
6/08/2020 10:09:12 AM,252 Event OK
6/08/2020 10:09:12 AM,TODO
6/08/2020 10:09:12 AM,226 Nothing to do
6/08/2020 10:09:13 AM,EVENT 49672 1596708544 -310125743/1219230424/1081/8/0 REPORT * 0 253 v:124
6/08/2020 10:09:13 AM,252 Event OK
6/08/2020 10:09:14 AM,QUIT
6/08/2020 10:09:14 AM,221 Session ended - goodbye
6/08/2020 10:27:30 AM,UNIT 9279
6/08/2020 10:27:30 AM,333 CHAL 41A65BD2
6/08/2020 10:27:31 AM,RESP 4A48EDA5
6/08/2020 10:27:31 AM,230 Auth OK
6/08/2020 10:27:31 AM,TIME
6/08/2020 10:27:31 AM,211 TIME 1596709651
6/08/2020 10:27:32 AM,EVCOUNT 3
6/08/2020 10:27:32 AM,252 Event OK
6/08/2020 10:27:32 AM,TODO
6/08/2020 10:27:32 AM,226 Nothing to do
6/08/2020 10:27:33 AM,EVENT 49673 1596709643 -310125773/1219230423/861/8/0 INPUT 8 1 0 v:124
6/08/2020 10:27:33 AM,252 Event OK
6/08/2020 10:27:34 AM,EVENT 49674 1596709643 -310125773/1219230423/861/8/0 INPUT 7 0 1143 v:124
6/08/2020 10:27:34 AM,252 Event OK
6/08/2020 10:27:34 AM,EVENT 49675 1596709644 -310125771/1219230430/861/8/0 DEBUG Time(BAD):1596709644->4294967295 v:124
6/08/2020 10:27:34 AM,252 Event OK
6/08/2020 10:27:35 AM,QUIT
6/08/2020 10:27:35 AM,221 Session ended - goodbye
6/08/2020 10:27:46 AM,UNIT 9279
6/08/2020 10:27:46 AM,333 CHAL 2D942FB5
6/08/2020 10:27:46 AM,RESP 16C045D3
6/08/2020 10:27:46 AM,230 Auth OK
6/08/2020 10:27:47 AM,TIME
6/08/2020 10:27:47 AM,211 TIME 1596709667
6/08/2020 10:27:47 AM,EVCOUNT 4
6/08/2020 10:27:47 AM,252 Event OK
6/08/2020 10:27:48 AM,TODO
6/08/2020 10:27:48 AM,226 Nothing to do
6/08/2020 10:27:49 AM,EVENT 49676 1596709652 -310125786/1219230464/874/8/0 SIGNON 2531 03d1f6d6 OK 26 170494 0 v:124
6/08/2020 10:27:49 AM,252 Event OK
6/08/2020 10:27:49 AM,EVENT 49677 1596709658 -310125802/1219230456/881/7/0 INPUT 1 0 1157 v:123
6/08/2020 10:27:49 AM,252 Event OK
6/08/2020 10:27:50 AM,EVENT 49678 1596709658 -310125802/1219230456/881/7/0 INPUT 4 1 0 v:123
6/08/2020 10:27:50 AM,252 Event OK
6/08/2020 10:27:51 AM,EVENT 49679 1596709662 -310125770/1219230551/893/7/0 INPUT 4 0 4 v:124
6/08/2020 10:27:51 AM,252 Event OK
6/08/2020 10:27:52 AM,EVENT 49680 1596709662 -310125770/1219230551/893/7/0 INPUT 4 1 0 v:124
6/08/2020 10:27:52 AM,252 Event OK
6/08/2020 10:27:53 AM,QUIT
6/08/2020 10:27:53 AM,221 Session ended - goodbye
6/08/2020 10:28:13 AM,UNIT 9279
6/08/2020 10:28:13 AM,333 CHAL 79493BF1
6/08/2020 10:28:13 AM,RESP A919CB41
6/08/2020 10:28:13 AM,230 Auth OK
6/08/2020 10:28:14 AM,TIME
6/08/2020 10:28:14 AM,211 TIME 1596709694
6/08/2020 10:28:14 AM,EVCOUNT 1
6/08/2020 10:28:14 AM,252 Event OK
6/08/2020 10:28:15 AM,TODO
6/08/2020 10:28:15 AM,226 Nothing to do
6/08/2020 10:28:15 AM,EVENT 49681 1596709686 -310124912/1219232063/902/6/7 INPUT 3 1 0 v:124
6/08/2020 10:28:15 AM,252 Event OK
6/08/2020 10:28:16 AM,QUIT
6/08/2020 10:28:16 AM,221 Session ended - goodbye
6/08/2020 8:35:01 PM,UNIT 9279
6/08/2020 8:35:01 PM,333 CHAL B0F682A
6/08/2020 8:35:02 PM,RESP C68C09A9
6/08/2020 8:35:02 PM,230 Auth OK
6/08/2020 8:35:02 PM,TIME
6/08/2020 8:35:02 PM,211 TIME 1596746102
6/08/2020 8:35:02 PM,EVCOUNT 158
6/08/2020 8:35:02 PM,252 Event OK
6/08/2020 8:35:03 PM,TODO
6/08/2020 8:35:03 PM,226 Nothing to do
6/08/2020 8:35:03 PM,EVENT 49682 1596709730 -310120576/1219229971/858/0/11 INPUT 3 0 45 v:124
6/08/2020 8:35:03 PM,252 Event OK
6/08/2020 8:35:05 PM,EVENT 49683 1596709733 -310120865/1219229626/868/0/5 INPUT 4 0 71 v:124
6/08/2020 8:35:05 PM,252 Event OK
6/08/2020 8:35:06 PM,EVENT 49684 1596709733 -310120865/1219229626/868/0/4 INPUT 4 1 0 v:124
6/08/2020 8:35:06 PM,252 Event OK
6/08/2020 8:35:08 PM,EVENT 49685 1596709734 -310120875/1219229612/868/0/3 INPUT 7 1 0 v:124
6/08/2020 8:35:08 PM,252 Event OK
6/08/2020 8:35:11 PM,EVENT 49686 1596709734 -310120875/1219229612/868/0/3 INPUT 8 0 91 v:124
6/08/2020 8:35:11 PM,252 Event OK
6/08/2020 8:35:12 PM,EVENT 49687 1596709735 -310120877/1219229610/869/0/0 INPUT 1 1 0 v:123
6/08/2020 8:35:12 PM,252 Event OK
6/08/2020 8:35:16 PM,EVENT 49688 1596709736 -310120877/1219229608/867/0/0 INPUT 4 0 3 v:123
6/08/2020 8:35:16 PM,252 Event OK
6/08/2020 8:35:16 PM,EVENT 49689 1596709738 -310120872/1219229606/851/0/0 TRIP 49676 45 33 9 7 87 v:123
6/08/2020 8:35:16 PM,252 Event OK
6/08/2020 8:35:19 PM,EVENT 49690 1596709904 -310120919/1219229345/837/0/0 INPUT 8 1 0 v:123
6/08/2020 8:35:19 PM,252 Event OK
6/08/2020 8:35:20 PM,EVENT 49691 1596709905 -310120919/1219229351/838/0/0 INPUT 7 0 171 v:123
6/08/2020 8:35:20 PM,252 Event OK
6/08/2020 8:35:24 PM,EVENT 49692 1596709913 -310120927/1219229491/847/0/0 SIGNON 2531 03d1f6d6 OK 26 170494 0 v:123
6/08/2020 8:35:24 PM,252 Event OK
6/08/2020 8:35:25 PM,EVENT 49693 1596709920 -310120918/1219229565/836/0/0 INPUT 1 0 185 v:124
6/08/2020 8:35:25 PM,252 Event OK
6/08/2020 8:35:25 PM,EVENT 49694 1596709920 -310120914/1219229571/836/0/0 INPUT 4 1 0 v:124
6/08/2020 8:35:25 PM,252 Event OK
6/08/2020 8:35:27 PM,EVENT 49695 1596709961 -310121140/1219229067/798/8/7 INPUT 3 1 0 v:124
6/08/2020 8:35:27 PM,252 Event OK
6/08/2020 8:35:28 PM,EVENT 49696 1596710374 0/0/0/0/22 REPORT 49692 0 0 v:124
6/08/2020 8:35:28 PM,252 Event OK
6/08/2020 8:35:29 PM,EVENT 49697 1596711023 0/0/0/0/11 INPUT 3 0 1063 v:124
6/08/2020 8:35:29 PM,252 Event OK
6/08/2020 8:35:29 PM,EVENT 49698 1596711051 0/0/0/0/0 INPUT 4 0 1131 v:124
6/08/2020 8:35:29 PM,252 Event OK
6/08/2020 8:35:30 PM,EVENT 49699 1596711051 0/0/0/0/0 INPUT 4 1 0 v:124
6/08/2020 8:35:30 PM,252 Event OK
6/08/2020 8:35:30 PM,EVENT 49700 1596711108 0/0/0/0/6 INPUT 4 0 57 v:124
6/08/2020 8:35:30 PM,252 Event OK
6/08/2020 8:35:31 PM,EVENT 49701 1596711108 0/0/0/0/5 INPUT 4 1 0 v:124
6/08/2020 8:35:31 PM,252 Event OK
6/08/2020 8:35:34 PM,EVENT 49702 1596711112 0/0/0/0/6 INPUT 3 1 0 v:124
6/08/2020 8:35:34 PM,252 Event OK
6/08/2020 8:35:36 PM,EVENT 49703 1596711195 0/0/0/0/12 INPUT 3 0 84 v:124
6/08/2020 8:35:36 PM,252 Event OK
6/08/2020 8:35:37 PM,EVENT 49704 1596711207 0/0/0/0/3 INPUT 4 0 99 v:124
6/08/2020 8:35:37 PM,252 Event OK
6/08/2020 8:35:43 PM,EVENT 49705 1596711207 0/0/0/0/3 INPUT 4 1 0 v:124
6/08/2020 8:35:43 PM,252 Event OK
6/08/2020 8:35:48 PM,EVENT 49706 1596711216 0/0/0/99/0 INPUT 4 0 9 v:124
6/08/2020 8:35:48 PM,252 Event OK
6/08/2020 8:35:51 PM,EVENT 49707 1596711216 0/0/0/99/0 INPUT 4 1 0 v:124
6/08/2020 8:35:51 PM,252 Event OK
6/08/2020 8:35:56 PM,EVENT 49708 1596711220 0/0/0/99/3 INPUT 3 1 0 v:124
6/08/2020 8:35:56 PM,252 Event OK
6/08/2020 8:35:56 PM,EVENT 49709 1596711248 0/0/0/0/16 INPUT 3 0 29 v:124
6/08/2020 8:35:56 PM,252 Event OK
6/08/2020 8:35:57 PM,EVENT 49710 1596711252 0/0/0/0/0 INPUT 4 0 36 v:124
6/08/2020 8:35:57 PM,252 Event OK
6/08/2020 8:35:57 PM,EVENT 49711 1596711252 0/0/0/0/0 INPUT 4 1 0 v:124
6/08/2020 8:35:57 PM,252 Event OK
6/08/2020 8:35:57 PM,EVENT 49712 1596711266 0/0/0/0/6 INPUT 3 1 0 v:124
6/08/2020 8:35:57 PM,252 Event OK
6/08/2020 8:35:58 PM,EVENT 49713 1596711281 0/0/0/0/13 INPUT 3 0 14 v:124
6/08/2020 8:35:58 PM,252 Event OK
6/08/2020 8:35:58 PM,EVENT 49714 1596711285 0/0/0/0/0 INPUT 4 0 33 v:124
6/08/2020 8:35:58 PM,252 Event OK
6/08/2020 8:35:59 PM,EVENT 49715 1596711285 0/0/0/0/0 INPUT 4 1 0 v:124
6/08/2020 8:35:59 PM,252 Event OK
6/08/2020 8:35:59 PM,EVENT 49716 1596711314 0/0/0/0/7 INPUT 3 1 0 v:124
6/08/2020 8:35:59 PM,252 Event OK
6/08/2020 8:35:59 PM,EVENT 49717 1596711511 0/0/0/0/16 INPUT 3 0 196 v:124
6/08/2020 8:35:59 PM,252 Event OK
6/08/2020 8:36:00 PM,EVENT 49718 1596711579 0/0/0/0/5 INPUT 3 1 0 v:124
6/08/2020 8:36:00 PM,252 Event OK
6/08/2020 8:36:00 PM,EVENT 49719 1596711587 0/0/0/0/14 INPUT 3 0 7 v:124
6/08/2020 8:36:00 PM,252 Event OK
6/08/2020 8:36:00 PM,EVENT 49720 1596711599 0/0/0/0/5 INPUT 3 1 0 v:124
6/08/2020 8:36:00 PM,252 Event OK
6/08/2020 8:36:01 PM,EVENT 49721 1596711612 0/0/0/0/10 INPUT 3 0 14 v:124
6/08/2020 8:36:01 PM,252 Event OK
6/08/2020 8:36:01 PM,EVENT 49722 1596711633 0/0/0/0/0 INPUT 4 0 348 v:124
6/08/2020 8:36:01 PM,252 Event OK
6/08/2020 8:36:02 PM,EVENT 49723 1596711633 0/0/0/0/0 INPUT 4 1 0 v:124
6/08/2020 8:36:02 PM,252 Event OK
6/08/2020 8:36:02 PM,EVENT 49724 1596711645 0/0/0/0/4 INPUT 3 1 0 v:124
6/08/2020 8:36:02 PM,252 Event OK
6/08/2020 8:36:02 PM,EVENT 49725 1596711654 0/0/0/0/10 INPUT 3 0 8 v:124
6/08/2020 8:36:02 PM,252 Event OK
6/08/2020 8:36:03 PM,EVENT 49726 1596711665 0/0/0/0/0 INPUT 7 1 0 v:124
6/08/2020 8:36:03 PM,252 Event OK
6/08/2020 8:36:03 PM,EVENT 49727 1596711665 0/0/0/0/0 INPUT 8 0 1761 v:124
6/08/2020 8:36:03 PM,252 Event OK
6/08/2020 8:36:03 PM,EVENT 49728 1596711665 0/0/0/0/0 INPUT 1 1 0 v:124
6/08/2020 8:36:03 PM,252 Event OK
6/08/2020 8:36:04 PM,EVENT 49729 1596711667 0/0/0/0/0 INPUT 4 0 34 v:124
6/08/2020 8:36:04 PM,252 Event OK
6/08/2020 8:36:04 PM,EVENT 49730 1596711669 0/0/0/0/0 TRIP 49692 1415 332 10 8 1757 v:124
6/08/2020 8:36:04 PM,252 Event OK
6/08/2020 8:36:04 PM,EVENT 49731 1596743293 0/0/0/0/0 SWSTART OpusFC 5.0.58.517 R v:123
6/08/2020 8:36:04 PM,252 Event OK
6/08/2020 8:36:05 PM,EVENT 49732 1596711669 0/0/0/0/0 POWERDOWN v:124
6/08/2020 8:36:05 PM,252 Event OK
6/08/2020 8:36:05 PM,EVENT 49733 1596743293 0/0/0/0/0 INPUT 1 1 0 v:123
6/08/2020 8:36:05 PM,252 Event OK
6/08/2020 8:36:06 PM,EVENT 49734 1596743293 0/0/0/0/0 INPUT 2 0 0 v:123
6/08/2020 8:36:06 PM,252 Event OK
6/08/2020 8:36:06 PM,EVENT 49735 1596743293 0/0/0/0/0 INPUT 3 0 0 v:123
6/08/2020 8:36:06 PM,252 Event OK
6/08/2020 8:36:06 PM,EVENT 49736 1596743293 0/0/0/0/0 INPUT 4 0 0 v:123
6/08/2020 8:36:06 PM,252 Event OK
6/08/2020 8:36:07 PM,EVENT 49737 1596743293 0/0/0/0/0 INPUT 7 0 0 v:123
6/08/2020 8:36:07 PM,252 Event OK
6/08/2020 8:36:07 PM,EVENT 49738 1596743293 0/0/0/0/0 INPUT 8 1 0 v:123
6/08/2020 8:36:07 PM,252 Event OK
6/08/2020 8:36:07 PM,EVENT 49739 1596743295 0/0/0/0/0 ZONE_OK 2 100 FW=NO VERSION v:123
6/08/2020 8:36:07 PM,252 Event OK
6/08/2020 8:36:08 PM,EVENT 49740 1596743304 0/0/0/0/0 SIGNON 2531 03d1f6d6 OK 26 170494 0 v:123
6/08/2020 8:36:08 PM,252 Event OK
6/08/2020 8:36:08 PM,EVENT 49741 1596743312 0/0/0/99/0 INPUT 7 1 0 v:124
6/08/2020 8:36:08 PM,252 Event OK
6/08/2020 8:36:11 PM,EVENT 49742 1596743313 0/0/0/99/0 INPUT 7 0 1 v:124
6/08/2020 8:36:11 PM,252 Event OK
6/08/2020 8:36:11 PM,EVENT 49743 1596743313 0/0/0/99/0 INPUT 1 0 20 v:124
6/08/2020 8:36:11 PM,252 Event OK
6/08/2020 8:36:13 PM,EVENT 49744 1596743314 0/0/0/99/0 INPUT 4 1 0 v:124
6/08/2020 8:36:13 PM,252 Event OK
6/08/2020 8:36:13 PM,EVENT 49745 1596743328 0/0/0/0/0 INPUT 4 0 15 v:123
6/08/2020 8:36:13 PM,252 Event OK
6/08/2020 8:36:13 PM,EVENT 49746 1596743328 0/0/0/0/0 INPUT 4 1 0 v:123
6/08/2020 8:36:13 PM,252 Event OK
6/08/2020 8:36:13 PM,EVENT 49747 1596743339 0/0/0/0/0 INPUT 4 0 11 v:123
6/08/2020 8:36:13 PM,252 Event OK
6/08/2020 8:36:20 PM,EVENT 49748 1596743339 0/0/0/0/0 INPUT 4 1 0 v:123
6/08/2020 8:36:20 PM,252 Event OK
6/08/2020 8:36:20 PM,EVENT 49749 1596743343 0/0/0/0/0 INPUT 4 0 4 v:123
6/08/2020 8:36:20 PM,252 Event OK
6/08/2020 8:36:21 PM,EVENT 49750 1596743343 0/0/0/0/0 INPUT 4 1 0 v:123
6/08/2020 8:36:21 PM,252 Event OK
6/08/2020 8:36:21 PM,EVENT 49751 1596743412 0/0/0/0/7 INPUT 3 1 0 v:124
6/08/2020 8:36:21 PM,252 Event OK
6/08/2020 8:36:21 PM,EVENT 49752 1596743432 0/0/0/0/9 INPUT 3 0 21 v:124
6/08/2020 8:36:21 PM,252 Event OK
6/08/2020 8:36:22 PM,EVENT 49753 1596743474 0/0/0/0/5 INPUT 3 1 0 v:124
6/08/2020 8:36:22 PM,252 Event OK
6/08/2020 8:36:22 PM,EVENT 49754 1596743476 0/0/0/0/10 INPUT 3 0 3 v:124
6/08/2020 8:36:22 PM,252 Event OK
6/08/2020 8:36:22 PM,EVENT 49755 1596743506 0/0/0/0/1 INPUT 4 0 163 v:124
6/08/2020 8:36:22 PM,252 Event OK
6/08/2020 8:36:23 PM,EVENT 49756 1596743506 0/0/0/0/2 INPUT 4 1 0 v:124
6/08/2020 8:36:23 PM,252 Event OK
6/08/2020 8:36:23 PM,EVENT 49757 1596743512 0/0/0/0/0 INPUT 4 0 6 v:124
6/08/2020 8:36:23 PM,252 Event OK
6/08/2020 8:36:23 PM,EVENT 49758 1596743512 0/0/0/0/0 INPUT 4 1 0 v:124
6/08/2020 8:36:23 PM,252 Event OK
6/08/2020 8:36:23 PM,EVENT 49759 1596743516 0/0/0/0/4 INPUT 3 1 0 v:124
6/08/2020 8:36:23 PM,252 Event OK
6/08/2020 8:36:24 PM,EVENT 49760 1596743517 0/0/0/0/9 INPUT 3 0 1 v:124
6/08/2020 8:36:24 PM,252 Event OK
6/08/2020 8:36:24 PM,EVENT 49761 1596743519 0/0/0/0/1 INPUT 4 0 7 v:124
6/08/2020 8:36:24 PM,252 Event OK
6/08/2020 8:36:24 PM,EVENT 49762 1596743520 0/0/0/0/0 INPUT 4 1 0 v:124
6/08/2020 8:36:24 PM,252 Event OK
6/08/2020 8:36:25 PM,EVENT 49763 1596743542 0/0/0/0/0 INPUT 7 1 0 v:124
6/08/2020 8:36:25 PM,252 Event OK
6/08/2020 8:36:25 PM,EVENT 49764 1596743542 0/0/0/0/0 INPUT 8 0 249 v:124
6/08/2020 8:36:25 PM,252 Event OK
6/08/2020 8:36:25 PM,EVENT 49765 1596743544 0/0/0/0/0 INPUT 1 1 0 v:124
6/08/2020 8:36:25 PM,252 Event OK
6/08/2020 8:36:26 PM,EVENT 49766 1596743545 0/0/0/0/0 INPUT 4 0 26 v:123
6/08/2020 8:36:26 PM,252 Event OK
6/08/2020 8:36:26 PM,EVENT 49767 1596743547 0/0/0/0/0 TRIP 49740 25 207 12 10 244 v:123
6/08/2020 8:36:26 PM,252 Event OK
6/08/2020 8:36:26 PM,EVENT 49768 1596743600 0/0/0/0/0 REPORT * 0 0 v:124
6/08/2020 8:36:26 PM,252 Event OK
6/08/2020 8:36:27 PM,EVENT 49769 1596743984 0/0/0/99/0 INPUT 8 1 0 v:124
6/08/2020 8:36:27 PM,252 Event OK
6/08/2020 8:36:27 PM,EVENT 49770 1596743985 0/0/0/99/0 INPUT 7 0 442 v:124
6/08/2020 8:36:27 PM,252 Event OK
6/08/2020 8:36:27 PM,EVENT 49771 1596743992 0/0/0/99/0 SIGNON 2531 03d1f6d6 OK 26 170494 0 v:124
6/08/2020 8:36:27 PM,252 Event OK
6/08/2020 8:36:28 PM,EVENT 49772 1596743997 0/0/0/99/0 INPUT 3 1 0 v:124
6/08/2020 8:36:28 PM,252 Event OK
6/08/2020 8:36:28 PM,EVENT 49773 1596743998 0/0/0/99/14 INPUT 1 0 455 v:124
6/08/2020 8:36:28 PM,252 Event OK
6/08/2020 8:36:29 PM,EVENT 49774 1596743999 0/0/0/99/24 INPUT 4 1 0 v:124
6/08/2020 8:36:29 PM,252 Event OK
6/08/2020 8:36:29 PM,EVENT 49775 1596743999 0/0/0/0/29 INPUT 3 0 2 v:124
6/08/2020 8:36:29 PM,252 Event OK
6/08/2020 8:36:29 PM,EVENT 49776 1596744002 0/0/0/0/6 INPUT 3 1 0 v:123
6/08/2020 8:36:29 PM,252 Event OK
6/08/2020 8:36:30 PM,EVENT 49777 1596744039 0/0/0/0/10 INPUT 3 0 37 v:124
6/08/2020 8:36:30 PM,252 Event OK
6/08/2020 8:36:30 PM,EVENT 49778 1596744048 0/0/0/0/7 INPUT 3 1 0 v:124
6/08/2020 8:36:30 PM,252 Event OK
6/08/2020 8:36:30 PM,EVENT 49779 1596744062 0/0/0/0/11 INPUT 3 0 15 v:124
6/08/2020 8:36:30 PM,252 Event OK
6/08/2020 8:36:31 PM,EVENT 49780 1596744071 0/0/0/0/5 INPUT 4 0 73 v:124
6/08/2020 8:36:31 PM,252 Event OK
6/08/2020 8:36:31 PM,EVENT 49781 1596744071 0/0/0/0/4 INPUT 4 1 0 v:124
6/08/2020 8:36:31 PM,252 Event OK
6/08/2020 8:36:31 PM,EVENT 49782 1596744084 0/0/0/0/6 INPUT 3 1 0 v:124
6/08/2020 8:36:31 PM,252 Event OK
6/08/2020 8:36:32 PM,EVENT 49783 1596744094 0/0/0/0/10 INPUT 3 0 10 v:124
6/08/2020 8:36:32 PM,252 Event OK
6/08/2020 8:36:32 PM,EVENT 49784 1596744098 0/0/0/0/1 INPUT 4 0 27 v:124
6/08/2020 8:36:32 PM,252 Event OK
6/08/2020 8:36:32 PM,EVENT 49785 1596744098 0/0/0/0/1 INPUT 4 1 0 v:124
6/08/2020 8:36:32 PM,252 Event OK
6/08/2020 8:36:33 PM,EVENT 49786 1596744167 0/0/0/0/7 INPUT 3 1 0 v:124
6/08/2020 8:36:33 PM,252 Event OK
6/08/2020 8:36:33 PM,EVENT 49787 1596744219 0/0/0/0/9 INPUT 3 0 53 v:124
6/08/2020 8:36:33 PM,252 Event OK
6/08/2020 8:36:33 PM,EVENT 49788 1596744220 0/0/0/0/8 INPUT 3 1 0 v:124
6/08/2020 8:36:33 PM,252 Event OK
6/08/2020 8:36:34 PM,EVENT 49789 1596744222 0/0/0/0/9 INPUT 3 0 2 v:124
6/08/2020 8:36:34 PM,252 Event OK
6/08/2020 8:36:34 PM,EVENT 49790 1596744223 0/0/0/0/8 INPUT 3 1 0 v:124
6/08/2020 8:36:34 PM,252 Event OK
6/08/2020 8:36:34 PM,EVENT 49791 1596744223 0/0/0/0/8 INPUT 3 0 1 v:124
6/08/2020 8:36:34 PM,252 Event OK
6/08/2020 8:36:35 PM,EVENT 49792 1596744228 0/0/0/0/0 INPUT 4 0 130 v:124
6/08/2020 8:36:35 PM,252 Event OK
6/08/2020 8:36:35 PM,EVENT 49793 1596744229 0/0/0/0/0 INPUT 4 1 0 v:124
6/08/2020 8:36:35 PM,252 Event OK
6/08/2020 8:36:35 PM,EVENT 49794 1596744266 0/0/0/0/0 INPUT 4 0 38 v:124
6/08/2020 8:36:35 PM,252 Event OK
6/08/2020 8:36:36 PM,EVENT 49795 1596744266 0/0/0/0/0 INPUT 4 1 0 v:124
6/08/2020 8:36:36 PM,252 Event OK
6/08/2020 8:36:36 PM,EVENT 49796 1596744308 0/0/0/0/0 INPUT 4 0 42 v:124
6/08/2020 8:36:36 PM,252 Event OK
6/08/2020 8:36:36 PM,EVENT 49797 1596744308 0/0/0/0/0 INPUT 4 1 0 v:124
6/08/2020 8:36:36 PM,252 Event OK
6/08/2020 8:36:37 PM,EVENT 49798 1596744318 0/0/0/0/7 INPUT 3 1 0 v:124
6/08/2020 8:36:37 PM,252 Event OK
6/08/2020 8:36:37 PM,EVENT 49799 1596744333 0/0/0/99/9 INPUT 3 0 16 v:124
6/08/2020 8:36:37 PM,252 Event OK
6/08/2020 8:36:38 PM,EVENT 49800 1596744335 0/0/0/99/7 INPUT 4 0 27 v:124
6/08/2020 8:36:38 PM,252 Event OK
6/08/2020 8:36:38 PM,EVENT 49801 1596744335 0/0/0/99/6 INPUT 4 1 0 v:124
6/08/2020 8:36:38 PM,252 Event OK
6/08/2020 8:36:38 PM,EVENT 49802 1596744371 0/0/0/0/3 INPUT 4 0 36 v:124
6/08/2020 8:36:38 PM,252 Event OK
6/08/2020 8:36:38 PM,EVENT 49803 1596744371 0/0/0/0/3 INPUT 4 1 0 v:124
6/08/2020 8:36:38 PM,252 Event OK
6/08/2020 8:36:39 PM,EVENT 49804 1596744469 0/0/0/0/8 INPUT 3 1 0 v:124
6/08/2020 8:36:39 PM,252 Event OK
6/08/2020 8:36:39 PM,EVENT 49805 1596744474 0/0/0/0/9 INPUT 3 0 5 v:124
6/08/2020 8:36:39 PM,252 Event OK
6/08/2020 8:36:39 PM,EVENT 49806 1596744485 0/0/0/0/0 INPUT 4 0 114 v:124
6/08/2020 8:36:39 PM,252 Event OK
6/08/2020 8:36:40 PM,EVENT 49807 1596744485 0/0/0/0/0 INPUT 4 1 0 v:124
6/08/2020 8:36:40 PM,252 Event OK
6/08/2020 8:36:40 PM,EVENT 49808 1596744566 0/0/0/0/3 INPUT 4 0 81 v:124
6/08/2020 8:36:40 PM,252 Event OK
6/08/2020 8:36:40 PM,EVENT 49809 1596744566 0/0/0/0/3 INPUT 4 1 0 v:124
6/08/2020 8:36:40 PM,252 Event OK
6/08/2020 8:36:41 PM,EVENT 49810 1596744578 0/0/0/0/8 INPUT 3 1 0 v:124
6/08/2020 8:36:41 PM,252 Event OK
6/08/2020 8:36:41 PM,EVENT 49811 1596744580 0/0/0/0/9 INPUT 3 0 2 v:124
6/08/2020 8:36:41 PM,252 Event OK
6/08/2020 8:36:41 PM,EVENT 49812 1596744581 0/0/0/0/6 INPUT 3 1 0 v:124
6/08/2020 8:36:41 PM,252 Event OK
6/08/2020 8:36:42 PM,EVENT 49813 1596744582 0/0/0/0/8 INPUT 3 0 0 v:124
6/08/2020 8:36:42 PM,252 Event OK
6/08/2020 8:36:42 PM,EVENT 49814 1596744589 0/0/0/0/6 INPUT 3 1 0 v:124
6/08/2020 8:36:42 PM,252 Event OK
6/08/2020 8:36:42 PM,EVENT 49815 1596744594 0/0/0/0/9 INPUT 3 0 4 v:124
6/08/2020 8:36:42 PM,252 Event OK
6/08/2020 8:36:43 PM,EVENT 49816 1596744595 0/0/0/0/8 INPUT 3 1 0 v:124
6/08/2020 8:36:43 PM,252 Event OK
6/08/2020 8:36:43 PM,EVENT 49817 1596744709 0/0/0/0/13 INPUT 3 0 114 v:124
6/08/2020 8:36:43 PM,252 Event OK
6/08/2020 8:36:43 PM,EVENT 49818 1596744713 0/0/0/0/0 INPUT 4 0 147 v:124
6/08/2020 8:36:43 PM,252 Event OK
6/08/2020 8:36:44 PM,EVENT 49819 1596744713 0/0/0/0/0 INPUT 4 1 0 v:124
6/08/2020 8:36:44 PM,252 Event OK
6/08/2020 8:36:44 PM,EVENT 49820 1596744721 0/0/0/0/0 INPUT 4 0 8 v:124
6/08/2020 8:36:44 PM,252 Event OK
6/08/2020 8:36:44 PM,EVENT 49821 1596744721 0/0/0/0/0 INPUT 4 1 0 v:124
6/08/2020 8:36:44 PM,252 Event OK
6/08/2020 8:36:45 PM,EVENT 49822 1596744724 0/0/0/0/6 INPUT 3 1 0 v:124
6/08/2020 8:36:45 PM,252 Event OK
6/08/2020 8:36:45 PM,EVENT 49823 1596744725 0/0/0/0/9 INPUT 3 0 1 v:124
6/08/2020 8:36:45 PM,252 Event OK
6/08/2020 8:36:45 PM,EVENT 49824 1596744726 0/0/0/0/8 INPUT 3 1 0 v:124
6/08/2020 8:36:45 PM,252 Event OK
6/08/2020 8:36:46 PM,EVENT 49825 1596744775 0/0/0/0/10 INPUT 3 0 50 v:124
6/08/2020 8:36:46 PM,252 Event OK
6/08/2020 8:36:46 PM,EVENT 49826 1596744779 0/0/0/0/0 INPUT 4 0 58 v:124
6/08/2020 8:36:46 PM,252 Event OK
6/08/2020 8:36:46 PM,EVENT 49827 1596744779 0/0/0/0/0 INPUT 4 1 0 v:124
6/08/2020 8:36:46 PM,252 Event OK
6/08/2020 8:36:47 PM,EVENT 49828 1596744787 0/0/0/0/6 INPUT 3 1 0 v:124
6/08/2020 8:36:47 PM,252 Event OK
6/08/2020 8:36:47 PM,EVENT 49829 1596744817 0/0/0/0/12 INPUT 3 0 31 v:124
6/08/2020 8:36:47 PM,252 Event OK
6/08/2020 8:36:47 PM,EVENT 49830 1596744909 0/0/0/0/5 INPUT 3 1 0 v:124
6/08/2020 8:36:47 PM,252 Event OK
6/08/2020 8:36:48 PM,EVENT 49831 1596745430 0/0/0/0/20 REPORT 49771 0 0 v:124
6/08/2020 8:36:48 PM,252 Event OK
6/08/2020 8:36:48 PM,EVENT 49832 1596745487 0/0/0/0/11 INPUT 3 0 577 v:124
6/08/2020 8:36:48 PM,252 Event OK
6/08/2020 8:36:48 PM,EVENT 49833 1596745694 0/0/0/0/8 INPUT 3 1 0 v:124
6/08/2020 8:36:48 PM,252 Event OK
6/08/2020 8:36:49 PM,EVENT 49834 1596746066 0/0/0/99/10 INPUT 3 0 372 v:124
6/08/2020 8:36:49 PM,252 Event OK
6/08/2020 8:36:49 PM,EVENT 49835 1596746070 -310121715/1219229350/3002/99/4 INPUT 7 1 0 v:124
6/08/2020 8:36:49 PM,252 Event OK
6/08/2020 8:36:49 PM,EVENT 49836 1596746070 -310121715/1219229350/3002/99/4 INPUT 8 0 2086 v:124
6/08/2020 8:36:49 PM,252 Event OK
6/08/2020 8:36:50 PM,EVENT 49837 1596746071 -310121734/1219229358/2709/99/2 INPUT 1 1 0 v:124
6/08/2020 8:36:50 PM,252 Event OK
6/08/2020 8:36:50 PM,EVENT 49838 1596746071 -310121755/1219229349/2573/99/1 INPUT 4 0 1292 v:124
6/08/2020 8:36:50 PM,252 Event OK
6/08/2020 8:36:50 PM,EVENT 49839 1596746074 -310121879/1219229301/2055/99/0 TRIP 49771 1292 782 9 6 2083 v:124
6/08/2020 8:36:50 PM,252 Event OK
6/08/2020 8:36:51 PM,QUIT
6/08/2020 8:36:51 PM,221 Session ended - goodbye
6/08/2020 9:00:22 PM,UNIT 9279
6/08/2020 9:00:22 PM,333 CHAL 5A7BAE03
6/08/2020 9:00:34 PM,RESP 59508C02
6/08/2020 9:00:34 PM,230 Auth OK
6/08/2020 9:00:34 PM,TIME
6/08/2020 9:00:34 PM,211 TIME 1596747634
6/08/2020 9:00:35 PM,EVCOUNT 8
6/08/2020 9:00:35 PM,252 Event OK
6/08/2020 9:00:35 PM,TODO
6/08/2020 9:00:35 PM,226 Nothing to do
6/08/2020 9:00:35 PM,EVENT 49840 1596747592 -310121576/1219229297/844/0/0 INPUT 8 1 0 v:124
6/08/2020 9:00:35 PM,252 Event OK
6/08/2020 9:00:36 PM,EVENT 49841 1596747592 -310121576/1219229297/844/0/0 INPUT 7 0 1522 v:124
6/08/2020 9:00:36 PM,252 Event OK
6/08/2020 9:00:36 PM,EVENT 49842 1596747602 -310121592/1219229274/825/0/0 SIGNON 2531 03d1f6d6 OK 26 170494 0 v:124
6/08/2020 9:00:36 PM,252 Event OK
6/08/2020 9:00:36 PM,EVENT 49843 1596747610 -310121590/1219229285/834/0/0 INPUT 1 0 1540 v:124
6/08/2020 9:00:36 PM,252 Event OK
6/08/2020 9:00:36 PM,EVENT 49844 1596747611 -310121590/1219229285/834/0/0 INPUT 4 1 0 v:124
6/08/2020 9:00:36 PM,252 Event OK
6/08/2020 9:00:37 PM,EVENT 49845 1596747617 -310121581/1219229292/845/0/0 INPUT 4 0 7 v:123
6/08/2020 9:00:37 PM,252 Event OK
6/08/2020 9:00:37 PM,EVENT 49846 1596747617 -310121579/1219229293/845/0/0 INPUT 4 1 0 v:123
6/08/2020 9:00:37 PM,252 Event OK
6/08/2020 9:00:38 PM,EVENT 49847 1596747626 -310121588/1219229264/838/0/0 REPORT 49842 0 71 v:124
6/08/2020 9:00:38 PM,252 Event OK
6/08/2020 9:00:38 PM,QUIT
6/08/2020 9:00:38 PM,221 Session ended - goodbye
6/08/2020 9:01:02 PM,UNIT 9279
6/08/2020 9:01:02 PM,333 CHAL 74A71BB4
6/08/2020 9:01:03 PM,RESP C3E8EBAE
6/08/2020 9:01:03 PM,230 Auth OK
6/08/2020 9:01:03 PM,TIME
6/08/2020 9:01:03 PM,211 TIME 1596747663
6/08/2020 9:01:04 PM,EVCOUNT 3
6/08/2020 9:01:04 PM,252 Event OK
6/08/2020 9:01:05 PM,TODO
6/08/2020 9:01:05 PM,226 Nothing to do
6/08/2020 9:01:05 PM,EVENT 49848 1596747650 -310121169/1219229644/853/0/3 INPUT 3 1 0 v:124
6/08/2020 9:01:05 PM,252 Event OK
6/08/2020 9:01:06 PM,EVENT 49849 1596747652 -310120759/1219230163/872/0/10 INPUT 3 0 2 v:124
6/08/2020 9:01:06 PM,252 Event OK
6/08/2020 9:01:07 PM,EVENT 49850 1596747658 -310120257/1219230855/921/0/6 INPUT 3 1 0 v:124
6/08/2020 9:01:07 PM,252 Event OK
6/08/2020 9:01:08 PM,QUIT
6/08/2020 9:01:08 PM,221 Session ended - goodbye
6/08/2020 9:01:54 PM,UNIT 9279
6/08/2020 9:01:54 PM,333 CHAL 23A650F0
6/08/2020 9:01:55 PM,RESP D2FEDD65
6/08/2020 9:01:55 PM,230 Auth OK
6/08/2020 9:01:55 PM,TIME
6/08/2020 9:01:55 PM,211 TIME 1596747715
6/08/2020 9:01:56 PM,EVCOUNT 1
6/08/2020 9:01:56 PM,252 Event OK
6/08/2020 9:01:57 PM,TODO
6/08/2020 9:01:57 PM,226 Nothing to do
6/08/2020 9:01:57 PM,EVENT 49851 1596747708 -310126510/1219230770/806/4/9 INPUT 3 0 49 v:124
6/08/2020 9:01:57 PM,252 Event OK
6/08/2020 9:01:58 PM,QUIT
6/08/2020 9:01:58 PM,221 Session ended - goodbye
6/08/2020 9:02:28 PM,UNIT 9279
6/08/2020 9:02:28 PM,333 CHAL 1A5D8DF6
6/08/2020 9:02:29 PM,RESP 3F08D6B9
6/08/2020 9:02:29 PM,230 Auth OK
6/08/2020 9:02:29 PM,TIME
6/08/2020 9:02:29 PM,211 TIME 1596747749
6/08/2020 9:02:30 PM,EVCOUNT 2
6/08/2020 9:02:30 PM,252 Event OK
6/08/2020 9:02:30 PM,TODO
6/08/2020 9:02:30 PM,226 Nothing to do
6/08/2020 9:02:31 PM,EVENT 49852 1596747742 -310126968/1219230315/952/4/0 INPUT 4 0 125 v:124
6/08/2020 9:02:31 PM,252 Event OK
6/08/2020 9:02:32 PM,EVENT 49853 1596747742 -310126968/1219230315/952/4/0 INPUT 4 1 0 v:124
6/08/2020 9:02:32 PM,252 Event OK
6/08/2020 9:02:33 PM,QUIT
6/08/2020 9:02:33 PM,221 Session ended - goodbye
6/08/2020 9:02:46 PM,UNIT 9279
6/08/2020 9:02:46 PM,333 CHAL 37D9601F
6/08/2020 9:02:47 PM,RESP E1467DEB
6/08/2020 9:02:47 PM,230 Auth OK
6/08/2020 9:02:48 PM,TIME
6/08/2020 9:02:48 PM,211 TIME 1596747768
6/08/2020 9:02:49 PM,EVCOUNT 1
6/08/2020 9:02:49 PM,252 Event OK
6/08/2020 9:02:50 PM,TODO
6/08/2020 9:02:50 PM,226 Nothing to do
6/08/2020 9:02:51 PM,EVENT 49854 1596747756 -310128610/1219229472/913/4/7 INPUT 3 1 0 v:124
6/08/2020 9:02:51 PM,252 Event OK
6/08/2020 9:02:52 PM,QUIT
6/08/2020 9:02:52 PM,221 Session ended - goodbye
6/08/2020 9:04:03 PM,UNIT 9279
6/08/2020 9:04:03 PM,333 CHAL 4B86E12B
6/08/2020 9:04:03 PM,RESP 16C9D4CC
6/08/2020 9:04:03 PM,230 Auth OK
6/08/2020 9:04:04 PM,TIME
6/08/2020 9:04:04 PM,211 TIME 1596747844
6/08/2020 9:04:04 PM,EVCOUNT 3
6/08/2020 9:04:04 PM,252 Event OK
6/08/2020 9:04:05 PM,TODO
6/08/2020 9:04:05 PM,226 Nothing to do
6/08/2020 9:04:05 PM,EVENT 49855 1596747837 -310142973/1219231723/862/2/10 INPUT 3 0 80 v:124
6/08/2020 9:04:05 PM,252 Event OK
6/08/2020 9:04:06 PM,EVENT 49856 1596747839 -310143299/1219231760/870/2/7 INPUT 4 0 97 v:124
6/08/2020 9:04:06 PM,252 Event OK
6/08/2020 9:04:07 PM,EVENT 49857 1596747839 -310143342/1219231758/873/2/6 INPUT 4 1 0 v:123
6/08/2020 9:04:07 PM,252 Event OK
6/08/2020 9:04:07 PM,QUIT
6/08/2020 9:04:07 PM,221 Session ended - goodbye
6/08/2020 9:04:18 PM,UNIT 9279
6/08/2020 9:04:18 PM,333 CHAL 60E8F64E
6/08/2020 9:04:18 PM,RESP 8CE0BDA0
6/08/2020 9:04:18 PM,230 Auth OK
6/08/2020 9:04:19 PM,TIME
6/08/2020 9:04:19 PM,211 TIME 1596747859
6/08/2020 9:04:19 PM,EVCOUNT 5
6/08/2020 9:04:19 PM,252 Event OK
6/08/2020 9:04:20 PM,TODO
6/08/2020 9:04:20 PM,226 Nothing to do
6/08/2020 9:04:21 PM,EVENT 49858 1596747844 -310143368/1219231762/888/4/0 INPUT 7 1 0 v:123
6/08/2020 9:04:21 PM,252 Event OK
6/08/2020 9:04:21 PM,EVENT 49859 1596747844 -310143368/1219231762/888/4/0 INPUT 8 0 252 v:123
6/08/2020 9:04:21 PM,252 Event OK
6/08/2020 9:04:22 PM,EVENT 49860 1596747845 -310143368/1219231759/883/4/0 INPUT 1 1 0 v:123
6/08/2020 9:04:22 PM,252 Event OK
6/08/2020 9:04:23 PM,EVENT 49861 1596747846 -310143366/1219231756/874/4/0 INPUT 4 0 7 v:123
6/08/2020 9:04:23 PM,252 Event OK
6/08/2020 9:04:23 PM,EVENT 49862 1596747848 -310143368/1219231752/860/4/0 TRIP 49842 131 105 10 8 246 v:124
6/08/2020 9:04:23 PM,252 Event OK
6/08/2020 9:04:24 PM,QUIT
6/08/2020 9:04:24 PM,221 Session ended - goodbye
6/08/2020 10:52:03 PM,UNIT 9279
6/08/2020 10:52:03 PM,333 CHAL 5C22AEC3
6/08/2020 10:52:03 PM,RESP 74CFED55
6/08/2020 10:52:03 PM,230 Auth OK
6/08/2020 10:52:03 PM,TIME
6/08/2020 10:52:03 PM,211 TIME 1596754323
6/08/2020 10:52:03 PM,EVCOUNT 12
6/08/2020 10:52:03 PM,252 Event OK
6/08/2020 10:52:03 PM,TODO
6/08/2020 10:52:03 PM,125 TODO GET 1364652 user.tar.gz_5.0.58.518 
225 Work list complete
6/08/2020 10:52:04 PM,GET
6/08/2020 10:52:04 PM,Binary data 1364716 bytes
6/08/2020 10:52:27 PM,GOT user.tar.gz_5.0.58.518 1364652 00828721
6/08/2020 10:52:27 PM,250 Download OK
6/08/2020 10:52:28 PM,EVENT 49863 1596754296 0/0/0/0/0 SWSTART OpusFC 5.0.58.517 R v:123
6/08/2020 10:52:28 PM,252 Event OK
6/08/2020 10:52:29 PM,EVENT 49864 1596747848 0/0/0/0/0 POWERDOWN v:124
6/08/2020 10:52:29 PM,252 Event OK
6/08/2020 10:52:29 PM,EVENT 49865 1596754296 0/0/0/0/0 INPUT 1 1 0 v:123
6/08/2020 10:52:29 PM,252 Event OK
6/08/2020 10:52:29 PM,EVENT 49866 1596754296 0/0/0/0/0 INPUT 2 0 0 v:123
6/08/2020 10:52:29 PM,252 Event OK
6/08/2020 10:52:30 PM,EVENT 49867 1596754296 0/0/0/0/0 INPUT 3 0 0 v:123
6/08/2020 10:52:30 PM,252 Event OK
6/08/2020 10:52:30 PM,EVENT 49868 1596754296 0/0/0/0/0 INPUT 4 0 0 v:123
6/08/2020 10:52:30 PM,252 Event OK
6/08/2020 10:52:30 PM,EVENT 49869 1596754296 0/0/0/0/0 INPUT 7 0 0 v:123
6/08/2020 10:52:30 PM,252 Event OK
6/08/2020 10:52:31 PM,EVENT 49870 1596754296 0/0/0/0/0 INPUT 8 1 0 v:123
6/08/2020 10:52:31 PM,252 Event OK
6/08/2020 10:52:31 PM,EVENT 49871 1596754298 0/0/0/0/0 ZONE_OK 2 100 FW=NO VERSION v:123
6/08/2020 10:52:31 PM,252 Event OK
6/08/2020 10:52:33 PM,EVENT 49872 1596754306 0/0/0/0/0 SIGNON 2515 03cffacd OK_CL 26 180299 0 v:123
6/08/2020 10:52:33 PM,252 Event OK
6/08/2020 10:52:34 PM,EVENT 49873 1596754312 0/0/0/4/0 CHECKLIST 49872 OK 0 6 432 F v:123
6/08/2020 10:52:34 PM,252 Event OK
6/08/2020 10:52:58 PM,EVENT 49874 1596754320 0/0/0/4/0 INPUT 1 0 23 v:124
6/08/2020 10:52:58 PM,252 Event OK
6/08/2020 10:53:01 PM,UNIT 9279
6/08/2020 10:53:01 PM,333 CHAL 5159DD18
6/08/2020 10:53:01 PM,RESP BD391806
6/08/2020 10:53:01 PM,230 Auth OK
6/08/2020 10:53:01 PM,TIME
6/08/2020 10:53:01 PM,211 TIME 1596754381
6/08/2020 10:53:02 PM,EVCOUNT 4
6/08/2020 10:53:02 PM,252 Event OK
6/08/2020 10:53:02 PM,TODO
6/08/2020 10:53:02 PM,125 TODO LOADDISP_user.tar.gz_1596754347
225 Work list complete
6/08/2020 10:53:02 PM,EVENT 49874 1596754320 0/0/0/4/0 INPUT 1 0 23 v:124
6/08/2020 10:53:02 PM,253 Event OK - Duplicate
6/08/2020 10:53:02 PM,EVENT 49875 1596754321 0/0/0/4/0 INPUT 4 1 0 v:123
6/08/2020 10:53:02 PM,252 Event OK
6/08/2020 10:53:03 PM,EVENT 49876 1596754338 -310143556/1219231695/2000/4/0 INPUT 4 0 18 v:123
6/08/2020 10:53:03 PM,252 Event OK
6/08/2020 10:53:11 PM,EVENT 49877 1596754338 -310143556/1219231695/2000/4/0 INPUT 4 1 0 v:123
6/08/2020 10:53:11 PM,252 Event OK
6/08/2020 10:53:19 PM,QUIT
6/08/2020 10:53:19 PM,221 Session ended - goodbye
6/08/2020 10:54:00 PM,UNIT 9279
6/08/2020 10:54:00 PM,333 CHAL 6B2529A2
6/08/2020 10:54:00 PM,RESP 6083AAAD
6/08/2020 10:54:00 PM,230 Auth OK
6/08/2020 10:54:01 PM,TIME
6/08/2020 10:54:01 PM,211 TIME 1596754441
6/08/2020 10:54:02 PM,EVCOUNT 1
6/08/2020 10:54:02 PM,252 Event OK
6/08/2020 10:54:02 PM,TODO
6/08/2020 10:54:02 PM,226 Nothing to do
6/08/2020 10:54:03 PM,EVENT 49878 1596754434 -310142959/1219231311/718/4/2 INPUT 3 1 0 v:124
6/08/2020 10:54:03 PM,252 Event OK
6/08/2020 10:54:04 PM,QUIT
6/08/2020 10:54:04 PM,221 Session ended - goodbye
6/08/2020 10:55:19 PM,UNIT 9279
6/08/2020 10:55:19 PM,333 CHAL 6C8C749D
6/08/2020 10:55:20 PM,RESP E21258FF
6/08/2020 10:55:20 PM,230 Auth OK
6/08/2020 10:55:20 PM,TIME
6/08/2020 10:55:20 PM,211 TIME 1596754520
6/08/2020 10:55:21 PM,EVCOUNT 1
6/08/2020 10:55:21 PM,252 Event OK
6/08/2020 10:55:22 PM,TODO
6/08/2020 10:55:22 PM,226 Nothing to do
6/08/2020 10:55:23 PM,EVENT 49879 1596754513 -310119899/1219231513/786/8/10 INPUT 3 0 78 v:124
6/08/2020 10:55:23 PM,252 Event OK
6/08/2020 10:55:23 PM,QUIT
6/08/2020 10:55:23 PM,221 Session ended - goodbye
6/08/2020 10:58:02 PM,UNIT 9279
6/08/2020 10:58:02 PM,333 CHAL 642C5EE7
7/08/2020 9:00:44 AM,UNIT 9279
7/08/2020 9:00:44 AM,333 CHAL 6CBA6C7F
7/08/2020 9:00:45 AM,RESP C357BAE3
7/08/2020 9:00:45 AM,230 Auth OK
7/08/2020 9:00:46 AM,TIME
7/08/2020 9:00:46 AM,211 TIME 1596790846
7/08/2020 9:00:46 AM,EVCOUNT 230
7/08/2020 9:00:46 AM,252 Event OK
7/08/2020 9:00:47 AM,TODO
7/08/2020 9:00:47 AM,226 Nothing to do
7/08/2020 9:00:47 AM,EVENT 49880 1596754531 -310120580/1219230635/885/8/7 INPUT 3 1 0 v:124
7/08/2020 9:00:47 AM,252 Event OK
7/08/2020 9:00:48 AM,EVENT 49881 1596754533 -310120831/1219230332/893/8/10 INPUT 3 0 2 v:124
7/08/2020 9:00:48 AM,252 Event OK
7/08/2020 9:00:49 AM,EVENT 49882 1596754537 -310121236/1219229901/897/8/2 INPUT 4 0 199 v:124
7/08/2020 9:00:49 AM,252 Event OK
7/08/2020 9:00:50 AM,EVENT 49883 1596754537 -310121236/1219229901/897/8/3 INPUT 4 1 0 v:124
7/08/2020 9:00:50 AM,252 Event OK
7/08/2020 9:00:51 AM,EVENT 49884 1596754541 -310121455/1219229628/877/8/3 INPUT 4 0 4 v:124
7/08/2020 9:00:51 AM,252 Event OK
7/08/2020 9:00:52 AM,EVENT 49885 1596754541 -310121455/1219229628/877/8/3 INPUT 4 1 0 v:124
7/08/2020 9:00:52 AM,252 Event OK
7/08/2020 9:00:53 AM,EVENT 49886 1596754545 -310121545/1219229475/829/8/0 INPUT 7 1 0 v:124
7/08/2020 9:00:53 AM,252 Event OK
7/08/2020 9:00:53 AM,EVENT 49887 1596754545 -310121545/1219229475/829/8/0 INPUT 8 0 248 v:124
7/08/2020 9:00:53 AM,252 Event OK
7/08/2020 9:00:54 AM,EVENT 49888 1596754545 -310121544/1219229468/823/8/0 INPUT 4 0 4 v:124
7/08/2020 9:00:54 AM,252 Event OK
7/08/2020 9:00:56 AM,EVENT 49889 1596754546 -310121544/1219229468/823/8/0 INPUT 4 1 0 v:124
7/08/2020 9:00:56 AM,252 Event OK
7/08/2020 9:00:57 AM,EVENT 49890 1596754546 -310121541/1219229460/818/8/0 INPUT 1 1 0 v:123
7/08/2020 9:00:57 AM,252 Event OK
7/08/2020 9:00:58 AM,EVENT 49891 1596754548 -310121532/1219229424/797/8/0 INPUT 4 0 3 v:123
7/08/2020 9:00:58 AM,252 Event OK
7/08/2020 9:00:59 AM,EVENT 49892 1596754549 -310121530/1219229414/791/8/0 TRIP 49872 80 148 12 11 240 v:123
7/08/2020 9:00:59 AM,252 Event OK
7/08/2020 9:01:00 AM,EVENT 49893 1596754603 -310121579/1219229474/763/0/0 REPORT * 0 194 v:123
7/08/2020 9:01:00 AM,252 Event OK
7/08/2020 9:01:01 AM,EVENT 49894 1596754610 -310121586/1219229507/769/0/0 INPUT 8 1 0 v:123
7/08/2020 9:01:01 AM,252 Event OK
7/08/2020 9:01:02 AM,EVENT 49895 1596754611 -310121586/1219229509/768/0/0 INPUT 7 0 66 v:124
7/08/2020 9:01:02 AM,252 Event OK
7/08/2020 9:01:03 AM,EVENT 49896 1596754639 -310121597/1219229489/768/0/0 SIGNON 2515 03cffacd OK 26 180299 0 v:123
7/08/2020 9:01:03 AM,252 Event OK
7/08/2020 9:01:04 AM,EVENT 49897 1596754650 -310121660/1219229465/783/0/0 INPUT 1 0 105 v:124
7/08/2020 9:01:04 AM,252 Event OK
7/08/2020 9:01:05 AM,EVENT 49898 1596754650 -310121660/1219229465/783/0/0 INPUT 4 1 0 v:124
7/08/2020 9:01:05 AM,252 Event OK
7/08/2020 9:01:06 AM,EVENT 49899 1596754661 -310121673/1219229488/798/0/0 INPUT 4 0 11 v:123
7/08/2020 9:01:06 AM,252 Event OK
7/08/2020 9:01:06 AM,EVENT 49900 1596754661 -310121673/1219229488/798/0/0 INPUT 4 1 0 v:124
7/08/2020 9:01:06 AM,252 Event OK
7/08/2020 9:01:07 AM,EVENT 49901 1596754688 -310121666/1219229515/791/0/0 INPUT 4 0 27 v:123
7/08/2020 9:01:07 AM,252 Event OK
7/08/2020 9:01:08 AM,EVENT 49902 1596754688 -310121666/1219229515/791/0/0 INPUT 4 1 0 v:123
7/08/2020 9:01:08 AM,252 Event OK
7/08/2020 9:01:09 AM,EVENT 49903 1596754700 -310121884/1219229018/795/0/6 INPUT 3 1 0 v:123
7/08/2020 9:01:09 AM,252 Event OK
7/08/2020 9:01:10 AM,EVENT 49904 1596755542 0/0/0/0/15 INPUT 3 0 843 v:124
7/08/2020 9:01:10 AM,252 Event OK
7/08/2020 9:01:11 AM,EVENT 49905 1596755590 0/0/0/0/5 INPUT 3 1 0 v:124
7/08/2020 9:01:11 AM,252 Event OK
7/08/2020 9:01:11 AM,EVENT 49906 1596755628 0/0/0/0/10 INPUT 3 0 38 v:123
7/08/2020 9:01:11 AM,252 Event OK
7/08/2020 9:01:12 AM,EVENT 49907 1596755667 0/0/0/0/0 INPUT 4 0 979 v:124
7/08/2020 9:01:12 AM,252 Event OK
7/08/2020 9:01:13 AM,EVENT 49908 1596755667 0/0/0/0/0 INPUT 4 1 0 v:124
7/08/2020 9:01:13 AM,252 Event OK
7/08/2020 9:01:13 AM,EVENT 49909 1596755671 0/0/0/0/6 INPUT 3 1 0 v:124
7/08/2020 9:01:13 AM,252 Event OK
7/08/2020 9:01:17 AM,EVENT 49910 1596755784 0/0/0/0/13 INPUT 3 0 114 v:123
7/08/2020 9:01:17 AM,252 Event OK
7/08/2020 9:04:23 AM,UNIT 9279
7/08/2020 9:04:23 AM,333 CHAL 23B44217
7/08/2020 9:04:23 AM,RESP 9E3CDA4C
7/08/2020 9:04:23 AM,230 Auth OK
7/08/2020 9:04:24 AM,TIME
7/08/2020 9:04:24 AM,211 TIME 1596791064
7/08/2020 9:04:24 AM,EVCOUNT 212
7/08/2020 9:04:24 AM,252 Event OK
7/08/2020 9:04:24 AM,TODO
7/08/2020 9:04:24 AM,226 Nothing to do
7/08/2020 9:04:24 AM,EVENT 49911 1596755808 0/0/0/99/5 INPUT 3 1 0 v:123
7/08/2020 9:04:24 AM,252 Event OK
7/08/2020 9:04:25 AM,EVENT 49912 1596755833 0/0/0/0/12 INPUT 3 0 25 v:124
7/08/2020 9:04:25 AM,252 Event OK
7/08/2020 9:04:25 AM,EVENT 49913 1596755852 0/0/0/0/7 INPUT 3 1 0 v:124
7/08/2020 9:04:25 AM,252 Event OK
7/08/2020 9:04:25 AM,EVENT 49914 1596755931 0/0/0/0/9 INPUT 3 0 79 v:124
7/08/2020 9:04:25 AM,252 Event OK
7/08/2020 9:04:28 AM,EVENT 49915 1596755967 0/0/0/0/6 INPUT 3 1 0 v:123
7/08/2020 9:04:28 AM,252 Event OK
7/08/2020 9:04:31 AM,EVENT 49916 1596755974 0/0/0/0/9 INPUT 3 0 8 v:123
7/08/2020 9:04:31 AM,252 Event OK
7/08/2020 9:04:33 AM,EVENT 49917 1596755980 0/0/0/0/0 INPUT 4 0 313 v:123
7/08/2020 9:04:33 AM,252 Event OK
7/08/2020 9:04:35 AM,EVENT 49918 1596755980 0/0/0/0/0 INPUT 4 1 0 v:123
7/08/2020 9:04:35 AM,252 Event OK
7/08/2020 9:04:35 AM,EVENT 49919 1596755983 0/0/0/0/0 INPUT 4 0 3 v:123
7/08/2020 9:04:35 AM,252 Event OK
7/08/2020 9:04:36 AM,EVENT 49920 1596755983 0/0/0/0/0 INPUT 4 1 0 v:123
7/08/2020 9:04:36 AM,252 Event OK
7/08/2020 9:04:36 AM,EVENT 49921 1596755986 0/0/0/0/0 INPUT 4 0 3 v:123
7/08/2020 9:04:36 AM,252 Event OK
7/08/2020 9:04:36 AM,EVENT 49922 1596755987 0/0/0/0/0 INPUT 4 1 0 v:123
7/08/2020 9:04:36 AM,252 Event OK
7/08/2020 9:04:36 AM,EVENT 49923 1596755989 0/0/0/0/0 INPUT 4 0 3 v:123
7/08/2020 9:04:36 AM,252 Event OK
7/08/2020 9:04:36 AM,EVENT 49924 1596755990 0/0/0/0/0 INPUT 4 1 0 v:123
7/08/2020 9:04:36 AM,252 Event OK
7/08/2020 9:04:37 AM,EVENT 49925 1596755996 0/0/0/0/0 INPUT 4 0 7 v:123
7/08/2020 9:04:37 AM,252 Event OK
7/08/2020 9:04:37 AM,EVENT 49926 1596755996 0/0/0/0/0 INPUT 4 1 0 v:123
7/08/2020 9:04:37 AM,252 Event OK
7/08/2020 9:04:37 AM,EVENT 49927 1596756002 0/0/0/0/6 INPUT 3 1 0 v:124
7/08/2020 9:04:37 AM,252 Event OK
7/08/2020 9:04:37 AM,EVENT 49928 1596756045 0/0/0/0/10 INPUT 3 0 42 v:124
7/08/2020 9:04:37 AM,252 Event OK
7/08/2020 9:04:38 AM,EVENT 49929 1596756050 0/0/0/0/6 INPUT 3 1 0 v:123
7/08/2020 9:04:38 AM,252 Event OK
7/08/2020 9:04:38 AM,EVENT 49930 1596756057 0/0/0/0/10 INPUT 3 0 7 v:123
7/08/2020 9:04:38 AM,252 Event OK
7/08/2020 9:04:38 AM,EVENT 49931 1596756080 0/0/0/0/5 INPUT 3 1 0 v:124
7/08/2020 9:04:38 AM,252 Event OK
7/08/2020 9:04:38 AM,EVENT 49932 1596756089 0/0/0/0/11 INPUT 3 0 9 v:123
7/08/2020 9:04:38 AM,252 Event OK
7/08/2020 9:04:38 AM,EVENT 49933 1596756096 0/0/0/0/0 INPUT 4 0 100 v:123
7/08/2020 9:04:38 AM,252 Event OK
7/08/2020 9:04:39 AM,EVENT 49934 1596756097 0/0/0/0/0 INPUT 4 1 0 v:123
7/08/2020 9:04:39 AM,252 Event OK
7/08/2020 9:04:39 AM,EVENT 49935 1596756107 0/0/0/0/0 INPUT 4 0 11 v:123
7/08/2020 9:04:39 AM,252 Event OK
7/08/2020 9:04:39 AM,EVENT 49936 1596756108 0/0/0/0/0 INPUT 4 1 0 v:123
7/08/2020 9:04:39 AM,252 Event OK
7/08/2020 9:04:40 AM,EVENT 49937 1596756115 0/0/0/0/0 INPUT 4 0 8 v:123
7/08/2020 9:04:40 AM,252 Event OK
7/08/2020 9:04:40 AM,EVENT 49938 1596756115 0/0/0/0/0 INPUT 4 1 0 v:123
7/08/2020 9:04:40 AM,252 Event OK
7/08/2020 9:04:40 AM,EVENT 49939 1596756119 0/0/0/0/0 INPUT 7 1 0 v:123
7/08/2020 9:04:40 AM,252 Event OK
7/08/2020 9:04:40 AM,EVENT 49940 1596756119 0/0/0/0/0 INPUT 8 0 1508 v:123
7/08/2020 9:04:40 AM,252 Event OK
7/08/2020 9:04:41 AM,EVENT 49941 1596756120 0/0/0/0/0 INPUT 1 1 0 v:123
7/08/2020 9:04:41 AM,252 Event OK
7/08/2020 9:04:41 AM,EVENT 49942 1596756123 0/0/0/0/0 TRIP 49896 1166 307 12 12 1485 v:124
7/08/2020 9:04:41 AM,252 Event OK
7/08/2020 9:04:41 AM,EVENT 49943 1596756135 0/0/0/0/0 INPUT 1 1 0 v:124
7/08/2020 9:04:41 AM,252 Event OK
7/08/2020 9:04:41 AM,EVENT 49944 1596756135 0/0/0/0/0 INPUT 2 0 0 v:123
7/08/2020 9:04:41 AM,252 Event OK
7/08/2020 9:04:42 AM,EVENT 49945 1596756135 0/0/0/0/0 INPUT 3 0 0 v:123
7/08/2020 9:04:42 AM,252 Event OK
7/08/2020 9:04:42 AM,EVENT 49946 1596756135 0/0/0/0/0 INPUT 4 0 0 v:123
7/08/2020 9:04:42 AM,252 Event OK
7/08/2020 9:04:42 AM,EVENT 49947 1596756135 0/0/0/0/0 INPUT 7 1 0 v:123
7/08/2020 9:04:42 AM,252 Event OK
7/08/2020 9:04:42 AM,EVENT 49948 1596756135 0/0/0/0/0 INPUT 8 0 0 v:123
7/08/2020 9:04:42 AM,252 Event OK
7/08/2020 9:04:43 AM,EVENT 49949 1596756135 0/0/0/0/0 SWSTART OpusFC 5.0.58.518 R v:123
7/08/2020 9:04:43 AM,252 Event OK
7/08/2020 9:04:43 AM,EVENT 49950 1596756123 0/0/0/0/0 POWERDOWN v:124
7/08/2020 9:04:43 AM,252 Event OK
7/08/2020 9:04:43 AM,EVENT 49951 1596756135 0/0/0/0/0 LOADDISP OK OpusFc 5.0.58.518 R v:123
7/08/2020 9:04:43 AM,252 Event OK
7/08/2020 9:04:44 AM,EVENT 49952 1596756136 0/0/0/0/0 ZONE_OK 2 100 FW=NO VERSION v:123
7/08/2020 9:04:44 AM,252 Event OK
7/08/2020 9:04:44 AM,EVENT 49953 1596756136 0/0/0/0/0 REPORT * 0 0 v:123
7/08/2020 9:04:44 AM,252 Event OK
7/08/2020 9:04:44 AM,EVENT 49954 1596786708 0/0/0/0/0 SWSTART OpusFC 5.0.58.518 R v:123
7/08/2020 9:04:44 AM,252 Event OK
7/08/2020 9:04:45 AM,EVENT 49955 1596756123 0/0/0/0/0 POWERDOWN v:124
7/08/2020 9:04:45 AM,252 Event OK
7/08/2020 9:04:45 AM,EVENT 49956 1596786708 0/0/0/0/0 INPUT 1 1 0 v:123
7/08/2020 9:04:45 AM,252 Event OK
7/08/2020 9:04:45 AM,EVENT 49957 1596786708 0/0/0/0/0 INPUT 2 0 0 v:123
7/08/2020 9:04:45 AM,252 Event OK
7/08/2020 9:04:46 AM,EVENT 49958 1596786708 0/0/0/0/0 INPUT 3 0 0 v:123
7/08/2020 9:04:46 AM,252 Event OK
7/08/2020 9:04:46 AM,EVENT 49959 1596786708 0/0/0/0/0 INPUT 4 0 0 v:123
7/08/2020 9:04:46 AM,252 Event OK
7/08/2020 9:04:46 AM,EVENT 49960 1596786708 0/0/0/0/0 INPUT 7 0 0 v:123
7/08/2020 9:04:46 AM,252 Event OK
7/08/2020 9:04:46 AM,EVENT 49961 1596786708 0/0/0/0/0 INPUT 8 1 0 v:123
7/08/2020 9:04:46 AM,252 Event OK
7/08/2020 9:04:47 AM,EVENT 49962 1596786710 0/0/0/0/0 ZONE_OK 2 100 FW=NO VERSION v:123
7/08/2020 9:04:47 AM,252 Event OK
7/08/2020 9:04:47 AM,EVENT 49963 1596786726 0/0/0/99/0 SIGNON 2505 03b1f6ce OK 26 270498 0 v:123
7/08/2020 9:04:47 AM,252 Event OK
7/08/2020 9:04:49 AM,EVENT 49964 1596786732 0/0/0/99/0 INPUT 4 1 0 v:123
7/08/2020 9:04:49 AM,252 Event OK
7/08/2020 9:04:49 AM,EVENT 49965 1596786732 0/0/0/0/0 INPUT 1 0 24 v:124
7/08/2020 9:04:49 AM,252 Event OK
7/08/2020 9:04:49 AM,EVENT 49966 1596786787 0/0/0/0/6 INPUT 3 1 0 v:123
7/08/2020 9:04:49 AM,252 Event OK
7/08/2020 9:04:49 AM,EVENT 49967 1596786800 0/0/0/0/17 INPUT 3 0 13 v:123
7/08/2020 9:04:49 AM,252 Event OK
7/08/2020 9:04:50 AM,EVENT 49968 1596786801 0/0/0/0/12 INPUT 3 1 0 v:124
7/08/2020 9:04:50 AM,252 Event OK
7/08/2020 9:04:50 AM,EVENT 49969 1596786885 0/0/0/0/11 INPUT 3 0 84 v:124
7/08/2020 9:04:50 AM,252 Event OK
7/08/2020 9:04:50 AM,EVENT 49970 1596786898 0/0/0/0/6 INPUT 3 1 0 v:124
7/08/2020 9:04:50 AM,252 Event OK
7/08/2020 9:04:51 AM,EVENT 49971 1596786901 0/0/0/0/13 INPUT 3 0 3 v:124
7/08/2020 9:04:51 AM,252 Event OK
7/08/2020 9:04:51 AM,EVENT 49972 1596786903 0/0/0/0/4 INPUT 3 1 0 v:124
7/08/2020 9:04:51 AM,252 Event OK
7/08/2020 9:04:51 AM,EVENT 49973 1596786905 0/0/0/0/9 INPUT 3 0 3 v:124
7/08/2020 9:04:51 AM,252 Event OK
7/08/2020 9:04:51 AM,EVENT 49974 1596786910 0/0/0/0/2 INPUT 4 0 179 v:124
7/08/2020 9:04:51 AM,252 Event OK
7/08/2020 9:04:52 AM,EVENT 49975 1596786910 0/0/0/0/1 INPUT 4 1 0 v:124
7/08/2020 9:04:52 AM,252 Event OK
7/08/2020 9:04:52 AM,EVENT 49976 1596786922 0/0/0/0/0 INPUT 3 1 0 v:124
7/08/2020 9:04:52 AM,252 Event OK
7/08/2020 9:04:52 AM,EVENT 49977 1596787041 0/0/0/0/9 INPUT 3 0 119 v:124
7/08/2020 9:04:52 AM,252 Event OK
7/08/2020 9:04:53 AM,EVENT 49978 1596787053 0/0/0/99/4 INPUT 3 1 0 v:124
7/08/2020 9:04:53 AM,252 Event OK
7/08/2020 9:04:53 AM,EVENT 49979 1596787074 0/0/0/0/10 INPUT 3 0 21 v:124
7/08/2020 9:04:53 AM,252 Event OK
7/08/2020 9:04:53 AM,EVENT 49980 1596787076 0/0/0/0/5 INPUT 7 1 0 v:124
7/08/2020 9:04:53 AM,252 Event OK
7/08/2020 9:04:53 AM,EVENT 49981 1596787076 0/0/0/0/5 INPUT 8 0 368 v:124
7/08/2020 9:04:53 AM,252 Event OK
7/08/2020 9:04:53 AM,EVENT 49982 1596787077 0/0/0/0/2 INPUT 1 1 0 v:124
7/08/2020 9:04:53 AM,252 Event OK
7/08/2020 9:04:54 AM,EVENT 49983 1596787078 0/0/0/0/0 INPUT 4 0 168 v:124
7/08/2020 9:04:54 AM,252 Event OK
7/08/2020 9:04:54 AM,EVENT 49984 1596787081 0/0/0/0/0 TRIP 49963 243 104 9 6 356 v:124
7/08/2020 9:04:54 AM,252 Event OK
7/08/2020 9:04:54 AM,EVENT 49985 1596787137 0/0/0/0/0 REPORT * 0 0 v:124
7/08/2020 9:04:54 AM,252 Event OK
7/08/2020 9:04:54 AM,EVENT 49986 1596787235 0/0/0/0/0 INPUT 8 1 0 v:124
7/08/2020 9:04:54 AM,252 Event OK
7/08/2020 9:04:55 AM,EVENT 49987 1596787235 0/0/0/0/0 INPUT 7 0 158 v:124
7/08/2020 9:04:55 AM,252 Event OK
7/08/2020 9:04:55 AM,EVENT 49988 1596787243 0/0/0/0/0 SIGNON 2505 03b1f6ce OK 26 270498 0 v:124
7/08/2020 9:04:55 AM,252 Event OK
7/08/2020 9:04:55 AM,EVENT 49989 1596787249 0/0/0/0/0 INPUT 1 0 173 v:124
7/08/2020 9:04:55 AM,252 Event OK
7/08/2020 9:04:56 AM,EVENT 49990 1596787249 0/0/0/0/0 INPUT 4 1 0 v:124
7/08/2020 9:04:56 AM,252 Event OK
7/08/2020 9:04:57 AM,EVENT 49991 1596787261 0/0/0/0/7 INPUT 3 1 0 v:124
7/08/2020 9:04:57 AM,252 Event OK
7/08/2020 9:04:58 AM,EVENT 49992 1596787262 0/0/0/0/9 INPUT 3 0 1 v:124
7/08/2020 9:04:58 AM,252 Event OK
7/08/2020 9:04:58 AM,EVENT 49993 1596787262 0/0/0/0/8 INPUT 3 1 0 v:124
7/08/2020 9:04:58 AM,252 Event OK
7/08/2020 9:04:58 AM,EVENT 49994 1596787275 0/0/0/0/9 INPUT 3 0 12 v:124
7/08/2020 9:04:58 AM,252 Event OK
7/08/2020 9:04:59 AM,EVENT 49995 1596787311 0/0/0/0/4 INPUT 3 1 0 v:124
7/08/2020 9:04:59 AM,252 Event OK
7/08/2020 9:04:59 AM,EVENT 49996 1596787333 0/0/0/0/9 INPUT 3 0 21 v:124
7/08/2020 9:04:59 AM,252 Event OK
7/08/2020 9:04:59 AM,EVENT 49997 1596787379 0/0/0/0/0 INPUT 4 0 130 v:124
7/08/2020 9:04:59 AM,252 Event OK
7/08/2020 9:05:00 AM,EVENT 49998 1596787380 0/0/0/0/0 INPUT 4 1 0 v:124
7/08/2020 9:05:00 AM,252 Event OK
7/08/2020 9:05:00 AM,EVENT 49999 1596787390 0/0/0/99/2 INPUT 4 0 11 v:124
7/08/2020 9:05:00 AM,252 Event OK
7/08/2020 9:05:00 AM,EVENT 50000 1596787390 0/0/0/99/1 INPUT 4 1 0 v:124
7/08/2020 9:05:00 AM,252 Event OK
7/08/2020 9:05:00 AM,EVENT 50001 1596787392 0/0/0/99/4 INPUT 3 1 0 v:124
7/08/2020 9:05:00 AM,252 Event OK
7/08/2020 9:05:01 AM,EVENT 50002 1596787393 0/0/0/99/9 INPUT 3 0 1 v:124
7/08/2020 9:05:01 AM,252 Event OK
7/08/2020 9:05:01 AM,EVENT 50003 1596787394 0/0/0/99/6 INPUT 3 1 0 v:124
7/08/2020 9:05:01 AM,252 Event OK
7/08/2020 9:05:01 AM,EVENT 50004 1596787431 0/0/0/0/13 INPUT 3 0 38 v:124
7/08/2020 9:05:01 AM,252 Event OK
7/08/2020 9:05:03 AM,EVENT 50005 1596787516 0/0/0/0/0 INPUT 4 0 126 v:124
7/08/2020 9:05:03 AM,252 Event OK
7/08/2020 9:05:03 AM,EVENT 50006 1596787516 0/0/0/0/0 INPUT 4 1 0 v:124
7/08/2020 9:05:03 AM,252 Event OK
7/08/2020 9:05:04 AM,EVENT 50007 1596787549 0/0/0/0/0 INPUT 4 0 33 v:124
7/08/2020 9:05:04 AM,252 Event OK
7/08/2020 9:05:04 AM,EVENT 50008 1596787549 0/0/0/0/0 INPUT 4 1 0 v:124
7/08/2020 9:05:04 AM,252 Event OK
7/08/2020 9:05:06 AM,EVENT 50009 1596787582 0/0/0/0/0 INPUT 4 0 33 v:124
7/08/2020 9:05:06 AM,252 Event OK
7/08/2020 9:05:06 AM,EVENT 50010 1596787582 0/0/0/0/0 INPUT 4 1 0 v:124
7/08/2020 9:05:06 AM,252 Event OK
7/08/2020 9:05:06 AM,EVENT 50011 1596787615 0/0/0/0/0 INPUT 7 1 0 v:124
7/08/2020 9:05:06 AM,252 Event OK
7/08/2020 9:05:06 AM,EVENT 50012 1596787615 0/0/0/0/0 INPUT 8 0 380 v:124
7/08/2020 9:05:06 AM,252 Event OK
7/08/2020 9:05:07 AM,EVENT 50013 1596787616 0/0/0/0/0 INPUT 1 1 0 v:124
7/08/2020 9:05:07 AM,252 Event OK
7/08/2020 9:05:10 AM,EVENT 50014 1596787619 0/0/0/0/0 TRIP 49988 74 296 6 6 376 v:124
7/08/2020 9:05:10 AM,252 Event OK
7/08/2020 9:05:10 AM,EVENT 50015 1596787620 0/0/0/0/0 INPUT 4 0 37 v:124
7/08/2020 9:05:10 AM,252 Event OK
7/08/2020 9:05:10 AM,EVENT 50016 1596787623 0/0/0/0/0 INPUT 8 1 0 v:124
7/08/2020 9:05:10 AM,252 Event OK
7/08/2020 9:05:11 AM,EVENT 50017 1596787623 0/0/0/0/0 INPUT 7 0 8 v:124
7/08/2020 9:05:11 AM,252 Event OK
7/08/2020 9:05:11 AM,EVENT 50018 1596787631 0/0/0/0/0 SIGNON 2505 03b1f6ce OK 26 270498 0 v:124
7/08/2020 9:05:11 AM,252 Event OK
7/08/2020 9:05:12 AM,EVENT 50019 1596787637 0/0/0/0/0 INPUT 1 0 21 v:124
7/08/2020 9:05:12 AM,252 Event OK
7/08/2020 9:05:13 AM,EVENT 50020 1596787637 0/0/0/0/0 INPUT 4 1 0 v:124
7/08/2020 9:05:13 AM,252 Event OK
7/08/2020 9:05:13 AM,EVENT 50021 1596787648 0/0/0/0/0 INPUT 4 0 12 v:123
7/08/2020 9:05:13 AM,252 Event OK
7/08/2020 9:05:13 AM,EVENT 50022 1596787648 0/0/0/0/0 INPUT 4 1 0 v:123
7/08/2020 9:05:13 AM,252 Event OK
7/08/2020 9:05:14 AM,EVENT 50023 1596787654 0/0/0/0/6 INPUT 3 1 0 v:124
7/08/2020 9:05:14 AM,252 Event OK
7/08/2020 9:05:14 AM,EVENT 50024 1596787855 0/0/0/0/10 INPUT 3 0 200 v:124
7/08/2020 9:05:14 AM,252 Event OK
7/08/2020 9:05:14 AM,EVENT 50025 1596787888 0/0/0/0/0 INPUT 4 0 240 v:124
7/08/2020 9:05:14 AM,252 Event OK
7/08/2020 9:05:15 AM,EVENT 50026 1596787888 0/0/0/0/0 INPUT 4 1 0 v:124
7/08/2020 9:05:15 AM,252 Event OK
7/08/2020 9:05:15 AM,EVENT 50027 1596787979 0/0/0/0/3 INPUT 3 1 0 v:124
7/08/2020 9:05:15 AM,252 Event OK
7/08/2020 9:05:15 AM,EVENT 50028 1596788041 0/0/0/99/11 INPUT 3 0 62 v:124
7/08/2020 9:05:15 AM,252 Event OK
7/08/2020 9:05:16 AM,EVENT 50029 1596788113 0/0/0/0/0 INPUT 4 0 225 v:124
7/08/2020 9:05:16 AM,252 Event OK
7/08/2020 9:05:16 AM,EVENT 50030 1596788113 0/0/0/0/0 INPUT 4 1 0 v:124
7/08/2020 9:05:16 AM,252 Event OK
7/08/2020 9:05:16 AM,EVENT 50031 1596788146 0/0/0/0/0 INPUT 4 0 33 v:124
7/08/2020 9:05:16 AM,252 Event OK
7/08/2020 9:05:16 AM,EVENT 50032 1596788146 0/0/0/0/0 INPUT 4 1 0 v:124
7/08/2020 9:05:16 AM,252 Event OK
7/08/2020 9:05:17 AM,EVENT 50033 1596788179 0/0/0/0/0 INPUT 4 0 33 v:124
7/08/2020 9:05:17 AM,252 Event OK
7/08/2020 9:05:17 AM,EVENT 50034 1596788179 0/0/0/0/0 INPUT 4 1 0 v:124
7/08/2020 9:05:17 AM,252 Event OK
7/08/2020 9:05:17 AM,EVENT 50035 1596788212 0/0/0/0/0 INPUT 4 0 33 v:124
7/08/2020 9:05:17 AM,252 Event OK
7/08/2020 9:05:17 AM,EVENT 50036 1596788212 0/0/0/0/0 INPUT 4 1 0 v:124
7/08/2020 9:05:17 AM,252 Event OK
7/08/2020 9:05:18 AM,EVENT 50037 1596788278 0/0/0/0/0 INPUT 4 0 66 v:124
7/08/2020 9:05:18 AM,252 Event OK
7/08/2020 9:05:18 AM,EVENT 50038 1596788278 0/0/0/0/0 INPUT 4 1 0 v:124
7/08/2020 9:05:18 AM,252 Event OK
7/08/2020 9:05:18 AM,EVENT 50039 1596788410 0/0/0/0/0 INPUT 4 0 132 v:124
7/08/2020 9:05:18 AM,252 Event OK
7/08/2020 9:05:18 AM,EVENT 50040 1596788410 0/0/0/0/0 INPUT 4 1 0 v:124
7/08/2020 9:05:18 AM,252 Event OK
7/08/2020 9:05:19 AM,EVENT 50041 1596788443 0/0/0/0/0 INPUT 4 0 33 v:124
7/08/2020 9:05:19 AM,252 Event OK
7/08/2020 9:05:19 AM,EVENT 50042 1596788443 0/0/0/0/0 INPUT 4 1 0 v:124
7/08/2020 9:05:19 AM,252 Event OK
7/08/2020 9:05:19 AM,EVENT 50043 1596788464 0/0/0/0/0 INPUT 4 0 21 v:124
7/08/2020 9:05:19 AM,252 Event OK
7/08/2020 9:05:19 AM,EVENT 50044 1596788464 0/0/0/0/0 INPUT 4 1 0 v:124
7/08/2020 9:05:19 AM,252 Event OK
7/08/2020 9:05:20 AM,EVENT 50045 1596788608 0/0/0/0/0 INPUT 4 0 144 v:124
7/08/2020 9:05:20 AM,252 Event OK
7/08/2020 9:05:20 AM,EVENT 50046 1596788608 0/0/0/0/0 INPUT 4 1 0 v:124
7/08/2020 9:05:20 AM,252 Event OK
7/08/2020 9:05:20 AM,EVENT 50047 1596788641 0/0/0/0/0 INPUT 4 0 33 v:124
7/08/2020 9:05:20 AM,252 Event OK
7/08/2020 9:05:21 AM,EVENT 50048 1596788641 0/0/0/0/0 INPUT 4 1 0 v:124
7/08/2020 9:05:21 AM,252 Event OK
7/08/2020 9:05:21 AM,EVENT 50049 1596788695 0/0/0/0/0 INPUT 4 0 54 v:124
7/08/2020 9:05:21 AM,252 Event OK
7/08/2020 9:05:21 AM,EVENT 50050 1596788695 0/0/0/0/0 INPUT 4 1 0 v:124
7/08/2020 9:05:21 AM,252 Event OK
7/08/2020 9:05:21 AM,EVENT 50051 1596788749 0/0/0/0/0 INPUT 4 0 54 v:124
7/08/2020 9:05:21 AM,252 Event OK
7/08/2020 9:05:21 AM,EVENT 50052 1596788749 0/0/0/0/0 INPUT 4 1 0 v:124
7/08/2020 9:05:21 AM,252 Event OK
7/08/2020 9:05:22 AM,EVENT 50053 1596788967 0/0/0/0/0 REPORT 50018 0 0 v:124
7/08/2020 9:05:22 AM,252 Event OK
7/08/2020 9:05:22 AM,EVENT 50054 1596788980 0/0/0/0/0 INPUT 4 0 231 v:124
7/08/2020 9:05:22 AM,252 Event OK
7/08/2020 9:05:22 AM,EVENT 50055 1596788980 0/0/0/0/0 INPUT 4 1 0 v:124
7/08/2020 9:05:22 AM,252 Event OK
7/08/2020 9:05:23 AM,EVENT 50056 1596789100 0/0/0/0/0 INPUT 4 0 120 v:124
7/08/2020 9:05:23 AM,252 Event OK
7/08/2020 9:05:23 AM,EVENT 50057 1596789100 0/0/0/0/0 INPUT 4 1 0 v:124
7/08/2020 9:05:23 AM,252 Event OK
7/08/2020 9:05:23 AM,EVENT 50058 1596789166 0/0/0/0/0 INPUT 4 0 66 v:124
7/08/2020 9:05:23 AM,252 Event OK
7/08/2020 9:05:24 AM,EVENT 50059 1596789166 0/0/0/0/0 INPUT 4 1 0 v:124
7/08/2020 9:05:24 AM,252 Event OK
7/08/2020 9:05:24 AM,EVENT 50060 1596789277 0/0/0/0/0 INPUT 4 0 111 v:124
7/08/2020 9:05:24 AM,252 Event OK
7/08/2020 9:05:24 AM,EVENT 50061 1596789277 0/0/0/0/0 INPUT 4 1 0 v:124
7/08/2020 9:05:24 AM,252 Event OK
7/08/2020 9:05:24 AM,EVENT 50062 1596789343 0/0/0/0/0 INPUT 4 0 66 v:124
7/08/2020 9:05:24 AM,252 Event OK
7/08/2020 9:05:30 AM,EVENT 50063 1596789343 0/0/0/0/0 INPUT 4 1 0 v:124
7/08/2020 9:05:30 AM,252 Event OK
7/08/2020 9:05:35 AM,EVENT 50064 1596789397 0/0/0/0/0 INPUT 4 0 54 v:124
7/08/2020 9:05:35 AM,252 Event OK
7/08/2020 9:05:35 AM,EVENT 50065 1596789397 0/0/0/0/0 INPUT 4 1 0 v:124
7/08/2020 9:05:35 AM,252 Event OK
7/08/2020 9:05:35 AM,EVENT 50066 1596789403 0/0/0/0/0 INPUT 7 1 0 v:124
7/08/2020 9:05:35 AM,252 Event OK
7/08/2020 9:05:38 AM,EVENT 50067 1596789403 0/0/0/0/0 INPUT 8 0 1780 v:124
7/08/2020 9:05:38 AM,252 Event OK
7/08/2020 9:05:38 AM,EVENT 50068 1596789403 0/0/0/0/0 INPUT 1 1 0 v:124
7/08/2020 9:05:38 AM,252 Event OK
7/08/2020 9:05:38 AM,EVENT 50069 1596789405 0/0/0/0/0 INPUT 4 0 8 v:124
7/08/2020 9:05:38 AM,252 Event OK
7/08/2020 9:05:38 AM,EVENT 50070 1596789407 0/0/0/0/0 TRIP 50018 262 1507 7 5 1776 v:124
7/08/2020 9:05:38 AM,252 Event OK
7/08/2020 9:05:39 AM,EVENT 50071 1596789795 0/0/0/0/0 INPUT 8 1 0 v:124
7/08/2020 9:05:39 AM,252 Event OK
7/08/2020 9:05:39 AM,EVENT 50072 1596789795 0/0/0/0/0 INPUT 7 0 392 v:124
7/08/2020 9:05:39 AM,252 Event OK
7/08/2020 9:05:39 AM,EVENT 50073 1596789806 0/0/0/0/0 SIGNON 2505 03b1f6ce OK 26 270498 0 v:124
7/08/2020 9:05:39 AM,252 Event OK
7/08/2020 9:05:39 AM,EVENT 50074 1596789812 0/0/0/0/0 INPUT 4 1 0 v:124
7/08/2020 9:05:39 AM,252 Event OK
7/08/2020 9:05:40 AM,EVENT 50075 1596789813 0/0/0/0/0 INPUT 1 0 409 v:124
7/08/2020 9:05:40 AM,252 Event OK
7/08/2020 9:05:40 AM,EVENT 50076 1596789821 0/0/0/0/7 INPUT 3 1 0 v:124
7/08/2020 9:05:40 AM,252 Event OK
7/08/2020 9:05:43 AM,EVENT 50077 1596789828 0/0/0/0/9 INPUT 3 0 7 v:124
7/08/2020 9:05:43 AM,252 Event OK
7/08/2020 9:05:43 AM,EVENT 50078 1596789834 0/0/0/0/6 INPUT 4 0 22 v:124
7/08/2020 9:05:43 AM,252 Event OK
7/08/2020 9:05:43 AM,EVENT 50079 1596789835 0/0/0/0/5 INPUT 4 1 0 v:124
7/08/2020 9:05:43 AM,252 Event OK
7/08/2020 9:05:44 AM,EVENT 50080 1596789843 0/0/0/0/0 INPUT 4 0 9 v:124
7/08/2020 9:05:44 AM,252 Event OK
7/08/2020 9:05:44 AM,EVENT 50081 1596789843 0/0/0/0/0 INPUT 4 1 0 v:124
7/08/2020 9:05:44 AM,252 Event OK
7/08/2020 9:05:44 AM,EVENT 50082 1596789876 0/0/0/0/0 INPUT 4 0 33 v:124
7/08/2020 9:05:44 AM,252 Event OK
7/08/2020 9:05:45 AM,EVENT 50083 1596789876 0/0/0/0/0 INPUT 4 1 0 v:124
7/08/2020 9:05:45 AM,252 Event OK
7/08/2020 9:05:45 AM,EVENT 50084 1596789907 0/0/0/0/8 INPUT 3 1 0 v:124
7/08/2020 9:05:45 AM,252 Event OK
7/08/2020 9:05:45 AM,EVENT 50085 1596789928 0/0/0/0/9 INPUT 3 0 21 v:124
7/08/2020 9:05:45 AM,252 Event OK
7/08/2020 9:05:45 AM,EVENT 50086 1596789931 0/0/0/0/6 INPUT 3 1 0 v:124
7/08/2020 9:05:45 AM,252 Event OK
7/08/2020 9:05:46 AM,EVENT 50087 1596789937 0/0/0/0/11 INPUT 3 0 6 v:124
7/08/2020 9:05:46 AM,252 Event OK
7/08/2020 9:05:46 AM,EVENT 50088 1596789973 0/0/0/0/8 INPUT 3 1 0 v:124
7/08/2020 9:05:46 AM,252 Event OK
7/08/2020 9:05:46 AM,EVENT 50089 1596789976 0/0/0/0/9 INPUT 3 0 3 v:124
7/08/2020 9:05:46 AM,252 Event OK
7/08/2020 9:05:47 AM,EVENT 50090 1596789979 0/0/0/0/6 INPUT 4 0 103 v:124
7/08/2020 9:05:47 AM,252 Event OK
7/08/2020 9:05:47 AM,EVENT 50091 1596789980 0/0/0/0/4 INPUT 4 1 0 v:124
7/08/2020 9:05:47 AM,252 Event OK
7/08/2020 9:05:47 AM,EVENT 50092 1596790002 0/0/0/0/0 INPUT 4 0 23 v:124
7/08/2020 9:05:47 AM,252 Event OK
7/08/2020 9:05:48 AM,EVENT 50093 1596790002 0/0/0/0/0 INPUT 4 1 0 v:124
7/08/2020 9:05:48 AM,252 Event OK
7/08/2020 9:05:48 AM,EVENT 50094 1596790016 0/0/0/0/4 INPUT 3 1 0 v:124
7/08/2020 9:05:48 AM,252 Event OK
7/08/2020 9:05:48 AM,EVENT 50095 1596790209 0/0/0/0/30 ZONEOVERSPEED 50073 17 40 1 v:124
7/08/2020 9:05:48 AM,252 Event OK
7/08/2020 9:05:49 AM,EVENT 50096 1596790250 0/0/0/0/24 ZONEOVERSPEED 50073 33 34 1 v:124
7/08/2020 9:05:49 AM,252 Event OK
7/08/2020 9:05:49 AM,EVENT 50097 1596790255 0/0/0/0/9 INPUT 3 0 239 v:124
7/08/2020 9:05:49 AM,252 Event OK
7/08/2020 9:05:49 AM,EVENT 50098 1596790271 0/0/0/0/0 INPUT 3 1 0 v:124
7/08/2020 9:05:49 AM,252 Event OK
7/08/2020 9:05:50 AM,EVENT 50099 1596790366 0/0/0/0/27 ZONEOVERSPEED 50073 34 32 1 v:124
7/08/2020 9:05:50 AM,252 Event OK
7/08/2020 9:05:50 AM,EVENT 50100 1596790390 0/0/0/0/29 ZONEOVERSPEED 50073 7 32 1 v:124
7/08/2020 9:05:50 AM,252 Event OK
7/08/2020 9:05:51 AM,EVENT 50101 1596790445 0/0/0/99/27 ZONEOVERSPEED 50073 18 32 1 v:124
7/08/2020 9:05:51 AM,252 Event OK
7/08/2020 9:05:51 AM,EVENT 50102 1596790487 0/0/0/0/29 ZONEOVERSPEED 50073 16 30 1 v:124
7/08/2020 9:05:51 AM,252 Event OK
7/08/2020 9:05:51 AM,EVENT 50103 1596790510 0/0/0/0/29 ZONEOVERSPEED 50073 8 32 1 v:124
7/08/2020 9:05:51 AM,252 Event OK
7/08/2020 9:05:52 AM,EVENT 50104 1596790667 0/0/0/0/28 ZONEOVERSPEED 50073 84 34 1 v:124
7/08/2020 9:05:52 AM,252 Event OK
7/08/2020 9:05:52 AM,EVENT 50105 1596790693 0/0/0/0/27 ZONEOVERSPEED 50073 13 30 1 v:124
7/08/2020 9:05:52 AM,252 Event OK
7/08/2020 9:05:53 AM,EVENT 50106 1596790797 0/0/0/99/30 REPORT 50073 0 0 v:124
7/08/2020 9:05:53 AM,252 Event OK
7/08/2020 9:05:53 AM,EVENT 50107 1596790804 0/0/0/0/25 ZONEOVERSPEED 50073 25 30 1 v:124
7/08/2020 9:05:53 AM,252 Event OK
7/08/2020 9:05:53 AM,EVENT 50108 1596790807 0/0/0/0/13 INPUT 3 0 535 v:124
7/08/2020 9:05:53 AM,252 Event OK
7/08/2020 9:05:53 AM,EVENT 50109 1596790837 -310121998/1219229138/1914/1/4 INPUT 3 1 0 v:123
7/08/2020 9:05:53 AM,252 Event OK
7/08/2020 9:05:54 AM,EVENT 50110 1596790877 -310128637/1219228686/950/9/13 INPUT 3 0 41 v:124
7/08/2020 9:05:54 AM,252 Event OK
7/08/2020 9:05:55 AM,EVENT 50111 1596790929 -310128548/1219228562/890/3/0 INPUT 4 0 927 v:123
7/08/2020 9:05:55 AM,252 Event OK
7/08/2020 9:05:57 AM,EVENT 50112 1596790929 -310128548/1219228562/890/3/0 INPUT 4 1 0 v:123
7/08/2020 9:05:57 AM,252 Event OK
7/08/2020 9:05:57 AM,EVENT 50113 1596791008 -310129096/1219228581/943/3/3 INPUT 3 1 0 v:124
7/08/2020 9:05:57 AM,252 Event OK
7/08/2020 9:05:57 AM,EVENT 50114 1596791027 -310123583/1219231540/918/7/11 INPUT 3 0 19 v:124
7/08/2020 9:05:57 AM,252 Event OK
7/08/2020 9:05:58 AM,EVENT 50115 1596791036 -310123605/1219231041/946/7/7 INPUT 3 1 0 v:124
7/08/2020 9:05:58 AM,252 Event OK
7/08/2020 9:05:58 AM,EVENT 50116 1596791041 -310124176/1219230055/950/7/9 INPUT 3 0 4 v:124
7/08/2020 9:05:58 AM,252 Event OK
7/08/2020 9:05:58 AM,EVENT 50117 1596791046 -310124482/1219229809/927/7/0 INPUT 7 1 0 v:124
7/08/2020 9:05:58 AM,252 Event OK
7/08/2020 9:05:59 AM,EVENT 50118 1596791046 -310124482/1219229809/927/7/0 INPUT 8 0 1252 v:124
7/08/2020 9:05:59 AM,252 Event OK
7/08/2020 9:05:59 AM,EVENT 50119 1596791047 -310124478/1219229811/923/7/0 INPUT 1 1 0 v:124
7/08/2020 9:05:59 AM,252 Event OK
7/08/2020 9:05:59 AM,EVENT 50120 1596791048 -310124471/1219229813/921/7/0 INPUT 4 0 119 v:124
7/08/2020 9:05:59 AM,252 Event OK
7/08/2020 9:05:59 AM,EVENT 50121 1596791051 -310124457/1219229826/908/0/0 TRIP 50073 877 359 9 6 1245 v:124
7/08/2020 9:05:59 AM,252 Event OK
7/08/2020 9:06:00 AM,EVENT 50122 1596791052 -310124457/1219229826/908/0/0 TRIPSUMMARY 50073 v:124
7/08/2020 9:06:00 AM,252 Event OK
7/08/2020 9:06:00 AM,QUIT
7/08/2020 9:06:00 AM,221 Session ended - goodbye
7/08/2020 9:19:22 AM,UNIT 9279
7/08/2020 9:19:22 AM,333 CHAL 6F53E49C
7/08/2020 9:19:22 AM,RESP 5D53FF22
7/08/2020 9:19:22 AM,230 Auth OK
7/08/2020 9:19:23 AM,TIME
7/08/2020 9:19:23 AM,211 TIME 1596791963
7/08/2020 9:19:23 AM,EVCOUNT 2
7/08/2020 9:19:23 AM,252 Event OK
7/08/2020 9:19:24 AM,TODO
7/08/2020 9:19:24 AM,226 Nothing to do
7/08/2020 9:19:25 AM,EVENT 50123 1596791957 -310124655/1219229870/819/5/0 INPUT 8 1 0 v:124
7/08/2020 9:19:25 AM,252 Event OK
7/08/2020 9:19:25 AM,EVENT 50124 1596791957 -310124655/1219229870/819/5/0 INPUT 7 0 910 v:124
7/08/2020 9:19:25 AM,252 Event OK
7/08/2020 9:19:26 AM,QUIT
7/08/2020 9:19:26 AM,221 Session ended - goodbye
7/08/2020 9:19:37 AM,UNIT 9279
7/08/2020 9:19:37 AM,333 CHAL 3473A23F
7/08/2020 9:19:37 AM,RESP 8BA336F2
7/08/2020 9:19:37 AM,230 Auth OK
7/08/2020 9:19:38 AM,TIME
7/08/2020 9:19:38 AM,211 TIME 1596791978
7/08/2020 9:19:39 AM,EVCOUNT 3
7/08/2020 9:19:39 AM,252 Event OK
7/08/2020 9:19:39 AM,TODO
7/08/2020 9:19:39 AM,226 Nothing to do
7/08/2020 9:19:40 AM,EVENT 50125 1596791971 -310124629/1219229839/808/5/0 INPUT 7 1 0 v:124
7/08/2020 9:19:40 AM,252 Event OK
7/08/2020 9:19:41 AM,EVENT 50126 1596791971 -310124630/1219229843/807/5/0 INPUT 8 0 14 v:124
7/08/2020 9:19:41 AM,252 Event OK
7/08/2020 9:19:42 AM,EVENT 50127 1596791975 -310124633/1219229866/810/5/0 SIGNON * 0 NOCARD 26 0 888888 v:124
7/08/2020 9:19:42 AM,252 Event OK
7/08/2020 9:19:43 AM,EVENT 50128 1596791978 -310124634/1219229881/817/5/0 INPUT 7 0 8 v:124
7/08/2020 9:19:43 AM,252 Event OK
7/08/2020 9:19:44 AM,EVENT 50129 1596791978 -310124634/1219229881/817/5/0 INPUT 8 1 0 v:124
7/08/2020 9:19:44 AM,252 Event OK
7/08/2020 9:19:45 AM,QUIT
7/08/2020 9:19:45 AM,221 Session ended - goodbye
7/08/2020 9:19:56 AM,UNIT 9279
7/08/2020 9:19:56 AM,333 CHAL 2F2E3CAB
7/08/2020 9:19:56 AM,RESP 8CDBC089
7/08/2020 9:19:56 AM,230 Auth OK
7/08/2020 9:19:57 AM,TIME
7/08/2020 9:19:57 AM,211 TIME 1596791997
7/08/2020 9:19:58 AM,EVCOUNT 1
7/08/2020 9:19:58 AM,252 Event OK
7/08/2020 9:19:58 AM,TODO
7/08/2020 9:19:58 AM,125 TODO GETXML 2000 Operators 
225 Work list complete
7/08/2020 9:19:59 AM,GETXML
7/08/2020 9:19:59 AM,Binary data 4241 bytes
7/08/2020 9:20:01 AM,GOT Operators 4193 B22E2A56
7/08/2020 9:20:01 AM,250 Download OK
7/08/2020 9:20:02 AM,EVENT 50130 1596791985 -310124642/1219229885/848/6/0 SIGNON 2505 03b1f6ce OK 26 270498 0 v:124
7/08/2020 9:20:02 AM,252 Event OK
7/08/2020 9:20:02 AM,QUIT
7/08/2020 9:20:02 AM,221 Session ended - goodbye
7/08/2020 9:20:11 AM,UNIT 9279
7/08/2020 9:20:11 AM,333 CHAL 5CB64CDA
7/08/2020 9:20:12 AM,RESP 37A55659
7/08/2020 9:20:12 AM,230 Auth OK
7/08/2020 9:20:12 AM,TIME
7/08/2020 9:20:12 AM,211 TIME 1596792012
7/08/2020 9:20:13 AM,EVCOUNT 3
7/08/2020 9:20:13 AM,252 Event OK
7/08/2020 9:20:13 AM,TODO
7/08/2020 9:20:13 AM,226 Nothing to do
7/08/2020 9:20:14 AM,EVENT 50131 1596792007 -310124697/1219229828/813/6/0 INPUT 1 0 961 v:124
7/08/2020 9:20:14 AM,252 Event OK
7/08/2020 9:20:15 AM,EVENT 50132 1596792008 -310124696/1219229828/812/6/0 INPUT 4 1 0 v:124
7/08/2020 9:20:15 AM,252 Event OK
7/08/2020 9:20:16 AM,EVENT 50133 1596792010 -310124547/1219229898/816/6/2 INPUT 3 1 0 v:124
7/08/2020 9:20:16 AM,252 Event OK
7/08/2020 9:20:17 AM,QUIT
7/08/2020 9:20:17 AM,221 Session ended - goodbye
7/08/2020 9:21:09 AM,UNIT 9279
7/08/2020 9:21:09 AM,333 CHAL 6DFE3A1A
7/08/2020 9:21:10 AM,RESP 73FA48CE
7/08/2020 9:21:10 AM,230 Auth OK
7/08/2020 9:21:10 AM,TIME
7/08/2020 9:21:10 AM,211 TIME 1596792070
7/08/2020 9:21:11 AM,EVCOUNT 1
7/08/2020 9:21:11 AM,252 Event OK
7/08/2020 9:21:11 AM,TODO
7/08/2020 9:21:11 AM,226 Nothing to do
7/08/2020 9:21:12 AM,EVENT 50134 1596792065 -310141974/1219228469/867/8/27 ZONEOVERSPEED 50130 32 38 1 v:124
7/08/2020 9:21:12 AM,252 Event OK
7/08/2020 9:21:12 AM,QUIT
7/08/2020 9:21:12 AM,221 Session ended - goodbye
7/08/2020 9:21:23 AM,UNIT 9279
7/08/2020 9:21:23 AM,333 CHAL 58855A7A
7/08/2020 9:21:23 AM,RESP 3CCDF36A
7/08/2020 9:21:23 AM,230 Auth OK
7/08/2020 9:21:23 AM,TIME
7/08/2020 9:21:23 AM,211 TIME 1596792083
7/08/2020 9:21:24 AM,EVCOUNT 5
7/08/2020 9:21:24 AM,252 Event OK
7/08/2020 9:21:24 AM,TODO
7/08/2020 9:21:24 AM,226 Nothing to do
7/08/2020 9:21:25 AM,EVENT 50135 1596792072 -310143047/1219231693/915/8/11 INPUT 3 0 62 v:124
7/08/2020 9:21:25 AM,252 Event OK
7/08/2020 9:21:26 AM,EVENT 50136 1596792078 -310143555/1219231778/977/0/0 INPUT 7 1 0 v:124
7/08/2020 9:21:26 AM,252 Event OK
7/08/2020 9:21:26 AM,EVENT 50137 1596792078 -310143555/1219231778/977/0/0 INPUT 8 0 99 v:124
7/08/2020 9:21:26 AM,252 Event OK
7/08/2020 9:21:27 AM,EVENT 50138 1596792079 -310143553/1219231775/984/0/0 INPUT 1 1 0 v:124
7/08/2020 9:21:27 AM,252 Event OK
7/08/2020 9:21:28 AM,EVENT 50139 1596792079 -310143549/1219231775/987/0/0 INPUT 4 0 72 v:124
7/08/2020 9:21:28 AM,252 Event OK
7/08/2020 9:21:28 AM,EVENT 50140 1596792082 -310143535/1219231783/1007/0/0 TRIP 50130 62 10 26 22 98 v:124
7/08/2020 9:21:28 AM,252 Event OK
7/08/2020 9:21:29 AM,EVENT 50141 1596792082 -310143530/1219231785/1013/0/0 TRIPSUMMARY 50130 v:124
7/08/2020 9:21:29 AM,252 Event OK
7/08/2020 9:21:29 AM,QUIT
7/08/2020 9:21:29 AM,221 Session ended - goodbye
7/08/2020 10:04:49 AM,UNIT 9279
7/08/2020 10:04:49 AM,333 CHAL 4BF9D677
7/08/2020 10:04:49 AM,RESP A1E4CE1B
7/08/2020 10:04:49 AM,230 Auth OK
7/08/2020 10:04:49 AM,TIME
7/08/2020 10:04:49 AM,211 TIME 1596794689
7/08/2020 10:04:49 AM,EVCOUNT 11
7/08/2020 10:04:49 AM,252 Event OK
7/08/2020 10:04:49 AM,TODO
7/08/2020 10:04:49 AM,226 Nothing to do
7/08/2020 10:04:50 AM,EVENT 50142 1596794662 0/0/0/0/0 SWSTART OpusFC 5.0.58.518 R v:123
7/08/2020 10:04:50 AM,252 Event OK
7/08/2020 10:04:50 AM,EVENT 50143 1596792082 0/0/0/0/0 POWERDOWN v:124
7/08/2020 10:04:50 AM,252 Event OK
7/08/2020 10:04:51 AM,EVENT 50144 1596794662 0/0/0/0/0 INPUT 1 1 0 v:123
7/08/2020 10:04:51 AM,252 Event OK
7/08/2020 10:04:51 AM,EVENT 50145 1596794662 0/0/0/0/0 INPUT 2 0 0 v:123
7/08/2020 10:04:51 AM,252 Event OK
7/08/2020 10:04:51 AM,EVENT 50146 1596794662 0/0/0/0/0 INPUT 3 0 0 v:123
7/08/2020 10:04:51 AM,252 Event OK
7/08/2020 10:04:51 AM,EVENT 50147 1596794662 0/0/0/0/0 INPUT 4 0 0 v:123
7/08/2020 10:04:51 AM,252 Event OK
7/08/2020 10:04:52 AM,EVENT 50148 1596794662 0/0/0/0/0 INPUT 7 0 0 v:123
7/08/2020 10:04:52 AM,252 Event OK
7/08/2020 10:04:52 AM,EVENT 50149 1596794662 0/0/0/0/0 INPUT 8 1 0 v:123
7/08/2020 10:04:52 AM,252 Event OK
7/08/2020 10:04:52 AM,EVENT 50150 1596794664 0/0/0/0/0 ZONE_OK 2 100 FW=NO VERSION v:123
7/08/2020 10:04:52 AM,252 Event OK
7/08/2020 10:04:52 AM,EVENT 50151 1596794673 0/0/0/0/0 INPUT 7 1 0 v:123
7/08/2020 10:04:52 AM,252 Event OK
7/08/2020 10:04:52 AM,EVENT 50152 1596794673 0/0/0/0/0 INPUT 8 0 10 v:123
7/08/2020 10:04:52 AM,252 Event OK
7/08/2020 10:04:53 AM,QUIT
7/08/2020 10:04:53 AM,221 Session ended - goodbye
7/08/2020 10:05:31 AM,UNIT 9279
7/08/2020 10:05:31 AM,333 CHAL 116EFC92
7/08/2020 10:05:32 AM,RESP 06DFBA53
7/08/2020 10:05:32 AM,230 Auth OK
7/08/2020 10:05:33 AM,TIME
7/08/2020 10:05:33 AM,211 TIME 1596794733
7/08/2020 10:05:34 AM,EVCOUNT 1
7/08/2020 10:05:34 AM,252 Event OK
7/08/2020 10:05:35 AM,TODO
7/08/2020 10:05:35 AM,226 Nothing to do
7/08/2020 10:05:36 AM,EVENT 50153 1596794725 -310143617/1219231917/1088/6/1 REPORT * 0 31 v:123
7/08/2020 10:05:36 AM,252 Event OK
7/08/2020 10:05:36 AM,QUIT
7/08/2020 10:05:36 AM,221 Session ended - goodbye
7/08/2020 10:12:45 AM,UNIT 9279
7/08/2020 10:12:45 AM,333 CHAL 7C2B9E76
7/08/2020 10:12:46 AM,RESP 90731C4E
7/08/2020 10:12:46 AM,230 Auth OK
7/08/2020 10:12:46 AM,TIME
7/08/2020 10:12:46 AM,211 TIME 1596795166
7/08/2020 10:12:47 AM,EVCOUNT 2
7/08/2020 10:12:47 AM,252 Event OK
7/08/2020 10:12:48 AM,TODO
7/08/2020 10:12:48 AM,226 Nothing to do
7/08/2020 10:12:48 AM,EVENT 50154 1596795161 -310143193/1219231981/823/6/1 INPUT 8 1 0 v:123
7/08/2020 10:12:48 AM,252 Event OK
7/08/2020 10:12:49 AM,EVENT 50155 1596795161 -310143198/1219231981/823/6/1 INPUT 7 0 489 v:123
7/08/2020 10:12:49 AM,252 Event OK
7/08/2020 10:12:50 AM,QUIT
7/08/2020 10:12:50 AM,221 Session ended - goodbye
7/08/2020 10:13:00 AM,UNIT 9279
7/08/2020 10:13:00 AM,333 CHAL 112180A5
7/08/2020 10:13:01 AM,RESP CBA5BFE7
7/08/2020 10:13:01 AM,230 Auth OK
7/08/2020 10:13:01 AM,TIME
7/08/2020 10:13:01 AM,211 TIME 1596795181
7/08/2020 10:13:02 AM,EVCOUNT 2
7/08/2020 10:13:02 AM,252 Event OK
7/08/2020 10:13:02 AM,TODO
7/08/2020 10:13:02 AM,226 Nothing to do
7/08/2020 10:13:03 AM,EVENT 50156 1596795170 -310143293/1219231951/825/6/1 SIGNON 2539 01d5f6d3 OK_CL 26 150496 0 v:123
7/08/2020 10:13:03 AM,252 Event OK
7/08/2020 10:13:04 AM,EVENT 50157 1596795177 -310143327/1219231898/852/6/1 CHECKLIST 50156 OK 0 8 432 F v:123
7/08/2020 10:13:04 AM,252 Event OK
7/08/2020 10:13:05 AM,QUIT
7/08/2020 10:13:05 AM,221 Session ended - goodbye
7/08/2020 10:13:17 AM,UNIT 9279
7/08/2020 10:13:17 AM,333 CHAL 556B690E
7/08/2020 10:13:18 AM,RESP B094C5DF
7/08/2020 10:13:18 AM,230 Auth OK
7/08/2020 10:13:18 AM,TIME
7/08/2020 10:13:18 AM,211 TIME 1596795198
7/08/2020 10:13:19 AM,EVCOUNT 2
7/08/2020 10:13:19 AM,252 Event OK
7/08/2020 10:13:19 AM,TODO
7/08/2020 10:13:19 AM,226 Nothing to do
7/08/2020 10:13:20 AM,EVENT 50158 1596795192 -310143413/1219231774/906/5/0 INPUT 1 0 530 v:124
7/08/2020 10:13:20 AM,252 Event OK
7/08/2020 10:13:21 AM,EVENT 50159 1596795192 -310143413/1219231774/906/5/0 INPUT 4 1 0 v:124
7/08/2020 10:13:21 AM,252 Event OK
7/08/2020 10:13:22 AM,QUIT
7/08/2020 10:13:22 AM,221 Session ended - goodbye
7/08/2020 10:14:38 AM,UNIT 9279
7/08/2020 10:14:38 AM,333 CHAL 43B4180E
7/08/2020 10:14:39 AM,RESP C13C847A
7/08/2020 10:14:39 AM,230 Auth OK
7/08/2020 10:14:40 AM,TIME
7/08/2020 10:14:40 AM,211 TIME 1596795280
7/08/2020 10:14:40 AM,EVCOUNT 2
7/08/2020 10:14:40 AM,252 Event OK
7/08/2020 10:14:41 AM,TODO
7/08/2020 10:14:41 AM,226 Nothing to do
7/08/2020 10:14:42 AM,EVENT 50160 1596795273 -310143268/1219231546/881/5/0 INPUT 4 0 81 v:124
7/08/2020 10:14:42 AM,252 Event OK
7/08/2020 10:14:43 AM,EVENT 50161 1596795273 -310143268/1219231546/881/5/0 INPUT 4 1 0 v:124
7/08/2020 10:14:43 AM,252 Event OK
7/08/2020 10:14:44 AM,QUIT
7/08/2020 10:14:44 AM,221 Session ended - goodbye
7/08/2020 10:14:55 AM,UNIT 9279
7/08/2020 10:14:55 AM,333 CHAL 6D31DA6B
7/08/2020 10:14:55 AM,RESP 3A8B0AFA
7/08/2020 10:14:55 AM,230 Auth OK
7/08/2020 10:14:56 AM,TIME
7/08/2020 10:14:56 AM,211 TIME 1596795296
7/08/2020 10:14:57 AM,EVCOUNT 1
7/08/2020 10:14:57 AM,252 Event OK
7/08/2020 10:14:57 AM,TODO
7/08/2020 10:14:57 AM,226 Nothing to do
7/08/2020 10:14:58 AM,EVENT 50162 1596795282 -310142788/1219231411/915/6/4 INPUT 3 1 0 v:124
7/08/2020 10:14:58 AM,252 Event OK
7/08/2020 10:14:59 AM,QUIT
7/08/2020 10:14:59 AM,221 Session ended - goodbye
7/08/2020 10:15:56 AM,UNIT 9279
7/08/2020 10:15:56 AM,333 CHAL 333C3E8B
7/08/2020 10:15:57 AM,RESP 8959AD8F
7/08/2020 10:15:57 AM,230 Auth OK
7/08/2020 10:15:57 AM,TIME
7/08/2020 10:15:57 AM,211 TIME 1596795357
7/08/2020 10:15:58 AM,EVCOUNT 4
7/08/2020 10:15:58 AM,252 Event OK
7/08/2020 10:15:58 AM,TODO
7/08/2020 10:15:58 AM,226 Nothing to do
7/08/2020 10:15:59 AM,EVENT 50163 1596795352 -310124681/1219231552/900/8/11 INPUT 3 0 70 v:124
7/08/2020 10:15:59 AM,252 Event OK
7/08/2020 10:16:00 AM,EVENT 50164 1596795352 -310124706/1219231490/899/8/8 INPUT 7 1 0 v:124
7/08/2020 10:16:00 AM,252 Event OK
7/08/2020 10:16:01 AM,EVENT 50165 1596795352 -310124706/1219231490/899/8/8 INPUT 8 0 192 v:124
7/08/2020 10:16:01 AM,252 Event OK
7/08/2020 10:16:02 AM,EVENT 50166 1596795353 -310124719/1219231434/895/8/5 INPUT 1 1 0 v:123
7/08/2020 10:16:02 AM,252 Event OK
7/08/2020 10:16:02 AM,EVENT 50167 1596795357 -310124696/1219231415/909/8/0 TRIP 50156 70 95 17 17 182 v:123
7/08/2020 10:16:02 AM,252 Event OK
7/08/2020 10:16:03 AM,EVENT 50168 1596795358 -310124691/1219231415/912/8/0 INPUT 4 0 84 v:123
7/08/2020 10:16:03 AM,252 Event OK
7/08/2020 10:16:04 AM,QUIT
7/08/2020 10:16:04 AM,221 Session ended - goodbye
7/08/2020 10:18:02 AM,UNIT 9279
7/08/2020 10:18:02 AM,333 CHAL 5D31835
7/08/2020 10:18:03 AM,RESP ABDDA1BF
7/08/2020 10:18:03 AM,230 Auth OK
7/08/2020 10:18:03 AM,TIME
7/08/2020 10:18:03 AM,211 TIME 1596795483
7/08/2020 10:18:04 AM,EVCOUNT 3
7/08/2020 10:18:04 AM,252 Event OK
7/08/2020 10:18:04 AM,TODO
7/08/2020 10:18:04 AM,226 Nothing to do
7/08/2020 10:18:05 AM,EVENT 50169 1596795477 -310124670/1219231380/900/9/0 INPUT 8 1 0 v:123
7/08/2020 10:18:05 AM,252 Event OK
7/08/2020 10:18:06 AM,EVENT 50170 1596795478 -310124670/1219231380/900/9/0 INPUT 7 0 125 v:124
7/08/2020 10:18:06 AM,252 Event OK
7/08/2020 10:18:07 AM,EVENT 50171 1596795479 -310124667/1219231379/901/9/0 DEBUG Time(BAD):1596795479->4294967295 v:124
7/08/2020 10:18:07 AM,252 Event OK
7/08/2020 10:18:07 AM,QUIT
7/08/2020 10:18:07 AM,221 Session ended - goodbye
7/08/2020 10:18:17 AM,UNIT 9279
7/08/2020 10:18:17 AM,333 CHAL F333D24
7/08/2020 10:18:18 AM,RESP D8F95704
7/08/2020 10:18:18 AM,230 Auth OK
7/08/2020 10:18:18 AM,TIME
7/08/2020 10:18:18 AM,211 TIME 1596795498
7/08/2020 10:18:19 AM,EVCOUNT 3
7/08/2020 10:18:19 AM,252 Event OK
7/08/2020 10:18:20 AM,TODO
7/08/2020 10:18:20 AM,226 Nothing to do
7/08/2020 10:18:20 AM,EVENT 50172 1596795489 -310124626/1219231332/875/9/0 SIGNON 2539 01d5f6d3 OK 26 150496 0 v:124
7/08/2020 10:18:20 AM,252 Event OK
7/08/2020 10:18:21 AM,EVENT 50173 1596795495 -310124625/1219231339/878/9/0 INPUT 1 0 142 v:124
7/08/2020 10:18:21 AM,252 Event OK
7/08/2020 10:18:21 AM,EVENT 50174 1596795496 -310124626/1219231340/876/9/0 INPUT 4 1 0 v:124
7/08/2020 10:18:21 AM,252 Event OK
7/08/2020 10:18:21 AM,QUIT
7/08/2020 10:18:21 AM,221 Session ended - goodbye
7/08/2020 10:18:56 AM,UNIT 9279
7/08/2020 10:18:56 AM,333 CHAL 45D90C04
7/08/2020 10:18:57 AM,RESP BBB97A83
7/08/2020 10:18:57 AM,230 Auth OK
7/08/2020 10:18:57 AM,TIME
7/08/2020 10:18:57 AM,211 TIME 1596795537
7/08/2020 10:18:58 AM,EVCOUNT 2
7/08/2020 10:18:58 AM,252 Event OK
7/08/2020 10:18:58 AM,TODO
7/08/2020 10:18:58 AM,226 Nothing to do
7/08/2020 10:18:59 AM,EVENT 50175 1596795531 -310124699/1219231368/847/9/0 INPUT 4 0 36 v:124
7/08/2020 10:18:59 AM,252 Event OK
7/08/2020 10:19:00 AM,EVENT 50176 1596795531 -310124699/1219231368/847/9/0 INPUT 4 1 0 v:124
7/08/2020 10:19:00 AM,252 Event OK
7/08/2020 10:19:01 AM,QUIT
7/08/2020 10:19:01 AM,221 Session ended - goodbye
7/08/2020 10:19:12 AM,UNIT 9279
7/08/2020 10:19:12 AM,333 CHAL 5F47FFAA
7/08/2020 10:19:12 AM,RESP 5FED94D9
7/08/2020 10:19:12 AM,230 Auth OK
7/08/2020 10:19:13 AM,TIME
7/08/2020 10:19:13 AM,211 TIME 1596795553
7/08/2020 10:19:14 AM,EVCOUNT 2
7/08/2020 10:19:14 AM,252 Event OK
7/08/2020 10:19:14 AM,TODO
7/08/2020 10:19:14 AM,226 Nothing to do
7/08/2020 10:19:15 AM,EVENT 50177 1596795540 -310124628/1219231540/864/9/2 INPUT 4 0 9 v:123
7/08/2020 10:19:15 AM,252 Event OK
7/08/2020 10:19:16 AM,EVENT 50178 1596795540 -310124628/1219231540/864/9/2 INPUT 4 1 0 v:124
7/08/2020 10:19:16 AM,252 Event OK
7/08/2020 10:19:17 AM,EVENT 50179 1596795553 -310124074/1219231459/927/9/8 INPUT 3 1 0 v:124
7/08/2020 10:19:17 AM,252 Event OK
7/08/2020 10:19:17 AM,QUIT
7/08/2020 10:19:17 AM,221 Session ended - goodbye
7/08/2020 10:20:10 AM,UNIT 9279
7/08/2020 10:20:10 AM,333 CHAL E023DF7
7/08/2020 10:20:10 AM,RESP CF6AFE3C
7/08/2020 10:20:10 AM,230 Auth OK
7/08/2020 10:20:11 AM,TIME
7/08/2020 10:20:11 AM,211 TIME 1596795611
7/08/2020 10:20:12 AM,EVCOUNT 1
7/08/2020 10:20:12 AM,252 Event OK
7/08/2020 10:20:12 AM,TODO
7/08/2020 10:20:12 AM,226 Nothing to do
7/08/2020 10:20:13 AM,EVENT 50180 1596795603 -310122182/1219227958/930/8/10 INPUT 3 0 50 v:124
7/08/2020 10:20:13 AM,252 Event OK
7/08/2020 10:20:14 AM,QUIT
7/08/2020 10:20:14 AM,221 Session ended - goodbye
7/08/2020 10:20:25 AM,UNIT 9279
7/08/2020 10:20:25 AM,333 CHAL 7A5C44CE
7/08/2020 10:20:25 AM,RESP 8BDA08A2
7/08/2020 10:20:25 AM,230 Auth OK
7/08/2020 10:20:26 AM,TIME
7/08/2020 10:20:26 AM,211 TIME 1596795626
7/08/2020 10:20:27 AM,EVCOUNT 7
7/08/2020 10:20:27 AM,252 Event OK
7/08/2020 10:20:27 AM,TODO
7/08/2020 10:20:27 AM,226 Nothing to do
7/08/2020 10:20:28 AM,EVENT 50181 1596795615 -310122714/1219228788/944/8/3 INPUT 4 0 75 v:123
7/08/2020 10:20:28 AM,252 Event OK
7/08/2020 10:20:29 AM,EVENT 50182 1596795615 -310122714/1219228788/944/8/2 INPUT 4 1 0 v:123
7/08/2020 10:20:29 AM,252 Event OK
7/08/2020 10:20:30 AM,EVENT 50183 1596795617 -310122744/1219228791/936/4/0 INPUT 7 1 0 v:123
7/08/2020 10:20:30 AM,252 Event OK
7/08/2020 10:20:31 AM,EVENT 50184 1596795617 -310122748/1219228788/935/4/0 INPUT 8 0 139 v:123
7/08/2020 10:20:31 AM,252 Event OK
7/08/2020 10:20:32 AM,EVENT 50185 1596795618 -310122754/1219228781/935/4/0 INPUT 1 1 0 v:123
7/08/2020 10:20:32 AM,252 Event OK
7/08/2020 10:20:32 AM,EVENT 50186 1596795619 -310122758/1219228772/938/4/0 INPUT 4 0 4 v:123
7/08/2020 10:20:32 AM,252 Event OK
7/08/2020 10:20:33 AM,EVENT 50187 1596795621 -310122764/1219228759/942/4/0 TRIP 50172 50 74 8 6 132 v:124
7/08/2020 10:20:33 AM,252 Event OK
7/08/2020 10:20:34 AM,QUIT
7/08/2020 10:20:34 AM,221 Session ended - goodbye
7/08/2020 10:30:46 AM,UNIT 9279
7/08/2020 10:30:46 AM,333 CHAL 325A80B8
7/08/2020 10:30:47 AM,RESP 3D6F38CF
7/08/2020 10:30:47 AM,230 Auth OK
7/08/2020 10:30:48 AM,TIME
7/08/2020 10:30:48 AM,211 TIME 1596796248
7/08/2020 10:30:48 AM,EVCOUNT 2
7/08/2020 10:30:48 AM,252 Event OK
7/08/2020 10:30:49 AM,TODO
7/08/2020 10:30:49 AM,226 Nothing to do
7/08/2020 10:30:50 AM,EVENT 50188 1596796242 -310122872/1219228428/871/3/0 INPUT 8 1 0 v:124
7/08/2020 10:30:50 AM,252 Event OK
7/08/2020 10:30:51 AM,EVENT 50189 1596796242 -310122872/1219228428/871/3/0 INPUT 7 0 625 v:124
7/08/2020 10:30:51 AM,252 Event OK
7/08/2020 10:30:51 AM,QUIT
7/08/2020 10:30:51 AM,221 Session ended - goodbye
7/08/2020 10:31:01 AM,UNIT 9279
7/08/2020 10:31:01 AM,333 CHAL 676B6FA3
7/08/2020 10:31:02 AM,RESP 5B43F949
7/08/2020 10:31:02 AM,230 Auth OK
7/08/2020 10:31:03 AM,TIME
7/08/2020 10:31:03 AM,211 TIME 1596796263
7/08/2020 10:31:03 AM,EVCOUNT 5
7/08/2020 10:31:03 AM,252 Event OK
7/08/2020 10:31:04 AM,TODO
7/08/2020 10:31:04 AM,226 Nothing to do
7/08/2020 10:31:05 AM,EVENT 50190 1596796251 -310122927/1219228507/864/3/0 SIGNON 2539 01d5f6d3 OK 26 150496 0 v:124
7/08/2020 10:31:05 AM,252 Event OK
7/08/2020 10:31:06 AM,EVENT 50191 1596796258 -310122932/1219228464/867/3/0 INPUT 7 1 0 v:124
7/08/2020 10:31:06 AM,252 Event OK
7/08/2020 10:31:07 AM,EVENT 50192 1596796258 -310122932/1219228464/867/3/0 INPUT 8 0 17 v:124
7/08/2020 10:31:07 AM,252 Event OK
7/08/2020 10:31:08 AM,EVENT 50193 1596796259 -310122932/1219228462/867/3/0 INPUT 8 1 0 v:123
7/08/2020 10:31:08 AM,252 Event OK
7/08/2020 10:31:09 AM,EVENT 50194 1596796259 -310122932/1219228462/867/3/0 INPUT 7 0 0 v:123
7/08/2020 10:31:09 AM,252 Event OK
7/08/2020 10:31:10 AM,EVENT 50195 1596796264 -310122932/1219228456/882/3/0 INPUT 3 1 0 v:124
7/08/2020 10:31:10 AM,252 Event OK
7/08/2020 10:31:10 AM,EVENT 50196 1596796265 -310122930/1219228456/885/3/12 INPUT 1 0 647 v:124
7/08/2020 10:31:10 AM,252 Event OK
7/08/2020 10:31:11 AM,EVENT 50197 1596796265 -310122928/1219228457/887/3/20 INPUT 3 0 2 v:123
7/08/2020 10:31:11 AM,252 Event OK
7/08/2020 10:31:12 AM,EVENT 50198 1596796265 -310122928/1219228457/887/3/20 INPUT 4 1 0 v:123
7/08/2020 10:31:12 AM,252 Event OK
7/08/2020 10:31:13 AM,QUIT
7/08/2020 10:31:13 AM,221 Session ended - goodbye
7/08/2020 8:41:23 PM,UNIT 9279
7/08/2020 8:41:23 PM,333 CHAL 5570B98C
7/08/2020 8:41:24 PM,RESP 7481277F
7/08/2020 8:41:24 PM,230 Auth OK
7/08/2020 8:41:25 PM,TIME
7/08/2020 8:41:25 PM,211 TIME 1596832885
7/08/2020 8:41:25 PM,EVCOUNT 128
7/08/2020 8:41:25 PM,252 Event OK
7/08/2020 8:41:25 PM,TODO
7/08/2020 8:41:25 PM,226 Nothing to do
7/08/2020 8:41:25 PM,EVENT 50199 1596796273 -310122298/1219228024/927/3/8 INPUT 3 1 0 v:123
7/08/2020 8:41:25 PM,252 Event OK
7/08/2020 8:41:25 PM,EVENT 50200 1596796560 0/0/0/0/24 REPORT 50190 0 0 v:124
7/08/2020 8:41:25 PM,252 Event OK
7/08/2020 8:41:26 PM,EVENT 50201 1596796947 0/0/0/0/12 INPUT 3 0 674 v:124
7/08/2020 8:41:26 PM,252 Event OK
7/08/2020 8:41:26 PM,EVENT 50202 1596796957 0/0/0/0/4 INPUT 3 1 0 v:124
7/08/2020 8:41:26 PM,252 Event OK
7/08/2020 8:41:26 PM,EVENT 50203 1596796965 0/0/0/0/10 INPUT 3 0 8 v:124
7/08/2020 8:41:26 PM,252 Event OK
7/08/2020 8:41:26 PM,EVENT 50204 1596796966 0/0/0/0/8 INPUT 3 1 0 v:124
7/08/2020 8:41:26 PM,252 Event OK
7/08/2020 8:41:26 PM,EVENT 50205 1596796968 0/0/0/0/9 INPUT 3 0 1 v:124
7/08/2020 8:41:26 PM,252 Event OK
7/08/2020 8:41:27 PM,EVENT 50206 1596796975 0/0/0/0/1 INPUT 4 0 710 v:124
7/08/2020 8:41:27 PM,252 Event OK
7/08/2020 8:41:27 PM,EVENT 50207 1596796975 0/0/0/0/1 INPUT 4 1 0 v:124
7/08/2020 8:41:27 PM,252 Event OK
7/08/2020 8:41:27 PM,EVENT 50208 1596796977 0/0/0/0/0 INPUT 7 1 0 v:124
7/08/2020 8:41:27 PM,252 Event OK
7/08/2020 8:41:27 PM,EVENT 50209 1596796977 0/0/0/0/0 INPUT 8 0 719 v:123
7/08/2020 8:41:27 PM,252 Event OK
7/08/2020 8:41:28 PM,EVENT 50210 1596796978 0/0/0/0/0 INPUT 1 1 0 v:123
7/08/2020 8:41:28 PM,252 Event OK
7/08/2020 8:41:28 PM,EVENT 50211 1596796981 0/0/0/0/0 INPUT 4 0 6 v:123
7/08/2020 8:41:28 PM,252 Event OK
7/08/2020 8:41:28 PM,EVENT 50212 1596796982 0/0/0/0/0 TRIP 50190 685 33 14 13 732 v:124
7/08/2020 8:41:28 PM,252 Event OK
7/08/2020 8:41:28 PM,EVENT 50213 1596826987 0/0/0/0/0 SWSTART OpusFC 5.0.58.518 R v:123
7/08/2020 8:41:28 PM,252 Event OK
7/08/2020 8:42:17 PM,UNIT 9279
7/08/2020 8:42:17 PM,333 CHAL 5D35A592
7/08/2020 8:42:20 PM,RESP E0FEF4F5
7/08/2020 8:42:20 PM,230 Auth OK
7/08/2020 8:42:22 PM,TIME
7/08/2020 8:42:22 PM,211 TIME 1596832942
7/08/2020 8:42:23 PM,EVCOUNT 122
7/08/2020 8:42:23 PM,252 Event OK
7/08/2020 8:42:23 PM,TODO
7/08/2020 8:42:23 PM,226 Nothing to do
7/08/2020 8:42:24 PM,EVENT 50214 1596796982 0/0/0/0/0 POWERDOWN v:124
7/08/2020 8:42:24 PM,252 Event OK
7/08/2020 8:42:25 PM,EVENT 50215 1596826987 0/0/0/0/0 INPUT 1 1 0 v:123
7/08/2020 8:42:25 PM,252 Event OK
7/08/2020 8:42:26 PM,EVENT 50216 1596826987 0/0/0/0/0 INPUT 2 0 0 v:123
7/08/2020 8:42:26 PM,252 Event OK
7/08/2020 8:42:27 PM,EVENT 50217 1596826987 0/0/0/0/0 INPUT 3 0 0 v:123
7/08/2020 8:42:27 PM,252 Event OK
7/08/2020 8:42:28 PM,EVENT 50218 1596826987 0/0/0/0/0 INPUT 4 0 0 v:123
7/08/2020 8:42:28 PM,252 Event OK
7/08/2020 8:42:29 PM,EVENT 50219 1596826987 0/0/0/0/0 INPUT 7 0 0 v:123
7/08/2020 8:42:29 PM,252 Event OK
7/08/2020 8:42:31 PM,EVENT 50220 1596826987 0/0/0/0/0 INPUT 8 1 0 v:123
7/08/2020 8:42:31 PM,252 Event OK
7/08/2020 8:42:37 PM,EVENT 50221 1596826988 0/0/0/0/0 ZONE_OK 2 100 FW=NO VERSION v:123
7/08/2020 8:42:37 PM,252 Event OK
7/08/2020 8:42:43 PM,EVENT 50222 1596826996 0/0/0/0/0 SIGNON 2539 01d5f6d3 OK 26 150496 0 v:123
7/08/2020 8:42:43 PM,252 Event OK
7/08/2020 8:42:50 PM,EVENT 50223 1596827003 0/0/0/99/0 INPUT 4 1 0 v:124
7/08/2020 8:42:50 PM,252 Event OK
7/08/2020 8:42:53 PM,EVENT 50224 1596827003 0/0/0/99/0 INPUT 1 0 16 v:124
7/08/2020 8:42:53 PM,252 Event OK
7/08/2020 8:42:53 PM,EVENT 50225 1596827096 0/0/0/0/8 INPUT 3 1 0 v:124
7/08/2020 8:42:53 PM,252 Event OK
7/08/2020 8:42:55 PM,EVENT 50226 1596827644 0/0/0/0/10 INPUT 3 0 547 v:124
7/08/2020 8:42:55 PM,252 Event OK
7/08/2020 8:42:57 PM,EVENT 50227 1596827645 0/0/0/0/7 INPUT 4 0 643 v:124
7/08/2020 8:42:57 PM,252 Event OK
7/08/2020 8:42:59 PM,EVENT 50228 1596827646 0/0/0/0/4 INPUT 4 1 0 v:124
7/08/2020 8:42:59 PM,252 Event OK
7/08/2020 8:46:51 PM,UNIT 9279
7/08/2020 8:46:51 PM,333 CHAL 281D936A
7/08/2020 8:46:51 PM,RESP 7BE5D991
7/08/2020 8:46:51 PM,230 Auth OK
7/08/2020 8:46:52 PM,TIME
7/08/2020 8:46:52 PM,211 TIME 1596833212
7/08/2020 8:46:53 PM,EVCOUNT 107
7/08/2020 8:46:53 PM,252 Event OK
7/08/2020 8:46:54 PM,TODO
7/08/2020 8:46:54 PM,226 Nothing to do
7/08/2020 8:46:54 PM,EVENT 50229 1596827667 0/0/0/0/0 INPUT 7 1 0 v:124
7/08/2020 8:46:54 PM,252 Event OK
7/08/2020 8:46:55 PM,EVENT 50230 1596827667 0/0/0/0/0 INPUT 8 0 680 v:124
7/08/2020 8:46:55 PM,252 Event OK
7/08/2020 8:46:56 PM,EVENT 50231 1596827667 0/0/0/0/0 INPUT 4 0 22 v:124
7/08/2020 8:46:56 PM,252 Event OK
7/08/2020 8:46:57 PM,EVENT 50232 1596827668 0/0/0/0/0 INPUT 4 1 0 v:123
7/08/2020 8:46:57 PM,252 Event OK
7/08/2020 8:46:57 PM,EVENT 50233 1596827668 0/0/0/0/0 INPUT 1 1 0 v:123
7/08/2020 8:46:57 PM,252 Event OK
7/08/2020 8:46:58 PM,EVENT 50234 1596827671 0/0/0/0/0 TRIP 50222 547 122 6 6 675 v:124
7/08/2020 8:46:58 PM,252 Event OK
7/08/2020 8:46:59 PM,EVENT 50235 1596827672 0/0/0/0/0 INPUT 4 0 4 v:124
7/08/2020 8:46:59 PM,252 Event OK
7/08/2020 8:47:00 PM,EVENT 50236 1596827684 0/0/0/99/0 INPUT 8 1 0 v:124
7/08/2020 8:47:00 PM,252 Event OK
7/08/2020 8:47:01 PM,EVENT 50237 1596827684 0/0/0/99/0 INPUT 7 0 17 v:124
7/08/2020 8:47:01 PM,252 Event OK
7/08/2020 8:47:01 PM,EVENT 50238 1596827706 0/0/0/0/0 INPUT 7 1 0 v:124
7/08/2020 8:47:01 PM,252 Event OK
7/08/2020 8:47:02 PM,EVENT 50239 1596827706 0/0/0/0/0 INPUT 8 0 23 v:124
7/08/2020 8:47:02 PM,252 Event OK
7/08/2020 8:47:03 PM,EVENT 50240 1596827721 0/0/0/0/0 REPORT * 0 0 v:124
7/08/2020 8:47:03 PM,252 Event OK
7/08/2020 8:47:04 PM,EVENT 50241 1596829941 0/0/0/0/0 SWSTART OpusFC 5.0.58.518 R v:124
7/08/2020 8:47:04 PM,252 Event OK
7/08/2020 8:47:05 PM,EVENT 50242 1596827671 0/0/0/0/0 POWERDOWN v:124
7/08/2020 8:47:05 PM,252 Event OK
7/08/2020 8:47:06 PM,EVENT 50243 1596829941 0/0/0/0/0 INPUT 1 1 0 v:124
7/08/2020 8:47:06 PM,252 Event OK
7/08/2020 8:47:07 PM,EVENT 50244 1596829941 0/0/0/0/0 INPUT 2 0 0 v:124
7/08/2020 8:47:07 PM,252 Event OK
7/08/2020 8:47:09 PM,EVENT 50245 1596829941 0/0/0/0/0 INPUT 3 0 0 v:124
7/08/2020 8:47:09 PM,252 Event OK
7/08/2020 8:48:38 PM,UNIT 9279
7/08/2020 8:48:38 PM,333 CHAL 6B085034
7/08/2020 8:48:40 PM,RESP B47558E0
7/08/2020 8:48:40 PM,230 Auth OK
7/08/2020 8:48:41 PM,TIME
7/08/2020 8:48:41 PM,211 TIME 1596833321
7/08/2020 8:48:42 PM,EVCOUNT 90
7/08/2020 8:48:42 PM,252 Event OK
7/08/2020 8:48:43 PM,TODO
7/08/2020 8:48:43 PM,226 Nothing to do
7/08/2020 8:48:45 PM,EVENT 50246 1596829941 0/0/0/0/0 INPUT 4 0 0 v:124
7/08/2020 8:48:45 PM,252 Event OK
7/08/2020 8:48:46 PM,EVENT 50247 1596829941 0/0/0/0/0 INPUT 7 0 0 v:124
7/08/2020 8:48:46 PM,252 Event OK
7/08/2020 8:48:47 PM,EVENT 50248 1596829941 0/0/0/0/0 INPUT 8 1 0 v:124
7/08/2020 8:48:47 PM,252 Event OK
7/08/2020 8:48:48 PM,EVENT 50249 1596829943 0/0/0/0/0 ZONE_OK 2 100 FW=NO VERSION v:124
7/08/2020 8:48:48 PM,252 Event OK
7/08/2020 8:48:49 PM,EVENT 50250 1596829951 0/0/0/0/0 SIGNON 2539 01d5f6d3 OK 26 150496 0 v:124
7/08/2020 8:48:49 PM,252 Event OK
7/08/2020 8:48:49 PM,EVENT 50251 1596829957 0/0/0/99/0 INPUT 4 1 0 v:124
7/08/2020 8:48:49 PM,252 Event OK
7/08/2020 8:48:50 PM,EVENT 50252 1596829957 0/0/0/99/0 INPUT 1 0 16 v:124
7/08/2020 8:48:50 PM,252 Event OK
7/08/2020 8:48:51 PM,EVENT 50253 1596829990 0/0/0/0/0 INPUT 4 0 33 v:123
7/08/2020 8:48:51 PM,252 Event OK
7/08/2020 8:48:52 PM,EVENT 50254 1596829990 0/0/0/0/0 INPUT 4 1 0 v:123
7/08/2020 8:48:52 PM,252 Event OK
7/08/2020 8:48:53 PM,EVENT 50255 1596830064 0/0/0/0/0 INPUT 4 0 74 v:124
7/08/2020 8:48:53 PM,252 Event OK
7/08/2020 8:48:54 PM,EVENT 50256 1596830064 0/0/0/0/0 INPUT 4 1 0 v:124
7/08/2020 8:48:54 PM,252 Event OK
7/08/2020 8:48:54 PM,EVENT 50257 1596830066 0/0/0/0/6 INPUT 3 1 0 v:124
7/08/2020 8:48:54 PM,252 Event OK
7/08/2020 8:48:57 PM,EVENT 50258 1596830187 0/0/0/0/9 INPUT 3 0 122 v:124
7/08/2020 8:48:57 PM,252 Event OK
7/08/2020 8:49:39 PM,UNIT 9279
7/08/2020 8:49:39 PM,333 CHAL D56FC09
7/08/2020 8:49:39 PM,RESP F426B8C4
7/08/2020 8:49:39 PM,230 Auth OK
7/08/2020 8:49:40 PM,TIME
7/08/2020 8:49:40 PM,211 TIME 1596833380
7/08/2020 8:49:41 PM,EVCOUNT 77
7/08/2020 8:49:41 PM,252 Event OK
7/08/2020 8:49:41 PM,TODO
7/08/2020 8:49:41 PM,226 Nothing to do
7/08/2020 8:49:42 PM,EVENT 50259 1596830188 0/0/0/0/4 INPUT 4 0 124 v:124
7/08/2020 8:49:42 PM,252 Event OK
7/08/2020 8:49:43 PM,EVENT 50260 1596830188 0/0/0/0/3 INPUT 4 1 0 v:124
7/08/2020 8:49:43 PM,252 Event OK
7/08/2020 8:49:43 PM,EVENT 50261 1596830205 0/0/0/0/3 INPUT 3 1 0 v:124
7/08/2020 8:49:43 PM,252 Event OK
7/08/2020 8:49:44 PM,EVENT 50262 1596830376 0/0/0/0/10 INPUT 3 0 171 v:124
7/08/2020 8:49:44 PM,252 Event OK
7/08/2020 8:49:44 PM,EVENT 50259 1596830188 0/0/0/0/4 INPUT 4 0 124 v:124
7/08/2020 8:49:44 PM,252 Event OK - Outofsync
7/08/2020 8:49:45 PM,EVENT 50263 1596830376 0/0/0/0/10 INPUT 4 0 188 v:124
7/08/2020 8:49:45 PM,252 Event OK
7/08/2020 8:49:46 PM,EVENT 50264 1596830376 0/0/0/0/8 INPUT 4 1 0 v:124
7/08/2020 8:49:46 PM,252 Event OK
7/08/2020 8:49:46 PM,EVENT 50265 1596830383 0/0/0/0/6 INPUT 3 1 0 v:124
7/08/2020 8:49:46 PM,252 Event OK
7/08/2020 8:49:47 PM,EVENT 50266 1596830387 0/0/0/0/10 INPUT 3 0 5 v:124
7/08/2020 8:49:47 PM,252 Event OK
7/08/2020 8:49:48 PM,EVENT 50267 1596830416 0/0/0/0/6 INPUT 3 1 0 v:124
7/08/2020 8:49:48 PM,252 Event OK
7/08/2020 8:49:48 PM,EVENT 50268 1596830418 0/0/0/0/11 INPUT 3 0 1 v:124
7/08/2020 8:49:48 PM,252 Event OK
7/08/2020 8:49:49 PM,EVENT 50269 1596830419 0/0/0/0/9 INPUT 3 1 0 v:124
7/08/2020 8:49:49 PM,252 Event OK
7/08/2020 8:49:50 PM,EVENT 50270 1596830531 0/0/0/0/12 INPUT 3 0 113 v:124
7/08/2020 8:49:50 PM,252 Event OK
7/08/2020 8:49:50 PM,EVENT 50271 1596830545 0/0/0/0/4 INPUT 3 1 0 v:124
7/08/2020 8:49:50 PM,252 Event OK
7/08/2020 8:49:51 PM,EVENT 50272 1596830606 0/0/0/0/10 INPUT 3 0 61 v:124
7/08/2020 8:49:51 PM,252 Event OK
7/08/2020 8:49:52 PM,EVENT 50273 1596830624 0/0/0/0/0 INPUT 3 1 0 v:124
7/08/2020 8:49:52 PM,252 Event OK
7/08/2020 8:49:52 PM,EVENT 50274 1596830624 0/0/0/0/0 INPUT 7 1 0 v:124
7/08/2020 8:49:52 PM,252 Event OK
7/08/2020 8:49:53 PM,EVENT 50275 1596830624 0/0/0/0/0 INPUT 8 0 682 v:124
7/08/2020 8:49:53 PM,252 Event OK
7/08/2020 8:49:54 PM,EVENT 50276 1596830625 0/0/0/0/12 INPUT 1 1 0 v:124
7/08/2020 8:49:54 PM,252 Event OK
7/08/2020 8:49:55 PM,EVENT 50277 1596830625 0/0/0/0/26 INPUT 3 0 2 v:123
7/08/2020 8:49:55 PM,252 Event OK
7/08/2020 8:49:56 PM,EVENT 50278 1596830628 0/0/0/99/0 TRIP 50250 475 196 7 7 678 v:123
7/08/2020 8:49:56 PM,252 Event OK
7/08/2020 8:49:56 PM,EVENT 50279 1596830629 0/0/0/99/0 INPUT 4 0 252 v:124
7/08/2020 8:49:56 PM,252 Event OK
7/08/2020 8:49:57 PM,EVENT 50280 1596830675 0/0/0/0/0 REPORT * 0 0 v:124
7/08/2020 8:49:57 PM,252 Event OK
7/08/2020 8:49:58 PM,EVENT 50281 1596831632 0/0/0/0/0 INPUT 8 1 0 v:124
7/08/2020 8:49:58 PM,252 Event OK
7/08/2020 8:49:58 PM,EVENT 50282 1596831632 0/0/0/0/0 INPUT 7 0 1009 v:124
7/08/2020 8:49:58 PM,252 Event OK
7/08/2020 8:49:59 PM,EVENT 50283 1596831634 0/0/0/0/0 INPUT 7 1 0 v:124
7/08/2020 8:49:59 PM,252 Event OK
7/08/2020 8:50:01 PM,EVENT 50284 1596831634 0/0/0/0/0 INPUT 8 0 2 v:124
7/08/2020 8:50:01 PM,252 Event OK
7/08/2020 8:50:01 PM,EVENT 50285 1596831643 0/0/0/0/0 INPUT 8 1 0 v:124
7/08/2020 8:50:01 PM,252 Event OK
7/08/2020 8:50:02 PM,EVENT 50286 1596831643 0/0/0/0/0 INPUT 7 0 9 v:124
7/08/2020 8:50:02 PM,252 Event OK
7/08/2020 8:50:03 PM,EVENT 50287 1596831652 0/0/0/0/0 SIGNON 2539 01d5f6d3 OK 26 150496 0 v:124
7/08/2020 8:50:03 PM,252 Event OK
7/08/2020 8:50:04 PM,EVENT 50288 1596831658 0/0/0/0/0 INPUT 1 0 1034 v:124
7/08/2020 8:50:04 PM,252 Event OK
7/08/2020 8:50:05 PM,EVENT 50289 1596831658 0/0/0/0/0 INPUT 4 1 0 v:124
7/08/2020 8:50:05 PM,252 Event OK
7/08/2020 8:50:05 PM,EVENT 50290 1596831684 0/0/0/0/2 INPUT 3 1 0 v:124
7/08/2020 8:50:05 PM,252 Event OK
7/08/2020 8:50:06 PM,EVENT 50291 1596831699 0/0/0/0/10 INPUT 3 0 16 v:124
7/08/2020 8:50:06 PM,252 Event OK
7/08/2020 8:50:07 PM,EVENT 50292 1596831712 0/0/0/0/0 INPUT 4 0 54 v:124
7/08/2020 8:50:07 PM,252 Event OK
7/08/2020 8:50:08 PM,EVENT 50293 1596831713 0/0/0/0/0 INPUT 4 1 0 v:124
7/08/2020 8:50:08 PM,252 Event OK
7/08/2020 8:50:10 PM,EVENT 50294 1596831720 0/0/0/0/1 INPUT 7 1 0 v:124
7/08/2020 8:50:10 PM,252 Event OK
7/08/2020 8:50:11 PM,EVENT 50295 1596831720 0/0/0/0/1 INPUT 8 0 78 v:124
7/08/2020 8:50:11 PM,252 Event OK
7/08/2020 8:50:12 PM,EVENT 50296 1596831721 0/0/0/0/0 INPUT 1 1 0 v:124
7/08/2020 8:50:12 PM,252 Event OK
7/08/2020 8:50:12 PM,EVENT 50297 1596831722 0/0/0/0/0 INPUT 4 0 10 v:124
7/08/2020 8:50:12 PM,252 Event OK
7/08/2020 8:50:13 PM,EVENT 50298 1596831725 0/0/0/0/0 TRIP 50287 16 48 10 7 74 v:123
7/08/2020 8:50:13 PM,252 Event OK
7/08/2020 8:50:14 PM,EVENT 50299 1596831741 0/0/0/0/0 INPUT 8 1 0 v:123
7/08/2020 8:50:14 PM,252 Event OK
7/08/2020 8:50:14 PM,EVENT 50300 1596831741 0/0/0/0/0 INPUT 7 0 20 v:123
7/08/2020 8:50:14 PM,252 Event OK
7/08/2020 8:50:16 PM,EVENT 50301 1596831757 0/0/0/0/0 SIGNON 2539 01d5f6d3 OK 26 150496 0 v:123
7/08/2020 8:50:16 PM,252 Event OK
7/08/2020 8:50:16 PM,EVENT 50302 1596831763 0/0/0/0/0 INPUT 1 0 41 v:124
7/08/2020 8:50:16 PM,252 Event OK
7/08/2020 8:50:17 PM,EVENT 50303 1596831764 0/0/0/0/0 INPUT 4 1 0 v:124
7/08/2020 8:50:17 PM,252 Event OK
7/08/2020 8:50:18 PM,EVENT 50304 1596831793 0/0/0/0/5 INPUT 3 1 0 v:124
7/08/2020 8:50:18 PM,252 Event OK
7/08/2020 8:50:19 PM,EVENT 50305 1596831796 0/0/0/0/10 INPUT 3 0 2 v:124
7/08/2020 8:50:19 PM,252 Event OK
7/08/2020 8:50:20 PM,EVENT 50306 1596831796 0/0/0/0/8 INPUT 3 1 0 v:124
7/08/2020 8:50:20 PM,252 Event OK
7/08/2020 8:50:21 PM,EVENT 50307 1596832051 0/0/0/0/10 INPUT 3 0 255 v:124
7/08/2020 8:50:21 PM,252 Event OK
7/08/2020 8:50:22 PM,EVENT 50308 1596832080 0/0/0/0/0 INPUT 4 0 317 v:124
7/08/2020 8:50:22 PM,252 Event OK
7/08/2020 8:50:23 PM,EVENT 50309 1596832080 0/0/0/0/0 INPUT 4 1 0 v:124
7/08/2020 8:50:23 PM,252 Event OK
7/08/2020 8:50:24 PM,EVENT 50310 1596832167 0/0/0/0/0 INPUT 4 0 87 v:124
7/08/2020 8:50:24 PM,252 Event OK
7/08/2020 8:50:24 PM,EVENT 50311 1596832167 0/0/0/0/0 INPUT 4 1 0 v:124
7/08/2020 8:50:24 PM,252 Event OK
7/08/2020 8:50:25 PM,EVENT 50312 1596832200 0/0/0/0/0 INPUT 4 0 33 v:124
7/08/2020 8:50:25 PM,252 Event OK
7/08/2020 8:50:26 PM,EVENT 50313 1596832200 0/0/0/0/0 INPUT 4 1 0 v:124
7/08/2020 8:50:26 PM,252 Event OK
7/08/2020 8:50:26 PM,EVENT 50314 1596832205 0/0/0/0/6 INPUT 3 1 0 v:124
7/08/2020 8:50:26 PM,252 Event OK
7/08/2020 8:50:27 PM,EVENT 50315 1596832205 0/0/0/0/8 INPUT 3 0 1 v:124
7/08/2020 8:50:27 PM,252 Event OK
7/08/2020 8:50:28 PM,EVENT 50316 1596832207 0/0/0/0/7 INPUT 3 1 0 v:124
7/08/2020 8:50:28 PM,252 Event OK
7/08/2020 8:50:29 PM,EVENT 50317 1596832492 0/0/0/0/11 INPUT 3 0 285 v:124
7/08/2020 8:50:29 PM,252 Event OK
7/08/2020 8:51:22 PM,EVENT 50318 1596832496 0/0/0/0/0 INPUT 4 0 296 v:124
7/08/2020 8:51:22 PM,252 Event OK
7/08/2020 8:53:49 PM,UNIT 9279
7/08/2020 8:53:49 PM,333 CHAL 8A7E21
7/08/2020 8:53:50 PM,RESP 0FC3C467
7/08/2020 8:53:50 PM,230 Auth OK
7/08/2020 8:53:52 PM,TIME
7/08/2020 8:53:52 PM,211 TIME 1596833632
7/08/2020 8:53:54 PM,EVCOUNT 18
7/08/2020 8:53:54 PM,252 Event OK
7/08/2020 8:53:55 PM,TODO
7/08/2020 8:53:55 PM,226 Nothing to do
7/08/2020 8:53:56 PM,EVENT 50318 1596832496 0/0/0/0/0 INPUT 4 0 296 v:124
7/08/2020 8:53:56 PM,253 Event OK - Duplicate
7/08/2020 8:53:57 PM,EVENT 50319 1596832496 0/0/0/0/0 INPUT 4 1 0 v:124
7/08/2020 8:53:57 PM,252 Event OK
7/08/2020 8:53:57 PM,EVENT 50320 1596832509 0/0/0/0/0 REPORT 50301 0 0 v:124
7/08/2020 8:53:57 PM,252 Event OK
7/08/2020 8:53:59 PM,EVENT 50321 1596832533 0/0/0/0/0 INPUT 4 0 37 v:124
7/08/2020 8:53:59 PM,252 Event OK
7/08/2020 8:53:59 PM,EVENT 50322 1596832533 0/0/0/0/0 INPUT 4 1 0 v:124
7/08/2020 8:53:59 PM,252 Event OK
7/08/2020 8:54:00 PM,EVENT 50323 1596832573 0/0/0/0/5 INPUT 3 1 0 v:124
7/08/2020 8:54:00 PM,252 Event OK
7/08/2020 8:54:01 PM,EVENT 50324 1596832870 0/0/0/0/11 INPUT 3 0 296 v:124
7/08/2020 8:54:01 PM,252 Event OK
7/08/2020 8:54:01 PM,EVENT 50325 1596832881 0/0/0/2/3 INPUT 4 0 348 v:123
7/08/2020 8:54:01 PM,252 Event OK
7/08/2020 8:54:02 PM,EVENT 50326 1596832881 0/0/0/2/3 INPUT 4 1 0 v:123
7/08/2020 8:54:02 PM,252 Event OK
7/08/2020 8:54:03 PM,EVENT 50327 1596832890 -310122890/1219228832/3959/2/0 INPUT 3 1 0 v:124
7/08/2020 8:54:03 PM,252 Event OK
7/08/2020 8:54:04 PM,EVENT 50328 1596832890 -310122890/1219228832/3959/2/0 INPUT 7 1 0 v:124
7/08/2020 8:54:04 PM,252 Event OK
7/08/2020 8:54:05 PM,EVENT 50329 1596832890 -310122890/1219228832/3959/2/0 INPUT 8 0 1149 v:124
7/08/2020 8:54:05 PM,252 Event OK
7/08/2020 8:54:06 PM,EVENT 50330 1596832890 -310122891/1219228843/3685/2/9 INPUT 1 1 0 v:124
7/08/2020 8:54:06 PM,252 Event OK
7/08/2020 8:54:06 PM,EVENT 50331 1596832891 -310122893/1219228853/3566/2/23 INPUT 3 0 2 v:124
7/08/2020 8:54:06 PM,252 Event OK
7/08/2020 8:54:07 PM,EVENT 50332 1596832891 -310122893/1219228853/3566/2/23 INPUT 4 0 10 v:124
7/08/2020 8:54:07 PM,252 Event OK
7/08/2020 8:54:08 PM,EVENT 50333 1596832893 -310122886/1219228875/3288/2/3 INPUT 4 1 0 v:124
7/08/2020 8:54:08 PM,252 Event OK
7/08/2020 8:54:09 PM,EVENT 50334 1596832894 -310122873/1219228912/3009/2/0 TRIP 50301 841 289 8 7 1138 v:124
7/08/2020 8:54:09 PM,252 Event OK
7/08/2020 8:54:10 PM,EVENT 50335 1596832895 -310122873/1219228912/3009/2/0 INPUT 4 0 2 v:124
7/08/2020 8:54:10 PM,252 Event OK
7/08/2020 8:54:10 PM,QUIT
7/08/2020 8:54:10 PM,221 Session ended - goodbye
7/08/2020 9:08:09 PM,UNIT 9279
7/08/2020 9:08:09 PM,333 CHAL 3A15DF4A
7/08/2020 9:08:11 PM,RESP 6DF8CFA1
7/08/2020 9:08:11 PM,230 Auth OK
7/08/2020 9:08:11 PM,TIME
7/08/2020 9:08:11 PM,211 TIME 1596834491
7/08/2020 9:08:12 PM,EVCOUNT 2
7/08/2020 9:08:12 PM,252 Event OK
7/08/2020 9:08:13 PM,TODO
7/08/2020 9:08:13 PM,226 Nothing to do
7/08/2020 9:08:14 PM,EVENT 50336 1596834480 -310122962/1219228542/831/0/0 INPUT 8 1 0 v:124
7/08/2020 9:08:14 PM,252 Event OK
7/08/2020 9:08:15 PM,EVENT 50337 1596834481 -310122962/1219228542/831/0/0 INPUT 7 0 1591 v:124
7/08/2020 9:08:15 PM,252 Event OK
7/08/2020 9:08:19 PM,EVENT 50338 1596834492 -310123012/1219228592/850/0/0 SIGNON 2539 01d5f6d3 OK 26 150496 0 v:124
7/08/2020 9:08:19 PM,252 Event OK
7/08/2020 9:09:34 PM,UNIT 9279
7/08/2020 9:09:34 PM,333 CHAL 5434039B
7/08/2020 9:09:37 PM,RESP A425E078
7/08/2020 9:09:37 PM,230 Auth OK
7/08/2020 9:09:38 PM,TIME
7/08/2020 9:09:38 PM,211 TIME 1596834578
7/08/2020 9:09:39 PM,EVCOUNT 9
7/08/2020 9:09:39 PM,252 Event OK
7/08/2020 9:09:42 PM,TODO
7/08/2020 9:09:42 PM,226 Nothing to do
7/08/2020 9:10:20 PM,UNIT 9279
7/08/2020 9:10:20 PM,333 CHAL 10DE42CC
7/08/2020 9:10:21 PM,RESP C5F23EA9
7/08/2020 9:10:21 PM,230 Auth OK
7/08/2020 9:10:23 PM,EVENT 50339 1596834496 -310123026/1219228597/862/0/0 INPUT 7 1 0 v:124
7/08/2020 9:10:23 PM,252 Event OK
7/08/2020 9:10:35 PM,TIME
7/08/2020 9:10:35 PM,211 TIME 1596834635
7/08/2020 9:10:36 PM,EVCOUNT 11
7/08/2020 9:10:36 PM,252 Event OK
7/08/2020 9:11:02 PM,UNIT 9279
7/08/2020 9:11:02 PM,333 CHAL 31BF4AB1
7/08/2020 9:11:03 PM,RESP FB1EF40B
7/08/2020 9:11:03 PM,230 Auth OK
7/08/2020 9:11:03 PM,TIME
7/08/2020 9:11:03 PM,211 TIME 1596834663
7/08/2020 9:11:04 PM,EVCOUNT 12
7/08/2020 9:11:04 PM,252 Event OK
7/08/2020 9:11:05 PM,TODO
7/08/2020 9:11:05 PM,226 Nothing to do
7/08/2020 9:11:05 PM,EVENT 50339 1596834496 -310123026/1219228597/862/0/0 INPUT 7 1 0 v:124
7/08/2020 9:11:05 PM,253 Event OK - Duplicate
7/08/2020 9:11:06 PM,EVENT 50340 1596834496 -310123026/1219228597/862/0/0 INPUT 8 0 15 v:124
7/08/2020 9:11:06 PM,252 Event OK
7/08/2020 9:11:07 PM,EVENT 50341 1596834497 -310123034/1219228604/863/0/0 TRIP 50338 0 0 6 6 6 v:123
7/08/2020 9:11:07 PM,252 Event OK
7/08/2020 9:11:08 PM,EVENT 50342 1596834503 -310123044/1219228603/860/0/0 INPUT 8 1 0 v:123
7/08/2020 9:11:08 PM,252 Event OK
7/08/2020 9:11:09 PM,EVENT 50343 1596834504 -310123044/1219228603/860/0/0 INPUT 7 0 8 v:123
7/08/2020 9:11:09 PM,252 Event OK
7/08/2020 9:11:10 PM,EVENT 50344 1596834515 -310122992/1219228597/881/0/0 SIGNON 2539 01d5f6d3 OK 26 150496 0 v:123
7/08/2020 9:11:10 PM,252 Event OK
7/08/2020 9:11:11 PM,EVENT 50345 1596834521 -310122957/1219228584/898/0/0 INPUT 4 1 0 v:124
7/08/2020 9:11:11 PM,252 Event OK
7/08/2020 9:11:12 PM,EVENT 50346 1596834522 -310122954/1219228583/899/0/0 REPORT 50344 0 71 v:124
7/08/2020 9:11:12 PM,252 Event OK
7/08/2020 9:11:14 PM,EVENT 50347 1596834522 -310122954/1219228583/899/0/0 INPUT 1 0 1631 v:124
7/08/2020 9:11:14 PM,252 Event OK
7/08/2020 9:11:15 PM,EVENT 50348 1596834619 -310122881/1219228548/807/0/0 INPUT 4 0 98 v:124
7/08/2020 9:11:15 PM,252 Event OK
7/08/2020 9:11:16 PM,EVENT 50349 1596834619 -310122881/1219228548/807/0/0 INPUT 4 1 0 v:124
7/08/2020 9:11:16 PM,252 Event OK
7/08/2020 9:11:19 PM,EVENT 50350 1596834636 -310122550/1219228383/802/0/6 INPUT 3 1 0 v:123
7/08/2020 9:11:19 PM,252 Event OK
7/08/2020 9:11:19 PM,QUIT
7/08/2020 9:11:19 PM,221 Session ended - goodbye
7/08/2020 9:13:10 PM,UNIT 9279
7/08/2020 9:13:10 PM,333 CHAL CDC1456
7/08/2020 9:13:11 PM,RESP C454F99E
7/08/2020 9:13:11 PM,230 Auth OK
7/08/2020 9:13:11 PM,TIME
7/08/2020 9:13:11 PM,211 TIME 1596834791
7/08/2020 9:13:12 PM,EVCOUNT 1
7/08/2020 9:13:12 PM,252 Event OK
7/08/2020 9:13:12 PM,TODO
7/08/2020 9:13:12 PM,226 Nothing to do
7/08/2020 9:13:13 PM,EVENT 50351 1596834785 -310142491/1219230161/902/0/10 INPUT 3 0 149 v:124
7/08/2020 9:13:13 PM,252 Event OK
7/08/2020 9:13:14 PM,QUIT
7/08/2020 9:13:14 PM,221 Session ended - goodbye
7/08/2020 9:13:24 PM,UNIT 9279
7/08/2020 9:13:24 PM,333 CHAL 6924BBC5
7/08/2020 9:13:24 PM,RESP F685C8EB
7/08/2020 9:13:24 PM,230 Auth OK
7/08/2020 9:13:24 PM,TIME
7/08/2020 9:13:24 PM,211 TIME 1596834804
7/08/2020 9:13:25 PM,EVCOUNT 7
7/08/2020 9:13:25 PM,252 Event OK
7/08/2020 9:13:25 PM,TODO
7/08/2020 9:13:25 PM,226 Nothing to do
7/08/2020 9:13:26 PM,EVENT 50352 1596834793 -310143450/1219230258/887/0/0 INPUT 4 0 174 v:123
7/08/2020 9:13:26 PM,252 Event OK
7/08/2020 9:13:27 PM,EVENT 50353 1596834794 -310143453/1219230260/889/0/0 INPUT 4 1 0 v:123
7/08/2020 9:13:27 PM,252 Event OK
7/08/2020 9:13:27 PM,EVENT 50354 1596834795 -310143439/1219230266/889/0/0 INPUT 7 1 0 v:124
7/08/2020 9:13:27 PM,252 Event OK
7/08/2020 9:13:28 PM,EVENT 50355 1596834795 -310143439/1219230266/889/0/0 INPUT 8 0 292 v:124
7/08/2020 9:13:28 PM,252 Event OK
7/08/2020 9:13:29 PM,EVENT 50356 1596834796 -310143436/1219230264/886/0/0 INPUT 1 1 0 v:124
7/08/2020 9:13:29 PM,252 Event OK
7/08/2020 9:13:29 PM,EVENT 50357 1596834798 -310143427/1219230263/882/0/0 INPUT 4 0 4 v:124
7/08/2020 9:13:29 PM,252 Event OK
7/08/2020 9:13:30 PM,EVENT 50358 1596834800 -310143421/1219230251/879/0/0 TRIP 50344 149 128 9 6 286 v:124
7/08/2020 9:13:30 PM,252 Event OK
7/08/2020 9:13:30 PM,QUIT
7/08/2020 9:13:30 PM,221 Session ended - goodbye
7/08/2020 10:25:41 PM,UNIT 9279
7/08/2020 10:25:41 PM,333 CHAL 3D4C091B
7/08/2020 10:25:41 PM,RESP 642A598A
7/08/2020 10:25:41 PM,230 Auth OK
7/08/2020 10:25:42 PM,TIME
7/08/2020 10:25:42 PM,211 TIME 1596839142
7/08/2020 10:25:42 PM,EVCOUNT 11
7/08/2020 10:25:42 PM,252 Event OK
7/08/2020 10:25:42 PM,TODO
7/08/2020 10:25:42 PM,226 Nothing to do
7/08/2020 10:25:42 PM,EVENT 50359 1596839117 0/0/0/0/0 SWSTART OpusFC 5.0.58.518 R v:123
7/08/2020 10:25:42 PM,252 Event OK
7/08/2020 10:25:43 PM,EVENT 50360 1596834800 0/0/0/0/0 POWERDOWN v:124
7/08/2020 10:25:43 PM,252 Event OK
7/08/2020 10:25:43 PM,EVENT 50361 1596839117 0/0/0/0/0 INPUT 1 1 0 v:123
7/08/2020 10:25:43 PM,252 Event OK
7/08/2020 10:25:43 PM,EVENT 50362 1596839117 0/0/0/0/0 INPUT 2 0 0 v:122
7/08/2020 10:25:43 PM,252 Event OK
7/08/2020 10:25:43 PM,EVENT 50363 1596839117 0/0/0/0/0 INPUT 3 0 0 v:123
7/08/2020 10:25:43 PM,252 Event OK
7/08/2020 10:25:44 PM,EVENT 50364 1596839117 0/0/0/0/0 INPUT 4 0 0 v:123
7/08/2020 10:25:44 PM,252 Event OK
7/08/2020 10:25:44 PM,EVENT 50365 1596839117 0/0/0/0/0 INPUT 7 0 0 v:123
7/08/2020 10:25:44 PM,252 Event OK
7/08/2020 10:25:44 PM,EVENT 50366 1596839117 0/0/0/0/0 INPUT 8 1 0 v:123
7/08/2020 10:25:44 PM,252 Event OK
7/08/2020 10:25:44 PM,EVENT 50367 1596839119 0/0/0/0/0 ZONE_OK 2 100 FW=NO VERSION v:123
7/08/2020 10:25:44 PM,252 Event OK
7/08/2020 10:25:44 PM,EVENT 50368 1596839132 0/0/0/99/0 SIGNON 2515 03cffacd OK_CL 26 180299 0 v:123
7/08/2020 10:25:44 PM,252 Event OK
7/08/2020 10:25:45 PM,EVENT 50369 1596839137 0/0/0/5/0 CHECKLIST 50368 OK 0 6 432 F v:123
7/08/2020 10:25:45 PM,252 Event OK
7/08/2020 10:25:45 PM,QUIT
7/08/2020 10:25:45 PM,221 Session ended - goodbye
7/08/2020 10:25:54 PM,UNIT 9279
7/08/2020 10:25:54 PM,333 CHAL 680942F5
7/08/2020 10:25:55 PM,RESP F4E84BE0
7/08/2020 10:25:55 PM,230 Auth OK
7/08/2020 10:25:55 PM,TIME
7/08/2020 10:25:55 PM,211 TIME 1596839155
7/08/2020 10:25:55 PM,EVCOUNT 2
7/08/2020 10:25:55 PM,252 Event OK
7/08/2020 10:25:56 PM,TODO
7/08/2020 10:25:56 PM,226 Nothing to do
7/08/2020 10:25:57 PM,EVENT 50370 1596839148 0/0/0/4/0 INPUT 1 0 31 v:123
7/08/2020 10:25:57 PM,252 Event OK
7/08/2020 10:25:57 PM,EVENT 50371 1596839149 0/0/0/4/0 INPUT 4 1 0 v:123
7/08/2020 10:25:57 PM,252 Event OK
7/08/2020 10:25:58 PM,QUIT
7/08/2020 10:25:58 PM,221 Session ended - goodbye
7/08/2020 10:26:09 PM,UNIT 9279
7/08/2020 10:26:09 PM,333 CHAL 5F20A122
7/08/2020 10:26:10 PM,RESP 860CC7DB
7/08/2020 10:26:10 PM,230 Auth OK
7/08/2020 10:26:10 PM,TIME
7/08/2020 10:26:10 PM,211 TIME 1596839170
7/08/2020 10:26:11 PM,EVCOUNT 1
7/08/2020 10:26:11 PM,252 Event OK
7/08/2020 10:26:12 PM,TODO
7/08/2020 10:26:12 PM,226 Nothing to do
7/08/2020 10:26:14 PM,EVENT 50372 1596839164 -310142578/1219230232/1831/4/3 INPUT 3 1 0 v:123
7/08/2020 10:26:14 PM,252 Event OK
7/08/2020 10:26:14 PM,QUIT
7/08/2020 10:26:14 PM,221 Session ended - goodbye
7/08/2020 10:27:07 PM,UNIT 9279
7/08/2020 10:27:07 PM,333 CHAL 504D81A5
7/08/2020 10:27:08 PM,RESP C85DEFDE
7/08/2020 10:27:08 PM,230 Auth OK
7/08/2020 10:27:08 PM,TIME
7/08/2020 10:27:08 PM,211 TIME 1596839228
7/08/2020 10:27:09 PM,EVCOUNT 1
7/08/2020 10:27:09 PM,252 Event OK
7/08/2020 10:27:10 PM,TODO
7/08/2020 10:27:10 PM,226 Nothing to do
7/08/2020 10:27:10 PM,EVENT 50373 1596839223 -310122465/1219238891/834/8/10 INPUT 3 0 58 v:123
7/08/2020 10:27:10 PM,252 Event OK
7/08/2020 10:27:11 PM,EVENT 50374 1596839226 -310121968/1219238644/804/8/5 INPUT 3 1 0 v:123
7/08/2020 10:27:11 PM,252 Event OK
7/08/2020 10:27:12 PM,QUIT
7/08/2020 10:27:12 PM,221 Session ended - goodbye
7/08/2020 10:27:37 PM,UNIT 9279
7/08/2020 10:27:37 PM,333 CHAL CEE3FB9
7/08/2020 10:27:38 PM,RESP 3C5387DF
7/08/2020 10:27:38 PM,230 Auth OK
7/08/2020 10:27:42 PM,TIME
7/08/2020 10:27:42 PM,211 TIME 1596839262
7/08/2020 10:27:43 PM,EVCOUNT 8
7/08/2020 10:27:43 PM,252 Event OK
7/08/2020 10:27:44 PM,TODO
7/08/2020 10:27:44 PM,226 Nothing to do
7/08/2020 10:27:46 PM,EVENT 50375 1596839251 -310121585/1219229508/742/8/10 INPUT 3 0 25 v:123
7/08/2020 10:27:46 PM,252 Event OK
7/08/2020 10:27:48 PM,EVENT 50376 1596839254 -310121741/1219229259/737/8/2 INPUT 7 1 0 v:123
7/08/2020 10:27:48 PM,252 Event OK
7/08/2020 10:27:49 PM,EVENT 50377 1596839255 -310121741/1219229259/737/8/2 INPUT 8 0 137 v:123
7/08/2020 10:27:49 PM,252 Event OK
7/08/2020 10:27:51 PM,EVENT 50378 1596839255 -310121741/1219229259/737/8/2 INPUT 3 1 0 v:123
7/08/2020 10:27:51 PM,252 Event OK
7/08/2020 10:27:52 PM,EVENT 50379 1596839256 -310121741/1219229244/733/8/6 INPUT 1 1 0 v:123
7/08/2020 10:27:52 PM,252 Event OK
7/08/2020 10:27:53 PM,EVENT 50380 1596839256 -310121742/1219229237/730/8/9 INPUT 3 0 2 v:123
7/08/2020 10:27:53 PM,252 Event OK
7/08/2020 10:27:54 PM,EVENT 50381 1596839256 -310121742/1219229237/730/8/9 INPUT 4 0 108 v:123
7/08/2020 10:27:54 PM,252 Event OK
7/08/2020 10:27:55 PM,EVENT 50382 1596839259 -310121742/1219229211/721/8/0 TRIP 50368 85 23 16 13 124 v:123
7/08/2020 10:27:55 PM,252 Event OK
7/08/2020 10:27:56 PM,QUIT
7/08/2020 10:27:56 PM,221 Session ended - goodbye
7/08/2020 10:28:27 PM,UNIT 9279
7/08/2020 10:28:27 PM,333 CHAL 7163A668
7/08/2020 10:28:29 PM,RESP 4A095576
7/08/2020 10:28:29 PM,230 Auth OK
7/08/2020 10:28:30 PM,TIME
7/08/2020 10:28:30 PM,211 TIME 1596839310
7/08/2020 10:28:31 PM,EVCOUNT 1
7/08/2020 10:28:31 PM,252 Event OK
7/08/2020 10:28:31 PM,TODO
7/08/2020 10:28:31 PM,226 Nothing to do
7/08/2020 10:28:32 PM,EVENT 50383 1596839302 -310121792/1219229041/776/0/0 REPORT * 0 228 v:123
7/08/2020 10:28:32 PM,252 Event OK
7/08/2020 10:28:32 PM,QUIT
7/08/2020 10:28:32 PM,221 Session ended - goodbye
7/08/2020 10:31:28 PM,UNIT 9279
7/08/2020 10:31:28 PM,333 CHAL 7F1DC025
7/08/2020 10:31:28 PM,RESP E4D3F6D1
7/08/2020 10:31:28 PM,230 Auth OK
7/08/2020 10:31:28 PM,TIME
7/08/2020 10:31:28 PM,211 TIME 1596839488
7/08/2020 10:31:29 PM,EVCOUNT 3
7/08/2020 10:31:29 PM,252 Event OK
7/08/2020 10:31:30 PM,TODO
7/08/2020 10:31:30 PM,226 Nothing to do
7/08/2020 10:31:31 PM,EVENT 50384 1596839482 -310121843/1219229235/746/0/0 INPUT 8 1 0 v:123
7/08/2020 10:31:31 PM,252 Event OK
7/08/2020 10:31:32 PM,EVENT 50385 1596839483 -310121844/1219229236/745/0/0 INPUT 7 0 228 v:123
7/08/2020 10:31:32 PM,252 Event OK
7/08/2020 10:31:33 PM,EVENT 50386 1596839484 -310121847/1219229239/745/0/0 DEBUG Time(BAD):1596839484->4294967295 v:123
7/08/2020 10:31:33 PM,252 Event OK
7/08/2020 10:31:35 PM,QUIT
7/08/2020 10:31:35 PM,221 Session ended - goodbye
7/08/2020 10:31:44 PM,UNIT 9279
7/08/2020 10:31:44 PM,333 CHAL 4EFD65CE
7/08/2020 10:31:45 PM,RESP D9F3AB18
7/08/2020 10:31:45 PM,230 Auth OK
7/08/2020 10:31:45 PM,TIME
7/08/2020 10:31:45 PM,211 TIME 1596839505
7/08/2020 10:31:46 PM,EVCOUNT 3
7/08/2020 10:31:46 PM,252 Event OK
7/08/2020 10:31:47 PM,TODO
7/08/2020 10:31:47 PM,226 Nothing to do
7/08/2020 10:31:50 PM,EVENT 50387 1596839492 -310121851/1219229253/738/0/0 SIGNON 2515 03cffacd OK 26 180299 0 v:123
7/08/2020 10:31:50 PM,252 Event OK
7/08/2020 10:31:51 PM,EVENT 50388 1596839500 -310121843/1219229258/733/0/0 INPUT 1 0 244 v:123
7/08/2020 10:31:51 PM,252 Event OK
7/08/2020 10:31:52 PM,EVENT 50389 1596839500 -310121843/1219229258/733/0/0 INPUT 4 1 0 v:123
7/08/2020 10:31:52 PM,252 Event OK
7/08/2020 10:31:53 PM,EVENT 50390 1596839506 -310121946/1219229073/740/0/2 INPUT 3 1 0 v:123
7/08/2020 10:31:53 PM,252 Event OK
7/08/2020 10:31:55 PM,QUIT
7/08/2020 10:31:55 PM,221 Session ended - goodbye
8/08/2020 8:55:45 AM,UNIT 9279
8/08/2020 8:55:45 AM,333 CHAL 6E3F36FC
8/08/2020 8:55:46 AM,RESP 93AE9D61
8/08/2020 8:55:46 AM,230 Auth OK
8/08/2020 8:55:46 AM,TIME
8/08/2020 8:55:46 AM,211 TIME 1596876946
8/08/2020 8:55:47 AM,EVCOUNT 228
8/08/2020 8:55:47 AM,252 Event OK
8/08/2020 8:55:47 AM,TODO
8/08/2020 8:55:47 AM,226 Nothing to do
8/08/2020 8:55:48 AM,EVENT 50391 1596839789 0/0/0/0/13 INPUT 3 0 282 v:123
8/08/2020 8:55:48 AM,252 Event OK
8/08/2020 8:55:49 AM,EVENT 50392 1596839802 0/0/0/0/0 INPUT 4 0 302 v:124
8/08/2020 8:55:49 AM,252 Event OK
8/08/2020 8:55:50 AM,EVENT 50393 1596839802 0/0/0/0/0 INPUT 4 1 0 v:124
8/08/2020 8:55:50 AM,252 Event OK
8/08/2020 8:55:51 AM,EVENT 50394 1596839818 0/0/0/0/2 INPUT 3 1 0 v:124
8/08/2020 8:55:51 AM,252 Event OK
8/08/2020 8:55:52 AM,EVENT 50395 1596839858 0/0/0/0/18 INPUT 3 0 39 v:123
8/08/2020 8:55:52 AM,252 Event OK
8/08/2020 8:55:54 AM,EVENT 50396 1596839870 0/0/0/0/8 INPUT 3 1 0 v:123
8/08/2020 8:55:54 AM,252 Event OK
8/08/2020 8:55:55 AM,EVENT 50397 1596839887 0/0/0/0/9 INPUT 3 0 17 v:123
8/08/2020 8:55:55 AM,252 Event OK
8/08/2020 8:55:56 AM,EVENT 50398 1596839891 0/0/0/0/4 INPUT 3 1 0 v:123
8/08/2020 8:55:56 AM,252 Event OK
8/08/2020 8:55:58 AM,EVENT 50399 1596840128 0/0/0/0/12 INPUT 3 0 237 v:124
8/08/2020 8:55:58 AM,252 Event OK
8/08/2020 8:55:59 AM,EVENT 50400 1596840159 0/0/0/0/3 INPUT 3 1 0 v:124
8/08/2020 8:55:59 AM,252 Event OK
8/08/2020 8:56:02 AM,EVENT 50401 1596840512 0/0/0/0/10 INPUT 3 0 353 v:123
8/08/2020 8:56:02 AM,252 Event OK
8/08/2020 8:56:04 AM,EVENT 50402 1596840513 0/0/0/0/6 INPUT 4 0 711 v:123
8/08/2020 8:56:04 AM,252 Event OK
8/08/2020 8:56:05 AM,EVENT 50403 1596840513 0/0/0/0/5 INPUT 4 1 0 v:123
8/08/2020 8:56:05 AM,252 Event OK
8/08/2020 8:56:06 AM,EVENT 50404 1596840522 0/0/0/0/5 INPUT 3 1 0 v:124
8/08/2020 8:56:06 AM,252 Event OK
8/08/2020 8:56:07 AM,EVENT 50405 1596840527 0/0/0/0/11 INPUT 3 0 5 v:123
8/08/2020 8:56:07 AM,252 Event OK
8/08/2020 8:56:08 AM,EVENT 50406 1596840546 0/0/0/0/5 INPUT 3 1 0 v:123
8/08/2020 8:56:08 AM,252 Event OK
8/08/2020 8:56:09 AM,EVENT 50407 1596840565 0/0/0/0/10 INPUT 3 0 20 v:124
8/08/2020 8:56:09 AM,252 Event OK
8/08/2020 8:56:10 AM,EVENT 50408 1596840567 0/0/0/0/0 INPUT 4 0 54 v:123
8/08/2020 8:56:10 AM,252 Event OK
8/08/2020 8:56:11 AM,EVENT 50409 1596840567 0/0/0/0/0 INPUT 4 1 0 v:123
8/08/2020 8:56:11 AM,252 Event OK
8/08/2020 8:56:12 AM,EVENT 50410 1596840579 0/0/0/0/4 INPUT 4 0 12 v:123
8/08/2020 8:56:12 AM,252 Event OK
8/08/2020 8:56:13 AM,EVENT 50411 1596840579 0/0/0/0/3 INPUT 4 1 0 v:123
8/08/2020 8:56:13 AM,252 Event OK
8/08/2020 8:56:13 AM,EVENT 50412 1596840583 0/0/0/0/0 INPUT 7 1 0 v:123
8/08/2020 8:56:13 AM,252 Event OK
8/08/2020 8:56:14 AM,EVENT 50413 1596840583 0/0/0/0/0 INPUT 8 0 1100 v:123
8/08/2020 8:56:14 AM,252 Event OK
8/08/2020 8:56:15 AM,EVENT 50414 1596840584 0/0/0/0/0 INPUT 1 1 0 v:123
8/08/2020 8:56:15 AM,252 Event OK
8/08/2020 8:56:16 AM,EVENT 50415 1596840584 0/0/0/0/0 INPUT 4 0 5 v:123
8/08/2020 8:56:16 AM,252 Event OK
8/08/2020 8:56:17 AM,EVENT 50416 1596840586 0/0/0/0/0 INPUT 4 1 0 v:123
8/08/2020 8:56:17 AM,252 Event OK
8/08/2020 8:56:18 AM,EVENT 50417 1596840587 0/0/0/0/0 INPUT 4 0 2 v:123
8/08/2020 8:56:18 AM,252 Event OK
8/08/2020 8:56:19 AM,EVENT 50418 1596840588 0/0/0/0/0 TRIP 50387 953 133 11 9 1097 v:123
8/08/2020 8:56:19 AM,252 Event OK
8/08/2020 8:56:20 AM,EVENT 50419 1596841174 0/0/0/0/0 INPUT 8 1 0 v:124
8/08/2020 8:56:20 AM,252 Event OK
8/08/2020 8:56:21 AM,EVENT 50420 1596841174 0/0/0/0/0 INPUT 7 0 591 v:124
8/08/2020 8:56:21 AM,252 Event OK
8/08/2020 8:56:22 AM,EVENT 50421 1596841187 0/0/0/0/0 SIGNON 2479 03f9f2d4 OK 26 30695 0 v:124
8/08/2020 8:56:22 AM,252 Event OK
8/08/2020 8:56:23 AM,EVENT 50422 1596841193 0/0/0/0/0 REPORT 50421 0 0 v:124
8/08/2020 8:56:23 AM,252 Event OK
8/08/2020 8:56:23 AM,EVENT 50423 1596841193 0/0/0/0/0 INPUT 1 0 610 v:124
8/08/2020 8:56:23 AM,252 Event OK
8/08/2020 8:56:24 AM,EVENT 50424 1596841193 0/0/0/0/0 INPUT 4 1 0 v:124
8/08/2020 8:56:24 AM,252 Event OK
8/08/2020 8:56:25 AM,EVENT 50425 1596841211 0/0/0/0/0 INPUT 4 0 18 v:123
8/08/2020 8:56:25 AM,252 Event OK
8/08/2020 8:56:26 AM,EVENT 50426 1596841212 0/0/0/0/0 INPUT 4 1 0 v:123
8/08/2020 8:56:26 AM,252 Event OK
8/08/2020 8:56:36 AM,EVENT 50427 1596841223 0/0/0/0/0 INPUT 4 0 12 v:123
8/08/2020 8:56:36 AM,252 Event OK
8/08/2020 9:00:18 AM,UNIT 9279
8/08/2020 9:00:18 AM,333 CHAL 63713B4D
8/08/2020 9:00:18 AM,RESP F3E9A7B1
8/08/2020 9:00:18 AM,230 Auth OK
8/08/2020 9:00:19 AM,TIME
8/08/2020 9:00:19 AM,211 TIME 1596877219
8/08/2020 9:00:19 AM,EVCOUNT 211
8/08/2020 9:00:19 AM,252 Event OK
8/08/2020 9:00:19 AM,TODO
8/08/2020 9:00:19 AM,226 Nothing to do
8/08/2020 9:00:20 AM,EVENT 50428 1596841223 0/0/0/0/0 INPUT 4 1 0 v:123
8/08/2020 9:00:20 AM,252 Event OK
8/08/2020 9:05:57 AM,UNIT 9279
8/08/2020 9:05:57 AM,333 CHAL 460C9848
8/08/2020 9:05:57 AM,RESP 30E6A4FE
8/08/2020 9:05:57 AM,230 Auth OK
8/08/2020 9:05:58 AM,TIME
8/08/2020 9:05:58 AM,211 TIME 1596877558
8/08/2020 9:05:58 AM,EVCOUNT 210
8/08/2020 9:05:58 AM,252 Event OK
8/08/2020 9:05:59 AM,TODO
8/08/2020 9:05:59 AM,226 Nothing to do
8/08/2020 9:05:59 AM,EVENT 50429 1596841225 0/0/0/0/5 INPUT 3 1 0 v:123
8/08/2020 9:05:59 AM,252 Event OK
8/08/2020 9:06:00 AM,EVENT 50430 1596841523 0/0/0/0/9 INPUT 3 0 299 v:124
8/08/2020 9:06:00 AM,252 Event OK
8/08/2020 9:06:00 AM,EVENT 50431 1596841528 0/0/0/0/0 INPUT 7 1 0 v:124
8/08/2020 9:06:00 AM,252 Event OK
8/08/2020 9:06:01 AM,EVENT 50432 1596841528 0/0/0/0/0 INPUT 8 0 354 v:124
8/08/2020 9:06:01 AM,252 Event OK
8/08/2020 9:06:02 AM,EVENT 50433 1596841529 0/0/0/0/0 INPUT 1 1 0 v:123
8/08/2020 9:06:02 AM,252 Event OK
8/08/2020 9:06:02 AM,EVENT 50434 1596841529 0/0/0/0/0 INPUT 4 0 306 v:123
8/08/2020 9:06:02 AM,252 Event OK
8/08/2020 9:06:03 AM,EVENT 50435 1596841532 0/0/0/0/0 TRIP 50421 299 37 10 7 346 v:123
8/08/2020 9:06:03 AM,252 Event OK
8/08/2020 9:06:04 AM,EVENT 50436 1596845713 0/0/0/0/0 SWSTART OpusFC 5.0.58.518 R v:123
8/08/2020 9:06:04 AM,252 Event OK
8/08/2020 9:06:04 AM,EVENT 50437 1596841532 0/0/0/0/0 POWERDOWN v:123
8/08/2020 9:06:04 AM,252 Event OK
8/08/2020 9:06:05 AM,EVENT 50438 1596845713 0/0/0/0/0 INPUT 1 1 0 v:124
8/08/2020 9:06:05 AM,252 Event OK
8/08/2020 9:06:06 AM,EVENT 50439 1596845713 0/0/0/0/0 INPUT 2 0 0 v:124
8/08/2020 9:06:06 AM,252 Event OK
8/08/2020 9:06:06 AM,EVENT 50440 1596845713 0/0/0/0/0 INPUT 3 0 0 v:124
8/08/2020 9:06:06 AM,252 Event OK
8/08/2020 9:06:07 AM,EVENT 50441 1596845713 0/0/0/0/0 INPUT 4 0 0 v:124
8/08/2020 9:06:07 AM,252 Event OK
8/08/2020 9:06:07 AM,EVENT 50442 1596845713 0/0/0/0/0 INPUT 7 0 0 v:124
8/08/2020 9:06:07 AM,252 Event OK
8/08/2020 9:06:08 AM,EVENT 50443 1596845713 0/0/0/0/0 INPUT 8 1 0 v:124
8/08/2020 9:06:08 AM,252 Event OK
8/08/2020 9:06:09 AM,EVENT 50444 1596845714 0/0/0/0/0 ZONE_OK 2 100 FW=NO VERSION v:124
8/08/2020 9:06:09 AM,252 Event OK
8/08/2020 9:06:09 AM,EVENT 50445 1596845722 0/0/0/0/0 SIGNON 2479 03f9f2d4 OK 26 30695 0 v:124
8/08/2020 9:06:09 AM,252 Event OK
8/08/2020 9:06:10 AM,EVENT 50446 1596845728 0/0/0/99/0 INPUT 4 1 0 v:124
8/08/2020 9:06:10 AM,252 Event OK
8/08/2020 9:06:11 AM,EVENT 50447 1596845729 0/0/0/99/0 INPUT 1 0 16 v:124
8/08/2020 9:06:11 AM,252 Event OK
8/08/2020 9:06:11 AM,EVENT 50448 1596845734 0/0/0/99/0 INPUT 4 0 6 v:124
8/08/2020 9:06:11 AM,252 Event OK
8/08/2020 9:06:12 AM,EVENT 50449 1596845735 0/0/0/99/0 INPUT 4 1 0 v:124
8/08/2020 9:06:12 AM,252 Event OK
8/08/2020 9:06:13 AM,EVENT 50450 1596845740 0/0/0/0/3 INPUT 3 1 0 v:124
8/08/2020 9:06:13 AM,252 Event OK
8/08/2020 9:06:13 AM,EVENT 50451 1596845746 0/0/0/0/9 INPUT 3 0 6 v:124
8/08/2020 9:06:13 AM,252 Event OK
8/08/2020 9:06:14 AM,EVENT 50452 1596845758 0/0/0/0/0 INPUT 4 0 24 v:124
8/08/2020 9:06:14 AM,252 Event OK
8/08/2020 9:06:14 AM,EVENT 50453 1596845758 0/0/0/0/0 INPUT 4 1 0 v:124
8/08/2020 9:06:14 AM,252 Event OK
8/08/2020 9:06:15 AM,EVENT 50454 1596845767 0/0/0/0/0 INPUT 7 1 0 v:124
8/08/2020 9:06:15 AM,252 Event OK
8/08/2020 9:06:16 AM,EVENT 50455 1596845767 0/0/0/0/0 INPUT 8 0 55 v:124
8/08/2020 9:06:16 AM,252 Event OK
8/08/2020 9:06:16 AM,EVENT 50456 1596845768 0/0/0/0/0 INPUT 1 1 0 v:124
8/08/2020 9:06:16 AM,252 Event OK
8/08/2020 9:06:17 AM,EVENT 50457 1596845770 0/0/0/0/0 INPUT 4 0 12 v:124
8/08/2020 9:06:17 AM,252 Event OK
8/08/2020 9:06:17 AM,EVENT 50458 1596845772 0/0/0/0/0 TRIP 50445 6 36 8 6 50 v:124
8/08/2020 9:06:17 AM,252 Event OK
8/08/2020 9:06:18 AM,EVENT 50459 1596845775 0/0/0/0/0 REPORT * 0 0 v:124
8/08/2020 9:06:18 AM,252 Event OK
8/08/2020 9:06:19 AM,EVENT 50460 1596846924 0/0/0/0/0 INPUT 8 1 0 v:124
8/08/2020 9:06:19 AM,252 Event OK
8/08/2020 9:06:19 AM,EVENT 50461 1596846924 0/0/0/0/0 INPUT 7 0 1156 v:124
8/08/2020 9:06:19 AM,252 Event OK
8/08/2020 9:06:20 AM,EVENT 50462 1596846934 0/0/0/0/0 SIGNON 2479 03f9f2d4 OK 26 30695 0 v:124
8/08/2020 9:06:20 AM,252 Event OK
8/08/2020 9:06:21 AM,EVENT 50463 1596846940 0/0/0/0/0 INPUT 4 1 0 v:124
8/08/2020 9:06:21 AM,252 Event OK
8/08/2020 9:06:22 AM,EVENT 50464 1596846940 0/0/0/0/0 INPUT 1 0 1171 v:124
8/08/2020 9:06:22 AM,252 Event OK
8/08/2020 9:06:23 AM,EVENT 50465 1596846945 0/0/0/0/0 INPUT 4 0 6 v:124
8/08/2020 9:06:23 AM,252 Event OK
8/08/2020 9:06:24 AM,EVENT 50466 1596846945 0/0/0/0/0 INPUT 4 1 0 v:124
8/08/2020 9:06:24 AM,252 Event OK
8/08/2020 9:06:25 AM,EVENT 50467 1596846949 0/0/0/0/0 INPUT 4 0 4 v:124
8/08/2020 9:06:25 AM,252 Event OK
8/08/2020 9:06:26 AM,EVENT 50468 1596846949 0/0/0/0/0 INPUT 4 1 0 v:124
8/08/2020 9:06:26 AM,252 Event OK
8/08/2020 9:06:26 AM,EVENT 50469 1596846952 0/0/0/0/0 INPUT 4 0 3 v:124
8/08/2020 9:06:26 AM,252 Event OK
8/08/2020 9:06:27 AM,EVENT 50470 1596846952 0/0/0/0/0 INPUT 4 1 0 v:124
8/08/2020 9:06:27 AM,252 Event OK
8/08/2020 9:06:28 AM,EVENT 50471 1596846956 0/0/0/0/1 INPUT 4 0 4 v:124
8/08/2020 9:06:28 AM,252 Event OK
8/08/2020 9:06:29 AM,EVENT 50472 1596846956 0/0/0/0/1 INPUT 4 1 0 v:124
8/08/2020 9:06:29 AM,252 Event OK
8/08/2020 9:06:30 AM,EVENT 50473 1596847016 0/0/0/0/6 INPUT 4 0 60 v:124
8/08/2020 9:06:30 AM,252 Event OK
8/08/2020 9:06:31 AM,EVENT 50474 1596847017 0/0/0/0/5 INPUT 4 1 0 v:124
8/08/2020 9:06:31 AM,252 Event OK
8/08/2020 9:06:32 AM,EVENT 50475 1596847023 0/0/0/0/0 INPUT 4 0 7 v:124
8/08/2020 9:06:32 AM,252 Event OK
8/08/2020 9:06:32 AM,EVENT 50476 1596847023 0/0/0/0/0 INPUT 4 1 0 v:124
8/08/2020 9:06:32 AM,252 Event OK
8/08/2020 9:06:33 AM,EVENT 50477 1596847024 0/0/0/0/0 INPUT 7 1 0 v:124
8/08/2020 9:06:33 AM,252 Event OK
8/08/2020 9:06:34 AM,EVENT 50478 1596847024 0/0/0/0/0 INPUT 8 0 100 v:124
8/08/2020 9:06:34 AM,252 Event OK
8/08/2020 9:06:34 AM,EVENT 50479 1596847025 0/0/0/0/0 INPUT 1 1 0 v:124
8/08/2020 9:06:34 AM,252 Event OK
8/08/2020 9:06:35 AM,EVENT 50480 1596847028 0/0/0/0/0 TRIP 50462 0 89 6 6 95 v:124
8/08/2020 9:06:35 AM,252 Event OK
8/08/2020 9:06:36 AM,EVENT 50481 1596847029 0/0/0/0/0 INPUT 4 0 5 v:124
8/08/2020 9:06:36 AM,252 Event OK
8/08/2020 9:06:37 AM,EVENT 50482 1596847090 0/0/0/0/0 INPUT 8 1 0 v:124
8/08/2020 9:06:37 AM,252 Event OK
8/08/2020 9:06:37 AM,EVENT 50483 1596847091 0/0/0/0/0 INPUT 7 0 67 v:124
8/08/2020 9:06:37 AM,252 Event OK
8/08/2020 9:06:38 AM,EVENT 50484 1596847170 0/0/0/0/0 SIGNON 2479 03f9f2d4 OK 26 30695 0 v:124
8/08/2020 9:06:38 AM,252 Event OK
8/08/2020 9:06:39 AM,EVENT 50485 1596847210 0/0/0/0/0 INPUT 1 0 185 v:124
8/08/2020 9:06:39 AM,252 Event OK
8/08/2020 9:06:39 AM,EVENT 50486 1596847211 0/0/0/0/0 INPUT 4 1 0 v:124
8/08/2020 9:06:39 AM,252 Event OK
8/08/2020 9:06:40 AM,EVENT 50487 1596847216 0/0/0/0/0 INPUT 4 0 6 v:124
8/08/2020 9:06:40 AM,252 Event OK
8/08/2020 9:06:40 AM,EVENT 50488 1596847216 0/0/0/0/0 INPUT 4 1 0 v:124
8/08/2020 9:06:40 AM,252 Event OK
8/08/2020 9:06:41 AM,EVENT 50489 1596847223 0/0/0/0/0 INPUT 4 0 7 v:124
8/08/2020 9:06:41 AM,252 Event OK
8/08/2020 9:06:42 AM,EVENT 50490 1596847223 0/0/0/0/0 INPUT 4 1 0 v:124
8/08/2020 9:06:42 AM,252 Event OK
8/08/2020 9:06:42 AM,EVENT 50491 1596847228 0/0/0/0/0 INPUT 4 0 5 v:124
8/08/2020 9:06:42 AM,252 Event OK
8/08/2020 9:06:43 AM,EVENT 50492 1596847228 0/0/0/0/0 INPUT 4 1 0 v:124
8/08/2020 9:06:43 AM,252 Event OK
8/08/2020 9:06:43 AM,EVENT 50493 1596847239 0/0/0/0/3 INPUT 4 0 11 v:124
8/08/2020 9:06:43 AM,252 Event OK
8/08/2020 9:06:44 AM,EVENT 50494 1596847239 0/0/0/0/3 INPUT 4 1 0 v:124
8/08/2020 9:06:44 AM,252 Event OK
8/08/2020 9:06:45 AM,EVENT 50495 1596847252 0/0/0/0/0 INPUT 4 0 13 v:124
8/08/2020 9:06:45 AM,252 Event OK
8/08/2020 9:06:45 AM,EVENT 50496 1596847252 0/0/0/0/0 INPUT 4 1 0 v:124
8/08/2020 9:06:45 AM,252 Event OK
8/08/2020 9:06:46 AM,EVENT 50497 1596847253 0/0/0/0/0 INPUT 1 1 0 v:124
8/08/2020 9:06:46 AM,252 Event OK
8/08/2020 9:06:46 AM,EVENT 50498 1596847254 0/0/0/0/0 INPUT 7 1 0 v:124
8/08/2020 9:06:46 AM,252 Event OK
8/08/2020 9:06:47 AM,EVENT 50499 1596847254 0/0/0/0/0 INPUT 8 0 164 v:124
8/08/2020 9:06:47 AM,252 Event OK
8/08/2020 9:06:48 AM,EVENT 50500 1596847254 0/0/0/0/0 INPUT 4 0 2 v:124
8/08/2020 9:06:48 AM,252 Event OK
8/08/2020 9:06:49 AM,EVENT 50501 1596847258 0/0/0/0/0 TRIP 50484 0 44 44 40 88 v:124
8/08/2020 9:06:49 AM,252 Event OK
8/08/2020 9:06:50 AM,EVENT 50502 1596847291 0/0/0/0/0 INPUT 7 0 37 v:124
8/08/2020 9:06:50 AM,252 Event OK
8/08/2020 9:06:50 AM,EVENT 50503 1596847291 0/0/0/0/0 INPUT 8 1 0 v:124
8/08/2020 9:06:50 AM,252 Event OK
8/08/2020 9:06:51 AM,EVENT 50504 1596847300 0/0/0/0/0 SIGNON 2479 03f9f2d4 OK 26 30695 0 v:124
8/08/2020 9:06:51 AM,252 Event OK
8/08/2020 9:06:52 AM,EVENT 50505 1596847306 0/0/0/0/0 INPUT 1 0 54 v:124
8/08/2020 9:06:52 AM,252 Event OK
8/08/2020 9:06:52 AM,EVENT 50506 1596847307 0/0/0/0/0 INPUT 4 1 0 v:124
8/08/2020 9:06:52 AM,252 Event OK
8/08/2020 9:06:53 AM,EVENT 50507 1596847343 0/0/0/0/0 INPUT 7 1 0 v:124
8/08/2020 9:06:53 AM,252 Event OK
8/08/2020 9:06:53 AM,EVENT 50508 1596847343 0/0/0/0/0 INPUT 8 0 53 v:124
8/08/2020 9:06:53 AM,252 Event OK
8/08/2020 9:06:54 AM,EVENT 50509 1596847344 0/0/0/0/0 INPUT 1 1 0 v:124
8/08/2020 9:06:54 AM,252 Event OK
8/08/2020 9:06:54 AM,EVENT 50510 1596847345 0/0/0/0/0 INPUT 4 0 38 v:124
8/08/2020 9:06:54 AM,252 Event OK
8/08/2020 9:06:55 AM,EVENT 50511 1596847348 0/0/0/0/0 TRIP 50504 0 38 10 7 48 v:124
8/08/2020 9:06:55 AM,252 Event OK
8/08/2020 9:06:56 AM,EVENT 50512 1596852072 0/0/0/0/0 SWSTART OpusFC 5.0.58.518 R v:123
8/08/2020 9:06:56 AM,252 Event OK
8/08/2020 9:06:57 AM,EVENT 50513 1596847348 0/0/0/0/0 POWERDOWN v:124
8/08/2020 9:06:57 AM,252 Event OK
8/08/2020 9:06:58 AM,EVENT 50514 1596852072 0/0/0/0/0 INPUT 1 1 0 v:123
8/08/2020 9:06:58 AM,252 Event OK
8/08/2020 9:06:59 AM,EVENT 50515 1596852072 0/0/0/0/0 INPUT 2 0 0 v:123
8/08/2020 9:06:59 AM,252 Event OK
8/08/2020 9:07:00 AM,EVENT 50516 1596852072 0/0/0/0/0 INPUT 3 0 0 v:123
8/08/2020 9:07:00 AM,252 Event OK
8/08/2020 9:07:00 AM,EVENT 50517 1596852072 0/0/0/0/0 INPUT 4 0 0 v:123
8/08/2020 9:07:00 AM,252 Event OK
8/08/2020 9:07:01 AM,EVENT 50518 1596852072 0/0/0/0/0 INPUT 7 0 0 v:123
8/08/2020 9:07:01 AM,252 Event OK
8/08/2020 9:07:02 AM,EVENT 50519 1596852072 0/0/0/0/0 INPUT 8 1 0 v:123
8/08/2020 9:07:02 AM,252 Event OK
8/08/2020 9:07:03 AM,EVENT 50520 1596852074 0/0/0/0/0 ZONE_OK 2 100 FW=NO VERSION v:123
8/08/2020 9:07:03 AM,252 Event OK
8/08/2020 9:07:03 AM,EVENT 50521 1596852078 0/0/0/0/0 INPUT 7 1 0 v:123
8/08/2020 9:07:03 AM,252 Event OK
8/08/2020 9:07:04 AM,EVENT 50522 1596852078 0/0/0/0/0 INPUT 8 0 5 v:123
8/08/2020 9:07:04 AM,252 Event OK
8/08/2020 9:07:04 AM,EVENT 50523 1596852135 0/0/0/0/0 REPORT * 0 0 v:123
8/08/2020 9:07:04 AM,252 Event OK
8/08/2020 9:07:05 AM,EVENT 50524 1596867761 0/0/0/0/0 SWSTART OpusFC 5.0.58.518 R v:123
8/08/2020 9:07:05 AM,252 Event OK
8/08/2020 9:07:06 AM,EVENT 50525 1596847348 0/0/0/0/0 POWERDOWN v:124
8/08/2020 9:07:06 AM,252 Event OK
8/08/2020 9:07:07 AM,EVENT 50526 1596867761 0/0/0/0/0 INPUT 1 1 0 v:123
8/08/2020 9:07:07 AM,252 Event OK
8/08/2020 9:07:08 AM,EVENT 50527 1596867761 0/0/0/0/0 INPUT 2 0 0 v:123
8/08/2020 9:07:08 AM,252 Event OK
8/08/2020 9:07:08 AM,EVENT 50528 1596867761 0/0/0/0/0 INPUT 3 0 0 v:123
8/08/2020 9:07:08 AM,252 Event OK
8/08/2020 9:07:09 AM,EVENT 50529 1596867761 0/0/0/0/0 INPUT 4 0 0 v:123
8/08/2020 9:07:09 AM,252 Event OK
8/08/2020 9:07:10 AM,EVENT 50530 1596867761 0/0/0/0/0 INPUT 7 0 0 v:123
8/08/2020 9:07:10 AM,252 Event OK
8/08/2020 9:07:11 AM,EVENT 50531 1596867761 0/0/0/0/0 INPUT 8 1 0 v:123
8/08/2020 9:07:11 AM,252 Event OK
8/08/2020 9:07:12 AM,EVENT 50532 1596867763 0/0/0/0/0 ZONE_OK 2 100 FW=NO VERSION v:123
8/08/2020 9:07:12 AM,252 Event OK
8/08/2020 9:07:12 AM,EVENT 50533 1596867771 0/0/0/0/0 SIGNON 2479 03f9f2d4 OK 26 30695 0 v:123
8/08/2020 9:07:12 AM,252 Event OK
8/08/2020 9:07:13 AM,EVENT 50534 1596867776 0/0/0/0/0 INPUT 7 1 0 v:123
8/08/2020 9:07:13 AM,252 Event OK
8/08/2020 9:07:13 AM,EVENT 50535 1596867777 0/0/0/0/0 INPUT 7 0 1 v:124
8/08/2020 9:07:13 AM,252 Event OK
8/08/2020 9:07:14 AM,EVENT 50536 1596867777 0/0/0/0/0 INPUT 1 0 16 v:124
8/08/2020 9:07:14 AM,252 Event OK
8/08/2020 9:07:15 AM,EVENT 50537 1596867778 0/0/0/99/0 INPUT 4 1 0 v:124
8/08/2020 9:07:15 AM,252 Event OK
8/08/2020 9:07:15 AM,EVENT 50538 1596867797 0/0/0/0/7 INPUT 3 1 0 v:124
8/08/2020 9:07:15 AM,252 Event OK
8/08/2020 9:07:16 AM,EVENT 50539 1596867802 0/0/0/0/10 INPUT 3 0 5 v:124
8/08/2020 9:07:16 AM,252 Event OK
8/08/2020 9:07:17 AM,EVENT 50540 1596867803 0/0/0/0/8 INPUT 3 1 0 v:124
8/08/2020 9:07:17 AM,252 Event OK
8/08/2020 9:07:17 AM,EVENT 50541 1596867959 0/0/0/0/11 INPUT 3 0 156 v:124
8/08/2020 9:07:17 AM,252 Event OK
8/08/2020 9:07:18 AM,EVENT 50542 1596867965 0/0/0/0/6 INPUT 3 1 0 v:124
8/08/2020 9:07:18 AM,252 Event OK
8/08/2020 9:07:18 AM,EVENT 50543 1596868125 0/0/0/99/13 INPUT 3 0 159 v:124
8/08/2020 9:07:18 AM,252 Event OK
8/08/2020 9:07:19 AM,EVENT 50544 1596868147 0/0/0/0/3 INPUT 3 1 0 v:124
8/08/2020 9:07:19 AM,252 Event OK
8/08/2020 9:07:20 AM,EVENT 50545 1596868147 0/0/0/0/7 INPUT 3 0 1 v:124
8/08/2020 9:07:20 AM,252 Event OK
8/08/2020 9:07:20 AM,EVENT 50546 1596868148 0/0/0/0/8 INPUT 3 1 0 v:124
8/08/2020 9:07:20 AM,252 Event OK
8/08/2020 9:07:21 AM,EVENT 50547 1596868650 0/0/0/0/12 INPUT 3 0 502 v:124
8/08/2020 9:07:21 AM,252 Event OK
8/08/2020 9:07:22 AM,EVENT 50548 1596868662 0/0/0/0/3 INPUT 3 1 0 v:124
8/08/2020 9:07:22 AM,252 Event OK
8/08/2020 9:07:22 AM,EVENT 50549 1596868684 0/0/0/0/11 INPUT 3 0 23 v:124
8/08/2020 9:07:22 AM,252 Event OK
8/08/2020 9:07:23 AM,EVENT 50550 1596868719 0/0/0/0/4 INPUT 3 1 0 v:124
8/08/2020 9:07:23 AM,252 Event OK
8/08/2020 9:07:24 AM,EVENT 50551 1596868792 0/0/0/99/9 INPUT 3 0 73 v:124
8/08/2020 9:07:24 AM,252 Event OK
8/08/2020 9:07:24 AM,EVENT 50552 1596868836 0/0/0/0/0 INPUT 7 1 0 v:124
8/08/2020 9:07:24 AM,252 Event OK
8/08/2020 9:07:25 AM,EVENT 50553 1596868836 0/0/0/0/0 INPUT 8 0 1074 v:124
8/08/2020 9:07:25 AM,252 Event OK
8/08/2020 9:07:26 AM,EVENT 50554 1596868837 0/0/0/0/0 INPUT 1 1 0 v:124
8/08/2020 9:07:26 AM,252 Event OK
8/08/2020 9:07:27 AM,EVENT 50555 1596868837 0/0/0/0/0 INPUT 4 0 1059 v:124
8/08/2020 9:07:27 AM,252 Event OK
8/08/2020 9:07:27 AM,EVENT 50556 1596868838 0/0/0/0/0 INPUT 4 1 0 v:124
8/08/2020 9:07:27 AM,252 Event OK
8/08/2020 9:07:28 AM,EVENT 50557 1596868840 0/0/0/0/0 TRIP 50533 919 142 9 7 1070 v:124
8/08/2020 9:07:28 AM,252 Event OK
8/08/2020 9:07:29 AM,EVENT 50558 1596868841 0/0/0/0/0 INPUT 4 0 2 v:124
8/08/2020 9:07:29 AM,252 Event OK
8/08/2020 9:07:30 AM,EVENT 50559 1596868861 0/0/0/0/0 REPORT * 0 0 v:124
8/08/2020 9:07:30 AM,252 Event OK
8/08/2020 9:07:31 AM,EVENT 50560 1596873171 0/0/0/0/0 SWSTART OpusFC 5.0.58.518 R v:123
8/08/2020 9:07:31 AM,252 Event OK
8/08/2020 9:07:32 AM,EVENT 50561 1596868840 0/0/0/0/0 POWERDOWN v:124
8/08/2020 9:07:32 AM,252 Event OK
8/08/2020 9:07:33 AM,EVENT 50562 1596873171 0/0/0/0/0 INPUT 1 1 0 v:123
8/08/2020 9:07:33 AM,252 Event OK
8/08/2020 9:07:34 AM,EVENT 50563 1596873171 0/0/0/0/0 INPUT 2 0 0 v:123
8/08/2020 9:07:34 AM,252 Event OK
8/08/2020 9:07:35 AM,EVENT 50564 1596873171 0/0/0/0/0 INPUT 3 0 0 v:123
8/08/2020 9:07:35 AM,252 Event OK
8/08/2020 9:07:36 AM,EVENT 50565 1596873171 0/0/0/0/0 INPUT 4 0 0 v:123
8/08/2020 9:07:36 AM,252 Event OK
8/08/2020 9:07:36 AM,EVENT 50566 1596873171 0/0/0/0/0 INPUT 7 0 0 v:123
8/08/2020 9:07:36 AM,252 Event OK
8/08/2020 9:07:37 AM,EVENT 50567 1596873171 0/0/0/0/0 INPUT 8 1 0 v:123
8/08/2020 9:07:37 AM,252 Event OK
8/08/2020 9:07:38 AM,EVENT 50568 1596873173 0/0/0/0/0 ZONE_OK 2 100 FW=NO VERSION v:123
8/08/2020 9:07:38 AM,252 Event OK
8/08/2020 9:07:39 AM,EVENT 50569 1596873181 0/0/0/0/0 SIGNON 2479 03f9f2d4 OK 26 30695 0 v:123
8/08/2020 9:07:39 AM,252 Event OK
8/08/2020 9:07:40 AM,EVENT 50570 1596873186 0/0/0/99/0 INPUT 7 1 0 v:123
8/08/2020 9:07:40 AM,252 Event OK
8/08/2020 9:07:41 AM,EVENT 50571 1596873186 0/0/0/99/0 INPUT 7 0 0 v:123
8/08/2020 9:07:41 AM,252 Event OK
8/08/2020 9:07:42 AM,EVENT 50572 1596873187 0/0/0/99/0 INPUT 4 1 0 v:124
8/08/2020 9:07:42 AM,252 Event OK
8/08/2020 9:07:43 AM,EVENT 50573 1596873188 0/0/0/99/0 INPUT 1 0 16 v:124
8/08/2020 9:07:43 AM,252 Event OK
8/08/2020 9:07:44 AM,EVENT 50574 1596873206 0/0/0/0/3 INPUT 3 1 0 v:124
8/08/2020 9:07:44 AM,252 Event OK
8/08/2020 9:07:45 AM,EVENT 50575 1596873209 0/0/0/0/12 INPUT 3 0 3 v:124
8/08/2020 9:07:45 AM,252 Event OK
8/08/2020 9:07:46 AM,EVENT 50576 1596873258 0/0/0/0/0 INPUT 4 0 71 v:124
8/08/2020 9:07:46 AM,252 Event OK
8/08/2020 9:07:47 AM,EVENT 50577 1596873258 0/0/0/0/0 INPUT 4 1 0 v:124
8/08/2020 9:07:47 AM,252 Event OK
8/08/2020 9:07:48 AM,EVENT 50578 1596873260 0/0/0/0/4 INPUT 3 1 0 v:124
8/08/2020 9:07:48 AM,252 Event OK
8/08/2020 9:07:49 AM,EVENT 50579 1596873605 0/0/0/0/11 INPUT 3 0 346 v:124
8/08/2020 9:07:49 AM,252 Event OK
8/08/2020 9:07:50 AM,EVENT 50580 1596873678 0/0/0/0/0 INPUT 4 0 420 v:124
8/08/2020 9:07:50 AM,252 Event OK
8/08/2020 9:07:51 AM,EVENT 50581 1596873679 0/0/0/0/0 INPUT 4 1 0 v:124
8/08/2020 9:07:51 AM,252 Event OK
8/08/2020 9:07:51 AM,EVENT 50582 1596873694 0/0/0/0/2 INPUT 3 1 0 v:124
8/08/2020 9:07:51 AM,252 Event OK
8/08/2020 9:07:52 AM,EVENT 50583 1596873970 0/0/0/0/9 INPUT 3 0 277 v:124
8/08/2020 9:07:52 AM,252 Event OK
8/08/2020 9:07:53 AM,EVENT 50584 1596873972 0/0/0/0/5 INPUT 4 0 294 v:124
8/08/2020 9:07:53 AM,252 Event OK
8/08/2020 9:07:54 AM,EVENT 50585 1596873972 0/0/0/0/5 INPUT 4 1 0 v:124
8/08/2020 9:07:54 AM,252 Event OK
8/08/2020 9:07:55 AM,EVENT 50586 1596873980 0/0/0/0/3 INPUT 4 0 8 v:124
8/08/2020 9:07:55 AM,252 Event OK
8/08/2020 9:07:56 AM,EVENT 50587 1596873980 0/0/0/0/3 INPUT 4 1 0 v:124
8/08/2020 9:07:56 AM,252 Event OK
8/08/2020 9:07:57 AM,EVENT 50588 1596873990 0/0/0/0/2 INPUT 3 1 0 v:124
8/08/2020 9:07:57 AM,252 Event OK
8/08/2020 9:07:58 AM,EVENT 50589 1596874281 0/0/0/0/11 INPUT 3 0 291 v:124
8/08/2020 9:07:58 AM,252 Event OK
8/08/2020 9:07:58 AM,EVENT 50590 1596874286 0/0/0/0/6 INPUT 3 1 0 v:124
8/08/2020 9:07:58 AM,252 Event OK
8/08/2020 9:07:59 AM,EVENT 50591 1596874289 0/0/0/0/11 INPUT 3 0 3 v:124
8/08/2020 9:07:59 AM,252 Event OK
8/08/2020 9:08:00 AM,EVENT 50592 1596874332 0/0/0/0/0 INPUT 7 1 0 v:124
8/08/2020 9:08:00 AM,252 Event OK
8/08/2020 9:08:01 AM,EVENT 50593 1596874332 0/0/0/0/0 INPUT 8 0 1160 v:124
8/08/2020 9:08:01 AM,252 Event OK
8/08/2020 9:08:02 AM,EVENT 50594 1596874332 0/0/0/0/0 REPORT 50569 0 0 v:124
8/08/2020 9:08:02 AM,252 Event OK
8/08/2020 9:08:03 AM,EVENT 50595 1596874332 0/0/0/0/0 INPUT 1 1 0 v:124
8/08/2020 9:08:03 AM,252 Event OK
8/08/2020 9:08:04 AM,EVENT 50596 1596874332 0/0/0/0/0 INPUT 4 0 352 v:124
8/08/2020 9:08:04 AM,252 Event OK
8/08/2020 9:08:04 AM,EVENT 50597 1596874332 0/0/0/0/0 INPUT 4 1 0 v:124
8/08/2020 9:08:04 AM,252 Event OK
8/08/2020 9:08:05 AM,EVENT 50598 1596874334 0/0/0/0/0 INPUT 4 0 2 v:124
8/08/2020 9:08:05 AM,252 Event OK
8/08/2020 9:08:06 AM,EVENT 50599 1596874336 0/0/0/0/0 TRIP 50569 920 227 9 7 1156 v:124
8/08/2020 9:08:06 AM,252 Event OK
8/08/2020 9:08:07 AM,EVENT 50600 1596875450 0/0/0/0/0 INPUT 7 0 1118 v:124
8/08/2020 9:08:07 AM,252 Event OK
8/08/2020 9:08:08 AM,EVENT 50601 1596875450 0/0/0/0/0 INPUT 8 1 0 v:124
8/08/2020 9:08:08 AM,252 Event OK
8/08/2020 9:08:09 AM,EVENT 50602 1596875462 0/0/0/0/0 SIGNON 2479 03f9f2d4 OK 26 30695 0 v:124
8/08/2020 9:08:09 AM,252 Event OK
8/08/2020 9:08:10 AM,EVENT 50603 1596875468 0/0/0/0/0 INPUT 1 0 1136 v:124
8/08/2020 9:08:10 AM,252 Event OK
8/08/2020 9:08:10 AM,EVENT 50604 1596875469 0/0/0/0/0 INPUT 4 1 0 v:124
8/08/2020 9:08:10 AM,252 Event OK
8/08/2020 9:08:11 AM,EVENT 50605 1596875484 0/0/0/0/1 INPUT 4 0 16 v:124
8/08/2020 9:08:11 AM,252 Event OK
8/08/2020 9:08:12 AM,EVENT 50606 1596875484 0/0/0/0/1 INPUT 4 1 0 v:124
8/08/2020 9:08:12 AM,252 Event OK
8/08/2020 9:08:12 AM,EVENT 50607 1596875486 0/0/0/0/4 INPUT 3 1 0 v:124
8/08/2020 9:08:12 AM,252 Event OK
8/08/2020 9:08:13 AM,EVENT 50608 1596876137 0/0/0/0/12 INPUT 3 0 651 v:124
8/08/2020 9:08:13 AM,252 Event OK
8/08/2020 9:08:13 AM,EVENT 50609 1596876138 0/0/0/0/7 INPUT 4 0 654 v:124
8/08/2020 9:08:13 AM,252 Event OK
8/08/2020 9:08:14 AM,EVENT 50610 1596876138 0/0/0/0/5 INPUT 4 1 0 v:124
8/08/2020 9:08:14 AM,252 Event OK
8/08/2020 9:08:14 AM,EVENT 50611 1596876147 0/0/0/0/0 INPUT 4 0 9 v:124
8/08/2020 9:08:14 AM,252 Event OK
8/08/2020 9:08:15 AM,EVENT 50612 1596876147 0/0/0/0/0 INPUT 4 1 0 v:124
8/08/2020 9:08:15 AM,252 Event OK
8/08/2020 9:08:16 AM,EVENT 50613 1596876162 0/0/0/0/0 REPORT 50602 0 0 v:124
8/08/2020 9:08:16 AM,252 Event OK
8/08/2020 9:08:16 AM,EVENT 50614 1596876179 0/0/0/0/3 INPUT 3 1 0 v:124
8/08/2020 9:08:16 AM,252 Event OK
8/08/2020 9:08:17 AM,EVENT 50615 1596876893 0/0/0/0/9 INPUT 3 0 715 v:124
8/08/2020 9:08:17 AM,252 Event OK
8/08/2020 9:08:17 AM,EVENT 50616 1596876930 -310121864/1219228928/1256/2/0 INPUT 4 0 783 v:124
8/08/2020 9:08:17 AM,252 Event OK
8/08/2020 9:08:18 AM,EVENT 50617 1596876931 -310121851/1219228966/1242/2/0 INPUT 4 1 0 v:124
8/08/2020 9:08:18 AM,252 Event OK
8/08/2020 9:08:19 AM,EVENT 50618 1596876933 -310121647/1219229343/1172/2/6 INPUT 3 1 0 v:123
8/08/2020 9:08:19 AM,252 Event OK
8/08/2020 9:08:19 AM,EVENT 50619 1596876988 -310128597/1219229136/919/4/11 INPUT 3 0 55 v:124
8/08/2020 9:08:19 AM,252 Event OK
8/08/2020 9:08:20 AM,EVENT 50620 1596876992 -310128311/1219228924/939/0/0 INPUT 7 1 0 v:123
8/08/2020 9:08:20 AM,252 Event OK
8/08/2020 9:08:21 AM,EVENT 50621 1596876992 -310128311/1219228924/939/0/0 INPUT 8 0 1543 v:123
8/08/2020 9:08:21 AM,252 Event OK
8/08/2020 9:08:21 AM,EVENT 50622 1596876993 -310128315/1219228924/940/0/0 INPUT 1 1 0 v:124
8/08/2020 9:08:21 AM,252 Event OK
8/08/2020 9:08:22 AM,EVENT 50623 1596876994 -310128317/1219228924/941/0/0 INPUT 4 0 63 v:124
8/08/2020 9:08:22 AM,252 Event OK
8/08/2020 9:08:23 AM,EVENT 50624 1596876995 -310128319/1219228927/942/0/0 INPUT 4 1 0 v:124
8/08/2020 9:08:23 AM,252 Event OK
8/08/2020 9:08:23 AM,EVENT 50625 1596876997 -310128327/1219228928/945/0/0 TRIP 50602 1421 106 9 7 1536 v:123
8/08/2020 9:08:23 AM,252 Event OK
8/08/2020 9:08:24 AM,EVENT 50626 1596876998 -310128327/1219228928/945/0/0 INPUT 4 0 2 v:123
8/08/2020 9:08:24 AM,252 Event OK
8/08/2020 9:08:25 AM,EVENT 50627 1596877145 -310128177/1219228819/1005/2/0 INPUT 8 1 0 v:123
8/08/2020 9:08:25 AM,252 Event OK
8/08/2020 9:08:25 AM,EVENT 50628 1596877145 -310128176/1219228820/1006/2/0 INPUT 7 0 152 v:124
8/08/2020 9:08:25 AM,252 Event OK
8/08/2020 9:08:26 AM,EVENT 50629 1596877155 -310128140/1219228849/1015/0/0 SIGNON 2479 03f9f2d4 OK 26 30695 0 v:124
8/08/2020 9:08:26 AM,252 Event OK
8/08/2020 9:08:27 AM,EVENT 50630 1596877161 -310128126/1219228862/1024/0/0 INPUT 1 0 167 v:124
8/08/2020 9:08:27 AM,252 Event OK
8/08/2020 9:08:27 AM,EVENT 50631 1596877162 -310128125/1219228864/1027/0/0 INPUT 4 1 0 v:124
8/08/2020 9:08:27 AM,252 Event OK
8/08/2020 9:08:28 AM,EVENT 50632 1596877187 -310128637/1219229320/947/0/4 INPUT 3 1 0 v:124
8/08/2020 9:08:28 AM,252 Event OK
8/08/2020 9:08:29 AM,EVENT 50633 1596877203 -310129080/1219222926/910/0/11 INPUT 3 0 16 v:124
8/08/2020 9:08:29 AM,252 Event OK
8/08/2020 9:08:29 AM,EVENT 50634 1596877209 -310129244/1219222574/874/2/0 INPUT 7 1 0 v:124
8/08/2020 9:08:29 AM,252 Event OK
8/08/2020 9:08:30 AM,EVENT 50635 1596877209 -310129244/1219222574/874/2/0 INPUT 8 0 64 v:124
8/08/2020 9:08:30 AM,252 Event OK
8/08/2020 9:08:31 AM,EVENT 50636 1596877210 -310129242/1219222573/871/2/0 INPUT 1 1 0 v:124
8/08/2020 9:08:31 AM,252 Event OK
8/08/2020 9:08:31 AM,EVENT 50637 1596877211 -310129238/1219222565/862/2/0 INPUT 4 0 50 v:123
8/08/2020 9:08:31 AM,252 Event OK
8/08/2020 9:08:32 AM,EVENT 50638 1596877213 -310129243/1219222546/853/2/0 TRIP 50629 16 34 9 7 59 v:123
8/08/2020 9:08:32 AM,252 Event OK
8/08/2020 9:08:32 AM,QUIT
8/08/2020 9:08:32 AM,221 Session ended - goodbye
8/08/2020 9:09:04 AM,UNIT 9279
8/08/2020 9:09:04 AM,333 CHAL 37DFBFD1
8/08/2020 9:09:05 AM,RESP 2830E1B0
8/08/2020 9:09:05 AM,230 Auth OK
8/08/2020 9:09:05 AM,TIME
8/08/2020 9:09:05 AM,211 TIME 1596877745
8/08/2020 9:09:06 AM,EVCOUNT 2
8/08/2020 9:09:06 AM,252 Event OK
8/08/2020 9:09:06 AM,TODO
8/08/2020 9:09:06 AM,226 Nothing to do
8/08/2020 9:09:07 AM,EVENT 50639 1596877738 -310129417/1219222297/790/2/0 INPUT 8 1 0 v:124
8/08/2020 9:09:07 AM,252 Event OK
8/08/2020 9:09:07 AM,EVENT 50640 1596877739 -310129415/1219222294/792/2/0 INPUT 7 0 530 v:124
8/08/2020 9:09:07 AM,252 Event OK
8/08/2020 9:09:08 AM,QUIT
8/08/2020 9:09:08 AM,221 Session ended - goodbye
8/08/2020 9:09:18 AM,UNIT 9279
8/08/2020 9:09:18 AM,333 CHAL 4B054C38
8/08/2020 9:09:18 AM,RESP 83B311C9
8/08/2020 9:09:18 AM,230 Auth OK
8/08/2020 9:09:19 AM,TIME
8/08/2020 9:09:19 AM,211 TIME 1596877759
8/08/2020 9:09:19 AM,EVCOUNT 1
8/08/2020 9:09:19 AM,252 Event OK
8/08/2020 9:09:19 AM,TODO
8/08/2020 9:09:19 AM,226 Nothing to do
8/08/2020 9:09:20 AM,EVENT 50641 1596877750 -310129385/1219222276/801/2/0 SIGNON 2479 03f9f2d4 OK 26 30695 0 v:124
8/08/2020 9:09:20 AM,252 Event OK
8/08/2020 9:09:21 AM,EVENT 50642 1596877756 -310129391/1219222306/792/2/0 INPUT 4 1 0 v:124
8/08/2020 9:09:21 AM,252 Event OK
8/08/2020 9:09:22 AM,EVENT 50643 1596877756 -310129391/1219222309/790/2/0 INPUT 1 0 546 v:124
8/08/2020 9:09:22 AM,252 Event OK
8/08/2020 9:09:22 AM,QUIT
8/08/2020 9:09:22 AM,221 Session ended - goodbye
8/08/2020 9:10:23 AM,UNIT 9279
8/08/2020 9:10:23 AM,333 CHAL 24C1BB4E
8/08/2020 9:10:53 AM,UNIT 9279
8/08/2020 9:10:53 AM,333 CHAL 4C73879F
8/08/2020 9:10:54 AM,RESP 07353ABB
8/08/2020 9:10:54 AM,230 Auth OK
8/08/2020 9:10:54 AM,TIME
8/08/2020 9:10:54 AM,211 TIME 1596877854
8/08/2020 9:10:54 AM,EVCOUNT 5
8/08/2020 9:10:54 AM,252 Event OK
8/08/2020 9:10:54 AM,TODO
8/08/2020 9:10:54 AM,226 Nothing to do
8/08/2020 9:10:54 AM,EVENT 50644 1596877802 -310130213/1219221759/829/0/0 INPUT 4 0 47 v:124
8/08/2020 9:10:54 AM,252 Event OK
8/08/2020 9:10:55 AM,EVENT 50645 1596877802 -310130213/1219221757/830/0/0 INPUT 4 1 0 v:124
8/08/2020 9:10:55 AM,252 Event OK
8/08/2020 9:10:55 AM,EVENT 50646 1596877812 -310130222/1219221759/827/0/0 INPUT 4 0 10 v:123
8/08/2020 9:10:55 AM,252 Event OK
8/08/2020 9:10:55 AM,EVENT 50647 1596877813 -310130257/1219221748/828/0/0 INPUT 4 1 0 v:123
8/08/2020 9:10:55 AM,252 Event OK
8/08/2020 9:10:55 AM,EVENT 50648 1596877814 -310130528/1219221623/830/0/5 INPUT 3 1 0 v:123
8/08/2020 9:10:55 AM,252 Event OK
8/08/2020 9:10:55 AM,QUIT
8/08/2020 9:10:55 AM,221 Session ended - goodbye
8/08/2020 9:11:13 AM,UNIT 9279
8/08/2020 9:11:13 AM,333 CHAL 3FA5434F
8/08/2020 9:11:13 AM,RESP 4D22DB63
8/08/2020 9:11:13 AM,230 Auth OK
8/08/2020 9:11:14 AM,TIME
8/08/2020 9:11:14 AM,211 TIME 1596877874
8/08/2020 9:11:14 AM,EVCOUNT 1
8/08/2020 9:11:14 AM,252 Event OK
8/08/2020 9:11:14 AM,TODO
8/08/2020 9:11:14 AM,226 Nothing to do
8/08/2020 9:11:15 AM,EVENT 50649 1596877868 -310143459/1219231536/968/0/10 INPUT 3 0 54 v:124
8/08/2020 9:11:15 AM,252 Event OK
8/08/2020 9:11:16 AM,EVENT 50650 1596877872 -310143503/1219231514/961/0/0 INPUT 7 1 0 v:124
8/08/2020 9:11:16 AM,252 Event OK
8/08/2020 9:11:17 AM,EVENT 50651 1596877872 -310143503/1219231514/961/0/0 INPUT 8 0 134 v:124
8/08/2020 9:11:17 AM,252 Event OK
8/08/2020 9:11:17 AM,EVENT 50652 1596877873 -310143511/1219231509/958/4/0 INPUT 1 1 0 v:123
8/08/2020 9:11:17 AM,252 Event OK
8/08/2020 9:11:18 AM,QUIT
8/08/2020 9:11:18 AM,221 Session ended - goodbye
8/08/2020 9:11:28 AM,UNIT 9279
8/08/2020 9:11:28 AM,333 CHAL 703FB173
8/08/2020 9:11:29 AM,RESP A58AAAB5
8/08/2020 9:11:29 AM,230 Auth OK
8/08/2020 9:11:29 AM,TIME
8/08/2020 9:11:29 AM,211 TIME 1596877889
8/08/2020 9:11:30 AM,EVCOUNT 2
8/08/2020 9:11:30 AM,252 Event OK
8/08/2020 9:11:30 AM,TODO
8/08/2020 9:11:30 AM,226 Nothing to do
8/08/2020 9:11:31 AM,EVENT 50653 1596877875 -310143516/1219231510/952/4/0 INPUT 4 0 62 v:124
8/08/2020 9:11:31 AM,252 Event OK
8/08/2020 9:11:31 AM,EVENT 50654 1596877876 -310143517/1219231513/959/4/0 TRIP 50641 54 65 8 6 127 v:124
8/08/2020 9:11:31 AM,252 Event OK
8/08/2020 9:11:32 AM,QUIT
8/08/2020 9:11:32 AM,221 Session ended - goodbye
8/08/2020 10:07:41 AM,UNIT 9279
8/08/2020 10:07:41 AM,333 CHAL 34D244DA
8/08/2020 10:07:41 AM,RESP E14ED943
8/08/2020 10:07:41 AM,230 Auth OK
8/08/2020 10:07:41 AM,TIME
8/08/2020 10:07:41 AM,211 TIME 1596881261
8/08/2020 10:07:41 AM,EVCOUNT 11
8/08/2020 10:07:41 AM,252 Event OK
8/08/2020 10:07:42 AM,TODO
8/08/2020 10:07:42 AM,226 Nothing to do
8/08/2020 10:07:42 AM,EVENT 50655 1596881231 0/0/0/0/0 SWSTART OpusFC 5.0.58.518 R v:123
8/08/2020 10:07:42 AM,252 Event OK
8/08/2020 10:07:42 AM,EVENT 50656 1596877876 0/0/0/0/0 POWERDOWN v:124
8/08/2020 10:07:42 AM,252 Event OK
8/08/2020 10:07:43 AM,EVENT 50657 1596881231 0/0/0/0/0 INPUT 1 1 0 v:123
8/08/2020 10:07:43 AM,252 Event OK
8/08/2020 10:07:43 AM,EVENT 50658 1596881231 0/0/0/0/0 INPUT 2 0 0 v:123
8/08/2020 10:07:43 AM,252 Event OK
8/08/2020 10:07:43 AM,EVENT 50659 1596881231 0/0/0/0/0 INPUT 3 0 0 v:123
8/08/2020 10:07:43 AM,252 Event OK
8/08/2020 10:07:43 AM,EVENT 50660 1596881231 0/0/0/0/0 INPUT 4 0 0 v:123
8/08/2020 10:07:43 AM,252 Event OK
8/08/2020 10:07:43 AM,EVENT 50661 1596881231 0/0/0/0/0 INPUT 7 0 0 v:123
8/08/2020 10:07:43 AM,252 Event OK
8/08/2020 10:07:44 AM,EVENT 50662 1596881231 0/0/0/0/0 INPUT 8 1 0 v:123
8/08/2020 10:07:44 AM,252 Event OK
8/08/2020 10:07:44 AM,EVENT 50663 1596881233 0/0/0/0/0 ZONE_OK 2 100 FW=NO VERSION v:123
8/08/2020 10:07:44 AM,252 Event OK
8/08/2020 10:07:44 AM,EVENT 50664 1596881246 0/0/0/0/0 SIGNON * 0 NOCARD 26 0 266088 v:123
8/08/2020 10:07:44 AM,252 Event OK
8/08/2020 10:07:44 AM,EVENT 50665 1596881257 0/0/0/5/0 SIGNON 2528 01b3eefb OK_CL 26 260882 0 v:123
8/08/2020 10:07:44 AM,252 Event OK
8/08/2020 10:07:44 AM,QUIT
8/08/2020 10:07:44 AM,221 Session ended - goodbye
8/08/2020 10:07:54 AM,UNIT 9279
8/08/2020 10:07:54 AM,333 CHAL 2CBF7840
8/08/2020 10:07:55 AM,RESP F78B85F2
8/08/2020 10:07:55 AM,230 Auth OK
8/08/2020 10:07:55 AM,TIME
8/08/2020 10:07:55 AM,211 TIME 1596881275
8/08/2020 10:07:56 AM,EVCOUNT 2
8/08/2020 10:07:56 AM,252 Event OK
8/08/2020 10:07:56 AM,TODO
8/08/2020 10:07:56 AM,125 TODO GETXML 2000 Operators 
225 Work list complete
8/08/2020 10:07:57 AM,GETXML
8/08/2020 10:07:57 AM,Binary data 4241 bytes
8/08/2020 10:07:57 AM,GOT Operators 4193 B22E2A56
8/08/2020 10:07:57 AM,250 Download OK
8/08/2020 10:07:58 AM,EVENT 50666 1596881265 0/0/0/5/0 CHECKLIST 50665 OK 0 8 432 F v:123
8/08/2020 10:07:58 AM,252 Event OK
8/08/2020 10:07:58 AM,EVENT 50667 1596881272 -310143730/1219232014/5016/5/0 INPUT 1 0 40 v:124
8/08/2020 10:07:58 AM,252 Event OK
8/08/2020 10:07:58 AM,EVENT 50668 1596881272 -310143718/1219232013/4404/5/0 INPUT 4 1 0 v:124
8/08/2020 10:07:58 AM,252 Event OK
8/08/2020 10:07:58 AM,QUIT
8/08/2020 10:07:58 AM,221 Session ended - goodbye
8/08/2020 10:08:23 AM,UNIT 9279
8/08/2020 10:08:23 AM,333 CHAL 2E79038A
8/08/2020 10:08:23 AM,RESP 1174BB9A
8/08/2020 10:08:23 AM,230 Auth OK
8/08/2020 10:08:23 AM,TIME
8/08/2020 10:08:23 AM,211 TIME 1596881303
8/08/2020 10:08:24 AM,EVCOUNT 2
8/08/2020 10:08:24 AM,252 Event OK
8/08/2020 10:08:24 AM,TODO
8/08/2020 10:08:24 AM,226 Nothing to do
8/08/2020 10:08:25 AM,EVENT 50669 1596881296 -310143624/1219231714/1081/5/0 INPUT 4 0 25 v:124
8/08/2020 10:08:25 AM,252 Event OK
8/08/2020 10:08:26 AM,EVENT 50670 1596881297 -310143588/1219231708/1072/5/0 INPUT 4 1 0 v:124
8/08/2020 10:08:26 AM,252 Event OK
8/08/2020 10:08:26 AM,QUIT
8/08/2020 10:08:26 AM,221 Session ended - goodbye
8/08/2020 10:08:42 AM,UNIT 9279
8/08/2020 10:08:42 AM,333 CHAL 71ED16BA
8/08/2020 10:08:42 AM,RESP 18685864
8/08/2020 10:08:42 AM,230 Auth OK
8/08/2020 10:08:43 AM,TIME
8/08/2020 10:08:43 AM,211 TIME 1596881323
8/08/2020 10:08:44 AM,EVCOUNT 1
8/08/2020 10:08:44 AM,252 Event OK
8/08/2020 10:08:44 AM,TODO
8/08/2020 10:08:44 AM,226 Nothing to do
8/08/2020 10:08:45 AM,EVENT 50671 1596881316 -310143556/1219232069/928/5/8 INPUT 3 1 0 v:124
8/08/2020 10:08:45 AM,252 Event OK
8/08/2020 10:08:45 AM,QUIT
8/08/2020 10:08:45 AM,221 Session ended - goodbye
8/08/2020 10:09:54 AM,UNIT 9279
8/08/2020 10:09:54 AM,333 CHAL 2F5660A7
8/08/2020 10:09:54 AM,RESP 5B64CB2A
8/08/2020 10:09:54 AM,230 Auth OK
8/08/2020 10:09:55 AM,TIME
8/08/2020 10:09:55 AM,211 TIME 1596881395
8/08/2020 10:09:55 AM,EVCOUNT 5
8/08/2020 10:09:55 AM,252 Event OK
8/08/2020 10:09:56 AM,TODO
8/08/2020 10:09:56 AM,226 Nothing to do
8/08/2020 10:09:57 AM,EVENT 50672 1596881387 -310122722/1219236894/1020/8/12 INPUT 3 0 72 v:124
8/08/2020 10:09:57 AM,252 Event OK
8/08/2020 10:09:57 AM,EVENT 50673 1596881389 -310122620/1219236819/1009/8/6 INPUT 7 1 0 v:124
8/08/2020 10:09:57 AM,252 Event OK
8/08/2020 10:09:58 AM,EVENT 50674 1596881389 -310122620/1219236819/1009/8/6 INPUT 8 0 158 v:124
8/08/2020 10:09:58 AM,252 Event OK
8/08/2020 10:09:59 AM,EVENT 50675 1596881390 -310122618/1219236817/1001/8/2 INPUT 1 1 0 v:123
8/08/2020 10:09:59 AM,252 Event OK
8/08/2020 10:10:00 AM,EVENT 50676 1596881391 -310122620/1219236820/999/8/0 INPUT 4 0 95 v:123
8/08/2020 10:10:00 AM,252 Event OK
8/08/2020 10:10:01 AM,EVENT 50677 1596881394 -310122624/1219236827/1009/8/0 TRIP 50665 72 48 12 9 132 v:123
8/08/2020 10:10:01 AM,252 Event OK
8/08/2020 10:10:01 AM,QUIT
8/08/2020 10:10:01 AM,221 Session ended - goodbye
8/08/2020 10:10:22 AM,UNIT 9279
8/08/2020 10:10:22 AM,333 CHAL 51972BA3
8/08/2020 10:10:22 AM,RESP 9B5B0B1B
8/08/2020 10:10:22 AM,230 Auth OK
8/08/2020 10:10:23 AM,TIME
8/08/2020 10:10:23 AM,211 TIME 1596881423
8/08/2020 10:10:23 AM,EVCOUNT 1
8/08/2020 10:10:23 AM,252 Event OK
8/08/2020 10:10:24 AM,TODO
8/08/2020 10:10:24 AM,226 Nothing to do
8/08/2020 10:10:25 AM,EVENT 50678 1596881416 -310122709/1219236852/981/6/0 REPORT * 0 77 v:123
8/08/2020 10:10:25 AM,252 Event OK
8/08/2020 10:10:25 AM,QUIT
8/08/2020 10:10:25 AM,221 Session ended - goodbye
8/08/2020 10:12:03 AM,UNIT 9279
8/08/2020 10:12:03 AM,333 CHAL 371BE425
8/08/2020 10:12:03 AM,RESP 69EE0396
8/08/2020 10:12:03 AM,230 Auth OK
8/08/2020 10:12:04 AM,TIME
8/08/2020 10:12:04 AM,211 TIME 1596881524
8/08/2020 10:12:04 AM,EVCOUNT 2
8/08/2020 10:12:04 AM,252 Event OK
8/08/2020 10:12:05 AM,TODO
8/08/2020 10:12:05 AM,226 Nothing to do
8/08/2020 10:12:06 AM,EVENT 50679 1596881516 -310122641/1219236836/974/6/0 INPUT 8 1 0 v:123
8/08/2020 10:12:06 AM,252 Event OK
8/08/2020 10:12:06 AM,EVENT 50680 1596881516 -310122641/1219236836/974/6/0 INPUT 7 0 127 v:123
8/08/2020 10:12:06 AM,252 Event OK
8/08/2020 10:12:07 AM,EVENT 50681 1596881522 -310122661/1219236869/990/6/0 SIGNON * 0 NOCARD 26 0 260822 v:123
8/08/2020 10:12:07 AM,252 Event OK
8/08/2020 10:12:08 AM,QUIT
8/08/2020 10:12:08 AM,221 Session ended - goodbye
8/08/2020 10:12:20 AM,UNIT 9279
8/08/2020 10:12:20 AM,333 CHAL 2DC9A00E
8/08/2020 10:12:20 AM,RESP 86BA29D7
8/08/2020 10:12:20 AM,230 Auth OK
8/08/2020 10:12:21 AM,TIME
8/08/2020 10:12:21 AM,211 TIME 1596881541
8/08/2020 10:12:21 AM,EVCOUNT 1
8/08/2020 10:12:21 AM,252 Event OK
8/08/2020 10:12:22 AM,TODO
8/08/2020 10:12:22 AM,125 TODO GETXML 2000 Operators 
225 Work list complete
8/08/2020 10:12:22 AM,GETXML
8/08/2020 10:12:22 AM,Binary data 4241 bytes
8/08/2020 10:12:23 AM,GOT Operators 4193 B22E2A56
8/08/2020 10:12:23 AM,250 Download OK
8/08/2020 10:12:23 AM,EVENT 50682 1596881534 -310122682/1219236891/969/6/0 SIGNON 2528 01b3eefb OK 26 260882 0 v:123
8/08/2020 10:12:23 AM,252 Event OK
8/08/2020 10:12:24 AM,EVENT 50683 1596881540 -310122694/1219236864/951/6/0 INPUT 1 0 149 v:124
8/08/2020 10:12:24 AM,252 Event OK
8/08/2020 10:12:24 AM,EVENT 50684 1596881540 -310122694/1219236864/951/6/0 INPUT 4 1 0 v:124
8/08/2020 10:12:24 AM,252 Event OK
8/08/2020 10:12:24 AM,QUIT
8/08/2020 10:12:24 AM,221 Session ended - goodbye
8/08/2020 10:12:34 AM,UNIT 9279
8/08/2020 10:12:34 AM,333 CHAL 3EB5346A
8/08/2020 10:12:35 AM,RESP 970C55B1
8/08/2020 10:12:35 AM,230 Auth OK
8/08/2020 10:12:35 AM,TIME
8/08/2020 10:12:35 AM,211 TIME 1596881555
8/08/2020 10:12:36 AM,EVCOUNT 2
8/08/2020 10:12:36 AM,252 Event OK
8/08/2020 10:12:37 AM,TODO
8/08/2020 10:12:37 AM,226 Nothing to do
8/08/2020 10:12:37 AM,EVENT 50685 1596881544 -310122682/1219236829/938/6/0 INPUT 4 0 5 v:123
8/08/2020 10:12:37 AM,252 Event OK
8/08/2020 10:12:38 AM,EVENT 50686 1596881545 -310122645/1219236809/936/6/0 INPUT 4 1 0 v:123
8/08/2020 10:12:38 AM,252 Event OK
8/08/2020 10:12:39 AM,EVENT 50687 1596881553 -310121619/1219236164/974/6/4 INPUT 7 1 0 v:123
8/08/2020 10:12:39 AM,252 Event OK
8/08/2020 10:12:40 AM,EVENT 50688 1596881553 -310121619/1219236164/974/6/4 INPUT 8 0 37 v:123
8/08/2020 10:12:40 AM,252 Event OK
8/08/2020 10:12:40 AM,EVENT 50689 1596881554 -310121615/1219236164/978/6/2 INPUT 1 1 0 v:123
8/08/2020 10:12:40 AM,252 Event OK
8/08/2020 10:12:41 AM,EVENT 50690 1596881554 -310121611/1219236164/982/6/1 INPUT 4 0 10 v:123
8/08/2020 10:12:41 AM,252 Event OK
8/08/2020 10:12:42 AM,EVENT 50691 1596881557 -310121603/1219236144/984/6/0 TRIP 50682 0 15 9 6 24 v:123
8/08/2020 10:12:42 AM,252 Event OK
8/08/2020 10:12:43 AM,QUIT
8/08/2020 10:12:43 AM,221 Session ended - goodbye
8/08/2020 10:15:09 AM,UNIT 9279
8/08/2020 10:15:09 AM,333 CHAL 40F2EC16
8/08/2020 10:15:09 AM,RESP 43679B6F
8/08/2020 10:15:09 AM,230 Auth OK
8/08/2020 10:15:10 AM,TIME
8/08/2020 10:15:10 AM,211 TIME 1596881710
8/08/2020 10:15:10 AM,EVCOUNT 2
8/08/2020 10:15:10 AM,252 Event OK
8/08/2020 10:15:11 AM,TODO
8/08/2020 10:15:11 AM,226 Nothing to do
8/08/2020 10:15:12 AM,EVENT 50692 1596881702 -310121681/1219236166/992/3/0 INPUT 8 1 0 v:123
8/08/2020 10:15:12 AM,252 Event OK
8/08/2020 10:15:12 AM,EVENT 50693 1596881703 -310121681/1219236166/992/3/0 INPUT 7 0 150 v:123
8/08/2020 10:15:12 AM,252 Event OK
8/08/2020 10:15:13 AM,EVENT 50694 1596881708 -310121694/1219236177/1012/3/0 SIGNON * 0 NOCARD 26 0 266088 v:123
8/08/2020 10:15:13 AM,252 Event OK
8/08/2020 10:15:14 AM,QUIT
8/08/2020 10:15:14 AM,221 Session ended - goodbye
8/08/2020 10:15:27 AM,UNIT 9279
8/08/2020 10:15:27 AM,333 CHAL 70D2A47
8/08/2020 10:15:27 AM,RESP 5E7268A6
8/08/2020 10:15:27 AM,230 Auth OK
8/08/2020 10:15:28 AM,TIME
8/08/2020 10:15:28 AM,211 TIME 1596881728
8/08/2020 10:15:28 AM,EVCOUNT 1
8/08/2020 10:15:28 AM,252 Event OK
8/08/2020 10:15:29 AM,TODO
8/08/2020 10:15:29 AM,125 TODO GETXML 2000 Operators 
225 Work list complete
8/08/2020 10:15:29 AM,GETXML
8/08/2020 10:15:29 AM,Binary data 4241 bytes
8/08/2020 10:15:31 AM,GOT Operators 4193 B22E2A56
8/08/2020 10:15:31 AM,250 Download OK
8/08/2020 10:15:31 AM,EVENT 50695 1596881720 -310121715/1219236233/1070/3/0 SIGNON 2528 01b3eefb OK 26 260882 0 v:123
8/08/2020 10:15:31 AM,252 Event OK
8/08/2020 10:15:31 AM,EVENT 50696 1596881726 -310121725/1219236254/1088/3/0 INPUT 4 1 0 v:124
8/08/2020 10:15:31 AM,252 Event OK
8/08/2020 10:15:31 AM,EVENT 50697 1596881727 -310121726/1219236256/1090/3/0 INPUT 1 0 173 v:124
8/08/2020 10:15:31 AM,252 Event OK
8/08/2020 10:15:32 AM,QUIT
8/08/2020 10:15:32 AM,221 Session ended - goodbye
8/08/2020 10:15:41 AM,UNIT 9279
8/08/2020 10:15:41 AM,333 CHAL 155002F2
8/08/2020 10:15:42 AM,RESP 3352C4CC
8/08/2020 10:15:42 AM,230 Auth OK
8/08/2020 10:15:42 AM,TIME
8/08/2020 10:15:42 AM,211 TIME 1596881742
8/08/2020 10:15:43 AM,EVCOUNT 1
8/08/2020 10:15:43 AM,252 Event OK
8/08/2020 10:15:44 AM,TODO
8/08/2020 10:15:44 AM,226 Nothing to do
8/08/2020 10:15:44 AM,EVENT 50698 1596881733 -310121496/1219236145/1076/3/4 INPUT 3 1 0 v:123
8/08/2020 10:15:44 AM,252 Event OK
8/08/2020 10:15:45 AM,QUIT
8/08/2020 10:15:45 AM,221 Session ended - goodbye
8/08/2020 10:15:54 AM,UNIT 9279
8/08/2020 10:15:54 AM,333 CHAL 4DDF82C7
8/08/2020 10:15:55 AM,RESP 090E85AC
8/08/2020 10:15:55 AM,230 Auth OK
8/08/2020 10:15:56 AM,TIME
8/08/2020 10:15:56 AM,211 TIME 1596881755
8/08/2020 10:15:56 AM,EVCOUNT 2
8/08/2020 10:15:56 AM,252 Event OK
8/08/2020 10:15:57 AM,TODO
8/08/2020 10:15:57 AM,226 Nothing to do
8/08/2020 10:15:58 AM,EVENT 50699 1596881742 -310119332/1219234503/1063/3/12 INPUT 3 0 10 v:124
8/08/2020 10:15:58 AM,252 Event OK
8/08/2020 10:15:58 AM,EVENT 50700 1596881745 -310119105/1219234157/1066/3/4 INPUT 3 1 0 v:124
8/08/2020 10:15:58 AM,252 Event OK
8/08/2020 10:15:59 AM,QUIT
8/08/2020 10:15:59 AM,221 Session ended - goodbye
8/08/2020 10:16:08 AM,UNIT 9279
8/08/2020 10:16:08 AM,333 CHAL 4E501577
8/08/2020 10:16:09 AM,RESP 8B88C320
8/08/2020 10:16:09 AM,230 Auth OK
8/08/2020 10:16:09 AM,TIME
8/08/2020 10:16:09 AM,211 TIME 1596881769
8/08/2020 10:16:10 AM,EVCOUNT 3
8/08/2020 10:16:10 AM,252 Event OK
8/08/2020 10:16:10 AM,TODO
8/08/2020 10:16:10 AM,226 Nothing to do
8/08/2020 10:16:11 AM,EVENT 50701 1596881760 -310120789/1219229896/989/7/10 INPUT 3 0 14 v:124
8/08/2020 10:16:11 AM,252 Event OK
8/08/2020 10:16:12 AM,EVENT 50702 1596881761 -310120957/1219229733/989/7/8 INPUT 3 1 0 v:124
8/08/2020 10:16:12 AM,252 Event OK
8/08/2020 10:16:16 AM,EVENT 50703 1596881764 -310121598/1219229469/1017/7/9 INPUT 3 0 4 v:124
8/08/2020 10:16:16 AM,252 Event OK
8/08/2020 10:17:32 AM,UNIT 9279
8/08/2020 10:17:32 AM,333 CHAL 57677B34
8/08/2020 10:17:33 AM,RESP 06EF2D31
8/08/2020 10:17:33 AM,230 Auth OK
8/08/2020 10:17:33 AM,TIME
8/08/2020 10:17:33 AM,211 TIME 1596881853
8/08/2020 10:17:33 AM,EVCOUNT 7
8/08/2020 10:17:33 AM,252 Event OK
8/08/2020 10:17:33 AM,TODO
8/08/2020 10:17:33 AM,226 Nothing to do
8/08/2020 10:17:34 AM,EVENT 50704 1596881766 -310121595/1219229466/1033/7/0 INPUT 4 0 40 v:124
8/08/2020 10:17:34 AM,252 Event OK
8/08/2020 10:17:34 AM,EVENT 50705 1596881766 -310121595/1219229466/1033/7/0 INPUT 4 1 0 v:124
8/08/2020 10:17:34 AM,252 Event OK
8/08/2020 10:17:34 AM,EVENT 50706 1596881773 -310121561/1219229449/1041/7/0 INPUT 7 1 0 v:124
8/08/2020 10:17:34 AM,252 Event OK
8/08/2020 10:17:35 AM,EVENT 50707 1596881773 -310121561/1219229449/1041/7/0 INPUT 8 0 71 v:124
8/08/2020 10:17:35 AM,252 Event OK
8/08/2020 10:17:35 AM,EVENT 50708 1596881774 -310121557/1219229445/1045/7/0 INPUT 1 1 0 v:124
8/08/2020 10:17:35 AM,252 Event OK
8/08/2020 10:17:35 AM,EVENT 50709 1596881775 -310121555/1219229440/1048/7/0 INPUT 4 0 9 v:123
8/08/2020 10:17:35 AM,252 Event OK
8/08/2020 10:17:36 AM,EVENT 50710 1596881778 -310121543/1219229426/1064/7/0 TRIP 50695 28 21 9 6 58 v:123
8/08/2020 10:17:36 AM,252 Event OK
8/08/2020 10:17:36 AM,QUIT
8/08/2020 10:17:36 AM,221 Session ended - goodbye
8/08/2020 10:30:08 AM,UNIT 9279
8/08/2020 10:30:08 AM,333 CHAL 20ABAB25
8/08/2020 10:30:08 AM,RESP E35DCA70
8/08/2020 10:30:08 AM,230 Auth OK
8/08/2020 10:30:09 AM,TIME
8/08/2020 10:30:09 AM,211 TIME 1596882609
8/08/2020 10:30:09 AM,EVCOUNT 3
8/08/2020 10:30:09 AM,252 Event OK
8/08/2020 10:30:10 AM,TODO
8/08/2020 10:30:10 AM,226 Nothing to do
8/08/2020 10:30:11 AM,EVENT 50711 1596882598 -310121602/1219229609/1010/0/0 INPUT 8 1 0 v:123
8/08/2020 10:30:11 AM,252 Event OK
8/08/2020 10:30:12 AM,EVENT 50712 1596882599 -310121601/1219229606/1010/0/0 INPUT 7 0 825 v:123
8/08/2020 10:30:12 AM,252 Event OK
8/08/2020 10:30:13 AM,EVENT 50713 1596882600 -310121599/1219229603/1012/0/0 DEBUG Time(BAD):1596882600->4294967295 v:123
8/08/2020 10:30:13 AM,252 Event OK
8/08/2020 10:30:14 AM,EVENT 50714 1596882609 -310121585/1219229575/1002/0/0 SIGNON 2528 01b3eefb OK 26 260882 0 v:124
8/08/2020 10:30:14 AM,252 Event OK
8/08/2020 10:30:15 AM,QUIT
8/08/2020 10:30:15 AM,221 Session ended - goodbye
8/08/2020 10:30:25 AM,UNIT 9279
8/08/2020 10:30:25 AM,333 CHAL 7E5D96C8
8/08/2020 10:30:25 AM,RESP 66BD652E
8/08/2020 10:30:25 AM,230 Auth OK
8/08/2020 10:30:26 AM,TIME
8/08/2020 10:30:26 AM,211 TIME 1596882626
8/08/2020 10:30:28 AM,EVCOUNT 4
8/08/2020 10:30:28 AM,252 Event OK
8/08/2020 10:30:31 AM,TODO
8/08/2020 10:30:31 AM,226 Nothing to do
8/08/2020 10:30:31 AM,EVENT 50715 1596882615 -310121595/1219229561/990/0/0 INPUT 4 1 0 v:124
8/08/2020 10:30:31 AM,252 Event OK
8/08/2020 10:30:32 AM,EVENT 50716 1596882615 -310121595/1219229561/990/0/0 INPUT 1 0 840 v:124
8/08/2020 10:30:32 AM,252 Event OK
8/08/2020 10:30:34 AM,EVENT 50717 1596882619 -310121598/1219229553/987/0/0 INPUT 4 0 5 v:123
8/08/2020 10:30:34 AM,252 Event OK
8/08/2020 10:30:34 AM,EVENT 50718 1596882619 -310121578/1219229555/987/0/0 INPUT 4 1 0 v:123
8/08/2020 10:30:34 AM,252 Event OK
8/08/2020 10:30:35 AM,EVENT 50719 1596882626 -310121656/1219229488/1002/0/2 INPUT 3 1 0 v:124
8/08/2020 10:30:35 AM,252 Event OK
8/08/2020 10:30:37 AM,EVENT 50720 1596882629 -310122129/1219228804/962/0/10 INPUT 3 0 3 v:124
8/08/2020 10:30:37 AM,252 Event OK
8/08/2020 10:30:38 AM,EVENT 50721 1596882630 -310122171/1219228690/958/0/8 INPUT 3 1 0 v:124
8/08/2020 10:30:38 AM,252 Event OK
8/08/2020 10:30:39 AM,QUIT
8/08/2020 10:30:39 AM,221 Session ended - goodbye
8/08/2020 8:43:02 PM,UNIT 9279
8/08/2020 8:43:02 PM,333 CHAL 6F00B984
8/08/2020 8:43:02 PM,RESP D6D3D341
8/08/2020 8:43:02 PM,230 Auth OK
8/08/2020 8:43:03 PM,TIME
8/08/2020 8:43:03 PM,211 TIME 1596919383
8/08/2020 8:43:03 PM,EVCOUNT 93
8/08/2020 8:43:03 PM,252 Event OK
8/08/2020 8:43:04 PM,TODO
8/08/2020 8:43:04 PM,226 Nothing to do
8/08/2020 8:43:05 PM,EVENT 50722 1596883249 0/0/0/0/18 REPORT 50714 0 0 v:124
8/08/2020 8:43:05 PM,252 Event OK
8/08/2020 8:43:05 PM,EVENT 50723 1596883399 0/0/0/0/9 INPUT 3 0 770 v:124
8/08/2020 8:43:05 PM,252 Event OK
8/08/2020 8:43:06 PM,EVENT 50724 1596883399 0/0/0/0/9 INPUT 4 0 780 v:124
8/08/2020 8:43:06 PM,252 Event OK
8/08/2020 8:43:06 PM,EVENT 50725 1596883399 0/0/0/0/8 INPUT 4 1 0 v:124
8/08/2020 8:43:06 PM,252 Event OK
8/08/2020 8:43:07 PM,EVENT 50726 1596883408 0/0/0/0/0 INPUT 4 0 9 v:124
8/08/2020 8:43:07 PM,252 Event OK
8/08/2020 8:43:08 PM,EVENT 50727 1596883408 0/0/0/0/0 INPUT 4 1 0 v:124
8/08/2020 8:43:08 PM,252 Event OK
8/08/2020 8:43:08 PM,EVENT 50728 1596883416 0/0/0/0/0 INPUT 4 0 8 v:124
8/08/2020 8:43:08 PM,252 Event OK
8/08/2020 8:43:09 PM,EVENT 50729 1596883416 0/0/0/0/0 INPUT 4 1 0 v:124
8/08/2020 8:43:09 PM,252 Event OK
8/08/2020 8:43:10 PM,EVENT 50730 1596883424 0/0/0/0/0 INPUT 4 0 8 v:124
8/08/2020 8:43:10 PM,252 Event OK
8/08/2020 8:43:10 PM,EVENT 50731 1596883424 0/0/0/0/0 INPUT 4 1 0 v:124
8/08/2020 8:43:10 PM,252 Event OK
8/08/2020 8:43:11 PM,EVENT 50732 1596883430 0/0/0/0/0 INPUT 4 0 6 v:124
8/08/2020 8:43:11 PM,252 Event OK
8/08/2020 8:43:11 PM,EVENT 50733 1596883430 0/0/0/0/0 INPUT 4 1 0 v:124
8/08/2020 8:43:11 PM,252 Event OK
8/08/2020 8:43:12 PM,EVENT 50734 1596883442 0/0/0/0/7 INPUT 3 1 0 v:124
8/08/2020 8:43:12 PM,252 Event OK
8/08/2020 8:43:13 PM,EVENT 50735 1596883481 0/0/0/0/12 INPUT 3 0 40 v:124
8/08/2020 8:43:13 PM,252 Event OK
8/08/2020 8:43:13 PM,EVENT 50736 1596883497 0/0/0/0/0 INPUT 4 0 67 v:124
8/08/2020 8:43:13 PM,252 Event OK
8/08/2020 8:43:14 PM,EVENT 50737 1596883498 0/0/0/0/0 INPUT 4 1 0 v:124
8/08/2020 8:43:14 PM,252 Event OK
8/08/2020 8:43:15 PM,EVENT 50738 1596883508 0/0/0/0/0 INPUT 4 0 11 v:124
8/08/2020 8:43:15 PM,252 Event OK
8/08/2020 8:43:15 PM,EVENT 50739 1596883509 0/0/0/0/0 INPUT 4 1 0 v:124
8/08/2020 8:43:15 PM,252 Event OK
8/08/2020 8:43:16 PM,EVENT 50740 1596883511 0/0/0/0/0 INPUT 4 0 3 v:124
8/08/2020 8:43:16 PM,252 Event OK
8/08/2020 8:43:18 PM,EVENT 50741 1596883512 0/0/0/0/0 INPUT 4 1 0 v:124
8/08/2020 8:43:18 PM,252 Event OK
8/08/2020 8:43:19 PM,EVENT 50742 1596883517 0/0/0/0/1 INPUT 4 0 6 v:124
8/08/2020 8:43:19 PM,252 Event OK
8/08/2020 8:43:19 PM,EVENT 50743 1596883518 0/0/0/0/1 INPUT 4 1 0 v:124
8/08/2020 8:43:19 PM,252 Event OK
8/08/2020 8:43:20 PM,EVENT 50744 1596883527 0/0/0/0/8 INPUT 3 1 0 v:124
8/08/2020 8:43:20 PM,252 Event OK
8/08/2020 8:43:21 PM,EVENT 50745 1596883530 0/0/0/0/12 INPUT 3 0 3 v:124
8/08/2020 8:43:21 PM,252 Event OK
8/08/2020 8:43:21 PM,EVENT 50746 1596883531 0/0/0/0/7 INPUT 3 1 0 v:124
8/08/2020 8:43:21 PM,252 Event OK
8/08/2020 8:43:22 PM,EVENT 50747 1596883595 0/0/0/0/11 INPUT 3 0 63 v:124
8/08/2020 8:43:22 PM,252 Event OK
8/08/2020 8:43:23 PM,EVENT 50748 1596883607 0/0/0/0/0 INPUT 4 0 90 v:124
8/08/2020 8:43:23 PM,252 Event OK
8/08/2020 8:43:23 PM,EVENT 50749 1596883607 0/0/0/0/0 INPUT 4 1 0 v:124
8/08/2020 8:43:23 PM,252 Event OK
8/08/2020 8:43:24 PM,EVENT 50750 1596883682 0/0/0/0/1 INPUT 4 0 75 v:123
8/08/2020 8:43:24 PM,252 Event OK
8/08/2020 8:43:24 PM,EVENT 50751 1596883683 0/0/0/0/1 INPUT 4 1 0 v:123
8/08/2020 8:43:24 PM,252 Event OK
8/08/2020 8:43:25 PM,EVENT 50752 1596883685 0/0/0/0/0 INPUT 4 0 3 v:123
8/08/2020 8:43:25 PM,252 Event OK
8/08/2020 8:43:25 PM,EVENT 50753 1596883685 0/0/0/0/0 INPUT 4 1 0 v:123
8/08/2020 8:43:25 PM,252 Event OK
8/08/2020 8:43:26 PM,EVENT 50754 1596883688 0/0/0/0/0 INPUT 4 0 3 v:123
8/08/2020 8:43:26 PM,252 Event OK
8/08/2020 8:43:27 PM,EVENT 50755 1596883688 0/0/0/0/0 INPUT 4 1 0 v:123
8/08/2020 8:43:27 PM,252 Event OK
8/08/2020 8:43:27 PM,EVENT 50756 1596883696 0/0/0/99/7 INPUT 3 1 0 v:124
8/08/2020 8:43:27 PM,252 Event OK
8/08/2020 8:43:28 PM,EVENT 50757 1596883912 0/0/0/0/10 INPUT 3 0 215 v:124
8/08/2020 8:43:28 PM,252 Event OK
8/08/2020 8:43:28 PM,EVENT 50758 1596883915 0/0/0/0/0 INPUT 7 1 0 v:124
8/08/2020 8:43:28 PM,252 Event OK
8/08/2020 8:43:29 PM,EVENT 50759 1596883915 0/0/0/0/0 INPUT 8 0 1316 v:124
8/08/2020 8:43:29 PM,252 Event OK
8/08/2020 8:43:30 PM,EVENT 50760 1596883915 0/0/0/0/0 INPUT 1 1 0 v:124
8/08/2020 8:43:30 PM,252 Event OK
8/08/2020 8:43:30 PM,EVENT 50761 1596883915 0/0/0/0/0 INPUT 4 0 227 v:124
8/08/2020 8:43:30 PM,252 Event OK
8/08/2020 8:43:31 PM,EVENT 50762 1596883919 0/0/0/0/0 TRIP 50714 1094 207 10 6 1311 v:124
8/08/2020 8:43:31 PM,252 Event OK
8/08/2020 8:43:31 PM,EVENT 50763 1596884003 0/0/0/0/0 INPUT 8 1 0 v:124
8/08/2020 8:43:31 PM,252 Event OK
8/08/2020 8:43:32 PM,EVENT 50764 1596884003 0/0/0/0/0 INPUT 7 0 89 v:124
8/08/2020 8:43:32 PM,252 Event OK
8/08/2020 8:43:33 PM,EVENT 50765 1596884013 0/0/0/0/0 SIGNON 2531 03d1f6d6 OK 26 170494 0 v:124
8/08/2020 8:43:33 PM,252 Event OK
8/08/2020 8:43:33 PM,EVENT 50766 1596884027 0/0/0/0/0 INPUT 1 0 113 v:124
8/08/2020 8:43:33 PM,252 Event OK
8/08/2020 8:43:34 PM,EVENT 50767 1596884027 0/0/0/0/0 INPUT 4 1 0 v:124
8/08/2020 8:43:34 PM,252 Event OK
8/08/2020 8:43:34 PM,EVENT 50768 1596884058 0/0/0/0/6 INPUT 3 1 0 v:123
8/08/2020 8:43:34 PM,252 Event OK
8/08/2020 8:43:35 PM,EVENT 50769 1596884060 0/0/0/0/9 INPUT 3 0 1 v:124
8/08/2020 8:43:35 PM,252 Event OK
8/08/2020 8:43:35 PM,EVENT 50770 1596884064 0/0/0/0/3 INPUT 7 1 0 v:124
8/08/2020 8:43:35 PM,252 Event OK
8/08/2020 8:43:36 PM,EVENT 50771 1596884064 0/0/0/0/3 INPUT 8 0 61 v:124
8/08/2020 8:43:36 PM,252 Event OK
8/08/2020 8:43:37 PM,EVENT 50772 1596884065 0/0/0/0/1 INPUT 1 1 0 v:123
8/08/2020 8:43:37 PM,252 Event OK
8/08/2020 8:43:37 PM,EVENT 50773 1596884065 0/0/0/0/1 INPUT 4 0 38 v:123
8/08/2020 8:43:37 PM,252 Event OK
8/08/2020 8:43:38 PM,EVENT 50774 1596884067 0/0/0/0/0 INPUT 4 1 0 v:123
8/08/2020 8:43:38 PM,252 Event OK
8/08/2020 8:43:38 PM,EVENT 50775 1596884068 0/0/0/0/0 INPUT 4 0 2 v:123
8/08/2020 8:43:38 PM,252 Event OK
8/08/2020 8:43:39 PM,EVENT 50776 1596884069 0/0/0/0/0 TRIP 50765 1 39 16 14 56 v:123
8/08/2020 8:43:39 PM,252 Event OK
8/08/2020 8:43:40 PM,EVENT 50777 1596917937 0/0/0/0/0 SWSTART OpusFC 5.0.58.518 R v:123
8/08/2020 8:43:40 PM,252 Event OK
8/08/2020 8:43:40 PM,EVENT 50778 1596884069 0/0/0/0/0 POWERDOWN v:123
8/08/2020 8:43:40 PM,252 Event OK
8/08/2020 8:43:41 PM,EVENT 50779 1596917937 0/0/0/0/0 INPUT 1 1 0 v:123
8/08/2020 8:43:41 PM,252 Event OK
8/08/2020 8:43:41 PM,EVENT 50780 1596917937 0/0/0/0/0 INPUT 2 0 0 v:123
8/08/2020 8:43:41 PM,252 Event OK
8/08/2020 8:43:42 PM,EVENT 50781 1596917937 0/0/0/0/0 INPUT 3 0 0 v:123
8/08/2020 8:43:42 PM,252 Event OK
8/08/2020 8:43:43 PM,EVENT 50782 1596917937 0/0/0/0/0 INPUT 4 0 0 v:123
8/08/2020 8:43:43 PM,252 Event OK
8/08/2020 8:43:43 PM,EVENT 50783 1596917937 0/0/0/0/0 INPUT 7 0 0 v:123
8/08/2020 8:43:43 PM,252 Event OK
8/08/2020 8:43:44 PM,EVENT 50784 1596917937 0/0/0/0/0 INPUT 8 1 0 v:123
8/08/2020 8:43:44 PM,252 Event OK
8/08/2020 8:43:45 PM,EVENT 50785 1596917939 0/0/0/0/0 ZONE_OK 2 100 FW=NO VERSION v:123
8/08/2020 8:43:45 PM,252 Event OK
8/08/2020 8:43:45 PM,EVENT 50786 1596917947 0/0/0/0/0 SIGNON 2531 03d1f6d6 OK 26 170494 0 v:123
8/08/2020 8:43:45 PM,252 Event OK
8/08/2020 8:43:46 PM,EVENT 50787 1596917952 0/0/0/99/0 INPUT 7 1 0 v:123
8/08/2020 8:43:46 PM,252 Event OK
8/08/2020 8:43:47 PM,EVENT 50788 1596917953 0/0/0/99/0 INPUT 7 0 1 v:124
8/08/2020 8:43:47 PM,252 Event OK
8/08/2020 8:43:47 PM,EVENT 50789 1596917953 0/0/0/99/0 INPUT 4 1 0 v:124
8/08/2020 8:43:47 PM,252 Event OK
8/08/2020 8:43:48 PM,EVENT 50790 1596917954 0/0/0/99/0 INPUT 1 0 16 v:123
8/08/2020 8:43:48 PM,252 Event OK
8/08/2020 8:43:48 PM,EVENT 50791 1596917990 0/0/0/0/5 INPUT 3 1 0 v:124
8/08/2020 8:43:48 PM,252 Event OK
8/08/2020 8:43:49 PM,EVENT 50792 1596918090 0/0/0/0/10 INPUT 3 0 99 v:124
8/08/2020 8:43:49 PM,252 Event OK
8/08/2020 8:43:50 PM,EVENT 50793 1596918097 0/0/0/0/8 INPUT 3 1 0 v:124
8/08/2020 8:43:50 PM,252 Event OK
8/08/2020 8:43:50 PM,EVENT 50794 1596918294 0/0/0/0/10 INPUT 3 0 197 v:124
8/08/2020 8:43:50 PM,252 Event OK
8/08/2020 8:43:51 PM,EVENT 50795 1596918367 0/0/0/0/0 INPUT 4 0 414 v:124
8/08/2020 8:43:51 PM,252 Event OK
8/08/2020 8:43:52 PM,EVENT 50796 1596918367 0/0/0/0/0 INPUT 4 1 0 v:124
8/08/2020 8:43:52 PM,252 Event OK
8/08/2020 8:43:52 PM,EVENT 50797 1596918523 0/0/0/0/0 INPUT 4 0 156 v:124
8/08/2020 8:43:52 PM,252 Event OK
8/08/2020 8:43:53 PM,EVENT 50798 1596918523 0/0/0/0/0 INPUT 4 1 0 v:124
8/08/2020 8:43:53 PM,252 Event OK
8/08/2020 8:43:53 PM,EVENT 50799 1596918556 0/0/0/0/0 INPUT 4 0 33 v:124
8/08/2020 8:43:53 PM,252 Event OK
8/08/2020 8:43:54 PM,EVENT 50800 1596918556 0/0/0/0/0 INPUT 4 1 0 v:124
8/08/2020 8:43:54 PM,252 Event OK
8/08/2020 8:43:55 PM,EVENT 50801 1596918628 0/0/0/0/3 INPUT 3 1 0 v:124
8/08/2020 8:43:55 PM,252 Event OK
8/08/2020 8:44:59 PM,UNIT 9279
8/08/2020 8:44:59 PM,333 CHAL 2BF0871C
8/08/2020 8:45:00 PM,RESP 7A543E6E
8/08/2020 8:45:00 PM,230 Auth OK
8/08/2020 8:45:00 PM,TIME
8/08/2020 8:45:00 PM,211 TIME 1596919500
8/08/2020 8:45:00 PM,EVCOUNT 13
8/08/2020 8:45:00 PM,252 Event OK
8/08/2020 8:45:00 PM,TODO
8/08/2020 8:45:00 PM,226 Nothing to do
8/08/2020 8:45:01 PM,EVENT 50802 1596919119 0/0/0/0/13 INPUT 3 0 492 v:124
8/08/2020 8:45:01 PM,252 Event OK
8/08/2020 8:45:01 PM,EVENT 50803 1596919120 0/0/0/0/9 INPUT 3 1 0 v:124
8/08/2020 8:45:01 PM,252 Event OK
8/08/2020 8:45:02 PM,EVENT 50804 1596919242 0/0/0/0/15 INPUT 3 0 123 v:124
8/08/2020 8:45:02 PM,252 Event OK
8/08/2020 8:45:02 PM,EVENT 50805 1596919244 0/0/0/0/8 INPUT 3 1 0 v:124
8/08/2020 8:45:02 PM,252 Event OK
8/08/2020 8:45:02 PM,EVENT 50806 1596919254 0/0/0/0/12 INPUT 3 0 10 v:124
8/08/2020 8:45:02 PM,252 Event OK
8/08/2020 8:45:03 PM,EVENT 50807 1596919254 0/0/0/0/9 INPUT 3 1 0 v:124
8/08/2020 8:45:03 PM,252 Event OK
8/08/2020 8:45:03 PM,EVENT 50808 1596919325 -310122022/1219228614/2726/0/10 INPUT 3 0 70 v:124
8/08/2020 8:45:03 PM,252 Event OK
8/08/2020 8:45:03 PM,EVENT 50809 1596919331 -310121709/1219229213/2094/0/0 INPUT 7 1 0 v:124
8/08/2020 8:45:03 PM,252 Event OK
8/08/2020 8:45:04 PM,EVENT 50810 1596919331 -310121713/1219229228/2053/0/0 INPUT 8 0 1393 v:124
8/08/2020 8:45:04 PM,252 Event OK
8/08/2020 8:45:04 PM,EVENT 50811 1596919332 -310121715/1219229237/2013/0/0 INPUT 1 1 0 v:124
8/08/2020 8:45:04 PM,252 Event OK
8/08/2020 8:45:04 PM,EVENT 50812 1596919335 -310121722/1219229271/1781/0/0 TRIP 50786 991 391 7 7 1389 v:124
8/08/2020 8:45:04 PM,252 Event OK
8/08/2020 8:45:05 PM,EVENT 50813 1596919336 -310121722/1219229271/1763/0/0 INPUT 4 0 779 v:124
8/08/2020 8:45:05 PM,252 Event OK
8/08/2020 8:45:05 PM,EVENT 50814 1596919342 -310121691/1219229218/1586/0/0 REPORT * 0 76 v:124
8/08/2020 8:45:05 PM,252 Event OK
8/08/2020 8:45:05 PM,QUIT
8/08/2020 8:45:05 PM,221 Session ended - goodbye
8/08/2020 9:19:27 PM,UNIT 9279
8/08/2020 9:19:27 PM,333 CHAL 36FB1CF5
8/08/2020 9:19:27 PM,RESP 53CDADA0
8/08/2020 9:19:27 PM,230 Auth OK
8/08/2020 9:19:28 PM,TIME
8/08/2020 9:19:28 PM,211 TIME 1596921568
8/08/2020 9:19:28 PM,EVCOUNT 13
8/08/2020 9:19:28 PM,252 Event OK
8/08/2020 9:19:29 PM,TODO
8/08/2020 9:19:29 PM,226 Nothing to do
8/08/2020 9:19:30 PM,EVENT 50815 1596921533 0/0/0/0/0 SWSTART OpusFC 5.0.58.518 R v:123
8/08/2020 9:19:30 PM,252 Event OK
8/08/2020 9:19:31 PM,EVENT 50816 1596919335 0/0/0/0/0 POWERDOWN v:124
8/08/2020 9:19:31 PM,252 Event OK
8/08/2020 9:19:32 PM,EVENT 50817 1596921533 0/0/0/0/0 INPUT 1 1 0 v:123
8/08/2020 9:19:32 PM,252 Event OK
8/08/2020 9:19:32 PM,EVENT 50818 1596921533 0/0/0/0/0 INPUT 2 0 0 v:123
8/08/2020 9:19:32 PM,252 Event OK
8/08/2020 9:19:33 PM,EVENT 50819 1596921533 0/0/0/0/0 INPUT 3 0 0 v:123
8/08/2020 9:19:33 PM,252 Event OK
8/08/2020 9:19:34 PM,EVENT 50820 1596921533 0/0/0/0/0 INPUT 4 0 0 v:123
8/08/2020 9:19:34 PM,252 Event OK
8/08/2020 9:19:35 PM,EVENT 50821 1596921533 0/0/0/0/0 INPUT 7 0 0 v:123
8/08/2020 9:19:35 PM,252 Event OK
8/08/2020 9:19:35 PM,EVENT 50822 1596921533 0/0/0/0/0 INPUT 8 1 0 v:123
8/08/2020 9:19:35 PM,252 Event OK
8/08/2020 9:19:36 PM,EVENT 50823 1596921535 0/0/0/0/0 ZONE_OK 2 100 FW=NO VERSION v:123
8/08/2020 9:19:36 PM,252 Event OK
8/08/2020 9:19:37 PM,EVENT 50824 1596921543 0/0/0/0/0 SIGNON 2531 03d1f6d6 OK 26 170494 0 v:123
8/08/2020 9:19:37 PM,252 Event OK
8/08/2020 9:19:38 PM,EVENT 50825 1596921549 0/0/0/99/0 INPUT 4 1 0 v:123
8/08/2020 9:19:38 PM,252 Event OK
8/08/2020 9:19:39 PM,EVENT 50826 1596921550 0/0/0/99/0 INPUT 1 0 16 v:123
8/08/2020 9:19:39 PM,252 Event OK
8/08/2020 9:19:40 PM,EVENT 50827 1596921557 0/0/0/99/8 INPUT 3 1 0 v:123
8/08/2020 9:19:40 PM,252 Event OK
8/08/2020 9:19:41 PM,QUIT
8/08/2020 9:19:41 PM,221 Session ended - goodbye
8/08/2020 9:21:10 PM,UNIT 9279
8/08/2020 9:21:10 PM,333 CHAL 27424E2E
8/08/2020 9:21:11 PM,RESP 49CB7F61
8/08/2020 9:21:11 PM,230 Auth OK
8/08/2020 9:21:11 PM,TIME
8/08/2020 9:21:11 PM,211 TIME 1596921671
8/08/2020 9:21:12 PM,EVCOUNT 1
8/08/2020 9:21:12 PM,252 Event OK
8/08/2020 9:21:12 PM,TODO
8/08/2020 9:21:12 PM,226 Nothing to do
8/08/2020 9:21:14 PM,EVENT 50828 1596921665 -310143114/1219231059/975/9/11 INPUT 3 0 109 v:124
8/08/2020 9:21:14 PM,252 Event OK
8/08/2020 9:21:14 PM,QUIT
8/08/2020 9:21:14 PM,221 Session ended - goodbye
8/08/2020 9:21:24 PM,UNIT 9279
8/08/2020 9:21:24 PM,333 CHAL 7F1474D6
8/08/2020 9:21:24 PM,RESP 5A041294
8/08/2020 9:21:24 PM,230 Auth OK
8/08/2020 9:21:25 PM,TIME
8/08/2020 9:21:25 PM,211 TIME 1596921685
8/08/2020 9:21:25 PM,EVCOUNT 7
8/08/2020 9:21:25 PM,252 Event OK
8/08/2020 9:21:26 PM,TODO
8/08/2020 9:21:26 PM,226 Nothing to do
8/08/2020 9:21:26 PM,EVENT 50829 1596921672 -310143529/1219230976/950/9/0 INPUT 7 1 0 v:123
8/08/2020 9:21:26 PM,252 Event OK
8/08/2020 9:21:27 PM,EVENT 50830 1596921672 -310143529/1219230976/950/9/0 INPUT 8 0 139 v:123
8/08/2020 9:21:27 PM,252 Event OK
8/08/2020 9:21:28 PM,EVENT 50831 1596921673 -310143532/1219230980/952/9/0 INPUT 1 1 0 v:123
8/08/2020 9:21:28 PM,252 Event OK
8/08/2020 9:21:28 PM,EVENT 50832 1596921674 -310143532/1219230981/953/9/0 INPUT 4 0 125 v:123
8/08/2020 9:21:28 PM,252 Event OK
8/08/2020 9:21:29 PM,EVENT 50833 1596921675 -310143532/1219230981/954/9/0 INPUT 4 1 0 v:123
8/08/2020 9:21:29 PM,252 Event OK
8/08/2020 9:21:30 PM,EVENT 50834 1596921676 -310143535/1219230981/958/9/0 INPUT 4 0 2 v:123
8/08/2020 9:21:30 PM,252 Event OK
8/08/2020 9:21:30 PM,EVENT 50835 1596921677 -310143537/1219230981/960/9/0 TRIP 50824 109 18 8 7 135 v:124
8/08/2020 9:21:30 PM,252 Event OK
8/08/2020 9:21:31 PM,QUIT
8/08/2020 9:21:31 PM,221 Session ended - goodbye
8/08/2020 9:22:02 PM,UNIT 9279
8/08/2020 9:22:02 PM,333 CHAL 2134F439
8/08/2020 9:22:03 PM,RESP 512BDBB2
8/08/2020 9:22:03 PM,230 Auth OK
8/08/2020 9:22:03 PM,TIME
8/08/2020 9:22:03 PM,211 TIME 1596921723
8/08/2020 9:22:04 PM,EVCOUNT 1
8/08/2020 9:22:04 PM,252 Event OK
8/08/2020 9:22:04 PM,TODO
8/08/2020 9:22:04 PM,226 Nothing to do
8/08/2020 9:22:05 PM,EVENT 50836 1596921718 -310143464/1219231036/1123/2/0 REPORT * 0 183 v:124
8/08/2020 9:22:05 PM,252 Event OK
8/08/2020 9:22:05 PM,QUIT
8/08/2020 9:22:05 PM,221 Session ended - goodbye
8/08/2020 10:08:42 PM,UNIT 9279
8/08/2020 10:08:42 PM,333 CHAL 4AE6CBC2
8/08/2020 10:08:43 PM,RESP BFC3D540
8/08/2020 10:08:43 PM,230 Auth OK
8/08/2020 10:08:43 PM,TIME
8/08/2020 10:08:43 PM,211 TIME 1596924523
8/08/2020 10:08:43 PM,EVCOUNT 10
8/08/2020 10:08:43 PM,252 Event OK
8/08/2020 10:08:43 PM,TODO
8/08/2020 10:08:43 PM,226 Nothing to do
8/08/2020 10:08:44 PM,EVENT 50837 1596924498 -310143464/1219231036/1123/0/0 SWSTART OpusFC 5.0.58.518 R v:123
8/08/2020 10:08:44 PM,252 Event OK
8/08/2020 10:08:44 PM,EVENT 50838 1596921677 0/0/0/0/0 POWERDOWN v:124
8/08/2020 10:08:44 PM,252 Event OK
8/08/2020 10:08:44 PM,EVENT 50839 1596924498 0/0/0/0/0 INPUT 1 1 0 v:123
8/08/2020 10:08:44 PM,252 Event OK
8/08/2020 10:08:45 PM,EVENT 50840 1596924498 0/0/0/0/0 INPUT 2 0 0 v:123
8/08/2020 10:08:45 PM,252 Event OK
8/08/2020 10:08:45 PM,EVENT 50841 1596924498 0/0/0/0/0 INPUT 3 0 0 v:123
8/08/2020 10:08:45 PM,252 Event OK
8/08/2020 10:08:45 PM,EVENT 50842 1596924498 0/0/0/0/0 INPUT 4 0 0 v:123
8/08/2020 10:08:45 PM,252 Event OK
8/08/2020 10:08:45 PM,EVENT 50843 1596924498 0/0/0/0/0 INPUT 7 0 0 v:123
8/08/2020 10:08:45 PM,252 Event OK
8/08/2020 10:08:46 PM,EVENT 50844 1596924498 0/0/0/0/0 INPUT 8 1 0 v:123
8/08/2020 10:08:46 PM,252 Event OK
8/08/2020 10:08:46 PM,EVENT 50845 1596924500 0/0/0/0/0 ZONE_OK 2 100 FW=NO VERSION v:123
8/08/2020 10:08:46 PM,252 Event OK
8/08/2020 10:08:46 PM,EVENT 50846 1596924514 -310143558/1219231031/1469/99/1 SIGNON * 0 NOCARD 26 0 666666 v:123
8/08/2020 10:08:46 PM,252 Event OK
8/08/2020 10:08:46 PM,QUIT
8/08/2020 10:08:46 PM,221 Session ended - goodbye
8/08/2020 10:08:56 PM,UNIT 9279
8/08/2020 10:08:56 PM,333 CHAL 6C4AD119
8/08/2020 10:08:57 PM,RESP 8D148887
8/08/2020 10:08:57 PM,230 Auth OK
8/08/2020 10:08:57 PM,TIME
8/08/2020 10:08:57 PM,211 TIME 1596924537
8/08/2020 10:08:58 PM,EVCOUNT 2
8/08/2020 10:08:58 PM,252 Event OK
8/08/2020 10:08:58 PM,TODO
8/08/2020 10:08:58 PM,125 TODO GETXML 2000 Operators 
225 Work list complete
8/08/2020 10:08:59 PM,GETXML
8/08/2020 10:08:59 PM,Binary data 4241 bytes
8/08/2020 10:09:00 PM,GOT Operators 4193 B22E2A56
8/08/2020 10:09:00 PM,250 Download OK
8/08/2020 10:09:00 PM,EVENT 50847 1596924528 -310143608/1219231043/938/2/0 SIGNON 2515 03cffacd OK_CL 26 180299 0 v:123
8/08/2020 10:09:00 PM,252 Event OK
8/08/2020 10:09:00 PM,EVENT 50848 1596924533 -310143624/1219231078/859/2/0 CHECKLIST 50847 OK 0 5 432 F v:123
8/08/2020 10:09:00 PM,252 Event OK
8/08/2020 10:09:00 PM,QUIT
8/08/2020 10:09:00 PM,221 Session ended - goodbye
8/08/2020 10:09:10 PM,UNIT 9279
8/08/2020 10:09:10 PM,333 CHAL 7F705D80
8/08/2020 10:09:11 PM,RESP D5799F2C
8/08/2020 10:09:11 PM,230 Auth OK
8/08/2020 10:09:11 PM,TIME
8/08/2020 10:09:11 PM,211 TIME 1596924551
8/08/2020 10:09:12 PM,EVCOUNT 2
8/08/2020 10:09:12 PM,252 Event OK
8/08/2020 10:09:12 PM,TODO
8/08/2020 10:09:12 PM,226 Nothing to do
8/08/2020 10:09:13 PM,EVENT 50849 1596924543 -310143583/1219231131/785/2/0 INPUT 1 0 45 v:124
8/08/2020 10:09:13 PM,252 Event OK
8/08/2020 10:09:13 PM,EVENT 50850 1596924544 -310143578/1219231135/779/2/0 INPUT 4 1 0 v:124
8/08/2020 10:09:13 PM,252 Event OK
8/08/2020 10:09:14 PM,QUIT
8/08/2020 10:09:14 PM,221 Session ended - goodbye
8/08/2020 10:09:36 PM,UNIT 9279
8/08/2020 10:09:36 PM,333 CHAL 74EA4B5
8/08/2020 10:09:37 PM,RESP 4909E510
8/08/2020 10:09:37 PM,230 Auth OK
8/08/2020 10:09:37 PM,TIME
8/08/2020 10:09:37 PM,211 TIME 1596924577
8/08/2020 10:09:38 PM,EVCOUNT 1
8/08/2020 10:09:38 PM,252 Event OK
8/08/2020 10:09:38 PM,TODO
8/08/2020 10:09:38 PM,226 Nothing to do
8/08/2020 10:09:39 PM,EVENT 50851 1596924570 -310143339/1219231333/693/1/8 INPUT 3 1 0 v:123
8/08/2020 10:09:39 PM,252 Event OK
8/08/2020 10:09:39 PM,QUIT
8/08/2020 10:09:39 PM,221 Session ended - goodbye
8/08/2020 10:10:29 PM,UNIT 9279
8/08/2020 10:10:29 PM,333 CHAL 49FAC384
8/08/2020 10:10:29 PM,RESP 72B2CC4E
8/08/2020 10:10:29 PM,230 Auth OK
8/08/2020 10:10:30 PM,TIME
8/08/2020 10:10:30 PM,211 TIME 1596924630
8/08/2020 10:10:31 PM,EVCOUNT 1
8/08/2020 10:10:31 PM,252 Event OK
8/08/2020 10:10:31 PM,TODO
8/08/2020 10:10:31 PM,226 Nothing to do
8/08/2020 10:10:32 PM,EVENT 50852 1596924623 -310125241/1219237124/704/5/21 ZONEOVERSPEED 50847 10 32 1 v:124
8/08/2020 10:10:32 PM,252 Event OK
8/08/2020 10:10:32 PM,QUIT
8/08/2020 10:10:32 PM,221 Session ended - goodbye
8/08/2020 10:10:43 PM,UNIT 9279
8/08/2020 10:10:43 PM,333 CHAL 78C4DBE1
8/08/2020 10:10:43 PM,RESP 6CA559E1
8/08/2020 10:10:43 PM,230 Auth OK
8/08/2020 10:10:44 PM,TIME
8/08/2020 10:10:44 PM,211 TIME 1596924644
8/08/2020 10:10:44 PM,EVCOUNT 1
8/08/2020 10:10:44 PM,252 Event OK
8/08/2020 10:10:45 PM,TODO
8/08/2020 10:10:45 PM,226 Nothing to do
8/08/2020 10:10:46 PM,EVENT 50853 1596924635 -310122043/1219233522/689/5/12 INPUT 3 0 64 v:124
8/08/2020 10:10:46 PM,252 Event OK
8/08/2020 10:10:47 PM,EVENT 50854 1596924642 -310121628/1219233195/855/5/0 INPUT 7 1 0 v:124
8/08/2020 10:10:47 PM,252 Event OK
8/08/2020 10:10:48 PM,EVENT 50855 1596924642 -310121628/1219233195/855/5/0 INPUT 8 0 143 v:124
8/08/2020 10:10:48 PM,252 Event OK
8/08/2020 10:10:49 PM,EVENT 50856 1596924643 -310121622/1219233192/884/5/0 INPUT 1 1 0 v:123
8/08/2020 10:10:49 PM,252 Event OK
8/08/2020 10:10:50 PM,EVENT 50857 1596924643 -310121622/1219233191/898/5/0 INPUT 4 0 100 v:123
8/08/2020 10:10:50 PM,252 Event OK
8/08/2020 10:10:51 PM,EVENT 50858 1596924644 -310121624/1219233195/936/5/0 INPUT 4 1 0 v:123
8/08/2020 10:10:51 PM,252 Event OK
8/08/2020 10:10:52 PM,EVENT 50859 1596924646 -310121639/1219233200/986/7/0 TRIP 50847 64 38 14 13 116 v:123
8/08/2020 10:10:52 PM,252 Event OK
8/08/2020 10:10:53 PM,EVENT 50860 1596924646 -310121639/1219233200/986/7/0 TRIPSUMMARY 50847 v:124
8/08/2020 10:10:53 PM,252 Event OK
8/08/2020 10:10:54 PM,EVENT 50861 1596924647 -310121639/1219233200/986/7/0 INPUT 4 0 2 v:124
8/08/2020 10:10:54 PM,252 Event OK
8/08/2020 10:10:55 PM,QUIT
8/08/2020 10:10:55 PM,221 Session ended - goodbye
8/08/2020 10:11:28 PM,UNIT 9279
8/08/2020 10:11:28 PM,333 CHAL 71985609
8/08/2020 10:11:29 PM,RESP F57D2F7C
8/08/2020 10:11:29 PM,230 Auth OK
8/08/2020 10:11:30 PM,TIME
8/08/2020 10:11:30 PM,211 TIME 1596924690
8/08/2020 10:11:30 PM,EVCOUNT 1
8/08/2020 10:11:30 PM,252 Event OK
8/08/2020 10:11:31 PM,TODO
8/08/2020 10:11:31 PM,226 Nothing to do
8/08/2020 10:11:32 PM,EVENT 50862 1596924683 -310122172/1219233328/1433/7/0 REPORT * 0 78 v:124
8/08/2020 10:11:32 PM,252 Event OK
8/08/2020 10:11:32 PM,QUIT
8/08/2020 10:11:32 PM,221 Session ended - goodbye
8/08/2020 10:16:32 PM,UNIT 9279
8/08/2020 10:16:32 PM,333 CHAL 7750AC2D
8/08/2020 10:16:33 PM,RESP 67B8CE81
8/08/2020 10:16:33 PM,230 Auth OK
8/08/2020 10:16:33 PM,TIME
8/08/2020 10:16:33 PM,211 TIME 1596924993
8/08/2020 10:16:34 PM,EVCOUNT 2
8/08/2020 10:16:34 PM,252 Event OK
8/08/2020 10:16:34 PM,TODO
8/08/2020 10:16:34 PM,226 Nothing to do
8/08/2020 10:16:36 PM,EVENT 50863 1596924987 -310122647/1219233325/1384/7/0 INPUT 7 0 345 v:124
8/08/2020 10:16:36 PM,252 Event OK
8/08/2020 10:16:37 PM,EVENT 50864 1596924987 -310122647/1219233325/1384/7/0 INPUT 8 1 0 v:124
8/08/2020 10:16:37 PM,252 Event OK
8/08/2020 10:16:37 PM,QUIT
8/08/2020 10:16:37 PM,221 Session ended - goodbye
8/08/2020 10:16:48 PM,UNIT 9279
8/08/2020 10:16:48 PM,333 CHAL 2544EF52
8/08/2020 10:16:49 PM,RESP E60C65FE
8/08/2020 10:16:49 PM,230 Auth OK
8/08/2020 10:16:49 PM,TIME
8/08/2020 10:16:49 PM,211 TIME 1596925009
8/08/2020 10:16:50 PM,EVCOUNT 1
8/08/2020 10:16:50 PM,252 Event OK
8/08/2020 10:16:51 PM,TODO
8/08/2020 10:16:51 PM,226 Nothing to do
8/08/2020 10:16:52 PM,EVENT 50865 1596924997 -310122676/1219233260/1426/7/0 SIGNON 2515 03cffacd OK 26 180299 0 v:124
8/08/2020 10:16:52 PM,252 Event OK
8/08/2020 10:16:53 PM,EVENT 50866 1596925007 -310122738/1219233264/1454/7/0 INPUT 1 0 365 v:124
8/08/2020 10:16:53 PM,252 Event OK
8/08/2020 10:16:54 PM,EVENT 50867 1596925007 -310122738/1219233264/1454/7/0 INPUT 4 1 0 v:124
8/08/2020 10:16:54 PM,252 Event OK
8/08/2020 10:16:55 PM,QUIT
8/08/2020 10:16:55 PM,221 Session ended - goodbye
8/08/2020 10:17:06 PM,UNIT 9279
8/08/2020 10:17:06 PM,333 CHAL 16A3C48A
8/08/2020 10:17:06 PM,RESP 59F16839
8/08/2020 10:17:06 PM,230 Auth OK
8/08/2020 10:17:07 PM,TIME
8/08/2020 10:17:07 PM,211 TIME 1596925027
8/08/2020 10:17:08 PM,EVCOUNT 3
8/08/2020 10:17:08 PM,252 Event OK
8/08/2020 10:17:08 PM,TODO
8/08/2020 10:17:08 PM,226 Nothing to do
8/08/2020 10:17:09 PM,EVENT 50868 1596925020 -310123087/1219232536/1115/6/6 INPUT 4 0 13 v:123
8/08/2020 10:17:09 PM,252 Event OK
8/08/2020 10:17:10 PM,EVENT 50869 1596925020 -310123087/1219232536/1115/6/6 INPUT 4 1 0 v:123
8/08/2020 10:17:10 PM,252 Event OK
8/08/2020 10:17:11 PM,EVENT 50870 1596925023 -310122955/1219232537/1045/6/2 INPUT 3 1 0 v:123
8/08/2020 10:17:11 PM,252 Event OK
8/08/2020 10:17:12 PM,QUIT
8/08/2020 10:17:12 PM,221 Session ended - goodbye
8/08/2020 10:18:13 PM,UNIT 9279
8/08/2020 10:18:13 PM,333 CHAL B71509B
8/08/2020 10:18:14 PM,RESP D82BF9C0
8/08/2020 10:18:14 PM,230 Auth OK
8/08/2020 10:18:15 PM,TIME
8/08/2020 10:18:15 PM,211 TIME 1596925095
8/08/2020 10:18:15 PM,EVCOUNT 6
8/08/2020 10:18:15 PM,252 Event OK
8/08/2020 10:18:16 PM,TODO
8/08/2020 10:18:16 PM,226 Nothing to do
8/08/2020 10:23:05 PM,UNIT 9279
8/08/2020 10:23:05 PM,333 CHAL 79D980EB
8/08/2020 10:23:06 PM,RESP 7E47CBFA
8/08/2020 10:23:06 PM,230 Auth OK
8/08/2020 10:23:06 PM,TIME
8/08/2020 10:23:06 PM,211 TIME 1596925386
8/08/2020 10:23:10 PM,EVCOUNT 6
8/08/2020 10:23:10 PM,252 Event OK
8/08/2020 10:23:10 PM,TODO
8/08/2020 10:23:10 PM,226 Nothing to do
8/08/2020 10:23:11 PM,EVENT 50871 1596925078 -310121582/1219229015/779/8/9 INPUT 3 0 55 v:124
8/08/2020 10:23:11 PM,252 Event OK
8/08/2020 10:23:12 PM,EVENT 50872 1596925080 -310121614/1219228998/783/0/1 INPUT 7 1 0 v:124
8/08/2020 10:23:12 PM,252 Event OK
8/08/2020 10:23:12 PM,EVENT 50873 1596925080 -310121615/1219229001/784/0/1 INPUT 8 0 94 v:124
8/08/2020 10:23:12 PM,252 Event OK
8/08/2020 10:23:14 PM,EVENT 50874 1596925082 -310121619/1219229011/784/0/0 INPUT 1 1 0 v:123
8/08/2020 10:23:14 PM,252 Event OK
8/08/2020 10:23:16 PM,EVENT 50875 1596925082 -310121620/1219229017/785/0/0 INPUT 4 0 62 v:123
8/08/2020 10:23:16 PM,252 Event OK
8/08/2020 10:23:17 PM,EVENT 50876 1596925085 -310121626/1219229052/786/0/0 TRIP 50865 55 20 14 11 89 v:123
8/08/2020 10:23:17 PM,252 Event OK
8/08/2020 10:23:17 PM,QUIT
8/08/2020 10:23:17 PM,221 Session ended - goodbye
9/08/2020 8:47:56 AM,UNIT 9279
9/08/2020 8:47:56 AM,333 CHAL 766EEBA0
9/08/2020 8:47:57 AM,RESP 1B910242
9/08/2020 8:47:57 AM,230 Auth OK
9/08/2020 8:47:58 AM,TIME
9/08/2020 8:47:58 AM,211 TIME 1596962878
9/08/2020 8:47:58 AM,EVCOUNT 411
9/08/2020 8:47:58 AM,252 Event OK
9/08/2020 8:47:59 AM,TODO
9/08/2020 8:47:59 AM,226 Nothing to do
9/08/2020 8:48:00 AM,EVENT 50877 1596926369 -310121678/1219229228/791/0/0 INPUT 8 1 0 v:123
9/08/2020 8:48:00 AM,252 Event OK
9/08/2020 8:48:00 AM,EVENT 50878 1596926370 -310121678/1219229228/791/0/0 INPUT 7 0 1289 v:123
9/08/2020 8:48:00 AM,252 Event OK
9/08/2020 8:48:02 AM,EVENT 50879 1596926371 -310121682/1219229226/792/0/0 DEBUG Time(BAD):1596926371->4294967295 v:123
9/08/2020 8:48:02 AM,252 Event OK
9/08/2020 8:48:03 AM,EVENT 50880 1596926374 -310121687/1219229223/794/0/0 SIGNON * 0 NOCARD 26 0 080040 v:123
9/08/2020 8:48:03 AM,252 Event OK
9/08/2020 8:48:04 AM,EVENT 50881 1596926381 -310121691/1219229251/788/0/0 SIGNON * 0 NOCARD 26 0 080410 v:124
9/08/2020 8:48:04 AM,252 Event OK
9/08/2020 8:48:05 AM,EVENT 50882 1596926391 -310121689/1219229274/773/1/0 SIGNON 2490 01eff7fc OK 26 80401 0 v:124
9/08/2020 8:48:05 AM,252 Event OK
9/08/2020 8:48:05 AM,EVENT 50883 1596926398 -310121664/1219229276/763/1/0 INPUT 4 1 0 v:124
9/08/2020 8:48:05 AM,252 Event OK
9/08/2020 8:48:06 AM,EVENT 50884 1596926399 -310121659/1219229280/761/1/0 INPUT 4 0 1 v:124
9/08/2020 8:48:06 AM,252 Event OK
9/08/2020 8:48:07 AM,EVENT 50885 1596926400 -310121657/1219229282/761/1/0 INPUT 4 1 0 v:124
9/08/2020 8:48:07 AM,252 Event OK
9/08/2020 8:48:08 AM,EVENT 50886 1596926404 -310121652/1219229288/759/1/0 INPUT 1 0 1323 v:124
9/08/2020 8:48:08 AM,252 Event OK
9/08/2020 8:48:08 AM,EVENT 50887 1596926406 -310121649/1219229286/758/1/0 OILPRESSURE 50882 1 v:124
9/08/2020 8:48:08 AM,252 Event OK
9/08/2020 8:48:09 AM,EVENT 50888 1596926409 -310121931/1219228994/751/1/6 INPUT 3 1 0 v:124
9/08/2020 8:48:09 AM,252 Event OK
9/08/2020 8:48:10 AM,EVENT 50889 1596926410 -310121993/1219228885/748/1/8 INPUT 3 0 1 v:124
9/08/2020 8:48:10 AM,252 Event OK
9/08/2020 8:48:11 AM,EVENT 50890 1596926411 -310122129/1219228539/737/1/8 INPUT 3 1 0 v:124
9/08/2020 8:48:11 AM,252 Event OK
9/08/2020 8:48:12 AM,EVENT 50891 1596926517 0/0/0/0/21 REPORT 50882 0 0 v:124
9/08/2020 8:48:12 AM,252 Event OK
9/08/2020 8:48:15 AM,EVENT 50892 1596927034 0/0/0/0/10 INPUT 3 0 622 v:124
9/08/2020 8:48:15 AM,252 Event OK
9/08/2020 8:48:17 AM,EVENT 50893 1596927059 0/0/0/0/4 INPUT 3 1 0 v:124
9/08/2020 8:48:17 AM,252 Event OK
9/08/2020 8:48:19 AM,EVENT 50894 1596927324 0/0/0/0/10 INPUT 3 0 265 v:124
9/08/2020 8:48:19 AM,252 Event OK
9/08/2020 8:48:20 AM,EVENT 50895 1596927365 0/0/0/0/0 INPUT 4 0 965 v:124
9/08/2020 8:48:20 AM,252 Event OK
9/08/2020 8:48:21 AM,EVENT 50896 1596927365 0/0/0/0/0 INPUT 4 1 0 v:124
9/08/2020 8:48:21 AM,252 Event OK
9/08/2020 8:48:22 AM,EVENT 50897 1596927403 0/0/0/0/0 INPUT 4 0 38 v:123
9/08/2020 8:48:22 AM,252 Event OK
9/08/2020 8:48:23 AM,EVENT 50898 1596927403 0/0/0/0/0 INPUT 4 1 0 v:123
9/08/2020 8:48:23 AM,252 Event OK
9/08/2020 8:48:24 AM,EVENT 50899 1596927413 0/0/0/0/6 INPUT 3 1 0 v:124
9/08/2020 8:48:24 AM,252 Event OK
9/08/2020 8:48:24 AM,EVENT 50900 1596927433 0/0/0/0/16 INPUT 3 0 19 v:124
9/08/2020 8:48:24 AM,252 Event OK
9/08/2020 8:48:25 AM,EVENT 50901 1596927448 0/0/0/0/3 INPUT 4 0 45 v:124
9/08/2020 8:48:25 AM,252 Event OK
9/08/2020 8:48:26 AM,EVENT 50902 1596927448 0/0/0/0/3 INPUT 4 1 0 v:124
9/08/2020 8:48:26 AM,252 Event OK
9/08/2020 8:48:27 AM,EVENT 50903 1596927452 0/0/0/0/4 INPUT 4 0 4 v:124
9/08/2020 8:48:27 AM,252 Event OK
9/08/2020 8:48:27 AM,EVENT 50904 1596927452 0/0/0/0/3 INPUT 4 1 0 v:124
9/08/2020 8:48:27 AM,252 Event OK
9/08/2020 8:48:28 AM,EVENT 50905 1596927455 0/0/0/0/7 INPUT 3 1 0 v:124
9/08/2020 8:48:28 AM,252 Event OK
9/08/2020 8:48:29 AM,EVENT 50906 1596927662 0/0/0/0/10 INPUT 3 0 207 v:124
9/08/2020 8:48:29 AM,252 Event OK
9/08/2020 8:48:30 AM,EVENT 50907 1596927725 0/0/0/0/0 INPUT 4 0 273 v:123
9/08/2020 8:48:30 AM,252 Event OK
9/08/2020 8:48:30 AM,EVENT 50908 1596927725 0/0/0/0/0 INPUT 4 1 0 v:123
9/08/2020 8:48:30 AM,252 Event OK
9/08/2020 8:48:31 AM,EVENT 50909 1596927734 0/0/0/0/6 INPUT 3 1 0 v:124
9/08/2020 8:48:31 AM,252 Event OK
9/08/2020 8:48:32 AM,EVENT 50910 1596927760 0/0/0/0/9 INPUT 3 0 25 v:124
9/08/2020 8:48:32 AM,252 Event OK
9/08/2020 8:48:32 AM,EVENT 50911 1596927763 0/0/0/0/8 INPUT 3 1 0 v:123
9/08/2020 8:48:32 AM,252 Event OK
9/08/2020 8:48:33 AM,EVENT 50912 1596927765 0/0/0/0/9 INPUT 3 0 2 v:124
9/08/2020 8:48:33 AM,252 Event OK
9/08/2020 8:48:34 AM,EVENT 50913 1596927769 0/0/0/0/8 INPUT 3 1 0 v:124
9/08/2020 8:48:34 AM,252 Event OK
9/08/2020 8:48:34 AM,EVENT 50914 1596927773 0/0/0/0/10 INPUT 3 0 4 v:124
9/08/2020 8:48:34 AM,252 Event OK
9/08/2020 8:48:35 AM,EVENT 50915 1596927791 0/0/0/0/0 INPUT 4 0 66 v:123
9/08/2020 8:48:35 AM,252 Event OK
9/08/2020 8:48:36 AM,EVENT 50916 1596927792 0/0/0/0/0 INPUT 4 1 0 v:123
9/08/2020 8:48:36 AM,252 Event OK
9/08/2020 8:48:36 AM,EVENT 50917 1596927794 0/0/0/0/0 INPUT 4 0 3 v:124
9/08/2020 8:48:36 AM,252 Event OK
9/08/2020 8:48:37 AM,EVENT 50918 1596927794 0/0/0/0/0 INPUT 4 1 0 v:124
9/08/2020 8:48:37 AM,252 Event OK
9/08/2020 8:48:37 AM,EVENT 50919 1596927813 0/0/0/0/0 INPUT 4 0 19 v:124
9/08/2020 8:48:37 AM,252 Event OK
9/08/2020 8:48:38 AM,EVENT 50920 1596927813 0/0/0/0/0 INPUT 4 1 0 v:123
9/08/2020 8:48:38 AM,252 Event OK
9/08/2020 8:48:39 AM,EVENT 50921 1596927816 0/0/0/0/0 INPUT 4 0 3 v:123
9/08/2020 8:48:39 AM,252 Event OK
9/08/2020 8:48:41 AM,EVENT 50922 1596927816 0/0/0/0/0 INPUT 4 1 0 v:123
9/08/2020 8:48:41 AM,252 Event OK
9/08/2020 8:48:41 AM,EVENT 50923 1596927819 0/0/0/0/0 INPUT 4 0 3 v:124
9/08/2020 8:48:41 AM,252 Event OK
9/08/2020 8:48:42 AM,EVENT 50924 1596927819 0/0/0/0/0 INPUT 4 1 0 v:123
9/08/2020 8:48:42 AM,252 Event OK
9/08/2020 8:48:43 AM,EVENT 50925 1596927823 0/0/0/0/3 INPUT 4 0 4 v:123
9/08/2020 8:48:43 AM,252 Event OK
9/08/2020 8:48:43 AM,EVENT 50926 1596927823 0/0/0/0/3 INPUT 4 1 0 v:123
9/08/2020 8:48:43 AM,252 Event OK
9/08/2020 8:48:44 AM,EVENT 50927 1596927841 0/0/0/99/0 INPUT 4 0 18 v:124
9/08/2020 8:48:44 AM,252 Event OK
9/08/2020 8:48:44 AM,EVENT 50928 1596927842 0/0/0/99/0 INPUT 4 1 0 v:124
9/08/2020 8:48:44 AM,252 Event OK
9/08/2020 8:48:45 AM,EVENT 50929 1596927844 0/0/0/99/0 INPUT 4 0 3 v:124
9/08/2020 8:48:45 AM,252 Event OK
9/08/2020 8:48:46 AM,EVENT 50930 1596927844 0/0/0/99/0 INPUT 4 1 0 v:124
9/08/2020 8:48:46 AM,252 Event OK
9/08/2020 8:48:46 AM,EVENT 50931 1596927893 0/0/0/0/7 INPUT 3 1 0 v:124
9/08/2020 8:48:46 AM,252 Event OK
9/08/2020 8:48:47 AM,EVENT 50932 1596927895 0/0/0/0/9 INPUT 3 0 1 v:124
9/08/2020 8:48:47 AM,252 Event OK
9/08/2020 8:48:48 AM,EVENT 50933 1596927897 0/0/0/0/8 INPUT 3 1 0 v:124
9/08/2020 8:48:48 AM,252 Event OK
9/08/2020 8:48:49 AM,EVENT 50934 1596927898 0/0/0/0/8 INPUT 3 0 1 v:124
9/08/2020 8:48:49 AM,252 Event OK
9/08/2020 8:48:51 AM,EVENT 50935 1596927905 0/0/0/0/0 INPUT 4 0 61 v:124
9/08/2020 8:48:51 AM,252 Event OK
9/08/2020 8:48:51 AM,EVENT 50936 1596927906 0/0/0/0/0 INPUT 4 1 0 v:124
9/08/2020 8:48:51 AM,252 Event OK
9/08/2020 8:48:52 AM,EVENT 50937 1596927911 0/0/0/0/0 INPUT 4 0 6 v:123
9/08/2020 8:48:52 AM,252 Event OK
9/08/2020 8:48:52 AM,EVENT 50938 1596927912 0/0/0/0/0 INPUT 4 1 0 v:124
9/08/2020 8:48:52 AM,252 Event OK
9/08/2020 8:48:53 AM,EVENT 50939 1596927922 0/0/0/0/4 INPUT 3 1 0 v:124
9/08/2020 8:48:53 AM,252 Event OK
9/08/2020 8:48:54 AM,EVENT 50940 1596927923 0/0/0/0/9 INPUT 3 0 0 v:124
9/08/2020 8:48:54 AM,252 Event OK
9/08/2020 8:48:55 AM,EVENT 50941 1596927925 0/0/0/0/7 INPUT 3 1 0 v:124
9/08/2020 8:48:55 AM,252 Event OK
9/08/2020 8:48:56 AM,EVENT 50942 1596928291 0/0/0/0/13 INPUT 3 0 366 v:124
9/08/2020 8:48:56 AM,252 Event OK
9/08/2020 8:48:57 AM,EVENT 50943 1596928347 0/0/0/0/0 REPORT 50882 0 0 v:124
9/08/2020 8:48:57 AM,252 Event OK
9/08/2020 8:48:59 AM,EVENT 50944 1596928368 0/0/0/0/0 INPUT 4 0 457 v:124
9/08/2020 8:48:59 AM,252 Event OK
9/08/2020 8:49:00 AM,EVENT 50945 1596928368 0/0/0/0/0 INPUT 4 1 0 v:124
9/08/2020 8:49:00 AM,252 Event OK
9/08/2020 8:49:01 AM,EVENT 50946 1596928388 0/0/0/0/6 INPUT 3 1 0 v:124
9/08/2020 8:49:01 AM,252 Event OK
9/08/2020 8:49:01 AM,EVENT 50947 1596928389 0/0/0/0/9 INPUT 3 0 1 v:124
9/08/2020 8:49:01 AM,252 Event OK
9/08/2020 8:49:02 AM,EVENT 50948 1596928398 0/0/0/0/4 INPUT 3 1 0 v:124
9/08/2020 8:49:02 AM,252 Event OK
9/08/2020 8:49:03 AM,EVENT 50949 1596928419 0/0/0/0/10 INPUT 3 0 21 v:124
9/08/2020 8:49:03 AM,252 Event OK
9/08/2020 8:49:04 AM,EVENT 50950 1596928424 0/0/0/0/0 INPUT 7 1 0 v:124
9/08/2020 8:49:04 AM,252 Event OK
9/08/2020 8:49:04 AM,EVENT 50951 1596928424 0/0/0/0/0 INPUT 8 0 2054 v:124
9/08/2020 8:49:04 AM,252 Event OK
9/08/2020 8:49:05 AM,EVENT 50952 1596928424 0/0/0/0/0 INPUT 4 0 56 v:124
9/08/2020 8:49:05 AM,252 Event OK
9/08/2020 8:49:06 AM,EVENT 50953 1596928424 0/0/0/0/0 INPUT 4 1 0 v:124
9/08/2020 8:49:06 AM,252 Event OK
9/08/2020 8:49:06 AM,EVENT 50954 1596928425 0/0/0/0/0 INPUT 1 1 0 v:124
9/08/2020 8:49:06 AM,252 Event OK
9/08/2020 8:49:07 AM,EVENT 50955 1596928427 0/0/0/0/0 INPUT 4 0 2 v:124
9/08/2020 8:49:07 AM,252 Event OK
9/08/2020 8:49:08 AM,EVENT 50956 1596928428 0/0/0/0/0 TRIP 50882 1535 492 11 8 2038 v:124
9/08/2020 8:49:08 AM,252 Event OK
9/08/2020 8:49:09 AM,EVENT 50957 1596928428 0/0/0/0/0 TRIPSUMMARY 50882 v:124
9/08/2020 8:49:09 AM,252 Event OK
9/08/2020 8:49:09 AM,EVENT 50958 1596928882 0/0/0/99/0 INPUT 8 1 0 v:124
9/08/2020 8:49:09 AM,252 Event OK
9/08/2020 8:49:10 AM,EVENT 50959 1596928882 0/0/0/99/0 INPUT 7 0 458 v:124
9/08/2020 8:49:10 AM,252 Event OK
9/08/2020 8:49:11 AM,EVENT 50960 1596928890 0/0/0/0/0 SIGNON 2490 01eff7fc OK 26 80401 0 v:124
9/08/2020 8:49:11 AM,252 Event OK
9/08/2020 8:49:11 AM,EVENT 50961 1596928896 0/0/0/0/0 INPUT 4 1 0 v:124
9/08/2020 8:49:11 AM,252 Event OK
9/08/2020 8:49:12 AM,EVENT 50962 1596928897 0/0/0/0/0 INPUT 1 0 472 v:124
9/08/2020 8:49:12 AM,252 Event OK
9/08/2020 8:49:13 AM,EVENT 50963 1596928927 0/0/0/0/0 INPUT 4 0 31 v:124
9/08/2020 8:49:13 AM,252 Event OK
9/08/2020 8:49:15 AM,EVENT 50964 1596928927 0/0/0/0/0 INPUT 4 1 0 v:124
9/08/2020 8:49:15 AM,252 Event OK
9/08/2020 8:49:15 AM,EVENT 50965 1596929025 0/0/0/0/3 INPUT 4 0 98 v:124
9/08/2020 8:49:15 AM,252 Event OK
9/08/2020 8:49:16 AM,EVENT 50966 1596929025 0/0/0/0/3 INPUT 4 1 0 v:124
9/08/2020 8:49:16 AM,252 Event OK
9/08/2020 8:49:17 AM,EVENT 50967 1596929030 0/0/0/0/6 INPUT 3 1 0 v:124
9/08/2020 8:49:17 AM,252 Event OK
9/08/2020 8:49:18 AM,EVENT 50968 1596929031 0/0/0/0/9 INPUT 3 0 2 v:124
9/08/2020 8:49:18 AM,252 Event OK
9/08/2020 8:49:18 AM,EVENT 50969 1596929032 0/0/0/0/8 INPUT 3 1 0 v:124
9/08/2020 8:49:18 AM,252 Event OK
9/08/2020 8:49:19 AM,EVENT 50970 1596929059 0/0/0/0/10 INPUT 3 0 28 v:124
9/08/2020 8:49:19 AM,252 Event OK
9/08/2020 8:49:20 AM,EVENT 50971 1596929062 0/0/0/0/7 INPUT 4 0 37 v:124
9/08/2020 8:49:20 AM,252 Event OK
9/08/2020 8:49:20 AM,EVENT 50972 1596929062 0/0/0/0/6 INPUT 4 1 0 v:124
9/08/2020 8:49:20 AM,252 Event OK
9/08/2020 8:49:21 AM,EVENT 50973 1596929171 0/0/0/0/8 INPUT 3 1 0 v:124
9/08/2020 8:49:21 AM,252 Event OK
9/08/2020 8:49:22 AM,EVENT 50974 1596929178 0/0/0/0/11 INPUT 3 0 7 v:124
9/08/2020 8:49:22 AM,252 Event OK
9/08/2020 8:49:23 AM,EVENT 50975 1596929202 0/0/0/0/0 INPUT 7 1 0 v:124
9/08/2020 8:49:23 AM,252 Event OK
9/08/2020 8:49:23 AM,EVENT 50976 1596929202 0/0/0/0/0 INPUT 8 0 320 v:124
9/08/2020 8:49:23 AM,252 Event OK
9/08/2020 8:49:24 AM,EVENT 50977 1596929203 0/0/0/0/0 INPUT 1 1 0 v:124
9/08/2020 8:49:24 AM,252 Event OK
9/08/2020 8:49:25 AM,EVENT 50978 1596929205 0/0/0/0/0 INPUT 4 0 143 v:124
9/08/2020 8:49:25 AM,252 Event OK
9/08/2020 8:49:26 AM,EVENT 50979 1596929206 0/0/0/0/0 TRIP 50960 37 272 7 6 316 v:124
9/08/2020 8:49:26 AM,252 Event OK
9/08/2020 8:49:27 AM,EVENT 50980 1596930048 0/0/0/0/0 INPUT 8 1 0 v:124
9/08/2020 8:49:27 AM,252 Event OK
9/08/2020 8:49:28 AM,EVENT 50981 1596930049 0/0/0/0/0 INPUT 7 0 847 v:124
9/08/2020 8:49:28 AM,252 Event OK
9/08/2020 8:49:29 AM,EVENT 50982 1596930056 0/0/0/0/0 SIGNON 2490 01eff7fc OK 26 80401 0 v:124
9/08/2020 8:49:29 AM,252 Event OK
9/08/2020 8:49:30 AM,EVENT 50983 1596930062 0/0/0/0/0 INPUT 4 1 0 v:124
9/08/2020 8:49:30 AM,252 Event OK
9/08/2020 8:49:31 AM,EVENT 50984 1596930062 0/0/0/0/0 INPUT 1 0 860 v:124
9/08/2020 8:49:31 AM,252 Event OK
9/08/2020 8:49:32 AM,EVENT 50985 1596930065 0/0/0/0/0 INPUT 4 0 4 v:123
9/08/2020 8:49:32 AM,252 Event OK
9/08/2020 8:49:32 AM,EVENT 50986 1596930065 0/0/0/0/0 INPUT 4 1 0 v:123
9/08/2020 8:49:32 AM,252 Event OK
9/08/2020 8:49:34 AM,EVENT 50987 1596930100 0/0/0/0/3 INPUT 4 0 35 v:124
9/08/2020 8:49:34 AM,252 Event OK
9/08/2020 8:49:35 AM,EVENT 50988 1596930100 0/0/0/0/3 INPUT 4 1 0 v:124
9/08/2020 8:49:35 AM,252 Event OK
9/08/2020 8:49:35 AM,EVENT 50989 1596930102 0/0/0/0/3 INPUT 3 1 0 v:124
9/08/2020 8:49:35 AM,252 Event OK
9/08/2020 8:49:36 AM,EVENT 50990 1596930105 0/0/0/0/11 INPUT 3 0 2 v:124
9/08/2020 8:49:36 AM,252 Event OK
9/08/2020 8:49:37 AM,EVENT 50991 1596930106 0/0/0/0/8 INPUT 3 1 0 v:124
9/08/2020 8:49:37 AM,252 Event OK
9/08/2020 8:49:38 AM,EVENT 50992 1596930182 0/0/0/0/21 REPORT 50982 0 0 v:124
9/08/2020 8:49:38 AM,252 Event OK
9/08/2020 8:49:38 AM,EVENT 50993 1596930439 0/0/0/0/10 INPUT 3 0 333 v:124
9/08/2020 8:49:38 AM,252 Event OK
9/08/2020 8:49:40 AM,EVENT 50994 1596930443 0/0/0/0/0 INPUT 4 0 343 v:124
9/08/2020 8:49:40 AM,252 Event OK
9/08/2020 8:49:41 AM,EVENT 50995 1596930443 0/0/0/0/0 INPUT 7 1 0 v:124
9/08/2020 8:49:41 AM,252 Event OK
9/08/2020 8:49:42 AM,EVENT 50996 1596930443 0/0/0/0/0 INPUT 8 0 396 v:124
9/08/2020 8:49:42 AM,252 Event OK
9/08/2020 8:51:55 AM,UNIT 9279
9/08/2020 8:51:55 AM,333 CHAL 51308B51
9/08/2020 8:51:56 AM,RESP EB037E9E
9/08/2020 8:51:56 AM,230 Auth OK
9/08/2020 8:51:56 AM,TIME
9/08/2020 8:51:56 AM,211 TIME 1596963116
9/08/2020 8:51:56 AM,EVCOUNT 301
9/08/2020 8:51:56 AM,252 Event OK
9/08/2020 8:51:57 AM,TODO
9/08/2020 8:51:57 AM,125 TODO GETXML 2000 Operators 
225 Work list complete
9/08/2020 8:51:57 AM,GETXML
9/08/2020 8:51:57 AM,Binary data 4241 bytes
9/08/2020 8:51:59 AM,GOT Operators 4193 B22E2A56
9/08/2020 8:51:59 AM,250 Download OK
9/08/2020 8:52:01 AM,EVENT 50997 1596930443 0/0/0/0/0 INPUT 4 1 0 v:124
9/08/2020 8:52:01 AM,252 Event OK
9/08/2020 8:52:02 AM,EVENT 50998 1596930444 0/0/0/0/0 INPUT 1 1 0 v:124
9/08/2020 8:52:02 AM,252 Event OK
9/08/2020 8:52:02 AM,EVENT 50999 1596930445 0/0/0/0/0 INPUT 4 0 1 v:124
9/08/2020 8:52:02 AM,252 Event OK
9/08/2020 8:52:02 AM,EVENT 51000 1596930446 0/0/0/0/0 INPUT 4 1 0 v:124
9/08/2020 8:52:02 AM,252 Event OK
9/08/2020 8:52:03 AM,EVENT 51001 1596930447 0/0/0/0/0 INPUT 4 0 2 v:124
9/08/2020 8:52:03 AM,252 Event OK
9/08/2020 8:52:03 AM,EVENT 51002 1596930448 0/0/0/0/0 TRIP 50982 335 50 8 6 393 v:124
9/08/2020 8:52:03 AM,252 Event OK
9/08/2020 8:52:03 AM,EVENT 51003 1596930487 0/0/0/0/0 INPUT 8 1 0 v:124
9/08/2020 8:52:03 AM,252 Event OK
9/08/2020 8:52:03 AM,EVENT 51004 1596930487 0/0/0/0/0 INPUT 7 0 43 v:124
9/08/2020 8:52:03 AM,252 Event OK
9/08/2020 8:52:04 AM,EVENT 51005 1596930577 0/0/0/99/0 INPUT 7 1 0 v:124
9/08/2020 8:52:04 AM,252 Event OK
9/08/2020 8:52:04 AM,EVENT 51006 1596930577 0/0/0/99/0 INPUT 8 0 91 v:124
9/08/2020 8:52:04 AM,252 Event OK
9/08/2020 8:52:04 AM,EVENT 51007 1596930592 0/0/0/99/0 INPUT 8 1 0 v:124
9/08/2020 8:52:04 AM,252 Event OK
9/08/2020 8:52:04 AM,EVENT 51008 1596930593 0/0/0/99/0 INPUT 7 0 16 v:124
9/08/2020 8:52:04 AM,252 Event OK
9/08/2020 8:52:05 AM,EVENT 51009 1596930670 0/0/0/0/0 SIGNON 2490 01eff7fc OK 26 80401 0 v:124
9/08/2020 8:52:05 AM,252 Event OK
9/08/2020 8:52:05 AM,EVENT 51010 1596930690 0/0/0/0/0 INPUT 7 1 0 v:124
9/08/2020 8:52:05 AM,252 Event OK
9/08/2020 8:52:05 AM,EVENT 51011 1596930690 0/0/0/0/0 INPUT 8 0 98 v:124
9/08/2020 8:52:05 AM,252 Event OK
9/08/2020 8:52:06 AM,EVENT 51012 1596930695 0/0/0/0/0 TRIP 51009 0 0 25 25 25 v:124
9/08/2020 8:52:06 AM,252 Event OK
9/08/2020 8:52:06 AM,EVENT 51013 1596931228 0/0/0/0/0 INPUT 8 1 0 v:124
9/08/2020 8:52:06 AM,252 Event OK
9/08/2020 8:52:06 AM,EVENT 51014 1596931228 0/0/0/0/0 INPUT 7 0 537 v:124
9/08/2020 8:52:06 AM,252 Event OK
9/08/2020 8:52:06 AM,EVENT 51015 1596931234 0/0/0/0/0 SIGNON * 0 NOCARD 26 0 080411 v:124
9/08/2020 8:52:06 AM,252 Event OK
9/08/2020 8:52:06 AM,EVENT 51016 1596931245 0/0/0/0/0 SIGNON 2490 01eff7fc OK 26 80401 0 v:124
9/08/2020 8:52:06 AM,252 Event OK
9/08/2020 8:52:07 AM,EVENT 51017 1596931358 0/0/0/0/0 INPUT 4 1 0 v:124
9/08/2020 8:52:07 AM,252 Event OK
9/08/2020 8:52:07 AM,EVENT 51018 1596931358 0/0/0/0/0 INPUT 1 0 915 v:124
9/08/2020 8:52:07 AM,252 Event OK
9/08/2020 8:52:07 AM,EVENT 51019 1596931382 0/0/0/0/0 INPUT 4 0 25 v:124
9/08/2020 8:52:07 AM,252 Event OK
9/08/2020 8:52:08 AM,EVENT 51020 1596931382 0/0/0/0/0 INPUT 4 1 0 v:124
9/08/2020 8:52:08 AM,252 Event OK
9/08/2020 8:52:08 AM,EVENT 51021 1596931390 0/0/0/0/4 INPUT 3 1 0 v:124
9/08/2020 8:52:08 AM,252 Event OK
9/08/2020 8:52:08 AM,EVENT 51022 1596931405 0/0/0/0/10 INPUT 3 0 14 v:124
9/08/2020 8:52:08 AM,252 Event OK
9/08/2020 8:52:08 AM,EVENT 51023 1596931431 0/0/0/0/1 INPUT 4 0 49 v:124
9/08/2020 8:52:08 AM,252 Event OK
9/08/2020 8:52:09 AM,EVENT 51024 1596931431 0/0/0/0/1 INPUT 4 1 0 v:124
9/08/2020 8:52:09 AM,252 Event OK
9/08/2020 8:52:09 AM,EVENT 51025 1596931442 0/0/0/0/0 INPUT 4 0 11 v:124
9/08/2020 8:52:09 AM,252 Event OK
9/08/2020 8:52:09 AM,EVENT 51026 1596931442 0/0/0/0/0 INPUT 4 1 0 v:124
9/08/2020 8:52:09 AM,252 Event OK
9/08/2020 8:52:09 AM,EVENT 51027 1596931462 0/0/0/0/0 INPUT 7 1 0 v:124
9/08/2020 8:52:09 AM,252 Event OK
9/08/2020 8:52:10 AM,EVENT 51028 1596931462 0/0/0/0/0 INPUT 8 0 235 v:124
9/08/2020 8:52:10 AM,252 Event OK
9/08/2020 8:52:10 AM,EVENT 51029 1596931463 0/0/0/0/0 INPUT 1 1 0 v:124
9/08/2020 8:52:10 AM,252 Event OK
9/08/2020 8:52:10 AM,EVENT 51030 1596931464 0/0/0/0/0 INPUT 4 0 22 v:124
9/08/2020 8:52:10 AM,252 Event OK
9/08/2020 8:52:11 AM,EVENT 51031 1596931467 0/0/0/0/0 TRIP 51016 14 93 116 113 223 v:124
9/08/2020 8:52:11 AM,252 Event OK
9/08/2020 8:52:11 AM,EVENT 51032 1596944852 0/0/0/0/0 SWSTART OpusFC 5.0.58.518 R v:124
9/08/2020 8:52:11 AM,252 Event OK
9/08/2020 8:52:12 AM,EVENT 51033 1596931467 0/0/0/0/0 POWERDOWN v:124
9/08/2020 8:52:12 AM,252 Event OK
9/08/2020 8:52:12 AM,EVENT 51034 1596944852 0/0/0/0/0 INPUT 1 1 0 v:123
9/08/2020 8:52:12 AM,252 Event OK
9/08/2020 8:52:18 AM,EVENT 51035 1596944852 0/0/0/0/0 INPUT 2 0 0 v:123
9/08/2020 8:52:18 AM,252 Event OK
9/08/2020 8:52:18 AM,EVENT 51036 1596944852 0/0/0/0/0 INPUT 3 0 0 v:123
9/08/2020 8:52:18 AM,252 Event OK
9/08/2020 8:52:19 AM,EVENT 51037 1596944852 0/0/0/0/0 INPUT 4 0 0 v:123
9/08/2020 8:52:19 AM,252 Event OK
9/08/2020 8:52:19 AM,EVENT 51038 1596944852 0/0/0/0/0 INPUT 7 0 0 v:123
9/08/2020 8:52:19 AM,252 Event OK
9/08/2020 8:52:20 AM,EVENT 51039 1596944852 0/0/0/0/0 INPUT 8 1 0 v:123
9/08/2020 8:52:20 AM,252 Event OK
9/08/2020 8:52:21 AM,EVENT 51040 1596944854 0/0/0/0/0 ZONE_OK 2 100 FW=NO VERSION v:124
9/08/2020 8:52:21 AM,252 Event OK
9/08/2020 8:52:21 AM,EVENT 51041 1596944861 0/0/0/0/0 SIGNON 2490 01eff7fc OK 26 80401 0 v:124
9/08/2020 8:52:21 AM,252 Event OK
9/08/2020 8:52:22 AM,EVENT 51042 1596944866 0/0/0/0/0 INPUT 7 1 0 v:124
9/08/2020 8:52:22 AM,252 Event OK
9/08/2020 8:52:22 AM,EVENT 51043 1596944867 0/0/0/99/0 INPUT 7 0 0 v:124
9/08/2020 8:52:22 AM,252 Event OK
9/08/2020 8:52:22 AM,EVENT 51044 1596944868 0/0/0/99/0 INPUT 1 0 15 v:124
9/08/2020 8:52:22 AM,252 Event OK
9/08/2020 8:52:22 AM,EVENT 51045 1596944868 0/0/0/99/0 INPUT 4 1 0 v:124
9/08/2020 8:52:22 AM,252 Event OK
9/08/2020 8:52:23 AM,EVENT 51046 1596944912 0/0/0/0/5 INPUT 3 1 0 v:124
9/08/2020 8:52:23 AM,252 Event OK
9/08/2020 8:52:24 AM,EVENT 51047 1596944920 0/0/0/0/10 INPUT 3 0 7 v:124
9/08/2020 8:52:24 AM,252 Event OK
9/08/2020 8:52:24 AM,EVENT 51048 1596944922 0/0/0/0/1 INPUT 4 0 55 v:124
9/08/2020 8:52:24 AM,252 Event OK
9/08/2020 8:52:24 AM,EVENT 51049 1596944923 0/0/0/0/0 INPUT 4 1 0 v:124
9/08/2020 8:52:24 AM,252 Event OK
9/08/2020 8:52:26 AM,EVENT 51050 1596944937 0/0/0/0/0 INPUT 4 0 15 v:124
9/08/2020 8:52:26 AM,252 Event OK
9/08/2020 8:52:26 AM,EVENT 51051 1596944938 0/0/0/0/0 INPUT 4 1 0 v:124
9/08/2020 8:52:26 AM,252 Event OK
9/08/2020 8:52:26 AM,EVENT 51052 1596944945 0/0/0/0/0 INPUT 7 1 0 v:124
9/08/2020 8:52:26 AM,252 Event OK
9/08/2020 8:52:26 AM,EVENT 51053 1596944945 0/0/0/0/0 INPUT 8 0 92 v:124
9/08/2020 8:52:26 AM,252 Event OK
9/08/2020 8:52:27 AM,EVENT 51054 1596944946 0/0/0/0/0 INPUT 1 1 0 v:123
9/08/2020 8:52:27 AM,252 Event OK
9/08/2020 8:52:28 AM,EVENT 51055 1596944948 0/0/0/0/0 INPUT 4 0 10 v:123
9/08/2020 8:52:28 AM,252 Event OK
9/08/2020 8:52:31 AM,EVENT 51056 1596944949 0/0/0/0/0 TRIP 51041 7 73 8 6 88 v:123
9/08/2020 8:52:31 AM,252 Event OK
9/08/2020 8:52:32 AM,EVENT 51057 1596944976 0/0/0/0/0 REPORT * 0 0 v:124
9/08/2020 8:52:32 AM,252 Event OK
9/08/2020 8:52:32 AM,EVENT 51058 1596949588 0/0/0/0/0 SWSTART OpusFC 5.0.58.518 R v:124
9/08/2020 8:52:32 AM,252 Event OK
9/08/2020 8:52:33 AM,EVENT 51059 1596944949 0/0/0/0/0 POWERDOWN v:123
9/08/2020 8:52:33 AM,252 Event OK
9/08/2020 8:52:33 AM,EVENT 51060 1596949588 0/0/0/0/0 INPUT 1 1 0 v:123
9/08/2020 8:52:33 AM,252 Event OK
9/08/2020 8:52:33 AM,EVENT 51061 1596949588 0/0/0/0/0 INPUT 2 0 0 v:123
9/08/2020 8:52:33 AM,252 Event OK
9/08/2020 8:52:34 AM,EVENT 51062 1596949588 0/0/0/0/0 INPUT 3 0 0 v:123
9/08/2020 8:52:34 AM,252 Event OK
9/08/2020 8:52:34 AM,EVENT 51063 1596949588 0/0/0/0/0 INPUT 4 0 0 v:123
9/08/2020 8:52:34 AM,252 Event OK
9/08/2020 8:52:36 AM,EVENT 51064 1596949588 0/0/0/0/0 INPUT 7 0 0 v:123
9/08/2020 8:52:36 AM,252 Event OK
9/08/2020 8:52:36 AM,EVENT 51065 1596949588 0/0/0/0/0 INPUT 8 1 0 v:123
9/08/2020 8:52:36 AM,252 Event OK
9/08/2020 8:52:36 AM,EVENT 51066 1596949590 0/0/0/0/0 ZONE_OK 2 100 FW=NO VERSION v:123
9/08/2020 8:52:36 AM,252 Event OK
9/08/2020 8:52:36 AM,EVENT 51067 1596949601 0/0/0/99/0 SIGNON 2491 03f1dcd0 OK 26 71197 0 v:123
9/08/2020 8:52:36 AM,252 Event OK
9/08/2020 8:52:37 AM,EVENT 51068 1596949610 0/0/0/99/0 INPUT 7 1 0 v:124
9/08/2020 8:52:37 AM,252 Event OK
9/08/2020 8:52:37 AM,EVENT 51069 1596949611 0/0/0/99/0 INPUT 7 0 1 v:124
9/08/2020 8:52:37 AM,252 Event OK
9/08/2020 8:52:39 AM,EVENT 51070 1596949612 0/0/0/99/0 INPUT 1 0 23 v:124
9/08/2020 8:52:39 AM,252 Event OK
9/08/2020 8:52:39 AM,EVENT 51071 1596949612 0/0/0/99/0 INPUT 4 1 0 v:124
9/08/2020 8:52:39 AM,252 Event OK
9/08/2020 8:52:40 AM,EVENT 51072 1596949622 0/0/0/0/7 INPUT 3 1 0 v:124
9/08/2020 8:52:40 AM,252 Event OK
9/08/2020 8:52:40 AM,EVENT 51073 1596949649 0/0/0/0/9 INPUT 3 0 28 v:124
9/08/2020 8:52:40 AM,252 Event OK
9/08/2020 8:52:40 AM,EVENT 51074 1596949654 0/0/0/0/0 INPUT 7 1 0 v:124
9/08/2020 8:52:40 AM,252 Event OK
9/08/2020 8:52:40 AM,EVENT 51075 1596949654 0/0/0/0/0 INPUT 8 0 65 v:124
9/08/2020 8:52:40 AM,252 Event OK
9/08/2020 8:52:41 AM,EVENT 51076 1596949655 0/0/0/0/0 INPUT 1 1 0 v:123
9/08/2020 8:52:41 AM,252 Event OK
9/08/2020 8:52:41 AM,EVENT 51077 1596949655 0/0/0/0/0 INPUT 4 0 44 v:123
9/08/2020 8:52:41 AM,252 Event OK
9/08/2020 8:52:41 AM,EVENT 51078 1596949656 0/0/0/0/0 INPUT 4 1 0 v:123
9/08/2020 8:52:41 AM,252 Event OK
9/08/2020 8:52:42 AM,EVENT 51079 1596949658 0/0/0/0/0 TRIP 51067 28 18 12 11 58 v:123
9/08/2020 8:52:42 AM,252 Event OK
9/08/2020 8:52:42 AM,EVENT 51080 1596949659 0/0/0/0/0 INPUT 4 0 2 v:123
9/08/2020 8:52:42 AM,252 Event OK
9/08/2020 8:52:43 AM,EVENT 51081 1596949712 0/0/0/0/0 REPORT * 0 0 v:123
9/08/2020 8:52:43 AM,252 Event OK
9/08/2020 8:52:43 AM,EVENT 51082 1596950465 0/0/0/0/0 INPUT 8 1 0 v:123
9/08/2020 8:52:43 AM,252 Event OK
9/08/2020 8:52:43 AM,EVENT 51083 1596950466 0/0/0/0/0 INPUT 7 0 812 v:124
9/08/2020 8:52:43 AM,252 Event OK
9/08/2020 8:52:43 AM,EVENT 51084 1596950475 0/0/0/0/0 SIGNON 2491 03f1dcd0 OK 26 71197 0 v:124
9/08/2020 8:52:43 AM,252 Event OK
9/08/2020 8:52:44 AM,EVENT 51085 1596950482 0/0/0/0/0 INPUT 7 1 0 v:124
9/08/2020 8:52:44 AM,252 Event OK
9/08/2020 8:52:44 AM,EVENT 51086 1596950482 0/0/0/0/0 INPUT 7 0 1 v:124
9/08/2020 8:52:44 AM,252 Event OK
9/08/2020 8:52:44 AM,EVENT 51087 1596950483 0/0/0/0/0 INPUT 1 0 828 v:124
9/08/2020 8:52:44 AM,252 Event OK
9/08/2020 8:52:45 AM,EVENT 51088 1596950483 0/0/0/0/0 INPUT 4 1 0 v:124
9/08/2020 8:52:45 AM,252 Event OK
9/08/2020 8:52:45 AM,EVENT 51089 1596950513 0/0/0/0/2 INPUT 4 0 30 v:124
9/08/2020 8:52:45 AM,252 Event OK
9/08/2020 8:52:45 AM,EVENT 51090 1596950514 0/0/0/0/1 INPUT 4 1 0 v:124
9/08/2020 8:52:45 AM,252 Event OK
9/08/2020 8:52:46 AM,EVENT 51091 1596950522 0/0/0/0/2 INPUT 3 1 0 v:124
9/08/2020 8:52:46 AM,252 Event OK
9/08/2020 8:52:46 AM,EVENT 51092 1596950542 0/0/0/0/9 INPUT 3 0 20 v:124
9/08/2020 8:52:46 AM,252 Event OK
9/08/2020 8:52:46 AM,EVENT 51093 1596950544 0/0/0/0/7 INPUT 3 1 0 v:124
9/08/2020 8:52:46 AM,252 Event OK
9/08/2020 8:52:46 AM,EVENT 51094 1596950549 0/0/0/0/9 INPUT 3 0 6 v:124
9/08/2020 8:52:46 AM,252 Event OK
9/08/2020 8:52:47 AM,EVENT 51095 1596950553 0/0/0/0/0 INPUT 7 1 0 v:124
9/08/2020 8:52:47 AM,252 Event OK
9/08/2020 8:52:47 AM,EVENT 51096 1596950553 0/0/0/0/0 INPUT 8 0 87 v:124
9/08/2020 8:52:47 AM,252 Event OK
9/08/2020 8:52:47 AM,EVENT 51097 1596950554 0/0/0/0/0 INPUT 1 1 0 v:124
9/08/2020 8:52:47 AM,252 Event OK
9/08/2020 8:52:47 AM,EVENT 51098 1596950557 0/0/0/0/0 TRIP 51084 26 48 8 8 82 v:124
9/08/2020 8:52:47 AM,252 Event OK
9/08/2020 8:52:48 AM,EVENT 51099 1596950558 0/0/0/0/0 INPUT 4 0 44 v:124
9/08/2020 8:52:48 AM,252 Event OK
9/08/2020 8:52:48 AM,EVENT 51100 1596950764 0/0/0/0/0 INPUT 8 1 0 v:123
9/08/2020 8:52:48 AM,252 Event OK
9/08/2020 8:52:48 AM,EVENT 51101 1596950765 0/0/0/0/0 INPUT 7 0 212 v:124
9/08/2020 8:52:48 AM,252 Event OK
9/08/2020 8:52:48 AM,EVENT 51102 1596950773 0/0/0/0/0 SIGNON 2491 03f1dcd0 OK 26 71197 0 v:124
9/08/2020 8:52:48 AM,252 Event OK
9/08/2020 8:52:49 AM,EVENT 51103 1596950779 0/0/0/0/0 INPUT 4 1 0 v:124
9/08/2020 8:52:49 AM,252 Event OK
9/08/2020 8:52:54 AM,EVENT 51104 1596950779 0/0/0/0/0 INPUT 1 0 225 v:124
9/08/2020 8:52:54 AM,252 Event OK
9/08/2020 8:52:54 AM,EVENT 51105 1596950810 0/0/0/0/3 INPUT 4 0 31 v:124
9/08/2020 8:52:54 AM,252 Event OK
9/08/2020 8:52:54 AM,EVENT 51106 1596950810 0/0/0/0/3 INPUT 4 1 0 v:124
9/08/2020 8:52:54 AM,252 Event OK
9/08/2020 8:52:55 AM,EVENT 51107 1596950842 0/0/0/0/0 INPUT 4 0 32 v:124
9/08/2020 8:52:55 AM,252 Event OK
9/08/2020 8:52:55 AM,EVENT 51108 1596950842 0/0/0/0/0 INPUT 4 1 0 v:124
9/08/2020 8:52:55 AM,252 Event OK
9/08/2020 8:52:55 AM,EVENT 51109 1596950920 0/0/0/0/0 INPUT 4 0 78 v:124
9/08/2020 8:52:55 AM,252 Event OK
9/08/2020 8:52:55 AM,EVENT 51110 1596950920 0/0/0/0/0 INPUT 4 1 0 v:124
9/08/2020 8:52:55 AM,252 Event OK
9/08/2020 8:52:55 AM,EVENT 51111 1596950968 0/0/0/0/4 INPUT 3 1 0 v:124
9/08/2020 8:52:55 AM,252 Event OK
9/08/2020 8:52:56 AM,EVENT 51112 1596950973 0/0/0/0/9 INPUT 3 0 4 v:124
9/08/2020 8:52:56 AM,252 Event OK
9/08/2020 8:52:56 AM,EVENT 51113 1596950974 0/0/0/0/6 INPUT 4 0 54 v:124
9/08/2020 8:52:56 AM,252 Event OK
9/08/2020 8:52:56 AM,EVENT 51114 1596950974 0/0/0/0/5 INPUT 4 1 0 v:124
9/08/2020 8:52:56 AM,252 Event OK
9/08/2020 8:52:57 AM,EVENT 51115 1596950979 0/0/0/99/3 INPUT 3 1 0 v:124
9/08/2020 8:52:57 AM,252 Event OK
9/08/2020 8:52:57 AM,EVENT 51116 1596950984 0/0/0/99/9 INPUT 3 0 5 v:124
9/08/2020 8:52:57 AM,252 Event OK
9/08/2020 8:52:57 AM,EVENT 51117 1596950994 0/0/0/99/8 INPUT 3 1 0 v:124
9/08/2020 8:52:57 AM,252 Event OK
9/08/2020 8:52:57 AM,EVENT 51118 1596950996 0/0/0/99/9 INPUT 3 0 1 v:124
9/08/2020 8:52:57 AM,252 Event OK
9/08/2020 8:52:58 AM,EVENT 51119 1596950997 0/0/0/99/8 INPUT 3 1 0 v:124
9/08/2020 8:52:58 AM,252 Event OK
9/08/2020 8:52:58 AM,EVENT 51120 1596951001 0/0/0/99/9 INPUT 3 0 4 v:124
9/08/2020 8:52:58 AM,252 Event OK
9/08/2020 8:52:58 AM,EVENT 51121 1596951032 0/0/0/0/3 INPUT 3 1 0 v:124
9/08/2020 8:52:58 AM,252 Event OK
9/08/2020 8:52:58 AM,EVENT 51122 1596951095 0/0/0/0/9 INPUT 3 0 62 v:124
9/08/2020 8:52:58 AM,252 Event OK
9/08/2020 8:52:58 AM,EVENT 51123 1596951098 0/0/0/0/8 INPUT 3 1 0 v:124
9/08/2020 8:52:58 AM,252 Event OK
9/08/2020 8:52:59 AM,EVENT 51124 1596951100 0/0/0/0/9 INPUT 3 0 1 v:124
9/08/2020 8:52:59 AM,252 Event OK
9/08/2020 8:52:59 AM,EVENT 51125 1596951103 0/0/0/0/8 INPUT 3 1 0 v:124
9/08/2020 8:52:59 AM,252 Event OK
9/08/2020 8:53:00 AM,EVENT 51126 1596951287 0/0/0/0/9 INPUT 3 0 183 v:124
9/08/2020 8:53:00 AM,252 Event OK
9/08/2020 8:53:00 AM,EVENT 51127 1596951299 0/0/0/0/8 INPUT 3 1 0 v:124
9/08/2020 8:53:00 AM,252 Event OK
9/08/2020 8:53:01 AM,EVENT 51128 1596951320 0/0/0/99/9 INPUT 3 0 21 v:124
9/08/2020 8:53:01 AM,252 Event OK
9/08/2020 8:53:01 AM,EVENT 51129 1596951321 0/0/0/99/8 INPUT 3 1 0 v:124
9/08/2020 8:53:01 AM,252 Event OK
9/08/2020 8:53:02 AM,EVENT 51130 1596951416 0/0/0/0/11 INPUT 3 0 96 v:124
9/08/2020 8:53:02 AM,252 Event OK
9/08/2020 8:53:03 AM,EVENT 51131 1596951434 0/0/0/0/2 INPUT 3 1 0 v:124
9/08/2020 8:53:03 AM,252 Event OK
9/08/2020 8:53:03 AM,EVENT 51132 1596951542 0/0/0/0/17 REPORT 51102 0 0 v:124
9/08/2020 8:53:03 AM,252 Event OK
9/08/2020 8:53:04 AM,EVENT 51133 1596951575 0/0/0/0/13 INPUT 3 0 142 v:124
9/08/2020 8:53:04 AM,252 Event OK
9/08/2020 8:53:04 AM,EVENT 51134 1596951584 0/0/0/0/2 INPUT 3 1 0 v:124
9/08/2020 8:53:04 AM,252 Event OK
9/08/2020 8:53:04 AM,EVENT 51135 1596951585 0/0/0/0/7 INPUT 3 0 1 v:124
9/08/2020 8:53:04 AM,252 Event OK
9/08/2020 8:53:07 AM,EVENT 51136 1596951590 0/0/0/0/7 INPUT 3 1 0 v:124
9/08/2020 8:53:07 AM,252 Event OK
9/08/2020 8:53:07 AM,EVENT 51137 1596951609 0/0/0/0/9 INPUT 3 0 19 v:124
9/08/2020 8:53:07 AM,252 Event OK
9/08/2020 8:53:07 AM,EVENT 51138 1596951614 0/0/0/0/8 INPUT 3 1 0 v:124
9/08/2020 8:53:07 AM,252 Event OK
9/08/2020 8:53:08 AM,EVENT 51139 1596951616 0/0/0/0/9 INPUT 3 0 3 v:124
9/08/2020 8:53:08 AM,252 Event OK
9/08/2020 8:53:08 AM,EVENT 51140 1596951629 0/0/0/0/4 INPUT 3 1 0 v:124
9/08/2020 8:53:08 AM,252 Event OK
9/08/2020 8:53:12 AM,EVENT 51141 1596951630 0/0/0/0/9 INPUT 3 0 1 v:124
9/08/2020 8:53:12 AM,252 Event OK
9/08/2020 8:53:12 AM,EVENT 51142 1596951642 0/0/0/0/0 INPUT 7 1 0 v:124
9/08/2020 8:53:12 AM,252 Event OK
9/08/2020 8:53:13 AM,EVENT 51143 1596951642 0/0/0/0/0 INPUT 8 0 877 v:124
9/08/2020 8:53:13 AM,252 Event OK
9/08/2020 8:53:13 AM,EVENT 51144 1596951643 0/0/0/0/0 INPUT 1 1 0 v:124
9/08/2020 8:53:13 AM,252 Event OK
9/08/2020 8:53:13 AM,EVENT 51145 1596951645 0/0/0/0/0 INPUT 4 0 670 v:124
9/08/2020 8:53:13 AM,252 Event OK
9/08/2020 8:53:15 AM,EVENT 51146 1596951646 0/0/0/0/0 TRIP 51102 543 322 8 6 873 v:124
9/08/2020 8:53:15 AM,252 Event OK
9/08/2020 8:53:15 AM,EVENT 51147 1596951922 0/0/0/0/0 INPUT 8 1 0 v:124
9/08/2020 8:53:15 AM,252 Event OK
9/08/2020 8:53:15 AM,EVENT 51148 1596951922 0/0/0/0/0 INPUT 7 0 280 v:124
9/08/2020 8:53:15 AM,252 Event OK
9/08/2020 8:53:15 AM,EVENT 51149 1596951927 0/0/0/0/0 SIGNON * 0 NOCARD 26 0 800000 v:124
9/08/2020 8:53:15 AM,252 Event OK
9/08/2020 8:53:17 AM,EVENT 51150 1596951937 0/0/0/0/0 SIGNON 2490 01eff7fc OK 26 80401 0 v:124
9/08/2020 8:53:17 AM,252 Event OK
9/08/2020 8:53:18 AM,EVENT 51151 1596951945 0/0/0/0/0 INPUT 1 0 303 v:124
9/08/2020 8:53:18 AM,252 Event OK
9/08/2020 8:53:19 AM,EVENT 51152 1596951946 0/0/0/0/0 INPUT 4 1 0 v:124
9/08/2020 8:53:19 AM,252 Event OK
9/08/2020 8:53:24 AM,EVENT 51153 1596951993 0/0/0/99/0 INPUT 4 0 48 v:124
9/08/2020 8:53:24 AM,252 Event OK
9/08/2020 8:53:24 AM,EVENT 51154 1596951993 0/0/0/99/0 INPUT 4 1 0 v:124
9/08/2020 8:53:24 AM,252 Event OK
9/08/2020 8:53:24 AM,EVENT 51155 1596952003 0/0/0/99/0 INPUT 4 0 10 v:124
9/08/2020 8:53:24 AM,252 Event OK
9/08/2020 8:53:25 AM,EVENT 51156 1596952003 0/0/0/99/0 INPUT 4 1 0 v:124
9/08/2020 8:53:25 AM,252 Event OK
9/08/2020 8:53:25 AM,EVENT 51157 1596952015 0/0/0/0/0 INPUT 4 0 12 v:124
9/08/2020 8:53:25 AM,252 Event OK
9/08/2020 8:53:25 AM,EVENT 51158 1596952015 0/0/0/0/0 INPUT 4 1 0 v:124
9/08/2020 8:53:25 AM,252 Event OK
9/08/2020 8:53:25 AM,EVENT 51159 1596952022 0/0/0/0/4 INPUT 3 1 0 v:124
9/08/2020 8:53:25 AM,252 Event OK
9/08/2020 8:53:26 AM,EVENT 51160 1596952157 0/0/0/0/9 INPUT 3 0 134 v:124
9/08/2020 8:53:26 AM,252 Event OK
9/08/2020 8:53:26 AM,EVENT 51161 1596952179 0/0/0/0/0 INPUT 4 0 164 v:124
9/08/2020 8:53:26 AM,252 Event OK
9/08/2020 8:53:26 AM,EVENT 51162 1596952179 0/0/0/0/0 INPUT 4 1 0 v:124
9/08/2020 8:53:26 AM,252 Event OK
9/08/2020 8:53:27 AM,EVENT 51163 1596952293 0/0/0/0/3 INPUT 4 0 114 v:124
9/08/2020 8:53:27 AM,252 Event OK
9/08/2020 8:53:27 AM,EVENT 51164 1596952293 0/0/0/0/3 INPUT 4 1 0 v:124
9/08/2020 8:53:27 AM,252 Event OK
9/08/2020 8:53:29 AM,EVENT 51165 1596952298 0/0/0/0/5 INPUT 7 1 0 v:124
9/08/2020 8:53:29 AM,252 Event OK
9/08/2020 8:53:29 AM,EVENT 51166 1596952298 0/0/0/0/5 INPUT 8 0 376 v:124
9/08/2020 8:53:29 AM,252 Event OK
9/08/2020 8:53:29 AM,EVENT 51167 1596952299 0/0/0/0/4 INPUT 1 1 0 v:124
9/08/2020 8:53:29 AM,252 Event OK
9/08/2020 8:53:30 AM,EVENT 51168 1596952299 0/0/0/0/3 INPUT 4 0 6 v:124
9/08/2020 8:53:30 AM,252 Event OK
9/08/2020 8:53:31 AM,EVENT 51169 1596952302 0/0/0/0/0 TRIP 51150 134 220 12 9 366 v:124
9/08/2020 8:53:31 AM,252 Event OK
9/08/2020 8:53:31 AM,EVENT 51170 1596953274 0/0/0/0/0 INPUT 8 1 0 v:124
9/08/2020 8:53:31 AM,252 Event OK
9/08/2020 8:53:31 AM,EVENT 51171 1596953274 0/0/0/0/0 INPUT 7 0 976 v:124
9/08/2020 8:53:31 AM,252 Event OK
9/08/2020 8:53:32 AM,EVENT 51172 1596953282 0/0/0/0/0 SIGNON 2490 01eff7fc OK 26 80401 0 v:124
9/08/2020 8:53:32 AM,252 Event OK
9/08/2020 8:53:32 AM,EVENT 51173 1596953288 0/0/0/0/0 INPUT 4 1 0 v:124
9/08/2020 8:53:32 AM,252 Event OK
9/08/2020 8:53:33 AM,EVENT 51174 1596953288 0/0/0/0/0 INPUT 1 0 990 v:124
9/08/2020 8:53:33 AM,252 Event OK
9/08/2020 8:53:33 AM,EVENT 51175 1596953296 0/0/0/0/0 INPUT 4 0 9 v:124
9/08/2020 8:53:33 AM,252 Event OK
9/08/2020 8:53:33 AM,EVENT 51176 1596953296 0/0/0/0/0 INPUT 4 1 0 v:124
9/08/2020 8:53:33 AM,252 Event OK
9/08/2020 8:53:34 AM,EVENT 51177 1596953306 0/0/0/0/2 INPUT 3 1 0 v:124
9/08/2020 8:53:34 AM,252 Event OK
9/08/2020 8:53:34 AM,EVENT 51178 1596953372 0/0/0/0/25 REPORT 51172 0 0 v:124
9/08/2020 8:53:34 AM,252 Event OK
9/08/2020 8:53:34 AM,EVENT 51179 1596953388 0/0/0/0/15 INPUT 3 0 83 v:124
9/08/2020 8:53:34 AM,252 Event OK
9/08/2020 8:53:34 AM,EVENT 51180 1596953391 0/0/0/0/5 INPUT 7 1 0 v:124
9/08/2020 8:53:34 AM,252 Event OK
9/08/2020 8:53:35 AM,EVENT 51181 1596953391 0/0/0/0/5 INPUT 8 0 117 v:124
9/08/2020 8:53:35 AM,252 Event OK
9/08/2020 8:53:35 AM,EVENT 51182 1596953392 0/0/0/0/1 INPUT 1 1 0 v:124
9/08/2020 8:53:35 AM,252 Event OK
9/08/2020 8:53:36 AM,EVENT 51183 1596953392 0/0/0/0/0 INPUT 4 0 95 v:124
9/08/2020 8:53:36 AM,252 Event OK
9/08/2020 8:53:36 AM,EVENT 51184 1596953393 0/0/0/0/0 INPUT 4 1 0 v:124
9/08/2020 8:53:36 AM,252 Event OK
9/08/2020 8:53:36 AM,EVENT 51185 1596953395 0/0/0/0/0 TRIP 51172 83 23 8 6 114 v:124
9/08/2020 8:53:36 AM,252 Event OK
9/08/2020 8:53:37 AM,EVENT 51186 1596953396 0/0/0/0/0 INPUT 4 0 2 v:124
9/08/2020 8:53:37 AM,252 Event OK
9/08/2020 8:53:37 AM,EVENT 51187 1596953428 0/0/0/0/0 INPUT 8 1 0 v:124
9/08/2020 8:53:37 AM,252 Event OK
9/08/2020 8:53:37 AM,EVENT 51188 1596953429 0/0/0/0/0 INPUT 7 0 38 v:124
9/08/2020 8:53:37 AM,252 Event OK
9/08/2020 8:53:37 AM,EVENT 51189 1596953438 0/0/0/0/0 SIGNON 2490 01eff7fc OK 26 80401 0 v:124
9/08/2020 8:53:37 AM,252 Event OK
9/08/2020 8:53:37 AM,EVENT 51190 1596953444 0/0/0/0/0 INPUT 1 0 52 v:124
9/08/2020 8:53:37 AM,252 Event OK
9/08/2020 8:53:38 AM,EVENT 51191 1596953445 0/0/0/0/0 INPUT 4 1 0 v:124
9/08/2020 8:53:38 AM,252 Event OK
9/08/2020 8:53:38 AM,EVENT 51192 1596953448 0/0/0/0/2 INPUT 3 1 0 v:124
9/08/2020 8:53:38 AM,252 Event OK
9/08/2020 8:53:38 AM,EVENT 51193 1596953452 0/0/0/0/9 INPUT 3 0 4 v:124
9/08/2020 8:53:38 AM,252 Event OK
9/08/2020 8:53:39 AM,EVENT 51194 1596953489 0/0/0/0/3 INPUT 4 0 45 v:124
9/08/2020 8:53:39 AM,252 Event OK
9/08/2020 8:53:40 AM,EVENT 51195 1596953490 0/0/0/0/2 INPUT 4 1 0 v:124
9/08/2020 8:53:40 AM,252 Event OK
9/08/2020 8:53:40 AM,EVENT 51196 1596953490 0/0/0/0/1 INPUT 3 1 0 v:124
9/08/2020 8:53:40 AM,252 Event OK
9/08/2020 8:53:40 AM,EVENT 51197 1596953494 0/0/0/0/10 INPUT 3 0 4 v:124
9/08/2020 8:53:40 AM,252 Event OK
9/08/2020 8:53:40 AM,EVENT 51198 1596953509 0/0/0/0/3 INPUT 4 0 20 v:124
9/08/2020 8:53:40 AM,252 Event OK
9/08/2020 8:53:41 AM,EVENT 51199 1596953509 0/0/0/0/3 INPUT 4 1 0 v:124
9/08/2020 8:53:41 AM,252 Event OK
9/08/2020 8:53:41 AM,EVENT 51200 1596953514 0/0/0/0/5 INPUT 7 1 0 v:124
9/08/2020 8:53:41 AM,252 Event OK
9/08/2020 8:53:41 AM,EVENT 51201 1596953514 0/0/0/0/5 INPUT 8 0 86 v:124
9/08/2020 8:53:41 AM,252 Event OK
9/08/2020 8:53:41 AM,EVENT 51202 1596953515 0/0/0/0/1 INPUT 1 1 0 v:124
9/08/2020 8:53:41 AM,252 Event OK
9/08/2020 8:53:41 AM,EVENT 51203 1596953519 0/0/0/0/0 TRIP 51189 8 67 7 7 82 v:124
9/08/2020 8:53:41 AM,252 Event OK
9/08/2020 8:53:42 AM,EVENT 51204 1596953520 0/0/0/0/0 INPUT 4 0 10 v:124
9/08/2020 8:53:42 AM,252 Event OK
9/08/2020 8:53:42 AM,EVENT 51205 1596954412 0/0/0/0/0 INPUT 8 1 0 v:124
9/08/2020 8:53:42 AM,252 Event OK
9/08/2020 8:53:42 AM,EVENT 51206 1596954413 0/0/0/0/0 INPUT 7 0 898 v:124
9/08/2020 8:53:42 AM,252 Event OK
9/08/2020 8:53:42 AM,EVENT 51207 1596954423 0/0/0/0/0 SIGNON 2490 01eff7fc OK 26 80401 0 v:124
9/08/2020 8:53:42 AM,252 Event OK
9/08/2020 8:53:43 AM,EVENT 51208 1596954431 0/0/0/0/0 INPUT 1 0 915 v:124
9/08/2020 8:53:43 AM,252 Event OK
9/08/2020 8:53:43 AM,EVENT 51209 1596954431 0/0/0/0/0 INPUT 4 1 0 v:124
9/08/2020 8:53:43 AM,252 Event OK
9/08/2020 8:53:43 AM,EVENT 51210 1596954435 0/0/0/0/4 INPUT 4 0 5 v:124
9/08/2020 8:53:43 AM,252 Event OK
9/08/2020 8:53:44 AM,EVENT 51211 1596954436 0/0/0/0/3 INPUT 4 1 0 v:124
9/08/2020 8:53:44 AM,252 Event OK
9/08/2020 8:53:44 AM,EVENT 51212 1596954443 0/0/0/0/8 INPUT 3 1 0 v:124
9/08/2020 8:53:44 AM,252 Event OK
9/08/2020 8:53:44 AM,EVENT 51213 1596954444 0/0/0/0/8 INPUT 3 0 1 v:124
9/08/2020 8:53:44 AM,252 Event OK
9/08/2020 8:53:45 AM,EVENT 51214 1596954469 0/0/0/0/0 INPUT 4 0 34 v:124
9/08/2020 8:53:45 AM,252 Event OK
9/08/2020 8:53:45 AM,EVENT 51215 1596954470 0/0/0/0/0 INPUT 4 1 0 v:124
9/08/2020 8:53:45 AM,252 Event OK
9/08/2020 8:53:45 AM,EVENT 51216 1596954493 0/0/0/0/2 INPUT 4 0 24 v:124
9/08/2020 8:53:45 AM,252 Event OK
9/08/2020 8:53:46 AM,EVENT 51217 1596954493 0/0/0/0/2 INPUT 4 1 0 v:124
9/08/2020 8:53:46 AM,252 Event OK
9/08/2020 8:53:46 AM,EVENT 51218 1596954515 0/0/0/0/7 INPUT 3 1 0 v:124
9/08/2020 8:53:46 AM,252 Event OK
9/08/2020 8:53:46 AM,EVENT 51219 1596954651 0/0/0/0/11 INPUT 3 0 136 v:124
9/08/2020 8:53:46 AM,252 Event OK
9/08/2020 8:53:46 AM,EVENT 51220 1596954695 0/0/0/0/0 INPUT 4 0 202 v:124
9/08/2020 8:53:46 AM,252 Event OK
9/08/2020 8:53:48 AM,EVENT 51221 1596954695 0/0/0/0/0 INPUT 4 1 0 v:124
9/08/2020 8:53:48 AM,252 Event OK
9/08/2020 8:53:48 AM,EVENT 51222 1596954709 0/0/0/99/5 INPUT 3 1 0 v:124
9/08/2020 8:53:48 AM,252 Event OK
9/08/2020 8:53:48 AM,EVENT 51223 1596954813 0/0/0/0/26 ZONEOVERSPEED 51207 9 30 1 v:124
9/08/2020 8:53:48 AM,252 Event OK
9/08/2020 8:53:49 AM,EVENT 51224 1596955093 0/0/0/0/11 INPUT 3 0 385 v:124
9/08/2020 8:53:49 AM,252 Event OK
9/08/2020 8:53:49 AM,EVENT 51225 1596955095 0/0/0/0/3 INPUT 4 0 400 v:124
9/08/2020 8:53:49 AM,252 Event OK
9/08/2020 8:53:49 AM,EVENT 51226 1596955095 0/0/0/0/3 INPUT 4 1 0 v:124
9/08/2020 8:53:49 AM,252 Event OK
9/08/2020 8:53:49 AM,EVENT 51227 1596955110 0/0/0/0/8 INPUT 3 1 0 v:124
9/08/2020 8:53:49 AM,252 Event OK
9/08/2020 8:53:50 AM,EVENT 51228 1596955112 0/0/0/0/9 INPUT 3 0 3 v:124
9/08/2020 8:53:50 AM,252 Event OK
9/08/2020 8:53:50 AM,EVENT 51229 1596955116 0/0/0/0/4 INPUT 3 1 0 v:124
9/08/2020 8:53:50 AM,252 Event OK
9/08/2020 8:53:50 AM,EVENT 51230 1596955124 0/0/0/0/10 INPUT 3 0 8 v:124
9/08/2020 8:53:50 AM,252 Event OK
9/08/2020 8:53:50 AM,EVENT 51231 1596955141 0/0/0/0/0 INPUT 3 1 0 v:124
9/08/2020 8:53:50 AM,252 Event OK
9/08/2020 8:53:51 AM,EVENT 51232 1596955202 0/0/0/0/26 REPORT 51207 0 0 v:124
9/08/2020 8:53:51 AM,252 Event OK
9/08/2020 8:53:51 AM,EVENT 51233 1596955298 0/0/0/0/13 INPUT 3 0 158 v:124
9/08/2020 8:53:51 AM,252 Event OK
9/08/2020 8:53:51 AM,EVENT 51234 1596955326 0/0/0/0/5 INPUT 4 0 231 v:124
9/08/2020 8:53:51 AM,252 Event OK
9/08/2020 8:53:52 AM,EVENT 51235 1596955326 0/0/0/0/4 INPUT 4 1 0 v:124
9/08/2020 8:53:52 AM,252 Event OK
9/08/2020 8:53:52 AM,EVENT 51236 1596955342 0/0/0/0/2 INPUT 3 1 0 v:124
9/08/2020 8:53:52 AM,252 Event OK
9/08/2020 8:53:52 AM,EVENT 51237 1596955488 0/0/0/0/11 INPUT 3 0 146 v:124
9/08/2020 8:53:52 AM,252 Event OK
9/08/2020 8:53:52 AM,EVENT 51238 1596955489 0/0/0/0/6 INPUT 7 1 0 v:124
9/08/2020 8:53:52 AM,252 Event OK
9/08/2020 8:53:53 AM,EVENT 51239 1596955489 0/0/0/0/6 INPUT 8 0 1077 v:124
9/08/2020 8:53:53 AM,252 Event OK
9/08/2020 8:53:53 AM,EVENT 51240 1596955489 0/0/0/0/3 INPUT 1 1 0 v:124
9/08/2020 8:53:53 AM,252 Event OK
9/08/2020 8:53:53 AM,EVENT 51241 1596955490 0/0/0/0/1 INPUT 4 0 164 v:123
9/08/2020 8:53:53 AM,252 Event OK
9/08/2020 8:53:54 AM,EVENT 51242 1596955493 0/0/0/0/0 TRIP 51207 837 223 11 8 1071 v:124
9/08/2020 8:53:54 AM,252 Event OK
9/08/2020 8:53:54 AM,EVENT 51243 1596955493 0/0/0/0/0 TRIPSUMMARY 51207 v:124
9/08/2020 8:53:54 AM,252 Event OK
9/08/2020 8:53:54 AM,EVENT 51244 1596961574 0/0/0/0/0 SWSTART OpusFC 5.0.58.518 R v:124
9/08/2020 8:53:54 AM,252 Event OK
9/08/2020 8:53:55 AM,EVENT 51245 1596955493 0/0/0/0/0 POWERDOWN v:124
9/08/2020 8:53:55 AM,252 Event OK
9/08/2020 8:53:55 AM,EVENT 51246 1596961574 0/0/0/0/0 INPUT 1 1 0 v:124
9/08/2020 8:53:55 AM,252 Event OK
9/08/2020 8:53:55 AM,EVENT 51247 1596961574 0/0/0/0/0 INPUT 2 0 0 v:124
9/08/2020 8:53:55 AM,252 Event OK
9/08/2020 8:53:55 AM,EVENT 51248 1596961574 0/0/0/0/0 INPUT 3 0 0 v:124
9/08/2020 8:53:55 AM,252 Event OK
9/08/2020 8:53:56 AM,EVENT 51249 1596961574 0/0/0/0/0 INPUT 4 0 0 v:124
9/08/2020 8:53:56 AM,252 Event OK
9/08/2020 8:53:56 AM,EVENT 51250 1596961574 0/0/0/0/0 INPUT 7 0 0 v:124
9/08/2020 8:53:56 AM,252 Event OK
9/08/2020 8:53:56 AM,EVENT 51251 1596961574 0/0/0/0/0 INPUT 8 1 0 v:124
9/08/2020 8:53:56 AM,252 Event OK
9/08/2020 8:53:56 AM,EVENT 51252 1596961576 0/0/0/0/0 ZONE_OK 2 100 FW=NO VERSION v:124
9/08/2020 8:53:56 AM,252 Event OK
9/08/2020 8:53:57 AM,EVENT 51253 1596961584 0/0/0/0/0 SIGNON 2505 03b1f6ce OK 26 270498 0 v:124
9/08/2020 8:53:57 AM,252 Event OK
9/08/2020 8:53:57 AM,EVENT 51254 1596961589 0/0/0/99/0 INPUT 7 1 0 v:124
9/08/2020 8:53:57 AM,252 Event OK
9/08/2020 8:53:57 AM,EVENT 51255 1596961590 0/0/0/99/0 INPUT 7 0 0 v:124
9/08/2020 8:53:57 AM,252 Event OK
9/08/2020 8:53:57 AM,EVENT 51256 1596961590 0/0/0/99/0 INPUT 4 1 0 v:124
9/08/2020 8:53:57 AM,252 Event OK
9/08/2020 8:53:58 AM,EVENT 51257 1596961591 0/0/0/99/0 INPUT 1 0 16 v:124
9/08/2020 8:53:58 AM,252 Event OK
9/08/2020 8:53:58 AM,EVENT 51258 1596961620 0/0/0/0/0 INPUT 4 0 30 v:124
9/08/2020 8:53:58 AM,252 Event OK
9/08/2020 8:53:58 AM,EVENT 51259 1596961620 0/0/0/0/0 INPUT 4 1 0 v:124
9/08/2020 8:53:58 AM,252 Event OK
9/08/2020 8:53:58 AM,EVENT 51260 1596961651 0/0/0/0/2 INPUT 3 1 0 v:124
9/08/2020 8:53:58 AM,252 Event OK
9/08/2020 8:53:59 AM,EVENT 51261 1596961653 0/0/0/0/10 INPUT 3 0 2 v:124
9/08/2020 8:53:59 AM,252 Event OK
9/08/2020 8:53:59 AM,EVENT 51262 1596961654 0/0/0/0/9 INPUT 3 1 0 v:124
9/08/2020 8:53:59 AM,252 Event OK
9/08/2020 8:53:59 AM,EVENT 51263 1596961837 0/0/0/0/11 INPUT 3 0 183 v:124
9/08/2020 8:53:59 AM,252 Event OK
9/08/2020 8:53:59 AM,EVENT 51264 1596961839 0/0/0/0/6 INPUT 3 1 0 v:124
9/08/2020 8:53:59 AM,252 Event OK
9/08/2020 8:54:00 AM,EVENT 51265 1596961846 0/0/0/0/11 INPUT 3 0 7 v:124
9/08/2020 8:54:00 AM,252 Event OK
9/08/2020 8:54:00 AM,EVENT 51266 1596961847 0/0/0/0/8 INPUT 3 1 0 v:124
9/08/2020 8:54:00 AM,252 Event OK
9/08/2020 8:54:00 AM,EVENT 51267 1596961852 0/0/0/0/10 INPUT 3 0 4 v:124
9/08/2020 8:54:00 AM,252 Event OK
9/08/2020 8:54:00 AM,EVENT 51268 1596961856 0/0/0/0/5 INPUT 4 0 236 v:124
9/08/2020 8:54:00 AM,252 Event OK
9/08/2020 8:54:01 AM,EVENT 51269 1596961856 0/0/0/0/4 INPUT 4 1 0 v:124
9/08/2020 8:54:01 AM,252 Event OK
9/08/2020 8:54:01 AM,EVENT 51270 1596961909 0/0/0/0/0 INPUT 3 1 0 v:124
9/08/2020 8:54:01 AM,252 Event OK
9/08/2020 8:54:01 AM,EVENT 51271 1596962215 0/0/0/0/14 INPUT 3 0 306 v:124
9/08/2020 8:54:01 AM,252 Event OK
9/08/2020 8:54:01 AM,EVENT 51272 1596962218 0/0/0/0/3 ZONEOVERSPEED 51253 8 40 1 v:124
9/08/2020 8:54:01 AM,252 Event OK
9/08/2020 8:54:02 AM,EVENT 51273 1596962218 0/0/0/0/4 INPUT 3 1 0 v:124
9/08/2020 8:54:02 AM,252 Event OK
9/08/2020 8:54:02 AM,EVENT 51274 1596962250 0/0/0/0/14 INPUT 3 0 31 v:124
9/08/2020 8:54:02 AM,252 Event OK
9/08/2020 8:54:02 AM,EVENT 51275 1596962264 0/0/0/0/0 INPUT 4 0 408 v:124
9/08/2020 8:54:02 AM,252 Event OK
9/08/2020 8:54:03 AM,EVENT 51276 1596962264 0/0/0/0/0 INPUT 4 1 0 v:124
9/08/2020 8:54:03 AM,252 Event OK
9/08/2020 8:54:03 AM,EVENT 51277 1596962275 0/0/0/0/2 INPUT 3 1 0 v:124
9/08/2020 8:54:03 AM,252 Event OK
9/08/2020 8:54:03 AM,EVENT 51278 1596962286 0/0/0/0/13 INPUT 3 0 11 v:124
9/08/2020 8:54:03 AM,252 Event OK
9/08/2020 8:54:03 AM,EVENT 51279 1596962288 0/0/0/0/4 INPUT 3 1 0 v:124
9/08/2020 8:54:03 AM,252 Event OK
9/08/2020 8:54:04 AM,EVENT 51280 1596962346 0/0/0/0/29 ZONEOVERSPEED 51253 30 32 1 v:124
9/08/2020 8:54:04 AM,252 Event OK
9/08/2020 8:54:04 AM,EVENT 51281 1596962434 0/0/0/0/27 ZONEOVERSPEED 51253 50 32 1 v:124
9/08/2020 8:54:04 AM,252 Event OK
9/08/2020 8:54:04 AM,EVENT 51282 1596962669 0/0/0/0/26 ZONEOVERSPEED 51253 73 33 1 v:124
9/08/2020 8:54:04 AM,252 Event OK
9/08/2020 8:54:04 AM,EVENT 51283 1596962819 0/0/0/0/10 INPUT 3 0 530 v:124
9/08/2020 8:54:04 AM,252 Event OK
9/08/2020 8:54:05 AM,EVENT 51284 1596962825 0/0/0/0/0 INPUT 4 0 561 v:124
9/08/2020 8:54:05 AM,252 Event OK
9/08/2020 8:54:05 AM,EVENT 51285 1596962825 0/0/0/0/0 INPUT 4 1 0 v:124
9/08/2020 8:54:05 AM,252 Event OK
9/08/2020 8:54:05 AM,EVENT 51286 1596962858 -310121838/1219228465/981/0/0 INPUT 4 0 33 v:124
9/08/2020 8:54:05 AM,252 Event OK
9/08/2020 8:54:06 AM,EVENT 51287 1596962858 -310121838/1219228465/981/0/0 INPUT 4 1 0 v:124
9/08/2020 8:54:06 AM,252 Event OK
9/08/2020 8:54:07 AM,EVENT 51288 1596962933 -310121537/1219229056/899/0/7 INPUT 3 1 0 v:124
9/08/2020 8:54:07 AM,252 Event OK
9/08/2020 8:54:07 AM,EVENT 51289 1596962982 -310128974/1219228875/928/9/10 INPUT 3 0 48 v:124
9/08/2020 8:54:07 AM,252 Event OK
9/08/2020 8:54:08 AM,EVENT 51290 1596962991 -310128580/1219228306/961/9/0 INPUT 4 0 133 v:123
9/08/2020 8:54:08 AM,252 Event OK
9/08/2020 8:54:08 AM,EVENT 51291 1596962991 -310128580/1219228306/961/9/0 INPUT 4 1 0 v:123
9/08/2020 8:54:08 AM,252 Event OK
9/08/2020 8:54:08 AM,EVENT 51292 1596963024 -310128659/1219228322/954/4/0 INPUT 4 0 33 v:124
9/08/2020 8:54:08 AM,252 Event OK
9/08/2020 8:54:08 AM,EVENT 51293 1596963024 -310128659/1219228322/954/4/0 INPUT 4 1 0 v:124
9/08/2020 8:54:08 AM,252 Event OK
9/08/2020 8:54:08 AM,EVENT 51294 1596963075 -310129252/1219228475/954/4/2 INPUT 3 1 0 v:124
9/08/2020 8:54:08 AM,252 Event OK
9/08/2020 8:54:09 AM,EVENT 51295 1596963098 -310124470/1219229291/916/4/12 INPUT 3 0 24 v:124
9/08/2020 8:54:09 AM,252 Event OK
9/08/2020 8:54:09 AM,EVENT 51296 1596963105 -310124610/1219229263/937/4/4 INPUT 4 0 81 v:124
9/08/2020 8:54:09 AM,252 Event OK
9/08/2020 8:54:09 AM,EVENT 51297 1596963106 -310124637/1219229275/940/4/3 INPUT 4 1 0 v:124
9/08/2020 8:54:09 AM,252 Event OK
9/08/2020 8:54:10 AM,EVENT 51298 1596963120 -310124763/1219229103/954/8/0 INPUT 7 1 0 v:123
9/08/2020 8:54:10 AM,252 Event OK
9/08/2020 8:54:11 AM,EVENT 51299 1596963120 -310124763/1219229103/954/8/0 INPUT 8 0 1545 v:123
9/08/2020 8:54:11 AM,252 Event OK
9/08/2020 8:54:11 AM,EVENT 51300 1596963120 -310124768/1219229088/950/8/0 INPUT 1 1 0 v:123
9/08/2020 8:54:11 AM,252 Event OK
9/08/2020 8:54:11 AM,EVENT 51301 1596963122 -310124782/1219229061/943/8/0 INPUT 4 0 17 v:124
9/08/2020 8:54:11 AM,252 Event OK
9/08/2020 8:54:12 AM,EVENT 51302 1596963124 -310124804/1219229047/939/8/0 TRIP 51253 1147 385 8 6 1540 v:124
9/08/2020 8:54:12 AM,252 Event OK
9/08/2020 8:54:12 AM,EVENT 51303 1596963124 -310124804/1219229047/939/8/0 TRIPSUMMARY 51253 v:124
9/08/2020 8:54:12 AM,252 Event OK
9/08/2020 8:54:12 AM,EVENT 51304 1596963162 -310124877/1219228977/890/6/0 REPORT * 0 198 v:124
9/08/2020 8:54:12 AM,252 Event OK
9/08/2020 8:54:12 AM,QUIT
9/08/2020 8:54:12 AM,221 Session ended - goodbye
9/08/2020 9:08:56 AM,UNIT 9279
9/08/2020 9:08:56 AM,333 CHAL 24DAA844
9/08/2020 9:08:57 AM,RESP 458F9F53
9/08/2020 9:08:57 AM,230 Auth OK
9/08/2020 9:08:57 AM,TIME
9/08/2020 9:08:57 AM,211 TIME 1596964137
9/08/2020 9:08:58 AM,EVCOUNT 2
9/08/2020 9:08:58 AM,252 Event OK
9/08/2020 9:08:59 AM,TODO
9/08/2020 9:08:59 AM,125 TODO GETXML 2000 Operators 
225 Work list complete
9/08/2020 9:08:59 AM,GETXML
9/08/2020 9:08:59 AM,Binary data 4241 bytes
9/08/2020 9:09:05 AM,GOT Operators 4193 B22E2A56
9/08/2020 9:09:05 AM,250 Download OK
9/08/2020 9:09:15 AM,EVENT 51305 1596964130 -310124701/1219228925/835/7/0 INPUT 8 1 0 v:124
9/08/2020 9:09:15 AM,252 Event OK
9/08/2020 9:09:15 AM,EVENT 51306 1596964131 -310124700/1219228925/836/7/0 INPUT 7 0 1011 v:124
9/08/2020 9:09:15 AM,252 Event OK
9/08/2020 9:09:21 AM,EVENT 51307 1596964139 -310124706/1219228916/836/7/0 SIGNON 2505 03b1f6ce OK 26 270498 0 v:124
9/08/2020 9:09:21 AM,252 Event OK
9/08/2020 9:09:21 AM,EVENT 51308 1596964148 -310124713/1219228936/844/7/0 INPUT 3 1 0 v:124
9/08/2020 9:09:21 AM,252 Event OK
9/08/2020 9:09:22 AM,EVENT 51309 1596964150 -310124714/1219228934/846/7/20 INPUT 1 0 1029 v:124
9/08/2020 9:09:22 AM,252 Event OK
9/08/2020 9:09:23 AM,EVENT 51310 1596964150 -310124714/1219228934/846/7/26 INPUT 4 1 0 v:124
9/08/2020 9:09:23 AM,252 Event OK
9/08/2020 9:09:24 AM,EVENT 51311 1596964150 -310124712/1219228933/846/7/31 INPUT 3 0 2 v:124
9/08/2020 9:09:24 AM,252 Event OK
9/08/2020 9:09:24 AM,QUIT
9/08/2020 9:09:24 AM,221 Session ended - goodbye
9/08/2020 9:09:34 AM,UNIT 9279
9/08/2020 9:09:34 AM,333 CHAL 4E1A641E
9/08/2020 9:09:35 AM,RESP A3119A2D
9/08/2020 9:09:35 AM,230 Auth OK
9/08/2020 9:09:35 AM,TIME
9/08/2020 9:09:35 AM,211 TIME 1596964175
9/08/2020 9:09:36 AM,EVCOUNT 2
9/08/2020 9:09:36 AM,252 Event OK
9/08/2020 9:09:36 AM,TODO
9/08/2020 9:09:36 AM,226 Nothing to do
9/08/2020 9:09:37 AM,EVENT 51312 1596964164 -310124702/1219228855/834/7/0 INPUT 4 0 15 v:124
9/08/2020 9:09:37 AM,252 Event OK
9/08/2020 9:09:38 AM,EVENT 51313 1596964164 -310124702/1219228855/834/7/0 INPUT 4 1 0 v:124
9/08/2020 9:09:38 AM,252 Event OK
9/08/2020 9:09:39 AM,QUIT
9/08/2020 9:09:39 AM,221 Session ended - goodbye
9/08/2020 9:10:02 AM,UNIT 9279
9/08/2020 9:10:02 AM,333 CHAL 79B4639D
9/08/2020 9:10:02 AM,RESP F4280D95
9/08/2020 9:10:02 AM,230 Auth OK
9/08/2020 9:10:03 AM,TIME
9/08/2020 9:10:03 AM,211 TIME 1596964203
9/08/2020 9:10:03 AM,EVCOUNT 1
9/08/2020 9:10:03 AM,252 Event OK
9/08/2020 9:10:04 AM,TODO
9/08/2020 9:10:04 AM,226 Nothing to do
9/08/2020 9:10:05 AM,EVENT 51314 1596964196 -310124059/1219229444/941/5/6 INPUT 3 1 0 v:124
9/08/2020 9:10:05 AM,252 Event OK
9/08/2020 9:10:05 AM,QUIT
9/08/2020 9:10:05 AM,221 Session ended - goodbye
9/08/2020 9:11:10 AM,UNIT 9279
9/08/2020 9:11:10 AM,333 CHAL 118F0EC7
9/08/2020 9:11:11 AM,RESP 13486C2B
9/08/2020 9:11:11 AM,230 Auth OK
9/08/2020 9:11:11 AM,TIME
9/08/2020 9:11:11 AM,211 TIME 1596964271
9/08/2020 9:11:12 AM,EVCOUNT 1
9/08/2020 9:11:12 AM,252 Event OK
9/08/2020 9:11:12 AM,TODO
9/08/2020 9:11:12 AM,226 Nothing to do
9/08/2020 9:11:13 AM,EVENT 51315 1596964265 -310142371/1219230672/938/0/21 ZONEOVERSPEED 51307 9 30 1 v:124
9/08/2020 9:11:13 AM,252 Event OK
9/08/2020 9:11:14 AM,EVENT 51316 1596964269 -310143413/1219231650/948/0/10 INPUT 3 0 74 v:124
9/08/2020 9:11:14 AM,252 Event OK
9/08/2020 9:11:14 AM,QUIT
9/08/2020 9:11:14 AM,221 Session ended - goodbye
9/08/2020 9:11:24 AM,UNIT 9279
9/08/2020 9:11:24 AM,333 CHAL 56AC3BB8
9/08/2020 9:11:25 AM,RESP 2D42FA0A
9/08/2020 9:11:25 AM,230 Auth OK
9/08/2020 9:11:25 AM,TIME
9/08/2020 9:11:25 AM,211 TIME 1596964285
9/08/2020 9:11:26 AM,EVCOUNT 6
9/08/2020 9:11:26 AM,252 Event OK
9/08/2020 9:11:26 AM,TODO
9/08/2020 9:11:26 AM,226 Nothing to do
9/08/2020 9:11:27 AM,EVENT 51317 1596964274 -310143580/1219231667/993/5/0 INPUT 7 1 0 v:124
9/08/2020 9:11:27 AM,252 Event OK
9/08/2020 9:11:28 AM,EVENT 51318 1596964274 -310143580/1219231667/993/5/0 INPUT 8 0 143 v:124
9/08/2020 9:11:28 AM,252 Event OK
9/08/2020 9:11:28 AM,EVENT 51319 1596964274 -310143577/1219231669/1001/5/0 INPUT 1 1 0 v:124
9/08/2020 9:11:28 AM,252 Event OK
9/08/2020 9:11:29 AM,EVENT 51320 1596964275 -310143572/1219231667/1009/5/0 INPUT 4 0 111 v:124
9/08/2020 9:11:29 AM,252 Event OK
9/08/2020 9:11:30 AM,EVENT 51321 1596964278 -310143560/1219231663/1026/5/0 TRIP 51307 76 51 13 10 140 v:124
9/08/2020 9:11:30 AM,252 Event OK
9/08/2020 9:11:30 AM,EVENT 51322 1596964278 -310143560/1219231663/1026/5/0 TRIPSUMMARY 51307 v:124
9/08/2020 9:11:30 AM,252 Event OK
9/08/2020 9:11:31 AM,QUIT
9/08/2020 9:11:31 AM,221 Session ended - goodbye
9/08/2020 10:20:09 AM,UNIT 9279
9/08/2020 10:20:09 AM,333 CHAL 1F458684
9/08/2020 10:20:09 AM,RESP 16F95E87
9/08/2020 10:20:09 AM,230 Auth OK
9/08/2020 10:20:09 AM,TIME
9/08/2020 10:20:09 AM,211 TIME 1596968409
9/08/2020 10:20:10 AM,EVCOUNT 10
9/08/2020 10:20:10 AM,252 Event OK
9/08/2020 10:20:10 AM,TODO
9/08/2020 10:20:10 AM,226 Nothing to do
9/08/2020 10:20:10 AM,EVENT 51323 1596968381 0/0/0/0/0 SWSTART OpusFC 5.0.58.518 R v:123
9/08/2020 10:20:10 AM,252 Event OK
9/08/2020 10:20:11 AM,EVENT 51324 1596964278 0/0/0/0/0 POWERDOWN v:124
9/08/2020 10:20:11 AM,252 Event OK
9/08/2020 10:20:11 AM,EVENT 51325 1596968381 0/0/0/0/0 INPUT 1 1 0 v:123
9/08/2020 10:20:11 AM,252 Event OK
9/08/2020 10:20:11 AM,EVENT 51326 1596968381 0/0/0/0/0 INPUT 2 0 0 v:123
9/08/2020 10:20:11 AM,252 Event OK
9/08/2020 10:20:11 AM,EVENT 51327 1596968381 0/0/0/0/0 INPUT 3 0 0 v:123
9/08/2020 10:20:11 AM,252 Event OK
9/08/2020 10:20:11 AM,EVENT 51328 1596968381 0/0/0/0/0 INPUT 4 0 0 v:123
9/08/2020 10:20:11 AM,252 Event OK
9/08/2020 10:20:12 AM,EVENT 51329 1596968381 0/0/0/0/0 INPUT 7 0 0 v:123
9/08/2020 10:20:12 AM,252 Event OK
9/08/2020 10:20:12 AM,EVENT 51330 1596968381 0/0/0/0/0 INPUT 8 1 0 v:123
9/08/2020 10:20:12 AM,252 Event OK
9/08/2020 10:20:12 AM,EVENT 51331 1596968383 0/0/0/0/0 ZONE_OK 2 100 FW=NO VERSION v:123
9/08/2020 10:20:12 AM,252 Event OK
9/08/2020 10:20:12 AM,EVENT 51332 1596968403 0/0/0/99/0 SIGNON 2528 01b3eefb OK_CL 26 260882 0 v:123
9/08/2020 10:20:12 AM,252 Event OK
9/08/2020 10:20:12 AM,EVENT 51333 1596968408 0/0/0/7/0 CHECKLIST 51332 OK 0 5 432 F v:123
9/08/2020 10:20:12 AM,252 Event OK
9/08/2020 10:20:13 AM,QUIT
9/08/2020 10:20:13 AM,221 Session ended - goodbye
9/08/2020 10:20:22 AM,UNIT 9279
9/08/2020 10:20:22 AM,333 CHAL 4C3F491A
9/08/2020 10:20:23 AM,RESP 48C08D95
9/08/2020 10:20:23 AM,230 Auth OK
9/08/2020 10:20:23 AM,TIME
9/08/2020 10:20:23 AM,211 TIME 1596968423
9/08/2020 10:20:24 AM,EVCOUNT 2
9/08/2020 10:20:24 AM,252 Event OK
9/08/2020 10:20:24 AM,TODO
9/08/2020 10:20:24 AM,226 Nothing to do
9/08/2020 10:20:25 AM,EVENT 51334 1596968414 0/0/0/7/0 INPUT 1 0 32 v:124
9/08/2020 10:20:25 AM,252 Event OK
9/08/2020 10:20:26 AM,EVENT 51335 1596968414 0/0/0/7/0 INPUT 4 1 0 v:124
9/08/2020 10:20:26 AM,252 Event OK
9/08/2020 10:20:26 AM,QUIT
9/08/2020 10:20:26 AM,221 Session ended - goodbye
9/08/2020 10:20:42 AM,UNIT 9279
9/08/2020 10:20:42 AM,333 CHAL 5CE355D6
9/08/2020 10:20:42 AM,RESP 1911B7C0
9/08/2020 10:20:42 AM,230 Auth OK
9/08/2020 10:20:43 AM,TIME
9/08/2020 10:20:43 AM,211 TIME 1596968443
9/08/2020 10:20:43 AM,EVCOUNT 1
9/08/2020 10:20:43 AM,252 Event OK
9/08/2020 10:20:44 AM,TODO
9/08/2020 10:20:44 AM,226 Nothing to do
9/08/2020 10:20:45 AM,EVENT 51336 1596968437 -310142909/1219231484/1400/3/4 INPUT 3 1 0 v:124
9/08/2020 10:20:45 AM,252 Event OK
9/08/2020 10:20:45 AM,QUIT
9/08/2020 10:20:45 AM,221 Session ended - goodbye
9/08/2020 10:20:55 AM,UNIT 9279
9/08/2020 10:20:55 AM,333 CHAL 630F022C
9/08/2020 10:20:56 AM,RESP 069C50D5
9/08/2020 10:20:56 AM,230 Auth OK
9/08/2020 10:20:56 AM,TIME
9/08/2020 10:20:56 AM,211 TIME 1596968456
9/08/2020 10:20:57 AM,EVCOUNT 2
9/08/2020 10:20:57 AM,252 Event OK
9/08/2020 10:20:57 AM,TODO
9/08/2020 10:20:57 AM,226 Nothing to do
9/08/2020 10:20:58 AM,EVENT 51337 1596968447 -310143213/1219235014/1135/3/9 INPUT 3 0 10 v:124
9/08/2020 10:20:58 AM,252 Event OK
9/08/2020 10:20:59 AM,EVENT 51338 1596968448 -310143194/1219235395/1104/3/7 INPUT 3 1 0 v:124
9/08/2020 10:20:59 AM,252 Event OK
9/08/2020 10:21:00 AM,QUIT
9/08/2020 10:21:00 AM,221 Session ended - goodbye
9/08/2020 10:22:08 AM,UNIT 9279
9/08/2020 10:22:08 AM,333 CHAL 26BF22A7
9/08/2020 10:22:08 AM,RESP 2E2CDD37
9/08/2020 10:22:08 AM,230 Auth OK
9/08/2020 10:22:09 AM,TIME
9/08/2020 10:22:09 AM,211 TIME 1596968529
9/08/2020 10:22:09 AM,EVCOUNT 5
9/08/2020 10:22:09 AM,252 Event OK
9/08/2020 10:22:10 AM,TODO
9/08/2020 10:22:10 AM,226 Nothing to do
9/08/2020 10:22:11 AM,EVENT 51339 1596968522 -310121515/1219229459/867/9/11 INPUT 3 0 74 v:124
9/08/2020 10:22:11 AM,252 Event OK
9/08/2020 10:22:11 AM,EVENT 51340 1596968524 -310121526/1219229445/872/9/4 INPUT 7 1 0 v:124
9/08/2020 10:22:11 AM,252 Event OK
9/08/2020 10:22:13 AM,EVENT 51341 1596968524 -310121526/1219229445/872/9/4 INPUT 8 0 142 v:124
9/08/2020 10:22:13 AM,252 Event OK
9/08/2020 10:22:13 AM,EVENT 51342 1596968524 -310121528/1219229443/875/9/3 INPUT 1 1 0 v:123
9/08/2020 10:22:13 AM,252 Event OK
9/08/2020 10:22:14 AM,EVENT 51343 1596968526 -310121533/1219229448/872/9/0 INPUT 4 0 111 v:123
9/08/2020 10:22:14 AM,252 Event OK
9/08/2020 10:22:15 AM,EVENT 51344 1596968528 -310121539/1219229465/867/9/0 TRIP 51332 84 27 12 9 123 v:123
9/08/2020 10:22:15 AM,252 Event OK
9/08/2020 10:22:16 AM,QUIT
9/08/2020 10:22:16 AM,221 Session ended - goodbye
9/08/2020 10:22:51 AM,UNIT 9279
9/08/2020 10:22:51 AM,333 CHAL 39D07542
9/08/2020 10:22:51 AM,RESP C6D15A96
9/08/2020 10:22:51 AM,230 Auth OK
9/08/2020 10:22:52 AM,TIME
9/08/2020 10:22:52 AM,211 TIME 1596968572
9/08/2020 10:22:52 AM,EVCOUNT 1
9/08/2020 10:22:52 AM,252 Event OK
9/08/2020 10:22:53 AM,TODO
9/08/2020 10:22:53 AM,226 Nothing to do
9/08/2020 10:22:54 AM,EVENT 51345 1596968566 -310121509/1219229341/863/0/0 REPORT * 0 231 v:123
9/08/2020 10:22:54 AM,252 Event OK
9/08/2020 10:22:54 AM,QUIT
9/08/2020 10:22:54 AM,221 Session ended - goodbye
9/08/2020 10:41:56 AM,UNIT 9279
9/08/2020 10:41:56 AM,333 CHAL 9831C6E
9/08/2020 10:41:57 AM,RESP 97DB6BB8
9/08/2020 10:41:57 AM,230 Auth OK
9/08/2020 10:41:57 AM,TIME
9/08/2020 10:41:57 AM,211 TIME 1596969717
9/08/2020 10:41:58 AM,EVCOUNT 2
9/08/2020 10:41:58 AM,252 Event OK
9/08/2020 10:41:58 AM,TODO
9/08/2020 10:41:58 AM,226 Nothing to do
9/08/2020 10:41:59 AM,EVENT 51346 1596969709 -310121565/1219229380/789/0/0 INPUT 8 1 0 v:123
9/08/2020 10:41:59 AM,252 Event OK
9/08/2020 10:42:00 AM,EVENT 51347 1596969709 -310121565/1219229380/789/0/0 INPUT 7 0 1185 v:124
9/08/2020 10:42:00 AM,252 Event OK
9/08/2020 10:42:00 AM,QUIT
9/08/2020 10:42:00 AM,221 Session ended - goodbye
9/08/2020 10:42:11 AM,UNIT 9279
9/08/2020 10:42:11 AM,333 CHAL ED8F38B
9/08/2020 10:42:13 AM,RESP D0D47A05
9/08/2020 10:42:13 AM,230 Auth OK
9/08/2020 10:42:15 AM,TIME
9/08/2020 10:42:15 AM,211 TIME 1596969735
9/08/2020 10:42:19 AM,EVCOUNT 3
9/08/2020 10:42:19 AM,252 Event OK
9/08/2020 10:42:19 AM,TODO
9/08/2020 10:42:19 AM,226 Nothing to do
9/08/2020 10:42:20 AM,EVENT 51348 1596969721 -310121584/1219229400/817/0/0 SIGNON 2528 01b3eefb OK 26 260882 0 v:124
9/08/2020 10:42:20 AM,252 Event OK
9/08/2020 10:42:21 AM,EVENT 51349 1596969727 -310121578/1219229396/839/0/0 INPUT 1 0 1202 v:124
9/08/2020 10:42:21 AM,252 Event OK
9/08/2020 10:42:22 AM,EVENT 51350 1596969728 -310121576/1219229395/841/0/0 INPUT 4 1 0 v:124
9/08/2020 10:42:22 AM,252 Event OK
9/08/2020 10:42:23 AM,EVENT 51351 1596969733 -310121611/1219229347/852/0/0 INPUT 4 0 6 v:124
9/08/2020 10:42:23 AM,252 Event OK
9/08/2020 10:42:25 AM,EVENT 51352 1596969733 -310121611/1219229347/852/0/0 INPUT 4 1 0 v:124
9/08/2020 10:42:25 AM,252 Event OK
9/08/2020 10:42:26 AM,EVENT 51353 1596969736 -310121818/1219228899/865/0/7 INPUT 3 1 0 v:124
9/08/2020 10:42:26 AM,252 Event OK
9/08/2020 10:42:27 AM,QUIT
9/08/2020 10:42:27 AM,221 Session ended - goodbye
9/08/2020 8:48:19 PM,UNIT 9279
9/08/2020 8:48:19 PM,333 CHAL 7D17ECDD
9/08/2020 8:48:19 PM,RESP F6C85C8F
9/08/2020 8:48:19 PM,230 Auth OK
9/08/2020 8:48:19 PM,TIME
9/08/2020 8:48:19 PM,211 TIME 1597006099
9/08/2020 8:48:20 PM,EVCOUNT 108
9/08/2020 8:48:20 PM,252 Event OK
9/08/2020 8:48:20 PM,TODO
9/08/2020 8:48:20 PM,226 Nothing to do
9/08/2020 8:48:20 PM,EVENT 51354 1596970396 0/0/0/0/20 REPORT 51348 0 0 v:124
9/08/2020 8:48:20 PM,252 Event OK
9/08/2020 8:48:20 PM,EVENT 51355 1596970524 0/0/0/0/11 INPUT 3 0 788 v:124
9/08/2020 8:48:20 PM,252 Event OK
9/08/2020 8:48:20 PM,EVENT 51356 1596970527 0/0/0/0/0 INPUT 4 0 794 v:124
9/08/2020 8:48:20 PM,252 Event OK
9/08/2020 8:48:21 PM,EVENT 51357 1596970527 0/0/0/0/0 INPUT 4 1 0 v:124
9/08/2020 8:48:21 PM,252 Event OK
9/08/2020 8:48:21 PM,EVENT 51358 1596970540 0/0/0/0/5 INPUT 3 1 0 v:124
9/08/2020 8:48:21 PM,252 Event OK
9/08/2020 8:48:21 PM,EVENT 51359 1596970541 0/0/0/0/11 INPUT 3 0 2 v:124
9/08/2020 8:48:21 PM,252 Event OK
9/08/2020 8:48:22 PM,EVENT 51360 1596970544 0/0/0/0/8 INPUT 3 1 0 v:124
9/08/2020 8:48:22 PM,252 Event OK
9/08/2020 8:48:22 PM,EVENT 51361 1596970555 0/0/0/0/11 INPUT 3 0 11 v:124
9/08/2020 8:48:22 PM,252 Event OK
9/08/2020 8:48:22 PM,EVENT 51362 1596970583 0/0/0/0/0 INPUT 4 0 56 v:124
9/08/2020 8:48:22 PM,252 Event OK
9/08/2020 8:48:22 PM,EVENT 51363 1596970583 0/0/0/0/0 INPUT 4 1 0 v:124
9/08/2020 8:48:22 PM,252 Event OK
9/08/2020 8:48:23 PM,EVENT 51364 1596970694 0/0/0/0/2 INPUT 4 0 111 v:124
9/08/2020 8:48:23 PM,252 Event OK
9/08/2020 8:48:23 PM,EVENT 51365 1596970695 0/0/0/0/2 INPUT 4 1 0 v:124
9/08/2020 8:48:23 PM,252 Event OK
9/08/2020 8:48:23 PM,EVENT 51366 1596970700 0/0/0/0/0 INPUT 4 0 6 v:124
9/08/2020 8:48:23 PM,252 Event OK
9/08/2020 8:48:23 PM,EVENT 51367 1596970700 0/0/0/0/0 INPUT 4 1 0 v:124
9/08/2020 8:48:23 PM,252 Event OK
9/08/2020 8:48:24 PM,EVENT 51368 1596970718 0/0/0/0/0 INPUT 4 0 18 v:124
9/08/2020 8:48:24 PM,252 Event OK
9/08/2020 8:48:24 PM,EVENT 51369 1596970719 0/0/0/0/0 INPUT 4 1 0 v:124
9/08/2020 8:48:24 PM,252 Event OK
9/08/2020 8:48:24 PM,EVENT 51370 1596970745 0/0/0/0/0 INPUT 4 0 27 v:124
9/08/2020 8:48:24 PM,252 Event OK
9/08/2020 8:48:24 PM,EVENT 51371 1596970745 0/0/0/0/0 INPUT 4 1 0 v:124
9/08/2020 8:48:24 PM,252 Event OK
9/08/2020 8:48:25 PM,EVENT 51372 1596970758 0/0/0/0/4 INPUT 4 0 13 v:124
9/08/2020 8:48:25 PM,252 Event OK
9/08/2020 8:48:25 PM,EVENT 51373 1596970758 0/0/0/0/4 INPUT 4 1 0 v:124
9/08/2020 8:48:25 PM,252 Event OK
9/08/2020 8:48:25 PM,EVENT 51374 1596970764 0/0/0/0/1 INPUT 4 0 6 v:124
9/08/2020 8:48:25 PM,252 Event OK
9/08/2020 8:48:25 PM,EVENT 51375 1596970764 0/0/0/0/1 INPUT 4 1 0 v:124
9/08/2020 8:48:25 PM,252 Event OK
9/08/2020 8:48:26 PM,EVENT 51376 1596970769 0/0/0/0/6 INPUT 3 1 0 v:124
9/08/2020 8:48:26 PM,252 Event OK
9/08/2020 8:48:26 PM,EVENT 51377 1596970770 0/0/0/0/8 INPUT 3 0 0 v:124
9/08/2020 8:48:26 PM,252 Event OK
9/08/2020 8:48:26 PM,EVENT 51378 1596970772 0/0/0/0/8 INPUT 3 1 0 v:124
9/08/2020 8:48:26 PM,252 Event OK
9/08/2020 8:48:26 PM,EVENT 51379 1596971327 0/0/0/0/10 INPUT 3 0 555 v:124
9/08/2020 8:48:26 PM,252 Event OK
9/08/2020 8:48:26 PM,EVENT 51380 1596971335 0/0/0/0/0 INPUT 4 0 571 v:124
9/08/2020 8:48:26 PM,252 Event OK
9/08/2020 8:48:27 PM,EVENT 51381 1596971336 0/0/0/0/0 INPUT 4 1 0 v:124
9/08/2020 8:48:27 PM,252 Event OK
9/08/2020 8:48:27 PM,EVENT 51382 1596971343 0/0/0/0/7 INPUT 3 1 0 v:124
9/08/2020 8:48:27 PM,252 Event OK
9/08/2020 8:48:27 PM,EVENT 51383 1596971357 0/0/0/0/12 INPUT 3 0 13 v:124
9/08/2020 8:48:27 PM,252 Event OK
9/08/2020 8:48:27 PM,EVENT 51384 1596971402 0/0/0/0/0 INPUT 4 0 67 v:124
9/08/2020 8:48:27 PM,252 Event OK
9/08/2020 8:48:28 PM,EVENT 51385 1596971402 0/0/0/0/0 INPUT 4 1 0 v:124
9/08/2020 8:48:28 PM,252 Event OK
9/08/2020 8:48:28 PM,EVENT 51386 1596971480 0/0/0/0/0 INPUT 4 0 78 v:124
9/08/2020 8:48:28 PM,252 Event OK
9/08/2020 8:48:28 PM,EVENT 51387 1596971480 0/0/0/0/0 INPUT 4 1 0 v:124
9/08/2020 8:48:28 PM,252 Event OK
9/08/2020 8:48:29 PM,EVENT 51388 1596971513 0/0/0/99/0 INPUT 4 0 33 v:124
9/08/2020 8:48:29 PM,252 Event OK
9/08/2020 8:48:29 PM,EVENT 51389 1596971513 0/0/0/99/0 INPUT 4 1 0 v:124
9/08/2020 8:48:29 PM,252 Event OK
9/08/2020 8:48:29 PM,EVENT 51390 1596971564 0/0/0/0/0 INPUT 4 0 51 v:124
9/08/2020 8:48:29 PM,252 Event OK
9/08/2020 8:48:29 PM,EVENT 51391 1596971565 0/0/0/0/0 INPUT 4 1 0 v:124
9/08/2020 8:48:29 PM,252 Event OK
9/08/2020 8:48:29 PM,EVENT 51392 1596971576 0/0/0/0/5 INPUT 3 1 0 v:124
9/08/2020 8:48:29 PM,252 Event OK
9/08/2020 8:48:30 PM,EVENT 51393 1596971788 0/0/0/0/10 INPUT 3 0 212 v:124
9/08/2020 8:48:30 PM,252 Event OK
9/08/2020 8:48:30 PM,EVENT 51394 1596971794 0/0/0/0/5 INPUT 1 1 0 v:124
9/08/2020 8:48:30 PM,252 Event OK
9/08/2020 8:48:30 PM,EVENT 51395 1596971803 0/0/0/0/0 OILPRESSURE 51348 3 v:124
9/08/2020 8:48:30 PM,252 Event OK
9/08/2020 8:48:30 PM,EVENT 51396 1596971803 0/0/0/0/0 INPUT 4 0 239 v:124
9/08/2020 8:48:30 PM,252 Event OK
9/08/2020 8:48:31 PM,EVENT 51397 1596971803 0/0/0/0/0 INPUT 1 0 9 v:124
9/08/2020 8:48:31 PM,252 Event OK
9/08/2020 8:48:31 PM,EVENT 51398 1596971805 0/0/0/0/0 INPUT 4 1 0 v:124
9/08/2020 8:48:31 PM,252 Event OK
9/08/2020 8:48:31 PM,EVENT 51399 1596971810 0/0/0/0/0 ENGINEOVERSPEED 51348 7 8471 v:124
9/08/2020 8:48:31 PM,252 Event OK
9/08/2020 8:48:31 PM,EVENT 51400 1596971831 0/0/0/0/0 INPUT 4 0 27 v:124
9/08/2020 8:48:31 PM,252 Event OK
9/08/2020 8:48:32 PM,EVENT 51401 1596971831 0/0/0/0/0 INPUT 4 1 0 v:124
9/08/2020 8:48:32 PM,252 Event OK
9/08/2020 8:48:32 PM,EVENT 51402 1596971834 0/0/0/0/0 INPUT 4 0 3 v:124
9/08/2020 8:48:32 PM,252 Event OK
9/08/2020 8:48:32 PM,EVENT 51403 1596971835 0/0/0/0/0 INPUT 4 1 0 v:124
9/08/2020 8:48:32 PM,252 Event OK
9/08/2020 8:48:32 PM,EVENT 51404 1596971839 0/0/0/0/0 INPUT 4 0 5 v:124
9/08/2020 8:48:32 PM,252 Event OK
9/08/2020 8:48:33 PM,EVENT 51405 1596971839 0/0/0/0/0 INPUT 4 1 0 v:124
9/08/2020 8:48:33 PM,252 Event OK
9/08/2020 8:48:33 PM,EVENT 51406 1596971853 0/0/0/0/0 INPUT 7 1 0 v:124
9/08/2020 8:48:33 PM,252 Event OK
9/08/2020 8:48:33 PM,EVENT 51407 1596971853 0/0/0/0/0 INPUT 8 0 2144 v:124
9/08/2020 8:48:33 PM,252 Event OK
9/08/2020 8:48:34 PM,EVENT 51408 1596971854 0/0/0/0/0 INPUT 1 1 0 v:124
9/08/2020 8:48:34 PM,252 Event OK
9/08/2020 8:48:34 PM,EVENT 51409 1596971855 0/0/0/0/0 INPUT 4 0 16 v:124
9/08/2020 8:48:34 PM,252 Event OK
9/08/2020 8:48:34 PM,EVENT 51410 1596971857 0/0/0/0/0 TRIP 51348 1581 546 10 7 2137 v:124
9/08/2020 8:48:34 PM,252 Event OK
9/08/2020 8:48:34 PM,EVENT 51411 1596971857 0/0/0/0/0 TRIPSUMMARY 51348 v:124
9/08/2020 8:48:34 PM,252 Event OK
9/08/2020 8:48:35 PM,EVENT 51412 1596971933 0/0/0/0/0 INPUT 8 1 0 v:124
9/08/2020 8:48:35 PM,252 Event OK
9/08/2020 8:48:35 PM,EVENT 51413 1596971934 0/0/0/0/0 INPUT 7 0 81 v:124
9/08/2020 8:48:35 PM,252 Event OK
9/08/2020 8:48:35 PM,EVENT 51414 1596971934 0/0/0/0/0 INPUT 7 1 0 v:124
9/08/2020 8:48:35 PM,252 Event OK
9/08/2020 8:48:36 PM,EVENT 51415 1596971934 0/0/0/0/0 INPUT 8 0 1 v:124
9/08/2020 8:48:36 PM,252 Event OK
9/08/2020 8:48:36 PM,EVENT 51416 1597004305 0/0/0/0/0 SWSTART OpusFC 5.0.58.518 R v:123
9/08/2020 8:48:36 PM,252 Event OK
9/08/2020 8:48:37 PM,EVENT 51417 1596971857 0/0/0/0/0 POWERDOWN v:124
9/08/2020 8:48:37 PM,252 Event OK
9/08/2020 8:48:37 PM,EVENT 51418 1597004305 0/0/0/0/0 INPUT 1 1 0 v:123
9/08/2020 8:48:37 PM,252 Event OK
9/08/2020 8:48:37 PM,EVENT 51419 1597004305 0/0/0/0/0 INPUT 2 0 0 v:122
9/08/2020 8:48:37 PM,252 Event OK
9/08/2020 8:48:37 PM,EVENT 51420 1597004305 0/0/0/0/0 INPUT 3 0 0 v:122
9/08/2020 8:48:37 PM,252 Event OK
9/08/2020 8:48:38 PM,EVENT 51421 1597004305 0/0/0/0/0 INPUT 4 0 0 v:122
9/08/2020 8:48:38 PM,252 Event OK
9/08/2020 8:48:38 PM,EVENT 51422 1597004305 0/0/0/0/0 INPUT 7 0 0 v:122
9/08/2020 8:48:38 PM,252 Event OK
9/08/2020 8:48:38 PM,EVENT 51423 1597004305 0/0/0/0/0 INPUT 8 1 0 v:122
9/08/2020 8:48:38 PM,252 Event OK
9/08/2020 8:48:38 PM,EVENT 51424 1597004307 0/0/0/0/0 ZONE_OK 2 100 FW=NO VERSION v:122
9/08/2020 8:48:38 PM,252 Event OK
9/08/2020 8:48:39 PM,EVENT 51425 1597004328 0/0/0/99/0 SIGNON 2529 03f3f8d1 OK 26 60397 0 v:123
9/08/2020 8:48:39 PM,252 Event OK
9/08/2020 8:48:39 PM,EVENT 51426 1597004334 0/0/0/0/0 INPUT 4 1 0 v:123
9/08/2020 8:48:39 PM,252 Event OK
9/08/2020 8:48:39 PM,EVENT 51427 1597004335 0/0/0/0/0 INPUT 1 0 29 v:124
9/08/2020 8:48:39 PM,252 Event OK
9/08/2020 8:48:40 PM,EVENT 51428 1597004341 0/0/0/0/0 INPUT 4 0 8 v:123
9/08/2020 8:48:40 PM,252 Event OK
9/08/2020 8:48:40 PM,EVENT 51429 1597004341 0/0/0/0/0 INPUT 4 1 0 v:123
9/08/2020 8:48:40 PM,252 Event OK
9/08/2020 8:48:40 PM,EVENT 51430 1597004356 0/0/0/0/2 INPUT 4 0 15 v:123
9/08/2020 8:48:40 PM,252 Event OK
9/08/2020 8:48:41 PM,EVENT 51431 1597004356 0/0/0/0/1 INPUT 4 1 0 v:123
9/08/2020 8:48:41 PM,252 Event OK
9/08/2020 8:48:41 PM,EVENT 51432 1597004384 0/0/0/0/7 INPUT 3 1 0 v:124
9/08/2020 8:48:41 PM,252 Event OK
9/08/2020 8:48:41 PM,EVENT 51433 1597004391 0/0/0/0/9 INPUT 3 0 7 v:124
9/08/2020 8:48:41 PM,252 Event OK
9/08/2020 8:48:41 PM,EVENT 51434 1597004399 0/0/0/0/8 INPUT 3 1 0 v:124
9/08/2020 8:48:41 PM,252 Event OK
9/08/2020 8:48:42 PM,EVENT 51435 1597004432 0/0/0/0/9 INPUT 3 0 33 v:124
9/08/2020 8:48:42 PM,252 Event OK
9/08/2020 8:48:42 PM,EVENT 51436 1597004491 0/0/0/0/0 INPUT 4 0 135 v:124
9/08/2020 8:48:42 PM,252 Event OK
9/08/2020 8:48:42 PM,EVENT 51437 1597004491 0/0/0/0/0 INPUT 4 1 0 v:124
9/08/2020 8:48:42 PM,252 Event OK
9/08/2020 8:48:43 PM,EVENT 51438 1597004503 0/0/0/0/8 INPUT 3 1 0 v:124
9/08/2020 8:48:43 PM,252 Event OK
9/08/2020 8:48:43 PM,EVENT 51439 1597004506 0/0/0/0/9 INPUT 3 0 2 v:124
9/08/2020 8:48:43 PM,252 Event OK
9/08/2020 8:48:43 PM,EVENT 51440 1597004508 0/0/0/0/8 INPUT 3 1 0 v:124
9/08/2020 8:48:43 PM,252 Event OK
9/08/2020 8:48:44 PM,EVENT 51441 1597004522 0/0/0/0/9 INPUT 3 0 13 v:124
9/08/2020 8:48:44 PM,252 Event OK
9/08/2020 8:48:44 PM,EVENT 51442 1597004533 0/0/0/0/0 INPUT 4 0 42 v:124
9/08/2020 8:48:44 PM,252 Event OK
9/08/2020 8:48:44 PM,EVENT 51443 1597004533 0/0/0/0/0 INPUT 4 1 0 v:124
9/08/2020 8:48:44 PM,252 Event OK
9/08/2020 8:48:45 PM,EVENT 51444 1597004577 0/0/0/0/5 INPUT 3 1 0 v:124
9/08/2020 8:48:45 PM,252 Event OK
9/08/2020 8:48:45 PM,EVENT 51445 1597004778 0/0/0/0/10 INPUT 3 0 201 v:124
9/08/2020 8:48:45 PM,252 Event OK
9/08/2020 8:48:45 PM,EVENT 51446 1597004779 0/0/0/0/5 INPUT 4 0 246 v:124
9/08/2020 8:48:45 PM,252 Event OK
9/08/2020 8:48:45 PM,EVENT 51447 1597004779 0/0/0/0/4 INPUT 4 1 0 v:124
9/08/2020 8:48:45 PM,252 Event OK
9/08/2020 8:48:46 PM,EVENT 51448 1597004848 0/0/0/0/0 INPUT 4 0 69 v:124
9/08/2020 8:48:46 PM,252 Event OK
9/08/2020 8:48:46 PM,EVENT 51449 1597004848 0/0/0/0/0 INPUT 4 1 0 v:124
9/08/2020 8:48:46 PM,252 Event OK
9/08/2020 8:48:46 PM,EVENT 51450 1597004868 0/0/0/0/8 INPUT 3 1 0 v:124
9/08/2020 8:48:46 PM,252 Event OK
9/08/2020 8:48:47 PM,EVENT 51451 1597004883 0/0/0/0/10 INPUT 3 0 15 v:124
9/08/2020 8:48:47 PM,252 Event OK
9/08/2020 8:48:47 PM,EVENT 51452 1597004900 0/0/0/0/7 INPUT 3 1 0 v:124
9/08/2020 8:48:47 PM,252 Event OK
9/08/2020 8:48:47 PM,EVENT 51453 1597005022 0/0/0/0/11 INPUT 3 0 122 v:124
9/08/2020 8:48:47 PM,252 Event OK
9/08/2020 8:48:48 PM,EVENT 51454 1597005039 0/0/0/0/8 INPUT 3 1 0 v:124
9/08/2020 8:48:48 PM,252 Event OK
9/08/2020 8:48:48 PM,EVENT 51455 1597005045 0/0/0/0/9 INPUT 3 0 6 v:124
9/08/2020 8:48:48 PM,252 Event OK
9/08/2020 8:48:48 PM,EVENT 51456 1597005046 0/0/0/0/8 INPUT 3 1 0 v:124
9/08/2020 8:48:48 PM,252 Event OK
9/08/2020 8:48:49 PM,EVENT 51457 1597005653 0/0/0/0/15 INPUT 3 0 607 v:124
9/08/2020 8:48:49 PM,252 Event OK
9/08/2020 8:48:49 PM,EVENT 51458 1597005658 0/0/0/0/5 INPUT 3 1 0 v:124
9/08/2020 8:48:49 PM,252 Event OK
9/08/2020 8:48:50 PM,EVENT 51459 1597006073 0/0/0/0/11 INPUT 3 0 415 v:124
9/08/2020 8:48:50 PM,252 Event OK
9/08/2020 8:48:50 PM,EVENT 51460 1597006075 0/0/0/0/3 INPUT 4 0 1227 v:124
9/08/2020 8:48:50 PM,252 Event OK
9/08/2020 8:48:50 PM,EVENT 51461 1597006075 0/0/0/0/3 INPUT 4 1 0 v:124
9/08/2020 8:48:50 PM,252 Event OK
9/08/2020 8:48:51 PM,EVENT 51462 1597006120 -310121935/1219228309/1100/0/0 INPUT 7 1 0 v:124
9/08/2020 8:48:51 PM,252 Event OK
9/08/2020 8:48:51 PM,EVENT 51463 1597006120 -310121935/1219228309/1100/0/0 INPUT 8 0 1814 v:124
9/08/2020 8:48:51 PM,252 Event OK
9/08/2020 8:48:51 PM,EVENT 51464 1597006121 -310121931/1219228306/1096/0/0 INPUT 1 1 0 v:124
9/08/2020 8:48:51 PM,252 Event OK
9/08/2020 8:48:52 PM,EVENT 51465 1597006124 -310121914/1219228299/1075/0/0 TRIP 51425 1421 370 5 5 1796 v:124
9/08/2020 8:48:52 PM,252 Event OK
9/08/2020 8:48:52 PM,EVENT 51466 1597006125 -310121912/1219228298/1074/0/0 INPUT 4 0 49 v:124
9/08/2020 8:48:52 PM,252 Event OK
9/08/2020 8:48:52 PM,QUIT
9/08/2020 8:48:52 PM,221 Session ended - goodbye
9/08/2020 8:49:02 PM,UNIT 9279
9/08/2020 8:49:02 PM,333 CHAL 4FF325FE
9/08/2020 8:49:02 PM,RESP 7CED6516
9/08/2020 8:49:02 PM,230 Auth OK
9/08/2020 8:49:03 PM,TIME
9/08/2020 8:49:03 PM,211 TIME 1597006143
9/08/2020 8:49:04 PM,EVCOUNT 1
9/08/2020 8:49:04 PM,252 Event OK
9/08/2020 8:49:04 PM,TODO
9/08/2020 8:49:04 PM,226 Nothing to do
9/08/2020 8:49:05 PM,EVENT 51467 1597006137 -310121941/1219228229/1040/0/0 REPORT * 0 41 v:124
9/08/2020 8:49:05 PM,252 Event OK
9/08/2020 8:49:06 PM,QUIT
9/08/2020 8:49:06 PM,221 Session ended - goodbye
9/08/2020 8:55:55 PM,UNIT 9279
9/08/2020 8:55:55 PM,333 CHAL 33D1229F
9/08/2020 8:55:56 PM,RESP A4C1DD9B
9/08/2020 8:55:56 PM,230 Auth OK
9/08/2020 8:55:57 PM,TIME
9/08/2020 8:55:57 PM,211 TIME 1597006557
9/08/2020 8:55:57 PM,EVCOUNT 2
9/08/2020 8:55:57 PM,252 Event OK
9/08/2020 8:55:58 PM,TODO
9/08/2020 8:55:58 PM,226 Nothing to do
9/08/2020 8:55:59 PM,EVENT 51468 1597006551 -310121875/1219228156/906/5/0 INPUT 8 1 0 v:124
9/08/2020 8:55:59 PM,252 Event OK
9/08/2020 8:56:00 PM,EVENT 51469 1597006551 -310121875/1219228156/906/5/0 INPUT 7 0 431 v:124
9/08/2020 8:56:00 PM,252 Event OK
9/08/2020 8:56:00 PM,QUIT
9/08/2020 8:56:00 PM,221 Session ended - goodbye
9/08/2020 8:56:11 PM,UNIT 9279
9/08/2020 8:56:11 PM,333 CHAL 1D163AD1
9/08/2020 8:56:12 PM,RESP 3CD6C5CC
9/08/2020 8:56:12 PM,230 Auth OK
9/08/2020 8:56:12 PM,TIME
9/08/2020 8:56:12 PM,211 TIME 1597006572
9/08/2020 8:56:13 PM,EVCOUNT 3
9/08/2020 8:56:13 PM,252 Event OK
9/08/2020 8:56:14 PM,TODO
9/08/2020 8:56:14 PM,226 Nothing to do
9/08/2020 8:56:14 PM,EVENT 51470 1597006563 -310121962/1219228167/892/5/0 SIGNON 2529 03f3f8d1 OK 26 60397 0 v:124
9/08/2020 8:56:14 PM,252 Event OK
9/08/2020 8:56:15 PM,EVENT 51471 1597006570 -310121953/1219228157/886/5/0 INPUT 1 0 449 v:124
9/08/2020 8:56:15 PM,252 Event OK
9/08/2020 8:56:16 PM,EVENT 51472 1597006570 -310121952/1219228157/887/5/0 INPUT 4 1 0 v:124
9/08/2020 8:56:16 PM,252 Event OK
9/08/2020 8:56:17 PM,EVENT 51473 1597006573 -310121946/1219228161/893/5/0 INPUT 4 0 4 v:123
9/08/2020 8:56:17 PM,252 Event OK
9/08/2020 8:56:20 PM,EVENT 51474 1597006573 -310121946/1219228161/893/5/0 INPUT 4 1 0 v:123
9/08/2020 8:56:20 PM,252 Event OK
9/08/2020 8:56:21 PM,QUIT
9/08/2020 8:56:21 PM,221 Session ended - goodbye
9/08/2020 8:56:35 PM,UNIT 9279
9/08/2020 8:56:35 PM,333 CHAL 5AF4A81
9/08/2020 8:56:36 PM,RESP 527B42CE
9/08/2020 8:56:36 PM,230 Auth OK
9/08/2020 8:56:36 PM,TIME
9/08/2020 8:56:36 PM,211 TIME 1597006596
9/08/2020 8:56:37 PM,EVCOUNT 5
9/08/2020 8:56:37 PM,252 Event OK
9/08/2020 8:56:37 PM,TODO
9/08/2020 8:56:37 PM,226 Nothing to do
9/08/2020 8:56:38 PM,EVENT 51475 1597006579 -310121872/1219228268/883/3/0 INPUT 4 0 6 v:123
9/08/2020 8:56:38 PM,252 Event OK
9/08/2020 8:56:39 PM,EVENT 51476 1597006580 -310121856/1219228294/883/3/0 INPUT 4 1 0 v:123
9/08/2020 8:56:39 PM,252 Event OK
9/08/2020 8:56:40 PM,EVENT 51477 1597006582 -310121745/1219228447/892/3/0 INPUT 4 0 3 v:123
9/08/2020 8:56:40 PM,252 Event OK
9/08/2020 8:56:40 PM,EVENT 51478 1597006582 -310121713/1219228481/886/3/0 INPUT 4 1 0 v:123
9/08/2020 8:56:40 PM,252 Event OK
9/08/2020 8:56:41 PM,EVENT 51479 1597006589 -310121036/1219229181/875/3/8 INPUT 3 1 0 v:123
9/08/2020 8:56:41 PM,252 Event OK
9/08/2020 8:56:42 PM,QUIT
9/08/2020 8:56:42 PM,221 Session ended - goodbye
9/08/2020 8:57:27 PM,UNIT 9279
9/08/2020 8:57:27 PM,333 CHAL FB0BF43
9/08/2020 8:57:28 PM,RESP 14D8315C
9/08/2020 8:57:28 PM,230 Auth OK
9/08/2020 8:57:28 PM,TIME
9/08/2020 8:57:28 PM,211 TIME 1597006648
9/08/2020 8:57:29 PM,EVCOUNT 1
9/08/2020 8:57:29 PM,252 Event OK
9/08/2020 8:57:29 PM,TODO
9/08/2020 8:57:29 PM,226 Nothing to do
9/08/2020 8:57:30 PM,EVENT 51480 1597006642 -310128633/1219228465/915/2/12 INPUT 3 0 54 v:124
9/08/2020 8:57:30 PM,252 Event OK
9/08/2020 8:57:31 PM,QUIT
9/08/2020 8:57:31 PM,221 Session ended - goodbye
9/08/2020 8:57:45 PM,UNIT 9279
9/08/2020 8:57:45 PM,333 CHAL 2A86666C
9/08/2020 8:57:46 PM,RESP 6DA5E679
9/08/2020 8:57:46 PM,230 Auth OK
9/08/2020 8:57:46 PM,TIME
9/08/2020 8:57:46 PM,211 TIME 1597006666
9/08/2020 8:57:47 PM,EVCOUNT 2
9/08/2020 8:57:47 PM,252 Event OK
9/08/2020 8:57:47 PM,TODO
9/08/2020 8:57:47 PM,226 Nothing to do
9/08/2020 8:57:48 PM,EVENT 51481 1597006660 -310128427/1219228306/833/2/0 INPUT 4 0 78 v:124
9/08/2020 8:57:48 PM,252 Event OK
9/08/2020 8:57:49 PM,EVENT 51482 1597006660 -310128427/1219228306/833/2/0 INPUT 4 1 0 v:124
9/08/2020 8:57:49 PM,252 Event OK
9/08/2020 8:57:49 PM,QUIT
9/08/2020 8:57:49 PM,221 Session ended - goodbye
9/08/2020 8:59:23 PM,UNIT 9279
9/08/2020 8:59:23 PM,333 CHAL 2B1ECC9A
9/08/2020 8:59:25 PM,RESP DE87DF0A
9/08/2020 8:59:25 PM,230 Auth OK
9/08/2020 8:59:27 PM,TIME
9/08/2020 8:59:27 PM,211 TIME 1597006767
9/08/2020 8:59:27 PM,EVCOUNT 1
9/08/2020 8:59:27 PM,252 Event OK
9/08/2020 8:59:28 PM,TODO
9/08/2020 8:59:28 PM,226 Nothing to do
9/08/2020 8:59:29 PM,EVENT 51483 1597006756 -310128815/1219228581/800/2/6 INPUT 3 1 0 v:124
9/08/2020 8:59:29 PM,252 Event OK
9/08/2020 8:59:29 PM,QUIT
9/08/2020 8:59:29 PM,221 Session ended - goodbye
9/08/2020 8:59:40 PM,UNIT 9279
9/08/2020 8:59:40 PM,333 CHAL 434BB812
9/08/2020 8:59:41 PM,RESP 65105A62
9/08/2020 8:59:41 PM,230 Auth OK
9/08/2020 8:59:41 PM,TIME
9/08/2020 8:59:41 PM,211 TIME 1597006781
9/08/2020 8:59:42 PM,EVCOUNT 1
9/08/2020 8:59:42 PM,252 Event OK
9/08/2020 8:59:42 PM,TODO
9/08/2020 8:59:42 PM,226 Nothing to do
9/08/2020 8:59:43 PM,EVENT 51484 1597006775 -310130077/1219222205/874/2/9 INPUT 3 0 19 v:124
9/08/2020 8:59:43 PM,252 Event OK
9/08/2020 8:59:44 PM,QUIT
9/08/2020 8:59:44 PM,221 Session ended - goodbye
9/08/2020 9:00:30 PM,UNIT 9279
9/08/2020 9:00:30 PM,333 CHAL 19EED8C7
9/08/2020 9:00:31 PM,RESP 40B610D3
9/08/2020 9:00:31 PM,230 Auth OK
9/08/2020 9:00:32 PM,TIME
9/08/2020 9:00:32 PM,211 TIME 1597006832
9/08/2020 9:00:32 PM,EVCOUNT 2
9/08/2020 9:00:32 PM,252 Event OK
9/08/2020 9:00:33 PM,TODO
9/08/2020 9:00:33 PM,226 Nothing to do
9/08/2020 9:00:34 PM,EVENT 51485 1597006825 -310130013/1219222205/950/7/0 INPUT 4 0 165 v:123
9/08/2020 9:00:34 PM,252 Event OK
9/08/2020 9:00:35 PM,EVENT 51486 1597006825 -310130013/1219222205/950/7/0 INPUT 4 1 0 v:124
9/08/2020 9:00:35 PM,252 Event OK
9/08/2020 9:00:36 PM,QUIT
9/08/2020 9:00:36 PM,221 Session ended - goodbye
9/08/2020 9:01:03 PM,UNIT 9279
9/08/2020 9:01:03 PM,333 CHAL 2595078F
9/08/2020 9:01:04 PM,RESP 768D5EDE
9/08/2020 9:01:04 PM,230 Auth OK
9/08/2020 9:01:04 PM,TIME
9/08/2020 9:01:04 PM,211 TIME 1597006864
9/08/2020 9:01:05 PM,EVCOUNT 2
9/08/2020 9:01:05 PM,252 Event OK
9/08/2020 9:01:06 PM,TODO
9/08/2020 9:01:06 PM,226 Nothing to do
9/08/2020 9:01:07 PM,EVENT 51487 1597006858 -310130006/1219222190/1018/7/0 INPUT 4 0 33 v:124
9/08/2020 9:01:07 PM,252 Event OK
9/08/2020 9:01:08 PM,EVENT 51488 1597006858 -310130006/1219222190/1018/7/0 INPUT 4 1 0 v:124
9/08/2020 9:01:08 PM,252 Event OK
9/08/2020 9:01:08 PM,QUIT
9/08/2020 9:01:08 PM,221 Session ended - goodbye
9/08/2020 9:03:03 PM,UNIT 9279
9/08/2020 9:03:03 PM,333 CHAL 637F55B4
9/08/2020 9:03:04 PM,RESP BB7D9554
9/08/2020 9:03:04 PM,230 Auth OK
9/08/2020 9:03:04 PM,TIME
9/08/2020 9:03:04 PM,211 TIME 1597006984
9/08/2020 9:03:05 PM,EVCOUNT 2
9/08/2020 9:03:05 PM,252 Event OK
9/08/2020 9:03:06 PM,TODO
9/08/2020 9:03:06 PM,226 Nothing to do
9/08/2020 9:03:07 PM,EVENT 51489 1597006978 -310129975/1219222217/1068/7/0 INPUT 4 0 120 v:124
9/08/2020 9:03:07 PM,252 Event OK
9/08/2020 9:03:08 PM,EVENT 51490 1597006978 -310129975/1219222217/1068/7/0 INPUT 4 1 0 v:124
9/08/2020 9:03:08 PM,252 Event OK
9/08/2020 9:03:08 PM,QUIT
9/08/2020 9:03:08 PM,221 Session ended - goodbye
9/08/2020 9:04:51 PM,UNIT 9279
9/08/2020 9:04:51 PM,333 CHAL D020F45
9/08/2020 9:04:52 PM,RESP E862C106
9/08/2020 9:04:52 PM,230 Auth OK
9/08/2020 9:04:53 PM,TIME
9/08/2020 9:04:53 PM,211 TIME 1597007093
9/08/2020 9:04:53 PM,EVCOUNT 2
9/08/2020 9:04:53 PM,252 Event OK
9/08/2020 9:04:54 PM,TODO
9/08/2020 9:04:54 PM,226 Nothing to do
9/08/2020 9:04:55 PM,EVENT 51491 1597007086 -310130020/1219222253/952/7/0 INPUT 4 0 108 v:124
9/08/2020 9:04:55 PM,252 Event OK
9/08/2020 9:04:56 PM,EVENT 51492 1597007086 -310130020/1219222253/952/7/0 INPUT 4 1 0 v:124
9/08/2020 9:04:56 PM,252 Event OK
9/08/2020 9:04:56 PM,QUIT
9/08/2020 9:04:56 PM,221 Session ended - goodbye
9/08/2020 9:06:08 PM,UNIT 9279
9/08/2020 9:06:08 PM,333 CHAL D02A6BD
9/08/2020 9:06:09 PM,RESP A0B96ADC
9/08/2020 9:06:09 PM,230 Auth OK
9/08/2020 9:06:10 PM,TIME
9/08/2020 9:06:10 PM,211 TIME 1597007170
9/08/2020 9:06:10 PM,EVCOUNT 2
9/08/2020 9:06:10 PM,252 Event OK
9/08/2020 9:06:11 PM,TODO
9/08/2020 9:06:11 PM,226 Nothing to do
9/08/2020 9:06:12 PM,EVENT 51493 1597007163 -310129873/1219222140/902/7/0 INPUT 4 0 77 v:124
9/08/2020 9:06:12 PM,252 Event OK
9/08/2020 9:06:13 PM,EVENT 51494 1597007163 -310129873/1219222140/902/7/0 INPUT 4 1 0 v:124
9/08/2020 9:06:13 PM,252 Event OK
9/08/2020 9:06:13 PM,QUIT
9/08/2020 9:06:13 PM,221 Session ended - goodbye
9/08/2020 9:06:41 PM,UNIT 9279
9/08/2020 9:06:41 PM,333 CHAL 3857AF4D
9/08/2020 9:06:42 PM,RESP EE257665
9/08/2020 9:06:42 PM,230 Auth OK
9/08/2020 9:06:43 PM,TIME
9/08/2020 9:06:43 PM,211 TIME 1597007203
9/08/2020 9:06:43 PM,EVCOUNT 2
9/08/2020 9:06:43 PM,252 Event OK
9/08/2020 9:06:44 PM,TODO
9/08/2020 9:06:44 PM,226 Nothing to do
9/08/2020 9:06:45 PM,EVENT 51495 1597007196 -310129921/1219222057/849/7/0 INPUT 4 0 33 v:124
9/08/2020 9:06:45 PM,252 Event OK
9/08/2020 9:06:46 PM,EVENT 51496 1597007196 -310129921/1219222057/849/7/0 INPUT 4 1 0 v:124
9/08/2020 9:06:46 PM,252 Event OK
9/08/2020 9:06:46 PM,QUIT
9/08/2020 9:06:46 PM,221 Session ended - goodbye
9/08/2020 9:07:25 PM,UNIT 9279
9/08/2020 9:07:25 PM,333 CHAL 28A7CA2B
9/08/2020 9:07:26 PM,RESP 1EC56174
9/08/2020 9:07:26 PM,230 Auth OK
9/08/2020 9:07:27 PM,TIME
9/08/2020 9:07:27 PM,211 TIME 1597007247
9/08/2020 9:07:27 PM,EVCOUNT 2
9/08/2020 9:07:27 PM,252 Event OK
9/08/2020 9:07:28 PM,TODO
9/08/2020 9:07:28 PM,226 Nothing to do
9/08/2020 9:07:29 PM,EVENT 51497 1597007240 -310129916/1219222050/837/7/0 INPUT 4 0 44 v:124
9/08/2020 9:07:29 PM,252 Event OK
9/08/2020 9:07:30 PM,EVENT 51498 1597007240 -310129916/1219222050/837/7/0 INPUT 4 1 0 v:124
9/08/2020 9:07:30 PM,252 Event OK
9/08/2020 9:07:30 PM,QUIT
9/08/2020 9:07:30 PM,221 Session ended - goodbye
9/08/2020 9:07:54 PM,UNIT 9279
9/08/2020 9:07:54 PM,333 CHAL 4599AE76
9/08/2020 9:07:54 PM,RESP 4D194CFB
9/08/2020 9:07:54 PM,230 Auth OK
9/08/2020 9:07:55 PM,TIME
9/08/2020 9:07:55 PM,211 TIME 1597007275
9/08/2020 9:07:56 PM,EVCOUNT 4
9/08/2020 9:07:56 PM,252 Event OK
9/08/2020 9:07:56 PM,TODO
9/08/2020 9:07:56 PM,226 Nothing to do
9/08/2020 9:07:57 PM,EVENT 51499 1597007269 -310130027/1219222600/816/7/3 INPUT 4 0 29 v:124
9/08/2020 9:07:57 PM,252 Event OK
9/08/2020 9:07:58 PM,EVENT 51500 1597007269 -310130027/1219222600/816/7/3 INPUT 4 1 0 v:124
9/08/2020 9:07:58 PM,252 Event OK
9/08/2020 9:07:59 PM,EVENT 51501 1597007272 -310130080/1219222746/820/7/0 INPUT 4 0 3 v:124
9/08/2020 9:07:59 PM,252 Event OK
9/08/2020 9:08:00 PM,EVENT 51502 1597007272 -310130080/1219222746/820/7/0 INPUT 4 1 0 v:124
9/08/2020 9:08:00 PM,252 Event OK
9/08/2020 9:08:00 PM,QUIT
9/08/2020 9:08:00 PM,221 Session ended - goodbye
9/08/2020 9:08:13 PM,UNIT 9279
9/08/2020 9:08:13 PM,333 CHAL 14A37EE6
9/08/2020 9:08:13 PM,RESP 3432972A
9/08/2020 9:08:13 PM,230 Auth OK
9/08/2020 9:08:14 PM,TIME
9/08/2020 9:08:14 PM,211 TIME 1597007294
9/08/2020 9:08:15 PM,EVCOUNT 2
9/08/2020 9:08:15 PM,252 Event OK
9/08/2020 9:08:15 PM,TODO
9/08/2020 9:08:15 PM,226 Nothing to do
9/08/2020 9:08:16 PM,EVENT 51503 1597007282 -310130159/1219222798/822/7/0 INPUT 4 0 10 v:124
9/08/2020 9:08:16 PM,252 Event OK
9/08/2020 9:08:17 PM,EVENT 51504 1597007282 -310130159/1219222798/822/7/0 INPUT 4 1 0 v:124
9/08/2020 9:08:17 PM,252 Event OK
9/08/2020 9:08:18 PM,QUIT
9/08/2020 9:08:18 PM,221 Session ended - goodbye
9/08/2020 9:09:24 PM,UNIT 9279
9/08/2020 9:09:24 PM,333 CHAL 4DFFEA4F
9/08/2020 9:09:24 PM,RESP 89B16951
9/08/2020 9:09:24 PM,230 Auth OK
9/08/2020 9:09:25 PM,TIME
9/08/2020 9:09:25 PM,211 TIME 1597007365
9/08/2020 9:09:26 PM,EVCOUNT 2
9/08/2020 9:09:26 PM,252 Event OK
9/08/2020 9:09:27 PM,TODO
9/08/2020 9:09:27 PM,226 Nothing to do
9/08/2020 9:09:27 PM,EVENT 51505 1597007358 -310130283/1219222875/859/2/0 INPUT 4 0 76 v:124
9/08/2020 9:09:27 PM,252 Event OK
9/08/2020 9:09:28 PM,EVENT 51506 1597007358 -310130283/1219222875/859/2/0 INPUT 4 1 0 v:124
9/08/2020 9:09:28 PM,252 Event OK
9/08/2020 9:09:29 PM,QUIT
9/08/2020 9:09:29 PM,221 Session ended - goodbye
9/08/2020 9:10:07 PM,UNIT 9279
9/08/2020 9:10:07 PM,333 CHAL 6E0B1CFB
9/08/2020 9:10:07 PM,RESP 0A20411E
9/08/2020 9:10:07 PM,230 Auth OK
9/08/2020 9:10:08 PM,TIME
9/08/2020 9:10:08 PM,211 TIME 1597007408
9/08/2020 9:10:09 PM,EVCOUNT 2
9/08/2020 9:10:09 PM,252 Event OK
9/08/2020 9:10:09 PM,TODO
9/08/2020 9:10:09 PM,226 Nothing to do
9/08/2020 9:10:10 PM,EVENT 51507 1597007402 -310130286/1219222851/830/2/0 INPUT 4 0 44 v:124
9/08/2020 9:10:10 PM,252 Event OK
9/08/2020 9:10:11 PM,EVENT 51508 1597007402 -310130286/1219222851/830/2/0 INPUT 4 1 0 v:124
9/08/2020 9:10:11 PM,252 Event OK
9/08/2020 9:10:12 PM,QUIT
9/08/2020 9:10:12 PM,221 Session ended - goodbye
9/08/2020 9:11:14 PM,UNIT 9279
9/08/2020 9:11:14 PM,333 CHAL 727D053
9/08/2020 9:11:15 PM,RESP E9F67DF7
9/08/2020 9:11:15 PM,230 Auth OK
9/08/2020 9:11:16 PM,TIME
9/08/2020 9:11:16 PM,211 TIME 1597007476
9/08/2020 9:11:16 PM,EVCOUNT 2
9/08/2020 9:11:16 PM,252 Event OK
9/08/2020 9:11:17 PM,TODO
9/08/2020 9:11:17 PM,226 Nothing to do
9/08/2020 9:11:18 PM,EVENT 51509 1597007468 -310130128/1219222730/877/2/0 INPUT 4 0 66 v:124
9/08/2020 9:11:18 PM,252 Event OK
9/08/2020 9:11:19 PM,EVENT 51510 1597007468 -310130128/1219222730/877/2/0 INPUT 4 1 0 v:124
9/08/2020 9:11:19 PM,252 Event OK
9/08/2020 9:11:19 PM,QUIT
9/08/2020 9:11:19 PM,221 Session ended - goodbye
9/08/2020 9:11:46 PM,UNIT 9279
9/08/2020 9:11:46 PM,333 CHAL 7B9FF3EB
9/08/2020 9:11:47 PM,RESP 8DB7BA81
9/08/2020 9:11:47 PM,230 Auth OK
9/08/2020 9:11:48 PM,TIME
9/08/2020 9:11:48 PM,211 TIME 1597007508
9/08/2020 9:11:48 PM,EVCOUNT 2
9/08/2020 9:11:48 PM,252 Event OK
9/08/2020 9:11:49 PM,TODO
9/08/2020 9:11:49 PM,226 Nothing to do
9/08/2020 9:11:50 PM,EVENT 51511 1597007501 -310130096/1219222764/814/3/0 INPUT 4 0 33 v:124
9/08/2020 9:11:50 PM,252 Event OK
9/08/2020 9:11:51 PM,EVENT 51512 1597007501 -310130096/1219222764/814/3/0 INPUT 4 1 0 v:124
9/08/2020 9:11:51 PM,252 Event OK
9/08/2020 9:11:51 PM,QUIT
9/08/2020 9:11:51 PM,221 Session ended - goodbye
9/08/2020 9:12:19 PM,UNIT 9279
9/08/2020 9:12:19 PM,333 CHAL 74FD5BF1
9/08/2020 9:12:20 PM,RESP 7EA89E05
9/08/2020 9:12:20 PM,230 Auth OK
9/08/2020 9:12:22 PM,TIME
9/08/2020 9:12:22 PM,211 TIME 1597007542
9/08/2020 9:12:23 PM,EVCOUNT 2
9/08/2020 9:12:23 PM,252 Event OK
9/08/2020 9:12:23 PM,TODO
9/08/2020 9:12:23 PM,226 Nothing to do
9/08/2020 9:12:24 PM,EVENT 51513 1597007534 -310130189/1219222851/807/3/0 INPUT 4 0 33 v:124
9/08/2020 9:12:24 PM,252 Event OK
9/08/2020 9:12:25 PM,EVENT 51514 1597007534 -310130189/1219222851/807/3/0 INPUT 4 1 0 v:124
9/08/2020 9:12:25 PM,252 Event OK
9/08/2020 9:12:26 PM,QUIT
9/08/2020 9:12:26 PM,221 Session ended - goodbye
9/08/2020 9:12:42 PM,UNIT 9279
9/08/2020 9:12:42 PM,333 CHAL 44980AAB
9/08/2020 9:12:43 PM,RESP 29E0A78F
9/08/2020 9:12:43 PM,230 Auth OK
9/08/2020 9:12:43 PM,TIME
9/08/2020 9:12:43 PM,211 TIME 1597007563
9/08/2020 9:12:45 PM,EVCOUNT 2
9/08/2020 9:12:45 PM,252 Event OK
9/08/2020 9:12:46 PM,TODO
9/08/2020 9:12:46 PM,226 Nothing to do
9/08/2020 9:12:47 PM,EVENT 51515 1597007556 -310130226/1219222845/803/2/0 INPUT 4 0 22 v:124
9/08/2020 9:12:47 PM,252 Event OK
9/08/2020 9:12:48 PM,EVENT 51516 1597007556 -310130226/1219222845/803/2/0 INPUT 4 1 0 v:124
9/08/2020 9:12:48 PM,252 Event OK
9/08/2020 9:12:50 PM,QUIT
9/08/2020 9:12:50 PM,221 Session ended - goodbye
9/08/2020 9:13:14 PM,UNIT 9279
9/08/2020 9:13:14 PM,333 CHAL 604A7779
9/08/2020 9:13:15 PM,RESP C6ACF3F5
9/08/2020 9:13:15 PM,230 Auth OK
9/08/2020 9:13:16 PM,TIME
9/08/2020 9:13:16 PM,211 TIME 1597007596
9/08/2020 9:13:16 PM,EVCOUNT 2
9/08/2020 9:13:16 PM,252 Event OK
9/08/2020 9:13:17 PM,TODO
9/08/2020 9:13:17 PM,226 Nothing to do
9/08/2020 9:13:18 PM,EVENT 51517 1597007589 -310130223/1219222874/800/2/0 INPUT 4 0 33 v:124
9/08/2020 9:13:18 PM,252 Event OK
9/08/2020 9:13:19 PM,EVENT 51518 1597007589 -310130223/1219222874/800/2/0 INPUT 4 1 0 v:124
9/08/2020 9:13:19 PM,252 Event OK
9/08/2020 9:13:20 PM,QUIT
9/08/2020 9:13:20 PM,221 Session ended - goodbye
9/08/2020 9:13:43 PM,UNIT 9279
9/08/2020 9:13:43 PM,333 CHAL 3EF6547
9/08/2020 9:13:44 PM,RESP A3CA403C
9/08/2020 9:13:44 PM,230 Auth OK
9/08/2020 9:13:45 PM,TIME
9/08/2020 9:13:45 PM,211 TIME 1597007625
9/08/2020 9:13:46 PM,EVCOUNT 1
9/08/2020 9:13:46 PM,252 Event OK
9/08/2020 9:13:47 PM,TODO
9/08/2020 9:13:47 PM,226 Nothing to do
9/08/2020 9:14:10 PM,EVENT 51519 1597007618 -310129138/1219223509/866/2/8 INPUT 3 1 0 v:124
9/08/2020 9:14:10 PM,252 Event OK
9/08/2020 9:14:14 PM,UNIT 9279
9/08/2020 9:14:14 PM,333 CHAL 52DB7ACE
9/08/2020 9:14:14 PM,RESP 39E9E17D
9/08/2020 9:14:14 PM,230 Auth OK
9/08/2020 9:14:14 PM,TIME
9/08/2020 9:14:14 PM,211 TIME 1597007654
9/08/2020 9:14:14 PM,EVCOUNT 1
9/08/2020 9:14:14 PM,252 Event OK
9/08/2020 9:14:15 PM,TODO
9/08/2020 9:14:15 PM,226 Nothing to do
9/08/2020 9:14:15 PM,EVENT 51519 1597007618 -310129138/1219223509/866/2/8 INPUT 3 1 0 v:124
9/08/2020 9:14:15 PM,253 Event OK - Duplicate
9/08/2020 9:14:15 PM,QUIT
9/08/2020 9:14:15 PM,221 Session ended - goodbye
9/08/2020 9:14:25 PM,UNIT 9279
9/08/2020 9:14:25 PM,333 CHAL 7E6E89E1
9/08/2020 9:14:25 PM,RESP 44D034F4
9/08/2020 9:14:25 PM,230 Auth OK
9/08/2020 9:14:26 PM,TIME
9/08/2020 9:14:26 PM,211 TIME 1597007666
9/08/2020 9:14:27 PM,EVCOUNT 1
9/08/2020 9:14:27 PM,252 Event OK
9/08/2020 9:14:27 PM,TODO
9/08/2020 9:14:27 PM,226 Nothing to do
9/08/2020 9:14:28 PM,EVENT 51520 1597007658 -310123884/1219231260/828/0/9 INPUT 3 0 39 v:124
9/08/2020 9:14:28 PM,252 Event OK
9/08/2020 9:14:29 PM,QUIT
9/08/2020 9:14:29 PM,221 Session ended - goodbye
9/08/2020 9:15:57 PM,UNIT 9279
9/08/2020 9:15:57 PM,333 CHAL 1BE862D2
9/08/2020 9:15:58 PM,RESP A3672AE0
9/08/2020 9:15:58 PM,230 Auth OK
9/08/2020 9:15:59 PM,TIME
9/08/2020 9:15:59 PM,211 TIME 1597007759
9/08/2020 9:15:59 PM,EVCOUNT 2
9/08/2020 9:15:59 PM,252 Event OK
9/08/2020 9:16:00 PM,TODO
9/08/2020 9:16:00 PM,226 Nothing to do
9/08/2020 9:16:01 PM,EVENT 51521 1597007752 -310123990/1219230799/859/8/0 INPUT 4 0 163 v:124
9/08/2020 9:16:01 PM,252 Event OK
9/08/2020 9:16:02 PM,EVENT 51522 1597007752 -310123990/1219230799/859/8/0 INPUT 4 1 0 v:124
9/08/2020 9:16:02 PM,252 Event OK
9/08/2020 9:16:02 PM,QUIT
9/08/2020 9:16:02 PM,221 Session ended - goodbye
9/08/2020 9:16:42 PM,UNIT 9279
9/08/2020 9:16:42 PM,333 CHAL 601B80BE
9/08/2020 9:16:43 PM,RESP CF6A0D43
9/08/2020 9:16:43 PM,230 Auth OK
9/08/2020 9:16:43 PM,TIME
9/08/2020 9:16:43 PM,211 TIME 1597007803
9/08/2020 9:16:44 PM,EVCOUNT 2
9/08/2020 9:16:44 PM,252 Event OK
9/08/2020 9:16:44 PM,TODO
9/08/2020 9:16:44 PM,226 Nothing to do
9/08/2020 9:16:45 PM,EVENT 51523 1597007797 -310123911/1219230589/919/8/0 INPUT 4 0 45 v:124
9/08/2020 9:16:45 PM,252 Event OK
9/08/2020 9:16:46 PM,EVENT 51524 1597007797 -310123911/1219230589/919/8/0 INPUT 4 1 0 v:124
9/08/2020 9:16:46 PM,252 Event OK
9/08/2020 9:16:47 PM,QUIT
9/08/2020 9:16:47 PM,221 Session ended - goodbye
9/08/2020 9:17:15 PM,UNIT 9279
9/08/2020 9:17:15 PM,333 CHAL 2B8B960C
9/08/2020 9:17:16 PM,RESP 6F74C538
9/08/2020 9:17:16 PM,230 Auth OK
9/08/2020 9:17:17 PM,TIME
9/08/2020 9:17:17 PM,211 TIME 1597007837
9/08/2020 9:17:17 PM,EVCOUNT 2
9/08/2020 9:17:17 PM,252 Event OK
9/08/2020 9:17:18 PM,TODO
9/08/2020 9:17:18 PM,226 Nothing to do
9/08/2020 9:17:19 PM,EVENT 51525 1597007830 -310123971/1219230524/894/8/0 INPUT 4 0 33 v:124
9/08/2020 9:17:19 PM,252 Event OK
9/08/2020 9:17:20 PM,EVENT 51526 1597007830 -310123971/1219230524/894/8/0 INPUT 4 1 0 v:124
9/08/2020 9:17:20 PM,252 Event OK
9/08/2020 9:17:20 PM,QUIT
9/08/2020 9:17:20 PM,221 Session ended - goodbye
9/08/2020 9:17:48 PM,UNIT 9279
9/08/2020 9:17:48 PM,333 CHAL 502D9519
9/08/2020 9:17:49 PM,RESP CAC19E43
9/08/2020 9:17:49 PM,230 Auth OK
9/08/2020 9:17:49 PM,TIME
9/08/2020 9:17:49 PM,211 TIME 1597007869
9/08/2020 9:17:50 PM,EVCOUNT 2
9/08/2020 9:17:50 PM,252 Event OK
9/08/2020 9:17:51 PM,TODO
9/08/2020 9:17:51 PM,226 Nothing to do
9/08/2020 9:17:51 PM,EVENT 51527 1597007863 -310124030/1219230435/851/8/0 INPUT 4 0 33 v:123
9/08/2020 9:17:51 PM,252 Event OK
9/08/2020 9:17:52 PM,EVENT 51528 1597007863 -310124030/1219230435/851/8/0 INPUT 4 1 0 v:123
9/08/2020 9:17:52 PM,252 Event OK
9/08/2020 9:17:53 PM,QUIT
9/08/2020 9:17:53 PM,221 Session ended - goodbye
9/08/2020 9:18:50 PM,UNIT 9279
9/08/2020 9:18:50 PM,333 CHAL D4AF7AB
9/08/2020 9:18:51 PM,RESP B6673F07
9/08/2020 9:18:51 PM,230 Auth OK
9/08/2020 9:18:51 PM,TIME
9/08/2020 9:18:51 PM,211 TIME 1597007931
9/08/2020 9:18:52 PM,EVCOUNT 2
9/08/2020 9:18:52 PM,252 Event OK
9/08/2020 9:18:53 PM,TODO
9/08/2020 9:18:53 PM,226 Nothing to do
9/08/2020 9:18:54 PM,EVENT 51529 1597007925 -310123885/1219230709/839/7/0 INPUT 4 0 62 v:124
9/08/2020 9:18:54 PM,252 Event OK
9/08/2020 9:18:54 PM,EVENT 51530 1597007926 -310123878/1219230732/838/7/0 INPUT 4 1 0 v:124
9/08/2020 9:18:54 PM,252 Event OK
9/08/2020 9:18:55 PM,QUIT
9/08/2020 9:18:55 PM,221 Session ended - goodbye
9/08/2020 9:19:13 PM,UNIT 9279
9/08/2020 9:19:13 PM,333 CHAL 5C79736F
9/08/2020 9:19:14 PM,RESP 4FEC36EF
9/08/2020 9:19:14 PM,230 Auth OK
9/08/2020 9:19:15 PM,TIME
9/08/2020 9:19:15 PM,211 TIME 1597007955
9/08/2020 9:19:15 PM,EVCOUNT 3
9/08/2020 9:19:15 PM,252 Event OK
9/08/2020 9:19:16 PM,TODO
9/08/2020 9:19:16 PM,226 Nothing to do
9/08/2020 9:19:17 PM,EVENT 51531 1597007949 -310123859/1219232038/836/8/7 INPUT 3 1 0 v:124
9/08/2020 9:19:17 PM,252 Event OK
9/08/2020 9:19:17 PM,EVENT 51532 1597007951 -310124397/1219231956/854/8/9 INPUT 3 0 2 v:124
9/08/2020 9:19:17 PM,252 Event OK
9/08/2020 9:19:18 PM,EVENT 51533 1597007952 -310124504/1219231973/859/8/8 INPUT 3 1 0 v:124
9/08/2020 9:19:18 PM,252 Event OK
9/08/2020 9:19:19 PM,QUIT
9/08/2020 9:19:19 PM,221 Session ended - goodbye
9/08/2020 9:19:37 PM,UNIT 9279
9/08/2020 9:19:37 PM,333 CHAL 4C31BF97
9/08/2020 9:19:38 PM,RESP B66C1941
9/08/2020 9:19:38 PM,230 Auth OK
9/08/2020 9:19:39 PM,TIME
9/08/2020 9:19:39 PM,211 TIME 1597007979
9/08/2020 9:19:40 PM,EVCOUNT 1
9/08/2020 9:19:40 PM,252 Event OK
9/08/2020 9:19:41 PM,TODO
9/08/2020 9:19:41 PM,226 Nothing to do
9/08/2020 9:19:42 PM,EVENT 51534 1597007970 -310129580/1219227648/819/8/17 REPORT 51470 16 244 v:124
9/08/2020 9:19:42 PM,252 Event OK
9/08/2020 9:19:43 PM,QUIT
9/08/2020 9:19:43 PM,221 Session ended - goodbye
9/08/2020 9:20:36 PM,UNIT 9279
9/08/2020 9:20:36 PM,333 CHAL 5EDDCFA9
9/08/2020 9:20:37 PM,RESP 4CFE777D
9/08/2020 9:20:37 PM,230 Auth OK
9/08/2020 9:20:37 PM,TIME
9/08/2020 9:20:37 PM,211 TIME 1597008037
9/08/2020 9:20:37 PM,EVCOUNT 3
9/08/2020 9:20:37 PM,252 Event OK
9/08/2020 9:20:37 PM,TODO
9/08/2020 9:20:37 PM,226 Nothing to do
9/08/2020 9:20:38 PM,EVENT 51535 1597008031 -310143352/1219231738/869/0/10 INPUT 3 0 79 v:124
9/08/2020 9:20:38 PM,252 Event OK
9/08/2020 9:20:38 PM,EVENT 51536 1597008033 -310143585/1219231782/895/0/4 INPUT 4 0 108 v:124
9/08/2020 9:20:38 PM,252 Event OK
9/08/2020 9:20:39 PM,EVENT 51537 1597008033 -310143585/1219231782/895/0/3 INPUT 4 1 0 v:124
9/08/2020 9:20:39 PM,252 Event OK
9/08/2020 9:20:39 PM,EVENT 51538 1597008035 -310143600/1219231787/903/0/0 INPUT 7 1 0 v:124
9/08/2020 9:20:39 PM,252 Event OK
9/08/2020 9:20:39 PM,EVENT 51539 1597008035 -310143600/1219231787/903/0/0 INPUT 8 0 1484 v:124
9/08/2020 9:20:39 PM,252 Event OK
9/08/2020 9:20:40 PM,EVENT 51540 1597008036 -310143596/1219231793/907/0/0 INPUT 1 1 0 v:124
9/08/2020 9:20:40 PM,252 Event OK
9/08/2020 9:20:40 PM,EVENT 51541 1597008037 -310143591/1219231805/913/0/0 INPUT 4 0 4 v:124
9/08/2020 9:20:40 PM,252 Event OK
9/08/2020 9:20:40 PM,QUIT
9/08/2020 9:20:40 PM,221 Session ended - goodbye
9/08/2020 9:20:50 PM,UNIT 9279
9/08/2020 9:20:50 PM,333 CHAL 92ED68F
9/08/2020 9:20:50 PM,RESP D019B5D5
9/08/2020 9:20:50 PM,230 Auth OK
9/08/2020 9:20:51 PM,TIME
9/08/2020 9:20:51 PM,211 TIME 1597008051
9/08/2020 9:20:51 PM,EVCOUNT 1
9/08/2020 9:20:51 PM,252 Event OK
9/08/2020 9:20:52 PM,TODO
9/08/2020 9:20:52 PM,226 Nothing to do
9/08/2020 9:20:52 PM,EVENT 51542 1597008039 -310143585/1219231814/928/0/0 TRIP 51470 193 1275 9 7 1477 v:123
9/08/2020 9:20:52 PM,252 Event OK
9/08/2020 9:20:53 PM,QUIT
9/08/2020 9:20:53 PM,221 Session ended - goodbye
9/08/2020 10:06:05 PM,UNIT 9279
9/08/2020 10:06:05 PM,333 CHAL 28652589
9/08/2020 10:06:05 PM,RESP 0594BF30
9/08/2020 10:06:05 PM,230 Auth OK
9/08/2020 10:06:06 PM,TIME
9/08/2020 10:06:06 PM,211 TIME 1597010766
9/08/2020 10:06:06 PM,EVCOUNT 11
9/08/2020 10:06:06 PM,252 Event OK
9/08/2020 10:06:06 PM,TODO
9/08/2020 10:06:06 PM,226 Nothing to do
9/08/2020 10:06:07 PM,EVENT 51543 1597010737 0/0/0/0/0 SWSTART OpusFC 5.0.58.518 R v:123
9/08/2020 10:06:07 PM,252 Event OK
9/08/2020 10:06:08 PM,EVENT 51544 1597008039 0/0/0/0/0 POWERDOWN v:123
9/08/2020 10:06:08 PM,252 Event OK
9/08/2020 10:06:08 PM,EVENT 51545 1597010737 0/0/0/0/0 INPUT 1 1 0 v:123
9/08/2020 10:06:08 PM,252 Event OK
9/08/2020 10:06:08 PM,EVENT 51546 1597010737 0/0/0/0/0 INPUT 2 0 0 v:123
9/08/2020 10:06:08 PM,252 Event OK
9/08/2020 10:06:09 PM,EVENT 51547 1597010737 0/0/0/0/0 INPUT 3 0 0 v:123
9/08/2020 10:06:09 PM,252 Event OK
9/08/2020 10:06:09 PM,EVENT 51548 1597010737 0/0/0/0/0 INPUT 4 0 0 v:123
9/08/2020 10:06:09 PM,252 Event OK
9/08/2020 10:06:09 PM,EVENT 51549 1597010737 0/0/0/0/0 INPUT 7 0 0 v:123
9/08/2020 10:06:09 PM,252 Event OK
9/08/2020 10:06:10 PM,EVENT 51550 1597010737 0/0/0/0/0 INPUT 8 1 0 v:123
9/08/2020 10:06:10 PM,252 Event OK
9/08/2020 10:06:10 PM,EVENT 51551 1597010739 0/0/0/0/0 ZONE_OK 2 100 FW=NO VERSION v:123
9/08/2020 10:06:10 PM,252 Event OK
9/08/2020 10:06:10 PM,EVENT 51552 1597010748 0/0/0/0/0 SIGNON 2486 03b1f2db OK_CL 26 270692 0 v:123
9/08/2020 10:06:10 PM,252 Event OK
9/08/2020 10:06:11 PM,EVENT 51553 1597010754 0/0/0/99/0 CHECKLIST 51552 OK 0 6 432 F v:123
9/08/2020 10:06:11 PM,252 Event OK
9/08/2020 10:06:11 PM,QUIT
9/08/2020 10:06:11 PM,221 Session ended - goodbye
9/08/2020 10:06:21 PM,UNIT 9279
9/08/2020 10:06:21 PM,333 CHAL 7674756A
9/08/2020 10:06:22 PM,RESP 9FF5F541
9/08/2020 10:06:22 PM,230 Auth OK
9/08/2020 10:06:23 PM,TIME
9/08/2020 10:06:23 PM,211 TIME 1597010783
9/08/2020 10:06:23 PM,EVCOUNT 2
9/08/2020 10:06:23 PM,252 Event OK
9/08/2020 10:06:24 PM,TODO
9/08/2020 10:06:24 PM,226 Nothing to do
9/08/2020 10:06:25 PM,EVENT 51554 1597010769 -310142360/1219231532/18111/7/0 INPUT 4 1 0 v:123
9/08/2020 10:06:25 PM,252 Event OK
9/08/2020 10:06:26 PM,EVENT 51555 1597010769 -310142360/1219231532/18111/7/0 INPUT 1 0 31 v:123
9/08/2020 10:06:26 PM,252 Event OK
9/08/2020 10:06:27 PM,QUIT
9/08/2020 10:06:27 PM,221 Session ended - goodbye
9/08/2020 10:07:40 PM,UNIT 9279
9/08/2020 10:07:40 PM,333 CHAL 4C2865B8
9/08/2020 10:07:40 PM,RESP 870CB69B
9/08/2020 10:07:40 PM,230 Auth OK
9/08/2020 10:07:41 PM,TIME
9/08/2020 10:07:41 PM,211 TIME 1597010861
9/08/2020 10:07:42 PM,EVCOUNT 2
9/08/2020 10:07:42 PM,252 Event OK
9/08/2020 10:07:42 PM,TODO
9/08/2020 10:07:42 PM,226 Nothing to do
9/08/2020 10:07:43 PM,EVENT 51556 1597010854 -310143461/1219231950/808/7/0 INPUT 4 0 86 v:124
9/08/2020 10:07:43 PM,252 Event OK
9/08/2020 10:07:44 PM,EVENT 51557 1597010854 -310143461/1219231950/808/7/0 INPUT 4 1 0 v:124
9/08/2020 10:07:44 PM,252 Event OK
9/08/2020 10:07:45 PM,QUIT
9/08/2020 10:07:45 PM,221 Session ended - goodbye
9/08/2020 10:08:22 PM,UNIT 9279
9/08/2020 10:08:22 PM,333 CHAL 285CD35C
9/08/2020 10:08:22 PM,RESP 1B3FE8CB
9/08/2020 10:08:22 PM,230 Auth OK
9/08/2020 10:08:23 PM,TIME
9/08/2020 10:08:23 PM,211 TIME 1597010903
9/08/2020 10:08:24 PM,EVCOUNT 2
9/08/2020 10:08:24 PM,252 Event OK
9/08/2020 10:08:24 PM,TODO
9/08/2020 10:08:24 PM,226 Nothing to do
9/08/2020 10:08:25 PM,EVENT 51558 1597010896 -310143508/1219231860/834/6/0 INPUT 4 0 42 v:124
9/08/2020 10:08:25 PM,252 Event OK
9/08/2020 10:08:26 PM,EVENT 51559 1597010896 -310143508/1219231860/834/6/0 INPUT 4 1 0 v:124
9/08/2020 10:08:26 PM,252 Event OK
9/08/2020 10:08:27 PM,QUIT
9/08/2020 10:08:27 PM,221 Session ended - goodbye
9/08/2020 10:09:04 PM,UNIT 9279
9/08/2020 10:09:04 PM,333 CHAL 5710213C
9/08/2020 10:09:04 PM,RESP 7144D042
9/08/2020 10:09:04 PM,230 Auth OK
9/08/2020 10:09:05 PM,TIME
9/08/2020 10:09:05 PM,211 TIME 1597010945
9/08/2020 10:09:06 PM,EVCOUNT 2
9/08/2020 10:09:06 PM,252 Event OK
9/08/2020 10:09:06 PM,TODO
9/08/2020 10:09:06 PM,226 Nothing to do
9/08/2020 10:09:07 PM,EVENT 51560 1597010938 -310143431/1219231829/818/6/0 INPUT 4 0 42 v:124
9/08/2020 10:09:07 PM,252 Event OK
9/08/2020 10:09:08 PM,EVENT 51561 1597010938 -310143431/1219231829/818/6/0 INPUT 4 1 0 v:124
9/08/2020 10:09:08 PM,252 Event OK
9/08/2020 10:09:09 PM,QUIT
9/08/2020 10:09:09 PM,221 Session ended - goodbye
9/08/2020 10:09:20 PM,UNIT 9279
9/08/2020 10:09:20 PM,333 CHAL 5DCA1B2B
9/08/2020 10:09:21 PM,RESP 3A200B41
9/08/2020 10:09:21 PM,230 Auth OK
9/08/2020 10:09:22 PM,TIME
9/08/2020 10:09:22 PM,211 TIME 1597010962
9/08/2020 10:09:23 PM,EVCOUNT 2
9/08/2020 10:09:23 PM,252 Event OK
9/08/2020 10:09:23 PM,TODO
9/08/2020 10:09:23 PM,226 Nothing to do
9/08/2020 10:09:24 PM,EVENT 51562 1597010947 -310143440/1219231851/828/5/0 INPUT 4 0 9 v:123
9/08/2020 10:09:24 PM,252 Event OK
9/08/2020 10:09:26 PM,EVENT 51563 1597010948 -310143440/1219231851/828/5/0 INPUT 4 1 0 v:123
9/08/2020 10:09:26 PM,252 Event OK
9/08/2020 10:09:26 PM,EVENT 51564 1597010963 -310142549/1219231262/867/5/0 INPUT 4 0 16 v:124
9/08/2020 10:09:26 PM,252 Event OK
9/08/2020 10:09:28 PM,EVENT 51565 1597010963 -310142549/1219231262/867/5/0 INPUT 4 1 0 v:124
9/08/2020 10:09:28 PM,252 Event OK
9/08/2020 10:09:28 PM,QUIT
9/08/2020 10:09:28 PM,221 Session ended - goodbye
9/08/2020 10:09:38 PM,UNIT 9279
9/08/2020 10:09:38 PM,333 CHAL 268D150D
9/08/2020 10:09:38 PM,RESP E8BE2165
9/08/2020 10:09:38 PM,230 Auth OK
9/08/2020 10:09:39 PM,TIME
9/08/2020 10:09:39 PM,211 TIME 1597010979
9/08/2020 10:09:39 PM,EVCOUNT 1
9/08/2020 10:09:39 PM,252 Event OK
9/08/2020 10:09:40 PM,TODO
9/08/2020 10:09:40 PM,226 Nothing to do
9/08/2020 10:09:43 PM,EVENT 51566 1597010969 -310142892/1219232103/875/5/8 INPUT 3 1 0 v:124
9/08/2020 10:09:43 PM,252 Event OK
9/08/2020 10:09:50 PM,QUIT
9/08/2020 10:09:50 PM,221 Session ended - goodbye
9/08/2020 10:11:00 PM,UNIT 9279
9/08/2020 10:11:00 PM,333 CHAL 4256E3D0
9/08/2020 10:11:01 PM,RESP 15C4BBBF
9/08/2020 10:11:01 PM,230 Auth OK
9/08/2020 10:11:01 PM,TIME
9/08/2020 10:11:01 PM,211 TIME 1597011061
9/08/2020 10:11:02 PM,EVCOUNT 3
9/08/2020 10:11:02 PM,252 Event OK
9/08/2020 10:11:03 PM,TODO
9/08/2020 10:11:03 PM,226 Nothing to do
9/08/2020 10:11:04 PM,EVENT 51567 1597011054 -310122118/1219233298/873/10/10 INPUT 3 0 85 v:124
9/08/2020 10:11:04 PM,252 Event OK
9/08/2020 10:11:05 PM,EVENT 51568 1597011056 -310121897/1219233114/896/10/7 INPUT 3 1 0 v:124
9/08/2020 10:11:05 PM,252 Event OK
9/08/2020 10:11:06 PM,EVENT 51569 1597011056 -310121740/1219232992/936/10/8 INPUT 3 0 1 v:124
9/08/2020 10:11:06 PM,252 Event OK
9/08/2020 10:11:07 PM,EVENT 51570 1597011063 -310121456/1219232805/1524/10/0 INPUT 7 1 0 v:123
9/08/2020 10:11:07 PM,252 Event OK
9/08/2020 10:11:09 PM,EVENT 51571 1597011063 -310121456/1219232805/1524/10/0 INPUT 8 0 326 v:123
9/08/2020 10:11:09 PM,252 Event OK
9/08/2020 10:11:10 PM,EVENT 51572 1597011064 -310121459/1219232809/1606/10/0 INPUT 1 1 0 v:123
9/08/2020 10:11:10 PM,252 Event OK
9/08/2020 10:11:11 PM,EVENT 51573 1597011065 -310121457/1219232808/1656/10/0 INPUT 4 0 101 v:123
9/08/2020 10:11:11 PM,252 Event OK
9/08/2020 10:11:12 PM,EVENT 51574 1597011068 -310121509/1219232844/1884/10/0 TRIP 51552 86 210 21 17 317 v:123
9/08/2020 10:11:12 PM,252 Event OK
9/08/2020 10:11:13 PM,QUIT
9/08/2020 10:11:13 PM,221 Session ended - goodbye
9/08/2020 10:11:50 PM,UNIT 9279
9/08/2020 10:11:50 PM,333 CHAL 6AA07ED7
9/08/2020 10:11:52 PM,RESP 11F87E06
9/08/2020 10:11:52 PM,230 Auth OK
9/08/2020 10:11:53 PM,TIME
9/08/2020 10:11:53 PM,211 TIME 1597011113
9/08/2020 10:11:54 PM,EVCOUNT 1
9/08/2020 10:11:54 PM,252 Event OK
9/08/2020 10:11:55 PM,TODO
9/08/2020 10:11:55 PM,226 Nothing to do
9/08/2020 10:11:56 PM,EVENT 51575 1597011105 -310121870/1219233173/2033/7/0 REPORT * 0 91 v:124
9/08/2020 10:11:56 PM,252 Event OK
9/08/2020 10:11:57 PM,QUIT
9/08/2020 10:11:57 PM,221 Session ended - goodbye
9/08/2020 11:54:26 PM,UNIT 9279
9/08/2020 11:54:26 PM,333 CHAL 56A1709F
9/08/2020 11:54:26 PM,RESP 63192597
9/08/2020 11:54:26 PM,230 Auth OK
9/08/2020 11:54:26 PM,TIME
9/08/2020 11:54:26 PM,211 TIME 1597017266
9/08/2020 11:54:27 PM,EVCOUNT 12
9/08/2020 11:54:27 PM,252 Event OK
9/08/2020 11:54:27 PM,TODO
9/08/2020 11:54:27 PM,125 TODO PUT_config_audit
125 TODO CONFIG
225 Work list complete
9/08/2020 11:54:27 PM,PUT config_audit 1932 453B1A61
9/08/2020 11:54:27 PM,151 FILE config_audit 1932
9/08/2020 11:54:28 PM,Binary data received 1932 bytes
9/08/2020 11:54:28 PM,200 OK
9/08/2020 11:54:29 PM,CONFIG
9/08/2020 11:54:29 PM,141 CONF IMPACT_F 10
141 CONF IMPACT_B 10
141 CONF IMPACT_L 10
141 CONF IMPACT_R 10
141 CONF IDLEMAX 300
141 CONF BATT_HIGH 130
141 CONF HWCONFIG 519
141 CONF BATT_CRITLOW 100
141 CONF HARNESS_TYPE 2
141 CONF FECONFIG 61991
141 CONF BYPASS 4
141 CONF XSIDLE_METHOD 2
141 CONF BATT_INPUT 1
141 CONF CKL_BYPASS 1
141 CONF ITS 0
141 CONF PWR_LOW 1800
141 CONF IMPACT_WARN_LVL 12
141 CONF IMPACT_CRIT_LVL 15
141 CONF SYSTEM_METRIC 1
141 CONF DISPLAY_OFFSET 480
141 CONF SPEED_ALERT 1
141 CONF SPEED_DEBOUNCE 7
141 CONF SPEED_MAX 60
141 CONF IN1EVENT 1
141 CONF IN1LOGIC 0
141 CONF IN1MODE 1
141 CONF IN2EVENT 1
141 CONF IN2LOGIC 0
141 CONF IN2MODE 1
141 CONF IN3EVENT 1
141 CONF IN3LOGIC 1
141 CONF IN3MODE 2
141 CONF IN4EVENT 1
141 CONF IN4LOGIC 1
141 CONF IN4MODE 2
141 CONF IN5EVENT 0
141 CONF IN5LOGIC 1
141 CONF IN5MODE 0
141 CONF IN6EVENT 0
141 CONF IN6LOGIC 1
141 CONF IN6MODE 0
141 CONF IN7EVENT 1
141 CONF IN7LOGIC 0
141 CONF IN7MODE 1
141 CONF IN8EVENT 1
141 CONF IN8LOGIC 1
141 CONF IN8MODE 1
141 CONF IN3FREQTHR 5
141 CONF IN4FREQTHR 5
141 CONF ENGINE_SPEED_MAX 3300
141 CONF LOW_COOLANT_DEBOUNCE 5
141 CONF OIL_PRESSURE_DEBOUNCE 4
241 Config complete
9/08/2020 11:54:29 PM,EVENT 51576 1597017240 -310121870/1219233173/2033/0/0 SWSTART OpusFC 5.0.58.518 R v:123
9/08/2020 11:54:29 PM,252 Event OK
9/08/2020 11:54:30 PM,EVENT 51577 1597011068 0/0/0/0/0 POWERDOWN v:123
9/08/2020 11:54:30 PM,252 Event OK
9/08/2020 11:54:30 PM,EVENT 51578 1597017240 0/0/0/0/0 INPUT 1 1 0 v:123
9/08/2020 11:54:30 PM,252 Event OK
9/08/2020 11:54:30 PM,EVENT 51579 1597017240 0/0/0/0/0 INPUT 2 0 0 v:123
9/08/2020 11:54:30 PM,252 Event OK
9/08/2020 11:54:30 PM,EVENT 51580 1597017240 0/0/0/0/0 INPUT 3 0 0 v:123
9/08/2020 11:54:30 PM,252 Event OK
9/08/2020 11:54:31 PM,EVENT 51581 1597017240 0/0/0/0/0 INPUT 4 0 0 v:123
9/08/2020 11:54:31 PM,252 Event OK
9/08/2020 11:54:31 PM,EVENT 51582 1597017240 0/0/0/0/0 INPUT 7 0 0 v:123
9/08/2020 11:54:31 PM,252 Event OK
9/08/2020 11:54:31 PM,EVENT 51583 1597017240 0/0/0/0/0 INPUT 8 1 0 v:123
9/08/2020 11:54:31 PM,252 Event OK
9/08/2020 11:54:31 PM,EVENT 51584 1597017242 0/0/0/0/0 ZONE_OK 2 100 FW=NO VERSION v:123
9/08/2020 11:54:31 PM,252 Event OK
9/08/2020 11:54:31 PM,EVENT 51585 1597017253 0/0/0/0/0 SIGNON 2471 03aff919 OK 26 280373 0 v:123
9/08/2020 11:54:31 PM,252 Event OK
9/08/2020 11:54:32 PM,EVENT 51586 1597017259 -310122126/1219232964/12468/99/0 INPUT 1 0 19 v:123
9/08/2020 11:54:32 PM,252 Event OK
9/08/2020 11:54:32 PM,EVENT 51587 1597017259 -310122126/1219232964/12468/99/0 INPUT 4 1 0 v:123
9/08/2020 11:54:32 PM,252 Event OK
9/08/2020 11:54:32 PM,EVENT 51588 1597017266 -310122767/1219233500/5702/6/0 CONFIG v:123
9/08/2020 11:54:32 PM,252 Event OK
9/08/2020 11:54:32 PM,QUIT
9/08/2020 11:54:32 PM,221 Session ended - goodbye
9/08/2020 11:54:43 PM,UNIT 9279
9/08/2020 11:54:43 PM,333 CHAL 71E0BA0C
9/08/2020 11:54:43 PM,RESP BDDF355B
9/08/2020 11:54:43 PM,230 Auth OK
9/08/2020 11:54:44 PM,TIME
9/08/2020 11:54:44 PM,211 TIME 1597017284
9/08/2020 11:54:45 PM,EVCOUNT 0
9/08/2020 11:54:45 PM,252 Event OK
9/08/2020 11:54:45 PM,TODO
9/08/2020 11:54:45 PM,226 Nothing to do
9/08/2020 11:54:46 PM,PUT config_audit 1932 9C56C7F5
9/08/2020 11:54:46 PM,151 FILE config_audit 1932
9/08/2020 11:54:47 PM,Binary data received 1932 bytes
9/08/2020 11:54:47 PM,200 OK
9/08/2020 11:54:48 PM,QUIT
9/08/2020 11:54:48 PM,221 Session ended - goodbye
9/08/2020 11:54:57 PM,UNIT 9279
9/08/2020 11:54:57 PM,333 CHAL DF5D8B3
9/08/2020 11:54:58 PM,RESP 23FDBA4E
9/08/2020 11:54:58 PM,230 Auth OK
9/08/2020 11:54:58 PM,TIME
9/08/2020 11:54:58 PM,211 TIME 1597017298
9/08/2020 11:54:59 PM,EVCOUNT 4
9/08/2020 11:54:59 PM,252 Event OK
9/08/2020 11:55:00 PM,TODO
9/08/2020 11:55:00 PM,226 Nothing to do
9/08/2020 11:55:00 PM,EVENT 51589 1597017286 -310121926/1219232659/2174/6/0 INPUT 4 0 27 v:123
9/08/2020 11:55:00 PM,252 Event OK
9/08/2020 11:55:01 PM,EVENT 51590 1597017286 -310121914/1219232659/2135/6/0 INPUT 4 1 0 v:123
9/08/2020 11:55:01 PM,252 Event OK
9/08/2020 11:55:02 PM,EVENT 51591 1597017290 -310121841/1219232675/1874/6/0 INPUT 4 0 4 v:123
9/08/2020 11:55:02 PM,252 Event OK
9/08/2020 11:55:03 PM,EVENT 51592 1597017290 -310121841/1219232675/1874/6/0 INPUT 4 1 0 v:123
9/08/2020 11:55:03 PM,252 Event OK
9/08/2020 11:55:04 PM,QUIT
9/08/2020 11:55:04 PM,221 Session ended - goodbye
9/08/2020 11:55:32 PM,UNIT 9279
9/08/2020 11:55:32 PM,333 CHAL 31C20287
9/08/2020 11:55:32 PM,RESP 998F8FE6
9/08/2020 11:55:32 PM,230 Auth OK
9/08/2020 11:55:33 PM,TIME
9/08/2020 11:55:33 PM,211 TIME 1597017333
9/08/2020 11:55:34 PM,EVCOUNT 2
9/08/2020 11:55:34 PM,252 Event OK
9/08/2020 11:55:34 PM,TODO
9/08/2020 11:55:34 PM,226 Nothing to do
9/08/2020 11:55:35 PM,EVENT 51593 1597017326 -310122336/1219233260/1004/7/0 INPUT 4 0 36 v:123
9/08/2020 11:55:35 PM,252 Event OK
9/08/2020 11:55:36 PM,EVENT 51594 1597017327 -310122351/1219233281/994/7/0 INPUT 4 1 0 v:123
9/08/2020 11:55:36 PM,252 Event OK
9/08/2020 11:55:37 PM,QUIT
9/08/2020 11:55:37 PM,221 Session ended - goodbye
9/08/2020 11:56:00 PM,UNIT 9279
9/08/2020 11:56:00 PM,333 CHAL 1CBC4648
9/08/2020 11:56:01 PM,RESP 91AE2DE1
9/08/2020 11:56:01 PM,230 Auth OK
9/08/2020 11:56:02 PM,TIME
9/08/2020 11:56:02 PM,211 TIME 1597017362
9/08/2020 11:56:02 PM,EVCOUNT 2
9/08/2020 11:56:02 PM,252 Event OK
9/08/2020 11:56:03 PM,TODO
9/08/2020 11:56:03 PM,226 Nothing to do
9/08/2020 11:56:04 PM,EVENT 51595 1597017355 -310122292/1219233664/814/7/0 INPUT 4 0 29 v:123
9/08/2020 11:56:04 PM,252 Event OK
9/08/2020 11:56:05 PM,EVENT 51596 1597017356 -310122277/1219233689/816/7/0 INPUT 4 1 0 v:123
9/08/2020 11:56:05 PM,252 Event OK
9/08/2020 11:56:06 PM,EVENT 51597 1597017360 -310122192/1219233813/824/8/0 INPUT 4 0 5 v:123
9/08/2020 11:56:06 PM,252 Event OK
9/08/2020 11:56:06 PM,EVENT 51598 1597017360 -310122192/1219233813/824/8/0 INPUT 4 1 0 v:123
9/08/2020 11:56:06 PM,252 Event OK
9/08/2020 11:56:07 PM,EVENT 51599 1597017363 -310122138/1219233897/832/8/0 INPUT 4 0 3 v:123
9/08/2020 11:56:07 PM,252 Event OK
9/08/2020 11:56:08 PM,EVENT 51600 1597017363 -310122138/1219233897/832/8/0 INPUT 4 1 0 v:123
9/08/2020 11:56:08 PM,252 Event OK
9/08/2020 11:56:08 PM,QUIT
9/08/2020 11:56:08 PM,221 Session ended - goodbye
9/08/2020 11:56:19 PM,UNIT 9279
9/08/2020 11:56:19 PM,333 CHAL 7E0EDD79
9/08/2020 11:56:20 PM,RESP F615927E
9/08/2020 11:56:20 PM,230 Auth OK
9/08/2020 11:56:20 PM,TIME
9/08/2020 11:56:20 PM,211 TIME 1597017380
9/08/2020 11:56:21 PM,EVCOUNT 2
9/08/2020 11:56:21 PM,252 Event OK
9/08/2020 11:56:22 PM,TODO
9/08/2020 11:56:22 PM,226 Nothing to do
9/08/2020 11:56:23 PM,EVENT 51601 1597017371 -310122012/1219234067/831/8/0 INPUT 4 0 8 v:123
9/08/2020 11:56:23 PM,252 Event OK
9/08/2020 11:56:24 PM,EVENT 51602 1597017372 -310121998/1219234082/833/8/0 INPUT 4 1 0 v:123
9/08/2020 11:56:24 PM,252 Event OK
9/08/2020 11:56:24 PM,QUIT
9/08/2020 11:56:24 PM,221 Session ended - goodbye
9/08/2020 11:56:35 PM,UNIT 9279
9/08/2020 11:56:35 PM,333 CHAL 2F881A2
9/08/2020 11:56:35 PM,RESP 3A6FD51F
9/08/2020 11:56:35 PM,230 Auth OK
9/08/2020 11:56:36 PM,TIME
9/08/2020 11:56:36 PM,211 TIME 1597017396
9/08/2020 11:56:36 PM,EVCOUNT 2
9/08/2020 11:56:36 PM,252 Event OK
9/08/2020 11:56:37 PM,TODO
9/08/2020 11:56:37 PM,226 Nothing to do
9/08/2020 11:56:38 PM,EVENT 51603 1597017383 -310121748/1219234230/815/8/0 INPUT 4 0 12 v:123
9/08/2020 11:56:38 PM,252 Event OK
9/08/2020 11:56:39 PM,EVENT 51604 1597017384 -310121735/1219234237/818/8/0 INPUT 4 1 0 v:123
9/08/2020 11:56:39 PM,252 Event OK
9/08/2020 11:56:40 PM,QUIT
9/08/2020 11:56:40 PM,221 Session ended - goodbye
9/08/2020 11:56:50 PM,UNIT 9279
9/08/2020 11:56:50 PM,333 CHAL F016242
9/08/2020 11:56:51 PM,RESP 755F99EE
9/08/2020 11:56:51 PM,230 Auth OK
9/08/2020 11:56:51 PM,TIME
9/08/2020 11:56:51 PM,211 TIME 1597017411
9/08/2020 11:56:52 PM,EVCOUNT 4
9/08/2020 11:56:52 PM,252 Event OK
9/08/2020 11:56:52 PM,TODO
9/08/2020 11:56:52 PM,226 Nothing to do
9/08/2020 11:56:53 PM,EVENT 51605 1597017397 -310121480/1219234439/830/2/0 INPUT 4 0 14 v:123
9/08/2020 11:56:53 PM,252 Event OK
9/08/2020 11:56:54 PM,EVENT 51606 1597017398 -310121470/1219234456/827/2/0 INPUT 4 1 0 v:123
9/08/2020 11:56:54 PM,252 Event OK
9/08/2020 11:56:55 PM,EVENT 51607 1597017403 -310121431/1219234536/814/2/0 INPUT 4 0 6 v:123
9/08/2020 11:56:55 PM,252 Event OK
9/08/2020 11:56:56 PM,EVENT 51608 1597017403 -310121431/1219234536/814/2/0 INPUT 4 1 0 v:123
9/08/2020 11:56:56 PM,252 Event OK
9/08/2020 11:56:57 PM,EVENT 51609 1597017410 -310121404/1219234551/840/2/0 INPUT 7 1 0 v:123
9/08/2020 11:56:57 PM,252 Event OK
9/08/2020 11:56:57 PM,EVENT 51610 1597017410 -310121404/1219234551/840/2/0 INPUT 8 0 170 v:123
9/08/2020 11:56:57 PM,252 Event OK
9/08/2020 11:56:58 PM,EVENT 51611 1597017412 -310121403/1219234548/842/2/0 INPUT 1 1 0 v:123
9/08/2020 11:56:58 PM,252 Event OK
9/08/2020 11:56:59 PM,EVENT 51612 1597017413 -310121400/1219234543/845/2/0 INPUT 4 0 10 v:123
9/08/2020 11:56:59 PM,252 Event OK
9/08/2020 11:57:00 PM,EVENT 51613 1597017415 -310121398/1219234535/851/2/0 TRIP 51585 0 154 8 6 162 v:123
9/08/2020 11:57:00 PM,252 Event OK
9/08/2020 11:57:01 PM,QUIT
9/08/2020 11:57:01 PM,221 Session ended - goodbye
9/08/2020 11:57:10 PM,UNIT 9279
9/08/2020 11:57:10 PM,333 CHAL 36674738
9/08/2020 11:57:11 PM,RESP 8BF1406A
9/08/2020 11:57:11 PM,230 Auth OK
9/08/2020 11:57:11 PM,TIME
9/08/2020 11:57:11 PM,211 TIME 1597017431
9/08/2020 11:57:12 PM,EVCOUNT 1
9/08/2020 11:57:12 PM,252 Event OK
9/08/2020 11:57:12 PM,TODO
9/08/2020 11:57:12 PM,226 Nothing to do
9/08/2020 11:57:13 PM,EVENT 51614 1597017425 -310121426/1219234543/834/8/0 REPORT * 0 60 v:123
9/08/2020 11:57:13 PM,252 Event OK
9/08/2020 11:57:14 PM,QUIT
9/08/2020 11:57:14 PM,221 Session ended - goodbye
10/08/2020 12:27:56 AM,UNIT 9279
10/08/2020 12:27:56 AM,333 CHAL 7E516BF0
10/08/2020 12:27:56 AM,RESP A17EE7FE
10/08/2020 12:27:56 AM,230 Auth OK
10/08/2020 12:27:56 AM,TIME
10/08/2020 12:27:56 AM,211 TIME 1597019276
10/08/2020 12:27:56 AM,EVCOUNT 15
10/08/2020 12:27:56 AM,252 Event OK
10/08/2020 12:27:56 AM,TODO
10/08/2020 12:27:56 AM,226 Nothing to do
10/08/2020 12:27:57 AM,EVENT 51615 1597019249 -310121426/1219234543/834/0/0 SWSTART OpusFC 5.0.58.518 R v:124
10/08/2020 12:27:57 AM,252 Event OK
10/08/2020 12:27:57 AM,EVENT 51616 1597017415 0/0/0/0/0 POWERDOWN v:123
10/08/2020 12:27:57 AM,252 Event OK
10/08/2020 12:27:58 AM,EVENT 51617 1597019249 0/0/0/0/0 INPUT 1 1 0 v:124
10/08/2020 12:27:58 AM,252 Event OK
10/08/2020 12:27:58 AM,EVENT 51618 1597019249 0/0/0/0/0 INPUT 2 0 0 v:124
10/08/2020 12:27:58 AM,252 Event OK
10/08/2020 12:27:58 AM,EVENT 51619 1597019249 0/0/0/0/0 INPUT 3 0 0 v:124
10/08/2020 12:27:58 AM,252 Event OK
10/08/2020 12:27:58 AM,EVENT 51620 1597019249 0/0/0/0/0 INPUT 4 0 0 v:124
10/08/2020 12:27:58 AM,252 Event OK
10/08/2020 12:27:59 AM,EVENT 51621 1597019249 0/0/0/0/0 INPUT 7 0 0 v:124
10/08/2020 12:27:59 AM,252 Event OK
10/08/2020 12:27:59 AM,EVENT 51622 1597019249 0/0/0/0/0 INPUT 8 1 0 v:124
10/08/2020 12:27:59 AM,252 Event OK
10/08/2020 12:27:59 AM,EVENT 51623 1597019251 0/0/0/0/0 ZONE_OK 2 100 FW=NO VERSION v:124
10/08/2020 12:27:59 AM,252 Event OK
10/08/2020 12:27:59 AM,EVENT 51624 1597019259 -310121483/1219234463/2820/0/1 SIGNON 2515 03cffacd OK 26 180299 0 v:124
10/08/2020 12:27:59 AM,252 Event OK
10/08/2020 12:28:00 AM,EVENT 51625 1597019266 -310121491/1219234513/1352/99/0 INPUT 3 1 0 v:124
10/08/2020 12:28:00 AM,252 Event OK
10/08/2020 12:28:00 AM,EVENT 51626 1597019267 -310121487/1219234511/1290/99/12 INPUT 1 0 18 v:123
10/08/2020 12:28:00 AM,252 Event OK
10/08/2020 12:28:00 AM,EVENT 51627 1597019268 -310121487/1219234512/1264/99/20 INPUT 4 1 0 v:123
10/08/2020 12:28:00 AM,252 Event OK
10/08/2020 12:28:01 AM,EVENT 51628 1597019268 -310121488/1219234513/1239/99/29 INPUT 3 0 2 v:123
10/08/2020 12:28:01 AM,252 Event OK
10/08/2020 12:28:01 AM,EVENT 51629 1597019272 -310121483/1219234521/1108/8/0 INPUT 4 0 5 v:123
10/08/2020 12:28:01 AM,252 Event OK
10/08/2020 12:28:01 AM,EVENT 51630 1597019273 -310121464/1219234555/1077/8/0 INPUT 4 1 0 v:123
10/08/2020 12:28:01 AM,252 Event OK
10/08/2020 12:28:01 AM,EVENT 51631 1597019275 -310121406/1219234632/1042/8/0 INPUT 4 0 3 v:123
10/08/2020 12:28:01 AM,252 Event OK
10/08/2020 12:28:01 AM,EVENT 51632 1597019275 -310121405/1219234632/1035/8/0 INPUT 4 1 0 v:123
10/08/2020 12:28:01 AM,252 Event OK
10/08/2020 12:28:02 AM,QUIT
10/08/2020 12:28:02 AM,221 Session ended - goodbye
10/08/2020 12:28:11 AM,UNIT 9279
10/08/2020 12:28:11 AM,333 CHAL 5F15B589
10/08/2020 12:28:12 AM,RESP 3E17CF64
10/08/2020 12:28:12 AM,230 Auth OK
10/08/2020 12:28:12 AM,TIME
10/08/2020 12:28:12 AM,211 TIME 1597019292
10/08/2020 12:28:13 AM,EVCOUNT 1
10/08/2020 12:28:13 AM,252 Event OK
10/08/2020 12:28:14 AM,TODO
10/08/2020 12:28:14 AM,226 Nothing to do
10/08/2020 12:28:15 AM,EVENT 51633 1597019280 -310121753/1219234253/977/8/7 INPUT 3 1 0 v:123
10/08/2020 12:28:15 AM,252 Event OK
10/08/2020 12:28:15 AM,QUIT
10/08/2020 12:28:15 AM,221 Session ended - goodbye
10/08/2020 8:44:12 AM,UNIT 9279
10/08/2020 8:44:12 AM,333 CHAL 45022C7D
10/08/2020 8:44:14 AM,RESP E3866CAB
10/08/2020 8:44:14 AM,230 Auth OK
10/08/2020 8:44:15 AM,TIME
10/08/2020 8:44:15 AM,211 TIME 1597049055
10/08/2020 8:44:15 AM,EVCOUNT 184
10/08/2020 8:44:15 AM,252 Event OK
10/08/2020 8:44:16 AM,TODO
10/08/2020 8:44:16 AM,226 Nothing to do
10/08/2020 8:44:17 AM,EVENT 51634 1597019331 -310121810/1219228960/816/8/9 INPUT 3 0 51 v:124
10/08/2020 8:44:17 AM,252 Event OK
10/08/2020 8:44:17 AM,EVENT 51635 1597019337 -310121653/1219229274/815/0/3 INPUT 7 1 0 v:124
10/08/2020 8:44:17 AM,252 Event OK
10/08/2020 8:44:17 AM,EVENT 51636 1597019337 -310121653/1219229274/815/0/3 INPUT 8 0 87 v:123
10/08/2020 8:44:17 AM,252 Event OK
10/08/2020 8:44:18 AM,EVENT 51637 1597019338 -310121648/1219229282/825/0/2 INPUT 1 1 0 v:123
10/08/2020 8:44:18 AM,252 Event OK
10/08/2020 8:44:19 AM,EVENT 51638 1597019339 -310121649/1219229283/833/0/0 INPUT 4 0 64 v:123
10/08/2020 8:44:19 AM,252 Event OK
10/08/2020 8:44:19 AM,EVENT 51639 1597019341 -310121652/1219229284/841/0/0 TRIP 51624 53 20 9 7 82 v:124
10/08/2020 8:44:19 AM,252 Event OK
10/08/2020 8:44:19 AM,EVENT 51640 1597019373 -310121716/1219229259/896/0/0 REPORT * 0 53 v:124
10/08/2020 8:44:19 AM,252 Event OK
10/08/2020 8:44:20 AM,EVENT 51641 1597019629 -310121644/1219229231/782/0/0 INPUT 8 1 0 v:124
10/08/2020 8:44:20 AM,252 Event OK
10/08/2020 8:44:20 AM,EVENT 51642 1597019629 -310121644/1219229231/782/0/0 INPUT 7 0 292 v:124
10/08/2020 8:44:20 AM,252 Event OK
10/08/2020 8:44:21 AM,EVENT 51643 1597019638 -310121605/1219229230/782/0/0 SIGNON 2515 03cffacd OK 26 180299 0 v:124
10/08/2020 8:44:21 AM,252 Event OK
10/08/2020 8:44:21 AM,EVENT 51644 1597019644 -310121584/1219229246/788/0/0 INPUT 1 0 307 v:124
10/08/2020 8:44:21 AM,252 Event OK
10/08/2020 8:44:21 AM,EVENT 51645 1597019645 -310121577/1219229251/790/0/0 INPUT 4 1 0 v:124
10/08/2020 8:44:21 AM,252 Event OK
10/08/2020 8:44:22 AM,EVENT 51646 1597019649 -310121577/1219229220/793/0/0 INPUT 4 0 5 v:124
10/08/2020 8:44:22 AM,252 Event OK
10/08/2020 8:44:22 AM,EVENT 51647 1597019649 -310121577/1219229220/793/0/0 INPUT 4 1 0 v:124
10/08/2020 8:44:22 AM,252 Event OK
10/08/2020 8:44:22 AM,EVENT 51648 1597019651 -310121704/1219228933/796/0/5 INPUT 3 1 0 v:124
10/08/2020 8:44:22 AM,252 Event OK
10/08/2020 8:44:22 AM,EVENT 51649 1597020074 0/0/0/0/16 INPUT 3 0 423 v:124
10/08/2020 8:44:22 AM,252 Event OK
10/08/2020 8:44:23 AM,EVENT 51650 1597020082 0/0/0/0/3 INPUT 3 1 0 v:124
10/08/2020 8:44:23 AM,252 Event OK
10/08/2020 8:44:23 AM,EVENT 51651 1597020441 0/0/0/0/13 INPUT 3 0 360 v:124
10/08/2020 8:44:23 AM,252 Event OK
10/08/2020 8:44:23 AM,EVENT 51652 1597020444 0/0/0/0/8 INPUT 3 1 0 v:124
10/08/2020 8:44:23 AM,252 Event OK
10/08/2020 8:44:23 AM,EVENT 51653 1597020468 0/0/0/0/10 INPUT 3 0 25 v:124
10/08/2020 8:44:23 AM,252 Event OK
10/08/2020 8:44:24 AM,EVENT 51654 1597020470 0/0/0/0/8 INPUT 3 1 0 v:124
10/08/2020 8:44:24 AM,252 Event OK
10/08/2020 8:44:24 AM,EVENT 51655 1597020856 0/0/0/99/10 INPUT 3 0 387 v:124
10/08/2020 8:44:24 AM,252 Event OK
10/08/2020 8:44:24 AM,EVENT 51656 1597020861 0/0/0/99/7 INPUT 3 1 0 v:124
10/08/2020 8:44:24 AM,252 Event OK
10/08/2020 8:44:24 AM,EVENT 51657 1597020870 0/0/0/0/9 INPUT 3 0 10 v:124
10/08/2020 8:44:24 AM,252 Event OK
10/08/2020 8:44:25 AM,EVENT 51658 1597020875 0/0/0/0/8 INPUT 3 1 0 v:124
10/08/2020 8:44:25 AM,252 Event OK
10/08/2020 8:44:25 AM,EVENT 51659 1597020882 0/0/0/0/9 INPUT 3 0 7 v:124
10/08/2020 8:44:25 AM,252 Event OK
10/08/2020 8:44:25 AM,EVENT 51660 1597020886 0/0/0/0/7 INPUT 3 1 0 v:124
10/08/2020 8:44:25 AM,252 Event OK
10/08/2020 8:44:25 AM,EVENT 51661 1597020897 0/0/0/0/11 INPUT 3 0 12 v:124
10/08/2020 8:44:25 AM,252 Event OK
10/08/2020 8:44:26 AM,EVENT 51662 1597020901 0/0/0/0/7 INPUT 3 1 0 v:124
10/08/2020 8:44:26 AM,252 Event OK
10/08/2020 8:44:26 AM,EVENT 51663 1597020906 0/0/0/0/10 INPUT 3 0 6 v:124
10/08/2020 8:44:26 AM,252 Event OK
10/08/2020 8:44:26 AM,EVENT 51664 1597020911 0/0/0/0/8 INPUT 3 1 0 v:124
10/08/2020 8:44:26 AM,252 Event OK
10/08/2020 8:44:26 AM,EVENT 51665 1597020922 0/0/0/0/9 INPUT 3 0 11 v:124
10/08/2020 8:44:26 AM,252 Event OK
10/08/2020 8:44:27 AM,EVENT 51666 1597020925 0/0/0/0/7 INPUT 3 1 0 v:124
10/08/2020 8:44:27 AM,252 Event OK
10/08/2020 8:44:27 AM,EVENT 51667 1597020953 0/0/0/0/9 INPUT 3 0 29 v:124
10/08/2020 8:44:27 AM,252 Event OK
10/08/2020 8:44:27 AM,EVENT 51668 1597020955 0/0/0/0/8 INPUT 3 1 0 v:124
10/08/2020 8:44:27 AM,252 Event OK
10/08/2020 8:44:27 AM,EVENT 51669 1597020995 0/0/0/0/14 INPUT 3 0 41 v:124
10/08/2020 8:44:27 AM,252 Event OK
10/08/2020 8:44:28 AM,EVENT 51670 1597021005 0/0/0/0/5 INPUT 3 1 0 v:124
10/08/2020 8:44:28 AM,252 Event OK
10/08/2020 8:44:28 AM,EVENT 51671 1597021011 0/0/0/0/9 INPUT 3 0 7 v:124
10/08/2020 8:44:28 AM,252 Event OK
10/08/2020 8:44:28 AM,EVENT 51672 1597021012 0/0/0/0/8 INPUT 3 1 0 v:124
10/08/2020 8:44:28 AM,252 Event OK
10/08/2020 8:44:28 AM,EVENT 51673 1597021013 0/0/0/0/8 INPUT 3 0 0 v:124
10/08/2020 8:44:28 AM,252 Event OK
10/08/2020 8:44:29 AM,EVENT 51674 1597021026 0/0/0/0/1 INPUT 4 0 1377 v:124
10/08/2020 8:44:29 AM,252 Event OK
10/08/2020 8:44:29 AM,EVENT 51675 1597021027 0/0/0/0/0 INPUT 4 1 0 v:124
10/08/2020 8:44:29 AM,252 Event OK
10/08/2020 8:44:29 AM,EVENT 51676 1597021030 0/0/0/0/1 INPUT 4 0 4 v:124
10/08/2020 8:44:29 AM,252 Event OK
10/08/2020 8:44:29 AM,EVENT 51677 1597021030 0/0/0/0/1 INPUT 4 1 0 v:124
10/08/2020 8:44:29 AM,252 Event OK
10/08/2020 8:44:30 AM,EVENT 51678 1597021031 0/0/0/0/1 INPUT 7 1 0 v:124
10/08/2020 8:44:30 AM,252 Event OK
10/08/2020 8:44:30 AM,EVENT 51679 1597021031 0/0/0/0/1 INPUT 8 0 1402 v:124
10/08/2020 8:44:30 AM,252 Event OK
10/08/2020 8:44:30 AM,EVENT 51680 1597021032 0/0/0/0/0 INPUT 1 1 0 v:124
10/08/2020 8:44:30 AM,252 Event OK
10/08/2020 8:44:31 AM,EVENT 51681 1597021035 0/0/0/0/0 TRIP 51643 1316 75 7 7 1398 v:124
10/08/2020 8:44:31 AM,252 Event OK
10/08/2020 8:44:31 AM,EVENT 51682 1597021036 0/0/0/0/0 INPUT 4 0 5 v:124
10/08/2020 8:44:31 AM,252 Event OK
10/08/2020 8:44:31 AM,EVENT 51683 1597021058 0/0/0/0/0 INPUT 8 1 0 v:124
10/08/2020 8:44:31 AM,252 Event OK
10/08/2020 8:44:31 AM,EVENT 51684 1597021058 0/0/0/0/0 INPUT 7 0 28 v:124
10/08/2020 8:44:31 AM,252 Event OK
10/08/2020 8:44:32 AM,EVENT 51685 1597021066 0/0/0/0/0 SIGNON 2515 03cffacd OK 26 180299 0 v:124
10/08/2020 8:44:32 AM,252 Event OK
10/08/2020 8:44:32 AM,EVENT 51686 1597021072 0/0/0/0/0 INPUT 1 0 40 v:124
10/08/2020 8:44:32 AM,252 Event OK
10/08/2020 8:44:32 AM,EVENT 51687 1597021072 0/0/0/0/0 INPUT 4 1 0 v:124
10/08/2020 8:44:32 AM,252 Event OK
10/08/2020 8:44:32 AM,EVENT 51688 1597021075 0/0/0/0/2 INPUT 3 1 0 v:124
10/08/2020 8:44:32 AM,252 Event OK
10/08/2020 8:44:32 AM,EVENT 51689 1597021088 0/0/0/0/12 INPUT 3 0 13 v:124
10/08/2020 8:44:32 AM,252 Event OK
10/08/2020 8:44:33 AM,EVENT 51690 1597021108 0/0/0/0/0 INPUT 7 1 0 v:124
10/08/2020 8:44:33 AM,252 Event OK
10/08/2020 8:44:33 AM,EVENT 51691 1597021108 0/0/0/0/0 INPUT 8 0 51 v:124
10/08/2020 8:44:33 AM,252 Event OK
10/08/2020 8:44:33 AM,EVENT 51692 1597021109 0/0/0/0/0 INPUT 1 1 0 v:124
10/08/2020 8:44:33 AM,252 Event OK
10/08/2020 8:44:33 AM,EVENT 51693 1597021110 0/0/0/0/0 INPUT 4 0 38 v:124
10/08/2020 8:44:33 AM,252 Event OK
10/08/2020 8:44:34 AM,EVENT 51694 1597021113 0/0/0/0/0 TRIP 51685 13 26 9 6 48 v:124
10/08/2020 8:44:34 AM,252 Event OK
10/08/2020 8:44:34 AM,EVENT 51695 1597021599 0/0/0/0/0 INPUT 8 1 0 v:124
10/08/2020 8:44:34 AM,252 Event OK
10/08/2020 8:44:34 AM,EVENT 51696 1597021600 0/0/0/0/0 INPUT 7 0 491 v:124
10/08/2020 8:44:34 AM,252 Event OK
10/08/2020 8:44:34 AM,EVENT 51697 1597021610 0/0/0/0/0 SIGNON 2515 03cffacd OK 26 180299 0 v:124
10/08/2020 8:44:34 AM,252 Event OK
10/08/2020 8:44:35 AM,EVENT 51698 1597021630 0/0/0/0/0 REPORT 51697 0 0 v:124
10/08/2020 8:44:35 AM,252 Event OK
10/08/2020 8:44:35 AM,EVENT 51699 1597021648 0/0/0/0/0 INPUT 1 0 538 v:124
10/08/2020 8:44:35 AM,252 Event OK
10/08/2020 8:44:35 AM,EVENT 51700 1597021649 0/0/0/0/0 INPUT 4 1 0 v:124
10/08/2020 8:44:35 AM,252 Event OK
10/08/2020 8:44:36 AM,EVENT 51701 1597021665 0/0/0/0/0 INPUT 4 0 17 v:124
10/08/2020 8:44:36 AM,252 Event OK
10/08/2020 8:44:36 AM,EVENT 51702 1597021666 0/0/0/0/0 INPUT 4 1 0 v:124
10/08/2020 8:44:36 AM,252 Event OK
10/08/2020 8:44:36 AM,EVENT 51703 1597021667 0/0/0/0/5 INPUT 3 1 0 v:124
10/08/2020 8:44:36 AM,252 Event OK
10/08/2020 8:44:36 AM,EVENT 51704 1597021699 0/0/0/0/12 INPUT 3 0 31 v:124
10/08/2020 8:44:36 AM,252 Event OK
10/08/2020 8:44:37 AM,EVENT 51705 1597021708 0/0/0/0/0 INPUT 7 1 0 v:124
10/08/2020 8:44:37 AM,252 Event OK
10/08/2020 8:44:37 AM,EVENT 51706 1597021708 0/0/0/0/0 INPUT 8 0 109 v:124
10/08/2020 8:44:37 AM,252 Event OK
10/08/2020 8:44:37 AM,EVENT 51707 1597021709 0/0/0/0/0 INPUT 1 1 0 v:124
10/08/2020 8:44:37 AM,252 Event OK
10/08/2020 8:44:38 AM,EVENT 51708 1597021710 0/0/0/0/0 INPUT 4 0 45 v:124
10/08/2020 8:44:38 AM,252 Event OK
10/08/2020 8:44:38 AM,EVENT 51709 1597021713 0/0/0/0/0 TRIP 51697 31 31 41 38 103 v:124
10/08/2020 8:44:38 AM,252 Event OK
10/08/2020 8:44:38 AM,EVENT 51710 1597023488 0/0/0/0/0 INPUT 8 1 0 v:124
10/08/2020 8:44:38 AM,252 Event OK
10/08/2020 8:44:38 AM,EVENT 51711 1597023489 0/0/0/0/0 INPUT 7 0 1780 v:124
10/08/2020 8:44:38 AM,252 Event OK
10/08/2020 8:45:08 AM,UNIT 9279
10/08/2020 8:45:08 AM,333 CHAL 3F884183
10/08/2020 8:45:08 AM,RESP F41BC1E8
10/08/2020 8:45:08 AM,230 Auth OK
10/08/2020 8:45:09 AM,TIME
10/08/2020 8:45:09 AM,211 TIME 1597049109
10/08/2020 8:45:09 AM,EVCOUNT 110
10/08/2020 8:45:09 AM,252 Event OK
10/08/2020 8:45:09 AM,TODO
10/08/2020 8:45:09 AM,226 Nothing to do
10/08/2020 8:45:09 AM,EVENT 51712 1597023491 0/0/0/0/0 INPUT 7 1 0 v:124
10/08/2020 8:45:09 AM,252 Event OK
10/08/2020 8:45:10 AM,EVENT 51713 1597023491 0/0/0/0/0 INPUT 8 0 3 v:124
10/08/2020 8:45:10 AM,252 Event OK
10/08/2020 8:45:10 AM,EVENT 51714 1597023492 0/0/0/0/0 INPUT 8 1 0 v:124
10/08/2020 8:45:10 AM,252 Event OK
10/08/2020 8:45:10 AM,EVENT 51715 1597023492 0/0/0/0/0 INPUT 7 0 1 v:124
10/08/2020 8:45:10 AM,252 Event OK
10/08/2020 8:45:10 AM,EVENT 51716 1597023499 0/0/0/0/0 SIGNON 2535 01eddb0f OK 26 91278 0 v:124
10/08/2020 8:45:10 AM,252 Event OK
10/08/2020 8:45:11 AM,EVENT 51717 1597023507 0/0/0/0/0 INPUT 1 0 1797 v:124
10/08/2020 8:45:11 AM,252 Event OK
10/08/2020 8:45:11 AM,EVENT 51718 1597023507 0/0/0/0/0 INPUT 4 1 0 v:124
10/08/2020 8:45:11 AM,252 Event OK
10/08/2020 8:45:11 AM,EVENT 51719 1597023521 0/0/0/0/4 REPORT 51716 0 0 v:124
10/08/2020 8:45:11 AM,252 Event OK
10/08/2020 8:45:11 AM,EVENT 51720 1597023528 0/0/0/0/2 INPUT 4 0 21 v:124
10/08/2020 8:45:11 AM,252 Event OK
10/08/2020 8:45:12 AM,EVENT 51721 1597023528 0/0/0/0/2 INPUT 4 1 0 v:124
10/08/2020 8:45:12 AM,252 Event OK
10/08/2020 8:45:12 AM,EVENT 51722 1597023537 0/0/0/99/0 INPUT 4 0 9 v:124
10/08/2020 8:45:12 AM,252 Event OK
10/08/2020 8:45:12 AM,EVENT 51723 1597023537 0/0/0/99/0 INPUT 4 1 0 v:124
10/08/2020 8:45:12 AM,252 Event OK
10/08/2020 8:45:13 AM,EVENT 51724 1597023541 0/0/0/99/0 INPUT 7 1 0 v:124
10/08/2020 8:45:13 AM,252 Event OK
10/08/2020 8:45:13 AM,EVENT 51725 1597023541 0/0/0/99/0 INPUT 8 0 50 v:124
10/08/2020 8:45:13 AM,252 Event OK
10/08/2020 8:45:13 AM,EVENT 51726 1597023542 0/0/0/99/0 INPUT 1 1 0 v:124
10/08/2020 8:45:13 AM,252 Event OK
10/08/2020 8:45:13 AM,EVENT 51727 1597023543 0/0/0/99/0 INPUT 4 0 5 v:124
10/08/2020 8:45:13 AM,252 Event OK
10/08/2020 8:45:14 AM,EVENT 51728 1597023544 0/0/0/99/0 INPUT 4 1 0 v:123
10/08/2020 8:45:14 AM,252 Event OK
10/08/2020 8:45:14 AM,EVENT 51729 1597023545 0/0/0/99/0 INPUT 4 0 2 v:123
10/08/2020 8:45:14 AM,252 Event OK
10/08/2020 8:45:14 AM,EVENT 51730 1597023546 0/0/0/99/0 TRIP 51716 0 37 10 8 47 v:123
10/08/2020 8:45:14 AM,252 Event OK
10/08/2020 8:45:14 AM,EVENT 51731 1597046948 0/0/0/0/0 SWSTART OpusFC 5.0.58.518 R v:123
10/08/2020 8:45:14 AM,252 Event OK
10/08/2020 8:45:15 AM,EVENT 51732 1597023546 0/0/0/0/0 POWERDOWN v:124
10/08/2020 8:45:15 AM,252 Event OK
10/08/2020 8:45:15 AM,EVENT 51733 1597046948 0/0/0/0/0 INPUT 1 1 0 v:123
10/08/2020 8:45:15 AM,252 Event OK
10/08/2020 8:45:16 AM,EVENT 51734 1597046948 0/0/0/0/0 INPUT 2 0 0 v:123
10/08/2020 8:45:16 AM,252 Event OK
10/08/2020 8:45:16 AM,EVENT 51735 1597046948 0/0/0/0/0 INPUT 3 0 0 v:123
10/08/2020 8:45:16 AM,252 Event OK
10/08/2020 8:45:16 AM,EVENT 51736 1597046948 0/0/0/0/0 INPUT 4 0 0 v:123
10/08/2020 8:45:16 AM,252 Event OK
10/08/2020 8:45:16 AM,EVENT 51737 1597046948 0/0/0/0/0 INPUT 7 0 0 v:123
10/08/2020 8:45:16 AM,252 Event OK
10/08/2020 8:45:17 AM,EVENT 51738 1597046948 0/0/0/0/0 INPUT 8 1 0 v:123
10/08/2020 8:45:17 AM,252 Event OK
10/08/2020 8:45:17 AM,EVENT 51739 1597046950 0/0/0/0/0 ZONE_OK 2 100 FW=NO VERSION v:123
10/08/2020 8:45:17 AM,252 Event OK
10/08/2020 8:45:18 AM,EVENT 51740 1597046961 0/0/0/0/0 SIGNON 2535 01eddb0f OK 26 91278 0 v:123
10/08/2020 8:45:18 AM,252 Event OK
10/08/2020 8:45:18 AM,EVENT 51741 1597046968 0/0/0/99/0 INPUT 7 1 0 v:124
10/08/2020 8:45:18 AM,252 Event OK
10/08/2020 8:45:18 AM,EVENT 51742 1597046969 0/0/0/99/0 INPUT 4 1 0 v:124
10/08/2020 8:45:18 AM,252 Event OK
10/08/2020 8:45:18 AM,EVENT 51743 1597046969 0/0/0/99/0 INPUT 1 0 21 v:124
10/08/2020 8:45:18 AM,252 Event OK
10/08/2020 8:45:19 AM,EVENT 51744 1597046969 0/0/0/99/0 INPUT 7 0 1 v:124
10/08/2020 8:45:19 AM,252 Event OK
10/08/2020 8:45:19 AM,EVENT 51745 1597046979 0/0/0/0/0 INPUT 4 0 11 v:123
10/08/2020 8:45:19 AM,252 Event OK
10/08/2020 8:45:19 AM,EVENT 51746 1597046980 0/0/0/0/0 INPUT 4 1 0 v:123
10/08/2020 8:45:19 AM,252 Event OK
10/08/2020 8:45:19 AM,EVENT 51747 1597046982 0/0/0/0/0 INPUT 4 0 3 v:123
10/08/2020 8:45:19 AM,252 Event OK
10/08/2020 8:45:20 AM,EVENT 51748 1597046982 0/0/0/0/0 INPUT 4 1 0 v:123
10/08/2020 8:45:20 AM,252 Event OK
10/08/2020 8:45:20 AM,EVENT 51749 1597047008 0/0/0/0/2 INPUT 3 1 0 v:124
10/08/2020 8:45:20 AM,252 Event OK
10/08/2020 8:45:20 AM,EVENT 51750 1597047084 0/0/0/0/9 INPUT 3 0 76 v:124
10/08/2020 8:45:20 AM,252 Event OK
10/08/2020 8:45:20 AM,EVENT 51751 1597047087 0/0/0/0/0 INPUT 7 1 0 v:124
10/08/2020 8:45:20 AM,252 Event OK
10/08/2020 8:45:20 AM,EVENT 51752 1597047087 0/0/0/0/0 INPUT 8 0 138 v:124
10/08/2020 8:45:20 AM,252 Event OK
10/08/2020 8:45:21 AM,EVENT 51753 1597047088 0/0/0/0/0 INPUT 1 1 0 v:124
10/08/2020 8:45:21 AM,252 Event OK
10/08/2020 8:45:21 AM,EVENT 51754 1597047091 0/0/0/0/0 TRIP 51740 76 47 8 8 131 v:123
10/08/2020 8:45:21 AM,252 Event OK
10/08/2020 8:45:21 AM,EVENT 51755 1597047092 0/0/0/0/0 INPUT 4 0 109 v:123
10/08/2020 8:45:21 AM,252 Event OK
10/08/2020 8:45:21 AM,EVENT 51756 1597047133 0/0/0/0/0 REPORT * 0 0 v:124
10/08/2020 8:45:21 AM,252 Event OK
10/08/2020 8:45:23 AM,EVENT 51757 1597047438 0/0/0/0/0 INPUT 8 1 0 v:124
10/08/2020 8:45:23 AM,252 Event OK
10/08/2020 8:45:23 AM,EVENT 51758 1597047438 0/0/0/0/0 INPUT 7 0 352 v:124
10/08/2020 8:45:23 AM,252 Event OK
10/08/2020 8:45:24 AM,EVENT 51759 1597047446 0/0/0/0/0 SIGNON 2535 01eddb0f OK 26 91278 0 v:124
10/08/2020 8:45:24 AM,252 Event OK
10/08/2020 8:45:25 AM,EVENT 51760 1597047456 0/0/0/0/0 INPUT 1 0 368 v:124
10/08/2020 8:45:25 AM,252 Event OK
10/08/2020 8:45:25 AM,EVENT 51761 1597047457 0/0/0/0/0 INPUT 4 1 0 v:124
10/08/2020 8:45:25 AM,252 Event OK
10/08/2020 8:45:25 AM,EVENT 51762 1597047460 0/0/0/0/2 INPUT 3 1 0 v:123
10/08/2020 8:45:25 AM,252 Event OK
10/08/2020 8:45:26 AM,EVENT 51763 1597047475 0/0/0/0/12 INPUT 3 0 16 v:124
10/08/2020 8:45:26 AM,252 Event OK
10/08/2020 8:45:26 AM,EVENT 51764 1597047479 0/0/0/0/5 INPUT 4 0 23 v:124
10/08/2020 8:45:26 AM,252 Event OK
10/08/2020 8:45:26 AM,EVENT 51765 1597047479 0/0/0/0/4 INPUT 4 1 0 v:124
10/08/2020 8:45:26 AM,252 Event OK
10/08/2020 8:45:27 AM,EVENT 51766 1597047496 0/0/0/0/3 INPUT 4 0 17 v:124
10/08/2020 8:45:27 AM,252 Event OK
10/08/2020 8:45:27 AM,EVENT 51767 1597047496 0/0/0/0/3 INPUT 4 1 0 v:124
10/08/2020 8:45:27 AM,252 Event OK
10/08/2020 8:45:28 AM,EVENT 51768 1597047556 0/0/0/0/0 INPUT 4 0 60 v:124
10/08/2020 8:45:28 AM,252 Event OK
10/08/2020 8:45:28 AM,EVENT 51769 1597047556 0/0/0/0/0 INPUT 4 1 0 v:124
10/08/2020 8:45:28 AM,252 Event OK
10/08/2020 8:45:29 AM,EVENT 51770 1597047577 0/0/0/0/1 INPUT 4 0 21 v:124
10/08/2020 8:45:29 AM,252 Event OK
10/08/2020 8:45:29 AM,EVENT 51771 1597047577 0/0/0/0/1 INPUT 4 1 0 v:124
10/08/2020 8:45:29 AM,252 Event OK
10/08/2020 8:45:29 AM,EVENT 51772 1597047601 0/0/0/0/0 INPUT 4 0 24 v:124
10/08/2020 8:45:29 AM,252 Event OK
10/08/2020 8:45:30 AM,EVENT 51773 1597047601 0/0/0/0/0 INPUT 4 1 0 v:124
10/08/2020 8:45:30 AM,252 Event OK
10/08/2020 8:45:30 AM,EVENT 51774 1597047606 0/0/0/0/2 INPUT 4 0 5 v:124
10/08/2020 8:45:30 AM,252 Event OK
10/08/2020 8:45:30 AM,EVENT 51775 1597047607 0/0/0/0/2 INPUT 4 1 0 v:124
10/08/2020 8:45:30 AM,252 Event OK
10/08/2020 8:45:30 AM,EVENT 51776 1597047612 0/0/0/0/3 IMPACT 51759 12 0 0 0 12 0 W v:124
10/08/2020 8:45:30 AM,252 Event OK
10/08/2020 8:45:31 AM,EVENT 51777 1597047619 0/0/0/0/0 INPUT 4 0 13 v:124
10/08/2020 8:45:31 AM,252 Event OK
10/08/2020 8:45:31 AM,EVENT 51778 1597047619 0/0/0/0/0 INPUT 4 1 0 v:124
10/08/2020 8:45:31 AM,252 Event OK
10/08/2020 8:45:31 AM,EVENT 51779 1597047626 0/0/0/0/1 INPUT 4 0 7 v:124
10/08/2020 8:45:31 AM,252 Event OK
10/08/2020 8:45:32 AM,EVENT 51780 1597047626 0/0/0/0/1 INPUT 4 1 0 v:124
10/08/2020 8:45:32 AM,252 Event OK
10/08/2020 8:45:32 AM,EVENT 51781 1597047652 0/0/0/0/8 INPUT 3 1 0 v:124
10/08/2020 8:45:32 AM,252 Event OK
10/08/2020 8:45:32 AM,EVENT 51782 1597047652 0/0/0/0/9 INPUT 3 0 1 v:124
10/08/2020 8:45:32 AM,252 Event OK
10/08/2020 8:45:32 AM,EVENT 51783 1597047660 0/0/0/0/6 INPUT 3 1 0 v:124
10/08/2020 8:45:32 AM,252 Event OK
10/08/2020 8:45:34 AM,EVENT 51784 1597047678 0/0/0/99/10 INPUT 3 0 17 v:124
10/08/2020 8:45:34 AM,252 Event OK
10/08/2020 8:45:34 AM,EVENT 51785 1597047679 0/0/0/99/8 INPUT 4 0 53 v:124
10/08/2020 8:45:34 AM,252 Event OK
10/08/2020 8:45:34 AM,EVENT 51786 1597047679 0/0/0/99/6 INPUT 4 1 0 v:124
10/08/2020 8:45:34 AM,252 Event OK
10/08/2020 8:45:35 AM,EVENT 51787 1597047711 0/0/0/0/6 INPUT 3 1 0 v:124
10/08/2020 8:45:35 AM,252 Event OK
10/08/2020 8:45:35 AM,EVENT 51788 1597047725 0/0/0/0/10 INPUT 3 0 15 v:124
10/08/2020 8:45:35 AM,252 Event OK
10/08/2020 8:45:35 AM,EVENT 51789 1597047731 0/0/0/0/0 INPUT 4 0 52 v:124
10/08/2020 8:45:35 AM,252 Event OK
10/08/2020 8:45:36 AM,EVENT 51790 1597047731 0/0/0/0/0 INPUT 4 1 0 v:124
10/08/2020 8:45:36 AM,252 Event OK
10/08/2020 8:45:36 AM,EVENT 51791 1597047739 0/0/0/0/1 INPUT 4 0 8 v:124
10/08/2020 8:45:36 AM,252 Event OK
10/08/2020 8:45:36 AM,EVENT 51792 1597047739 0/0/0/0/1 INPUT 4 1 0 v:124
10/08/2020 8:45:36 AM,252 Event OK
10/08/2020 8:45:37 AM,EVENT 51793 1597047747 0/0/0/0/1 INPUT 4 0 8 v:124
10/08/2020 8:45:37 AM,252 Event OK
10/08/2020 8:45:37 AM,EVENT 51794 1597047748 0/0/0/0/0 INPUT 4 1 0 v:124
10/08/2020 8:45:37 AM,252 Event OK
10/08/2020 8:45:37 AM,EVENT 51795 1597047754 0/0/0/0/7 INPUT 3 1 0 v:124
10/08/2020 8:45:37 AM,252 Event OK
10/08/2020 8:45:38 AM,EVENT 51796 1597047756 0/0/0/0/12 INPUT 3 0 2 v:124
10/08/2020 8:45:38 AM,252 Event OK
10/08/2020 8:45:38 AM,EVENT 51797 1597047789 0/0/0/0/0 INPUT 4 0 42 v:124
10/08/2020 8:45:38 AM,252 Event OK
10/08/2020 8:45:38 AM,EVENT 51798 1597047789 0/0/0/0/0 INPUT 4 1 0 v:124
10/08/2020 8:45:38 AM,252 Event OK
10/08/2020 8:45:40 AM,EVENT 51799 1597047790 0/0/0/0/1 INPUT 3 1 0 v:124
10/08/2020 8:45:40 AM,252 Event OK
10/08/2020 8:45:40 AM,EVENT 51800 1597048052 0/0/0/0/13 INPUT 3 0 263 v:124
10/08/2020 8:45:40 AM,252 Event OK
10/08/2020 8:45:41 AM,EVENT 51801 1597048068 0/0/0/0/2 INPUT 3 1 0 v:124
10/08/2020 8:45:41 AM,252 Event OK
10/08/2020 8:45:41 AM,EVENT 51802 1597048245 0/0/0/0/11 INPUT 3 0 177 v:124
10/08/2020 8:45:41 AM,252 Event OK
10/08/2020 8:45:42 AM,EVENT 51803 1597048249 0/0/0/0/0 INPUT 4 0 460 v:124
10/08/2020 8:45:42 AM,252 Event OK
10/08/2020 8:45:42 AM,EVENT 51804 1597048249 0/0/0/0/0 INPUT 4 1 0 v:124
10/08/2020 8:45:42 AM,252 Event OK
10/08/2020 8:45:43 AM,EVENT 51805 1597048260 0/0/0/0/6 INPUT 3 1 0 v:124
10/08/2020 8:45:43 AM,252 Event OK
10/08/2020 8:45:43 AM,EVENT 51806 1597048261 0/0/0/0/9 INPUT 3 0 1 v:124
10/08/2020 8:45:43 AM,252 Event OK
10/08/2020 8:45:43 AM,EVENT 51807 1597048261 0/0/0/0/8 INPUT 3 1 0 v:124
10/08/2020 8:45:43 AM,252 Event OK
10/08/2020 8:45:44 AM,EVENT 51808 1597048686 0/0/0/99/11 INPUT 3 0 425 v:124
10/08/2020 8:45:44 AM,252 Event OK
10/08/2020 8:45:45 AM,EVENT 51809 1597048704 0/0/0/0/4 INPUT 3 1 0 v:124
10/08/2020 8:45:45 AM,252 Event OK
10/08/2020 8:45:45 AM,EVENT 51810 1597048706 0/0/0/0/10 INPUT 3 0 1 v:124
10/08/2020 8:45:45 AM,252 Event OK
10/08/2020 8:45:45 AM,EVENT 51811 1597048707 0/0/0/0/8 INPUT 3 1 0 v:124
10/08/2020 8:45:45 AM,252 Event OK
10/08/2020 8:45:46 AM,EVENT 51812 1597048836 0/0/0/0/22 ZONEOVERSPEED 51759 8 30 1 v:124
10/08/2020 8:45:46 AM,252 Event OK
10/08/2020 8:45:46 AM,EVENT 51813 1597048963 0/0/0/0/26 REPORT 51759 0 0 v:124
10/08/2020 8:45:46 AM,252 Event OK
10/08/2020 8:45:46 AM,EVENT 51814 1597048980 0/0/0/0/14 INPUT 3 0 272 v:124
10/08/2020 8:45:46 AM,252 Event OK
10/08/2020 8:45:47 AM,EVENT 51815 1597048981 0/0/0/0/8 INPUT 4 0 732 v:124
10/08/2020 8:45:47 AM,252 Event OK
10/08/2020 8:45:47 AM,EVENT 51816 1597048981 0/0/0/0/7 INPUT 4 1 0 v:124
10/08/2020 8:45:47 AM,252 Event OK
10/08/2020 8:45:47 AM,EVENT 51817 1597049028 -310121671/1219229341/1050/99/8 INPUT 3 1 0 v:124
10/08/2020 8:45:47 AM,252 Event OK
10/08/2020 8:45:48 AM,EVENT 51818 1597049081 -310129085/1219228945/849/8/12 INPUT 3 0 54 v:123
10/08/2020 8:45:48 AM,252 Event OK
10/08/2020 8:45:48 AM,EVENT 51819 1597049102 -310128574/1219228408/899/0/0 INPUT 7 1 0 v:123
10/08/2020 8:45:48 AM,252 Event OK
10/08/2020 8:45:48 AM,EVENT 51820 1597049102 -310128574/1219228408/899/0/0 INPUT 8 0 1664 v:124
10/08/2020 8:45:48 AM,252 Event OK
10/08/2020 8:45:48 AM,EVENT 51821 1597049103 -310128575/1219228406/904/0/0 INPUT 1 1 0 v:124
10/08/2020 8:45:48 AM,252 Event OK
10/08/2020 8:45:49 AM,EVENT 51822 1597049106 -310128589/1219228415/941/0/0 TRIP 51759 1244 406 10 10 1660 v:123
10/08/2020 8:45:49 AM,252 Event OK
10/08/2020 8:45:49 AM,EVENT 51823 1597049106 -310128589/1219228415/941/0/0 TRIPSUMMARY 51759 v:123
10/08/2020 8:45:49 AM,252 Event OK
10/08/2020 8:45:49 AM,EVENT 51824 1597049107 -310128591/1219228417/943/0/0 INPUT 4 0 125 v:124
10/08/2020 8:45:49 AM,252 Event OK
10/08/2020 8:45:50 AM,QUIT
10/08/2020 8:45:50 AM,221 Session ended - goodbye
10/08/2020 8:50:10 AM,UNIT 9279
10/08/2020 8:50:10 AM,333 CHAL 5F123D25
10/08/2020 8:50:11 AM,RESP 8D98303B
10/08/2020 8:50:11 AM,230 Auth OK
10/08/2020 8:50:11 AM,TIME
10/08/2020 8:50:11 AM,211 TIME 1597049411
10/08/2020 8:50:12 AM,EVCOUNT 2
10/08/2020 8:50:12 AM,252 Event OK
10/08/2020 8:50:12 AM,TODO
10/08/2020 8:50:12 AM,226 Nothing to do
10/08/2020 8:50:13 AM,EVENT 51825 1597049405 -310129013/1219228219/899/0/0 INPUT 8 1 0 v:124
10/08/2020 8:50:13 AM,252 Event OK
10/08/2020 8:50:14 AM,EVENT 51826 1597049406 -310129010/1219228220/899/0/0 INPUT 7 0 304 v:124
10/08/2020 8:50:14 AM,252 Event OK
10/08/2020 8:50:14 AM,QUIT
10/08/2020 8:50:14 AM,221 Session ended - goodbye
10/08/2020 8:50:25 AM,UNIT 9279
10/08/2020 8:50:25 AM,333 CHAL 6DC148C5
10/08/2020 8:50:25 AM,RESP 5E41D9E1
10/08/2020 8:50:25 AM,230 Auth OK
10/08/2020 8:50:26 AM,TIME
10/08/2020 8:50:26 AM,211 TIME 1597049426
10/08/2020 8:50:26 AM,EVCOUNT 1
10/08/2020 8:50:26 AM,252 Event OK
10/08/2020 8:50:27 AM,TODO
10/08/2020 8:50:27 AM,226 Nothing to do
10/08/2020 8:50:27 AM,EVENT 51827 1597049417 -310128944/1219228259/884/0/0 SIGNON 2535 01eddb0f OK 26 91278 0 v:124
10/08/2020 8:50:27 AM,252 Event OK
10/08/2020 8:50:28 AM,QUIT
10/08/2020 8:50:28 AM,221 Session ended - goodbye
10/08/2020 8:50:38 AM,UNIT 9279
10/08/2020 8:50:38 AM,333 CHAL 43C319A7
10/08/2020 8:50:38 AM,RESP B25A4BA4
10/08/2020 8:50:38 AM,230 Auth OK
10/08/2020 8:50:39 AM,TIME
10/08/2020 8:50:39 AM,211 TIME 1597049439
10/08/2020 8:50:39 AM,EVCOUNT 4
10/08/2020 8:50:39 AM,252 Event OK
10/08/2020 8:50:40 AM,TODO
10/08/2020 8:50:40 AM,226 Nothing to do
10/08/2020 8:50:41 AM,EVENT 51828 1597049428 -310128872/1219228320/886/0/0 INPUT 1 0 325 v:124
10/08/2020 8:50:41 AM,252 Event OK
10/08/2020 8:50:59 AM,EVENT 51829 1597049428 -310128872/1219228320/886/0/0 INPUT 4 1 0 v:124
10/08/2020 8:50:59 AM,252 Event OK
10/08/2020 8:50:59 AM,EVENT 51830 1597049433 -310128833/1219228321/888/0/0 INPUT 4 0 6 v:124
10/08/2020 8:50:59 AM,252 Event OK
10/08/2020 8:51:00 AM,EVENT 51831 1597049433 -310128833/1219228321/888/0/0 INPUT 4 1 0 v:124
10/08/2020 8:51:00 AM,252 Event OK
10/08/2020 8:51:00 AM,EVENT 51832 1597049438 -310128980/1219228377/889/0/0 INPUT 4 0 5 v:124
10/08/2020 8:51:00 AM,252 Event OK
10/08/2020 8:51:00 AM,EVENT 51833 1597049438 -310128980/1219228377/889/0/0 INPUT 4 1 0 v:124
10/08/2020 8:51:00 AM,252 Event OK
10/08/2020 8:51:00 AM,EVENT 51834 1597049448 -310129180/1219228430/930/0/5 INPUT 3 1 0 v:124
10/08/2020 8:51:00 AM,252 Event OK
10/08/2020 8:51:01 AM,EVENT 51835 1597049448 -310129114/1219228518/941/0/8 INPUT 3 0 1 v:124
10/08/2020 8:51:01 AM,252 Event OK
10/08/2020 8:51:01 AM,EVENT 51836 1597049449 -310128998/1219228748/952/0/8 INPUT 3 1 0 v:124
10/08/2020 8:51:01 AM,252 Event OK
10/08/2020 8:51:01 AM,EVENT 51837 1597049456 -310127992/1219230815/1012/0/11 INPUT 3 0 7 v:124
10/08/2020 8:51:01 AM,252 Event OK
10/08/2020 8:51:02 AM,QUIT
10/08/2020 8:51:02 AM,221 Session ended - goodbye
10/08/2020 8:51:11 AM,UNIT 9279
10/08/2020 8:51:11 AM,333 CHAL 35951240
10/08/2020 8:51:12 AM,RESP 76A4B549
10/08/2020 8:51:12 AM,230 Auth OK
10/08/2020 8:51:12 AM,TIME
10/08/2020 8:51:12 AM,211 TIME 1597049472
10/08/2020 8:51:13 AM,EVCOUNT 1
10/08/2020 8:51:13 AM,252 Event OK
10/08/2020 8:51:13 AM,TODO
10/08/2020 8:51:13 AM,226 Nothing to do
10/08/2020 8:51:14 AM,EVENT 51838 1597049461 -310127800/1219231036/999/0/2 INPUT 3 1 0 v:124
10/08/2020 8:51:14 AM,252 Event OK
10/08/2020 8:51:15 AM,QUIT
10/08/2020 8:51:15 AM,221 Session ended - goodbye
10/08/2020 8:51:28 AM,UNIT 9279
10/08/2020 8:51:28 AM,333 CHAL 1EDCBB23
10/08/2020 8:51:28 AM,RESP 8C701F24
10/08/2020 8:51:28 AM,230 Auth OK
10/08/2020 8:51:29 AM,TIME
10/08/2020 8:51:29 AM,211 TIME 1597049489
10/08/2020 8:51:29 AM,EVCOUNT 3
10/08/2020 8:51:29 AM,252 Event OK
10/08/2020 8:51:30 AM,TODO
10/08/2020 8:51:30 AM,226 Nothing to do
10/08/2020 8:51:30 AM,EVENT 51839 1597049482 -310123490/1219231169/919/7/12 INPUT 3 0 22 v:124
10/08/2020 8:51:30 AM,252 Event OK
10/08/2020 8:51:31 AM,EVENT 51840 1597049483 -310123566/1219231088/918/7/9 INPUT 3 1 0 v:124
10/08/2020 8:51:31 AM,252 Event OK
10/08/2020 8:51:32 AM,EVENT 51841 1597049484 -310123875/1219230893/910/7/10 INPUT 3 0 2 v:124
10/08/2020 8:51:32 AM,252 Event OK
10/08/2020 8:51:32 AM,EVENT 51842 1597049488 -310124072/1219230809/902/7/0 INPUT 7 1 0 v:124
10/08/2020 8:51:32 AM,252 Event OK
10/08/2020 8:51:33 AM,EVENT 51843 1597049488 -310124072/1219230809/902/7/0 INPUT 8 0 83 v:124
10/08/2020 8:51:33 AM,252 Event OK
10/08/2020 8:51:34 AM,EVENT 51844 1597049489 -310124074/1219230809/902/7/0 INPUT 1 1 0 v:124
10/08/2020 8:51:34 AM,252 Event OK
10/08/2020 8:51:34 AM,EVENT 51845 1597049490 -310124077/1219230807/903/7/0 INPUT 4 0 52 v:124
10/08/2020 8:51:34 AM,252 Event OK
10/08/2020 8:51:35 AM,QUIT
10/08/2020 8:51:35 AM,221 Session ended - goodbye
10/08/2020 8:51:45 AM,UNIT 9279
10/08/2020 8:51:45 AM,333 CHAL 1E0DD656
10/08/2020 8:51:46 AM,RESP 591E09C2
10/08/2020 8:51:46 AM,230 Auth OK
10/08/2020 8:51:46 AM,TIME
10/08/2020 8:51:46 AM,211 TIME 1597049506
10/08/2020 8:51:47 AM,EVCOUNT 1
10/08/2020 8:51:47 AM,252 Event OK
10/08/2020 8:51:47 AM,TODO
10/08/2020 8:51:47 AM,226 Nothing to do
10/08/2020 8:51:48 AM,EVENT 51846 1597049493 -310124084/1219230800/903/7/0 TRIP 51827 32 31 14 11 77 v:124
10/08/2020 8:51:48 AM,252 Event OK
10/08/2020 8:51:48 AM,QUIT
10/08/2020 8:51:48 AM,221 Session ended - goodbye
10/08/2020 9:15:58 AM,UNIT 9279
10/08/2020 9:15:58 AM,333 CHAL 4760F816
10/08/2020 9:15:58 AM,RESP 5F77F5DE
10/08/2020 9:15:58 AM,230 Auth OK
10/08/2020 9:15:59 AM,TIME
10/08/2020 9:15:59 AM,211 TIME 1597050959
10/08/2020 9:15:59 AM,EVCOUNT 2
10/08/2020 9:15:59 AM,252 Event OK
10/08/2020 9:16:00 AM,TODO
10/08/2020 9:16:00 AM,226 Nothing to do
10/08/2020 9:16:01 AM,EVENT 51847 1597050952 -310124037/1219230993/990/5/0 INPUT 8 1 0 v:124
10/08/2020 9:16:01 AM,252 Event OK
10/08/2020 9:16:01 AM,EVENT 51848 1597050953 -310124036/1219230997/991/5/0 INPUT 7 0 1464 v:124
10/08/2020 9:16:01 AM,252 Event OK
10/08/2020 9:16:02 AM,QUIT
10/08/2020 9:16:02 AM,221 Session ended - goodbye
10/08/2020 9:16:11 AM,UNIT 9279
10/08/2020 9:16:11 AM,333 CHAL 661C41BC
10/08/2020 9:16:12 AM,RESP DC633651
10/08/2020 9:16:12 AM,230 Auth OK
10/08/2020 9:16:12 AM,TIME
10/08/2020 9:16:12 AM,211 TIME 1597050972
10/08/2020 9:16:13 AM,EVCOUNT 1
10/08/2020 9:16:13 AM,252 Event OK
10/08/2020 9:16:13 AM,TODO
10/08/2020 9:16:13 AM,226 Nothing to do
10/08/2020 9:16:14 AM,EVENT 51849 1597050965 -310124020/1219230992/1016/5/0 SIGNON 2535 01eddb0f OK 26 91278 0 v:124
10/08/2020 9:16:14 AM,252 Event OK
10/08/2020 9:16:14 AM,EVENT 51850 1597050971 -310123979/1219230988/997/5/0 INPUT 4 1 0 v:124
10/08/2020 9:16:14 AM,252 Event OK
10/08/2020 9:16:15 AM,EVENT 51851 1597050972 -310123974/1219230986/991/5/0 INPUT 1 0 1483 v:124
10/08/2020 9:16:15 AM,252 Event OK
10/08/2020 9:16:16 AM,QUIT
10/08/2020 9:16:16 AM,221 Session ended - goodbye
10/08/2020 9:16:26 AM,UNIT 9279
10/08/2020 9:16:26 AM,333 CHAL 22B8A015
10/08/2020 9:16:26 AM,RESP 9148D99D
10/08/2020 9:16:26 AM,230 Auth OK
10/08/2020 9:16:27 AM,TIME
10/08/2020 9:16:27 AM,211 TIME 1597050987
10/08/2020 9:16:27 AM,EVCOUNT 3
10/08/2020 9:16:27 AM,252 Event OK
10/08/2020 9:16:28 AM,TODO
10/08/2020 9:16:28 AM,226 Nothing to do
10/08/2020 9:16:29 AM,EVENT 51852 1597050976 -310123936/1219230982/977/5/0 REPORT 51849 0 192 v:124
10/08/2020 9:16:29 AM,252 Event OK
10/08/2020 9:16:29 AM,EVENT 51853 1597050982 -310123868/1219231020/958/5/0 INPUT 4 0 12 v:124
10/08/2020 9:16:29 AM,252 Event OK
10/08/2020 9:16:30 AM,EVENT 51854 1597050982 -310123868/1219231020/958/5/0 INPUT 4 1 0 v:124
10/08/2020 9:16:30 AM,252 Event OK
10/08/2020 9:16:31 AM,QUIT
10/08/2020 9:16:31 AM,221 Session ended - goodbye
10/08/2020 9:16:49 AM,UNIT 9279
10/08/2020 9:16:49 AM,333 CHAL B4F1F14
10/08/2020 9:16:49 AM,RESP 74825D70
10/08/2020 9:16:49 AM,230 Auth OK
10/08/2020 9:16:50 AM,TIME
10/08/2020 9:16:50 AM,211 TIME 1597051010
10/08/2020 9:16:50 AM,EVCOUNT 1
10/08/2020 9:16:50 AM,252 Event OK
10/08/2020 9:16:51 AM,TODO
10/08/2020 9:16:51 AM,226 Nothing to do
10/08/2020 9:16:52 AM,EVENT 51855 1597051003 -310123330/1219232387/1007/7/4 INPUT 3 1 0 v:124
10/08/2020 9:16:52 AM,252 Event OK
10/08/2020 9:16:52 AM,QUIT
10/08/2020 9:16:52 AM,221 Session ended - goodbye
10/08/2020 9:18:00 AM,UNIT 9279
10/08/2020 9:18:00 AM,333 CHAL 39820033
10/08/2020 9:18:01 AM,RESP 707C1F3C
10/08/2020 9:18:01 AM,230 Auth OK
10/08/2020 9:18:02 AM,TIME
10/08/2020 9:18:02 AM,211 TIME 1597051082
10/08/2020 9:18:02 AM,EVCOUNT 1
10/08/2020 9:18:02 AM,252 Event OK
10/08/2020 9:18:03 AM,TODO
10/08/2020 9:18:03 AM,226 Nothing to do
10/08/2020 9:18:04 AM,EVENT 51856 1597051074 -310143289/1219231447/975/9/9 INPUT 3 0 71 v:124
10/08/2020 9:18:04 AM,252 Event OK
10/08/2020 9:18:05 AM,EVENT 51857 1597051081 -310143555/1219231446/1012/9/3 INPUT 7 1 0 v:124
10/08/2020 9:18:05 AM,252 Event OK
10/08/2020 9:18:06 AM,EVENT 51858 1597051081 -310143555/1219231446/1012/9/3 INPUT 8 0 130 v:124
10/08/2020 9:18:06 AM,252 Event OK
10/08/2020 9:18:07 AM,EVENT 51859 1597051082 -310143555/1219231446/1019/9/1 INPUT 1 1 0 v:124
10/08/2020 9:18:07 AM,252 Event OK
10/08/2020 9:18:08 AM,EVENT 51860 1597051084 -310143566/1219231438/1020/9/0 INPUT 4 0 102 v:124
10/08/2020 9:18:08 AM,252 Event OK
10/08/2020 9:18:09 AM,QUIT
10/08/2020 9:18:09 AM,221 Session ended - goodbye
10/08/2020 9:18:19 AM,UNIT 9279
10/08/2020 9:18:19 AM,333 CHAL ED2A731
10/08/2020 9:18:19 AM,RESP DD93277A
10/08/2020 9:18:19 AM,230 Auth OK
10/08/2020 9:18:20 AM,TIME
10/08/2020 9:18:20 AM,211 TIME 1597051100
10/08/2020 9:18:20 AM,EVCOUNT 1
10/08/2020 9:18:20 AM,252 Event OK
10/08/2020 9:18:21 AM,TODO
10/08/2020 9:18:21 AM,226 Nothing to do
10/08/2020 9:18:22 AM,EVENT 51861 1597051086 -310143576/1219231429/1022/2/0 TRIP 51849 71 43 8 6 122 v:124
10/08/2020 9:18:22 AM,252 Event OK
10/08/2020 9:18:22 AM,QUIT
10/08/2020 9:18:22 AM,221 Session ended - goodbye
10/08/2020 10:15:28 AM,UNIT 9279
10/08/2020 10:15:28 AM,333 CHAL 3E48B3DB
10/08/2020 10:15:28 AM,RESP FDEBF35D
10/08/2020 10:15:28 AM,230 Auth OK
10/08/2020 10:15:29 AM,TIME
10/08/2020 10:15:29 AM,211 TIME 1597054529
10/08/2020 10:15:29 AM,EVCOUNT 13
10/08/2020 10:15:29 AM,252 Event OK
10/08/2020 10:15:30 AM,TODO
10/08/2020 10:15:30 AM,226 Nothing to do
10/08/2020 10:15:31 AM,EVENT 51862 1597054495 0/0/0/0/0 SWSTART OpusFC 5.0.58.518 R v:124
10/08/2020 10:15:31 AM,252 Event OK
10/08/2020 10:15:32 AM,EVENT 51863 1597051086 0/0/0/0/0 POWERDOWN v:124
10/08/2020 10:15:32 AM,252 Event OK
10/08/2020 10:15:32 AM,EVENT 51864 1597054495 0/0/0/0/0 INPUT 1 1 0 v:123
10/08/2020 10:15:32 AM,252 Event OK
10/08/2020 10:15:33 AM,EVENT 51865 1597054495 0/0/0/0/0 INPUT 2 0 0 v:123
10/08/2020 10:15:33 AM,252 Event OK
10/08/2020 10:15:34 AM,EVENT 51866 1597054495 0/0/0/0/0 INPUT 3 0 0 v:123
10/08/2020 10:15:34 AM,252 Event OK
10/08/2020 10:15:34 AM,EVENT 51867 1597054495 0/0/0/0/0 INPUT 4 0 0 v:123
10/08/2020 10:15:34 AM,252 Event OK
10/08/2020 10:15:35 AM,EVENT 51868 1597054495 0/0/0/0/0 INPUT 7 0 0 v:123
10/08/2020 10:15:35 AM,252 Event OK
10/08/2020 10:15:35 AM,EVENT 51869 1597054495 0/0/0/0/0 INPUT 8 1 0 v:123
10/08/2020 10:15:35 AM,252 Event OK
10/08/2020 10:15:36 AM,EVENT 51870 1597054497 0/0/0/0/0 ZONE_OK 2 100 FW=NO VERSION v:123
10/08/2020 10:15:36 AM,252 Event OK
10/08/2020 10:15:37 AM,EVENT 51871 1597054504 0/0/0/0/0 SIGNON 2519 01f5dcd9 OK_CL 26 51193 0 v:123
10/08/2020 10:15:37 AM,252 Event OK
10/08/2020 10:15:38 AM,EVENT 51872 1597054512 0/0/0/99/0 CHECKLIST 51871 OK 0 7 432 F v:123
10/08/2020 10:15:38 AM,252 Event OK
10/08/2020 10:15:38 AM,EVENT 51873 1597054518 0/0/0/99/0 INPUT 4 1 0 v:124
10/08/2020 10:15:38 AM,252 Event OK
10/08/2020 10:15:39 AM,EVENT 51874 1597054518 0/0/0/99/0 INPUT 1 0 23 v:124
10/08/2020 10:15:39 AM,252 Event OK
10/08/2020 10:15:40 AM,QUIT
10/08/2020 10:15:40 AM,221 Session ended - goodbye
10/08/2020 10:16:00 AM,UNIT 9279
10/08/2020 10:16:00 AM,333 CHAL 255AC46E
10/08/2020 10:16:00 AM,RESP 6452479B
10/08/2020 10:16:00 AM,230 Auth OK
10/08/2020 10:16:01 AM,TIME
10/08/2020 10:16:01 AM,211 TIME 1597054561
10/08/2020 10:16:01 AM,EVCOUNT 1
10/08/2020 10:16:01 AM,252 Event OK
10/08/2020 10:16:02 AM,TODO
10/08/2020 10:16:02 AM,226 Nothing to do
10/08/2020 10:16:02 AM,EVENT 51875 1597054555 -310143078/1219231266/1003/5/3 INPUT 3 1 0 v:124
10/08/2020 10:16:02 AM,252 Event OK
10/08/2020 10:16:03 AM,QUIT
10/08/2020 10:16:03 AM,221 Session ended - goodbye
10/08/2020 10:24:46 AM,UNIT 9279
10/08/2020 10:24:46 AM,333 CHAL 47D1A867
10/08/2020 10:24:46 AM,RESP 514ED0F9
10/08/2020 10:24:46 AM,230 Auth OK
10/08/2020 10:24:47 AM,TIME
10/08/2020 10:24:47 AM,211 TIME 1597055087
10/08/2020 10:24:47 AM,EVCOUNT 7
10/08/2020 10:24:47 AM,252 Event OK
10/08/2020 10:24:47 AM,TODO
10/08/2020 10:24:47 AM,226 Nothing to do
10/08/2020 10:24:48 AM,EVENT 51876 1597054640 -310121508/1219229540/907/7/14 INPUT 3 0 85 v:124
10/08/2020 10:24:48 AM,252 Event OK
10/08/2020 10:24:49 AM,EVENT 51877 1597054642 -310121653/1219229367/901/7/5 INPUT 7 1 0 v:124
10/08/2020 10:24:49 AM,252 Event OK
10/08/2020 10:24:49 AM,EVENT 51878 1597054642 -310121653/1219229367/901/7/5 INPUT 8 0 146 v:124
10/08/2020 10:24:49 AM,252 Event OK
10/08/2020 10:24:50 AM,EVENT 51879 1597054643 -310121647/1219229381/901/7/1 INPUT 1 1 0 v:124
10/08/2020 10:24:50 AM,252 Event OK
10/08/2020 10:24:50 AM,EVENT 51880 1597054646 -310121637/1219229396/900/0/0 TRIP 51871 85 44 8 8 137 v:123
10/08/2020 10:24:50 AM,252 Event OK
10/08/2020 10:24:52 AM,EVENT 51881 1597054647 -310121637/1219229396/900/0/0 INPUT 4 0 129 v:123
10/08/2020 10:24:52 AM,252 Event OK
10/08/2020 10:24:54 AM,EVENT 51882 1597054680 -310121607/1219229480/874/0/0 REPORT * 0 230 v:123
10/08/2020 10:24:54 AM,252 Event OK
10/08/2020 10:24:54 AM,QUIT
10/08/2020 10:24:54 AM,221 Session ended - goodbye
10/08/2020 9:05:30 PM,UNIT 9279
10/08/2020 9:05:30 PM,333 CHAL 31C4832C
10/08/2020 9:05:31 PM,RESP 4DF3FADC
10/08/2020 9:05:31 PM,230 Auth OK
10/08/2020 9:05:31 PM,TIME
10/08/2020 9:05:31 PM,211 TIME 1597093531
10/08/2020 9:05:31 PM,EVCOUNT 102
10/08/2020 9:05:31 PM,252 Event OK
10/08/2020 9:05:32 PM,TODO
10/08/2020 9:05:32 PM,226 Nothing to do
10/08/2020 9:05:32 PM,EVENT 51883 1597056496 -310121607/1219229480/874/0/0 SWSTART OpusFC 5.0.58.518 R v:124
10/08/2020 9:05:32 PM,252 Event OK
10/08/2020 9:05:33 PM,EVENT 51884 1597054646 0/0/0/0/0 POWERDOWN v:123
10/08/2020 9:05:33 PM,252 Event OK
10/08/2020 9:05:33 PM,EVENT 51885 1597056496 0/0/0/0/0 INPUT 1 1 0 v:123
10/08/2020 9:05:33 PM,252 Event OK
10/08/2020 9:05:33 PM,EVENT 51886 1597056496 0/0/0/0/0 INPUT 2 0 0 v:123
10/08/2020 9:05:33 PM,252 Event OK
10/08/2020 9:05:34 PM,EVENT 51887 1597056496 0/0/0/0/0 INPUT 3 0 0 v:123
10/08/2020 9:05:34 PM,252 Event OK
10/08/2020 9:05:34 PM,EVENT 51888 1597056496 0/0/0/0/0 INPUT 4 0 0 v:123
10/08/2020 9:05:34 PM,252 Event OK
10/08/2020 9:05:34 PM,EVENT 51889 1597056496 0/0/0/0/0 INPUT 7 0 0 v:123
10/08/2020 9:05:34 PM,252 Event OK
10/08/2020 9:05:35 PM,EVENT 51890 1597056496 0/0/0/0/0 INPUT 8 1 0 v:123
10/08/2020 9:05:35 PM,252 Event OK
10/08/2020 9:05:35 PM,EVENT 51891 1597056498 0/0/0/0/0 ZONE_OK 2 100 FW=NO VERSION v:123
10/08/2020 9:05:35 PM,252 Event OK
10/08/2020 9:05:35 PM,EVENT 51892 1597056507 -310121354/1219229478/3259/0/1 SIGNON 2519 01f5dcd9 OK 26 51193 0 v:124
10/08/2020 9:05:35 PM,252 Event OK
10/08/2020 9:05:36 PM,EVENT 51893 1597056513 -310121344/1219229537/1689/99/0 INPUT 1 0 16 v:124
10/08/2020 9:05:36 PM,252 Event OK
10/08/2020 9:05:36 PM,EVENT 51894 1597056514 -310121344/1219229540/1650/99/0 INPUT 4 1 0 v:124
10/08/2020 9:05:36 PM,252 Event OK
10/08/2020 9:05:36 PM,EVENT 51895 1597056525 -310121553/1219229244/1074/0/2 INPUT 3 1 0 v:124
10/08/2020 9:05:36 PM,252 Event OK
10/08/2020 9:05:36 PM,EVENT 51896 1597057771 0/0/0/0/14 INPUT 3 0 1246 v:124
10/08/2020 9:05:36 PM,252 Event OK
10/08/2020 9:05:37 PM,EVENT 51897 1597057785 0/0/0/0/0 INPUT 7 1 0 v:124
10/08/2020 9:05:37 PM,252 Event OK
10/08/2020 9:05:37 PM,EVENT 51898 1597057785 0/0/0/0/0 INPUT 8 0 1288 v:124
10/08/2020 9:05:37 PM,252 Event OK
10/08/2020 9:05:37 PM,EVENT 51899 1597057786 0/0/0/0/0 INPUT 1 1 0 v:124
10/08/2020 9:05:37 PM,252 Event OK
10/08/2020 9:05:37 PM,EVENT 51900 1597057787 0/0/0/0/0 INPUT 4 0 1273 v:124
10/08/2020 9:05:37 PM,252 Event OK
10/08/2020 9:05:38 PM,EVENT 51901 1597057788 0/0/0/0/0 INPUT 4 1 0 v:124
10/08/2020 9:05:38 PM,252 Event OK
10/08/2020 9:05:38 PM,EVENT 51902 1597057789 0/0/0/0/0 TRIP 51892 1246 29 8 7 1283 v:124
10/08/2020 9:05:38 PM,252 Event OK
10/08/2020 9:05:38 PM,EVENT 51903 1597057790 0/0/0/0/0 INPUT 4 0 2 v:124
10/08/2020 9:05:38 PM,252 Event OK
10/08/2020 9:05:38 PM,EVENT 51904 1597057840 0/0/0/0/0 REPORT * 0 0 v:124
10/08/2020 9:05:38 PM,252 Event OK
10/08/2020 9:05:39 PM,EVENT 51905 1597059738 0/0/0/0/0 SWSTART OpusFC 5.0.58.518 R v:123
10/08/2020 9:05:39 PM,252 Event OK
10/08/2020 9:05:39 PM,EVENT 51906 1597057789 0/0/0/0/0 POWERDOWN v:124
10/08/2020 9:05:39 PM,252 Event OK
10/08/2020 9:05:39 PM,EVENT 51907 1597059738 0/0/0/0/0 INPUT 1 1 0 v:124
10/08/2020 9:05:39 PM,252 Event OK
10/08/2020 9:05:40 PM,EVENT 51908 1597059738 0/0/0/0/0 INPUT 2 0 0 v:124
10/08/2020 9:05:40 PM,252 Event OK
10/08/2020 9:05:40 PM,EVENT 51909 1597059738 0/0/0/0/0 INPUT 3 0 0 v:124
10/08/2020 9:05:40 PM,252 Event OK
10/08/2020 9:05:40 PM,EVENT 51910 1597059738 0/0/0/0/0 INPUT 4 0 0 v:124
10/08/2020 9:05:40 PM,252 Event OK
10/08/2020 9:05:41 PM,EVENT 51911 1597059738 0/0/0/0/0 INPUT 7 0 0 v:124
10/08/2020 9:05:41 PM,252 Event OK
10/08/2020 9:05:41 PM,EVENT 51912 1597059738 0/0/0/0/0 INPUT 8 1 0 v:123
10/08/2020 9:05:41 PM,252 Event OK
10/08/2020 9:05:41 PM,EVENT 51913 1597059740 0/0/0/0/0 ZONE_OK 2 100 FW=NO VERSION v:123
10/08/2020 9:05:41 PM,252 Event OK
10/08/2020 9:05:41 PM,EVENT 51914 1597059797 0/0/0/0/0 SIGNON * 0 NOCARD 26 0 000000 v:124
10/08/2020 9:05:41 PM,252 Event OK
10/08/2020 9:05:42 PM,EVENT 51915 1597059811 0/0/0/0/0 SIGNON 2545 03bfbfbf OK 26 202020 0 v:124
10/08/2020 9:05:42 PM,252 Event OK
10/08/2020 9:05:42 PM,EVENT 51916 1597059823 0/0/0/0/0 INPUT 1 0 84 v:124
10/08/2020 9:05:42 PM,252 Event OK
10/08/2020 9:05:42 PM,EVENT 51917 1597059823 0/0/0/0/0 INPUT 4 1 0 v:124
10/08/2020 9:05:42 PM,252 Event OK
10/08/2020 9:05:43 PM,EVENT 51918 1597059887 0/0/0/0/8 INPUT 3 1 0 v:124
10/08/2020 9:05:43 PM,252 Event OK
10/08/2020 9:05:43 PM,EVENT 51919 1597059896 0/0/0/0/9 INPUT 3 0 9 v:123
10/08/2020 9:05:43 PM,252 Event OK
10/08/2020 9:05:43 PM,EVENT 51920 1597059907 0/0/0/0/3 INPUT 4 0 85 v:123
10/08/2020 9:05:43 PM,252 Event OK
10/08/2020 9:05:43 PM,EVENT 51921 1597059907 0/0/0/0/3 INPUT 4 1 0 v:123
10/08/2020 9:05:43 PM,252 Event OK
10/08/2020 9:05:44 PM,EVENT 51922 1597059918 0/0/0/0/2 INPUT 4 0 11 v:124
10/08/2020 9:05:44 PM,252 Event OK
10/08/2020 9:05:44 PM,EVENT 51923 1597059918 0/0/0/0/3 INPUT 4 1 0 v:124
10/08/2020 9:05:44 PM,252 Event OK
10/08/2020 9:05:44 PM,EVENT 51924 1597059924 0/0/0/0/1 INPUT 7 1 0 v:124
10/08/2020 9:05:44 PM,252 Event OK
10/08/2020 9:05:45 PM,EVENT 51925 1597059924 0/0/0/0/1 INPUT 8 0 186 v:124
10/08/2020 9:05:45 PM,252 Event OK
10/08/2020 9:05:45 PM,EVENT 51926 1597059926 0/0/0/0/0 INPUT 1 1 0 v:123
10/08/2020 9:05:45 PM,252 Event OK
10/08/2020 9:05:47 PM,EVENT 51927 1597059927 0/0/0/0/0 INPUT 4 0 9 v:123
10/08/2020 9:05:47 PM,252 Event OK
10/08/2020 9:05:47 PM,EVENT 51928 1597059927 0/0/0/0/0 INPUT 4 1 0 v:123
10/08/2020 9:05:47 PM,252 Event OK
10/08/2020 9:05:47 PM,EVENT 51929 1597059929 0/0/0/0/0 TRIP 51915 9 98 11 11 118 v:123
10/08/2020 9:05:47 PM,252 Event OK
10/08/2020 9:05:48 PM,EVENT 51930 1597059930 0/0/0/0/0 INPUT 4 0 2 v:123
10/08/2020 9:05:48 PM,252 Event OK
10/08/2020 9:05:49 PM,EVENT 51931 1597059984 0/0/0/0/0 REPORT * 0 0 v:123
10/08/2020 9:05:49 PM,252 Event OK
10/08/2020 9:05:49 PM,EVENT 51932 1597091074 0/0/0/0/0 SWSTART OpusFC 5.0.58.518 R v:122
10/08/2020 9:05:49 PM,252 Event OK
10/08/2020 9:05:51 PM,EVENT 51933 1597059929 0/0/0/0/0 POWERDOWN v:123
10/08/2020 9:05:51 PM,252 Event OK
10/08/2020 9:05:51 PM,EVENT 51934 1597091074 0/0/0/0/0 INPUT 1 1 0 v:123
10/08/2020 9:05:51 PM,252 Event OK
10/08/2020 9:05:52 PM,EVENT 51935 1597091074 0/0/0/0/0 INPUT 2 0 0 v:123
10/08/2020 9:05:52 PM,252 Event OK
10/08/2020 9:05:52 PM,EVENT 51936 1597091074 0/0/0/0/0 INPUT 3 0 0 v:123
10/08/2020 9:05:52 PM,252 Event OK
10/08/2020 9:05:53 PM,EVENT 51937 1597091074 0/0/0/0/0 INPUT 4 0 0 v:123
10/08/2020 9:05:53 PM,252 Event OK
10/08/2020 9:05:53 PM,EVENT 51938 1597091074 0/0/0/0/0 INPUT 7 0 0 v:123
10/08/2020 9:05:53 PM,252 Event OK
10/08/2020 9:05:54 PM,EVENT 51939 1597091074 0/0/0/0/0 INPUT 8 1 0 v:123
10/08/2020 9:05:54 PM,252 Event OK
10/08/2020 9:05:54 PM,EVENT 51940 1597091076 0/0/0/0/0 ZONE_OK 2 100 FW=NO VERSION v:123
10/08/2020 9:05:54 PM,252 Event OK
10/08/2020 9:05:54 PM,EVENT 51941 1597091085 0/0/0/0/0 SIGNON 2519 01f5dcd9 OK 26 51193 0 v:123
10/08/2020 9:05:54 PM,252 Event OK
10/08/2020 9:05:55 PM,EVENT 51942 1597091090 0/0/0/99/0 INPUT 7 1 0 v:123
10/08/2020 9:05:55 PM,252 Event OK
10/08/2020 9:05:55 PM,EVENT 51943 1597091090 0/0/0/99/0 INPUT 7 0 0 v:123
10/08/2020 9:05:55 PM,252 Event OK
10/08/2020 9:05:55 PM,EVENT 51944 1597091091 0/0/0/99/0 INPUT 1 0 16 v:124
10/08/2020 9:05:55 PM,252 Event OK
10/08/2020 9:05:56 PM,EVENT 51945 1597091092 0/0/0/99/0 INPUT 4 1 0 v:123
10/08/2020 9:05:56 PM,252 Event OK
10/08/2020 9:05:56 PM,EVENT 51946 1597091095 0/0/0/99/0 INPUT 4 0 4 v:123
10/08/2020 9:05:56 PM,252 Event OK
10/08/2020 9:05:56 PM,EVENT 51947 1597091095 0/0/0/99/0 INPUT 4 1 0 v:123
10/08/2020 9:05:56 PM,252 Event OK
10/08/2020 9:05:57 PM,EVENT 51948 1597091102 0/0/0/0/1 INPUT 4 0 7 v:123
10/08/2020 9:05:57 PM,252 Event OK
10/08/2020 9:05:58 PM,EVENT 51949 1597091102 0/0/0/0/2 INPUT 4 1 0 v:123
10/08/2020 9:05:58 PM,252 Event OK
10/08/2020 9:05:58 PM,EVENT 51950 1597091106 0/0/0/0/3 INPUT 4 0 4 v:123
10/08/2020 9:05:58 PM,252 Event OK
10/08/2020 9:05:58 PM,EVENT 51951 1597091106 0/0/0/0/3 INPUT 4 1 0 v:123
10/08/2020 9:05:58 PM,252 Event OK
10/08/2020 9:05:59 PM,EVENT 51952 1597091119 0/0/0/0/4 INPUT 4 0 13 v:124
10/08/2020 9:05:59 PM,252 Event OK
10/08/2020 9:05:59 PM,EVENT 51953 1597091119 0/0/0/0/4 INPUT 4 1 0 v:124
10/08/2020 9:05:59 PM,252 Event OK
10/08/2020 9:05:59 PM,EVENT 51954 1597091125 0/0/0/0/8 INPUT 3 1 0 v:124
10/08/2020 9:05:59 PM,252 Event OK
10/08/2020 9:05:59 PM,EVENT 51955 1597091411 0/0/0/0/9 INPUT 3 0 286 v:124
10/08/2020 9:05:59 PM,252 Event OK
10/08/2020 9:06:00 PM,EVENT 51956 1597091417 0/0/0/0/2 INPUT 7 1 0 v:124
10/08/2020 9:06:00 PM,252 Event OK
10/08/2020 9:06:00 PM,EVENT 51957 1597091417 0/0/0/0/2 INPUT 8 0 343 v:124
10/08/2020 9:06:00 PM,252 Event OK
10/08/2020 9:06:00 PM,EVENT 51958 1597091418 0/0/0/0/1 INPUT 1 1 0 v:124
10/08/2020 9:06:00 PM,252 Event OK
10/08/2020 9:06:00 PM,EVENT 51959 1597091421 0/0/0/0/0 INPUT 4 0 301 v:123
10/08/2020 9:06:00 PM,252 Event OK
10/08/2020 9:06:01 PM,EVENT 51960 1597091422 0/0/0/0/0 TRIP 51941 286 43 9 7 338 v:124
10/08/2020 9:06:01 PM,252 Event OK
10/08/2020 9:06:01 PM,EVENT 51961 1597091442 0/0/0/0/0 REPORT * 0 0 v:124
10/08/2020 9:06:01 PM,252 Event OK
10/08/2020 9:06:01 PM,EVENT 51962 1597092476 0/0/0/99/0 INPUT 8 1 0 v:124
10/08/2020 9:06:01 PM,252 Event OK
10/08/2020 9:06:01 PM,EVENT 51963 1597092477 0/0/0/99/0 INPUT 7 0 1059 v:124
10/08/2020 9:06:01 PM,252 Event OK
10/08/2020 9:06:02 PM,EVENT 51964 1597092488 0/0/0/99/0 SIGNON 2528 01b3eefb OK 26 260882 0 v:124
10/08/2020 9:06:02 PM,252 Event OK
10/08/2020 9:06:02 PM,EVENT 51965 1597092494 0/0/0/0/0 INPUT 1 0 1075 v:124
10/08/2020 9:06:02 PM,252 Event OK
10/08/2020 9:06:02 PM,EVENT 51966 1597092494 0/0/0/0/0 INPUT 4 1 0 v:124
10/08/2020 9:06:02 PM,252 Event OK
10/08/2020 9:06:03 PM,EVENT 51967 1597092530 0/0/0/0/2 INPUT 4 0 36 v:123
10/08/2020 9:06:03 PM,252 Event OK
10/08/2020 9:06:03 PM,EVENT 51968 1597092530 0/0/0/0/1 INPUT 4 1 0 v:123
10/08/2020 9:06:03 PM,252 Event OK
10/08/2020 9:06:03 PM,EVENT 51969 1597092571 0/0/0/0/3 INPUT 3 1 0 v:124
10/08/2020 9:06:03 PM,252 Event OK
10/08/2020 9:06:04 PM,EVENT 51970 1597092574 0/0/0/0/10 INPUT 3 0 4 v:124
10/08/2020 9:06:04 PM,252 Event OK
10/08/2020 9:06:04 PM,EVENT 51971 1597092575 0/0/0/0/3 INPUT 4 0 45 v:124
10/08/2020 9:06:04 PM,252 Event OK
10/08/2020 9:06:04 PM,EVENT 51972 1597092575 0/0/0/0/2 INPUT 4 1 0 v:124
10/08/2020 9:06:04 PM,252 Event OK
10/08/2020 9:06:05 PM,EVENT 51973 1597092580 0/0/0/0/3 INPUT 4 0 5 v:124
10/08/2020 9:06:05 PM,252 Event OK
10/08/2020 9:06:05 PM,EVENT 51974 1597092581 0/0/0/0/2 INPUT 4 1 0 v:123
10/08/2020 9:06:05 PM,252 Event OK
10/08/2020 9:06:05 PM,EVENT 51975 1597092591 0/0/0/0/5 INPUT 3 1 0 v:124
10/08/2020 9:06:05 PM,252 Event OK
10/08/2020 9:06:06 PM,EVENT 51976 1597092601 0/0/0/0/10 INPUT 3 0 9 v:124
10/08/2020 9:06:06 PM,252 Event OK
10/08/2020 9:06:06 PM,EVENT 51977 1597092603 0/0/0/0/8 INPUT 3 1 0 v:124
10/08/2020 9:06:06 PM,252 Event OK
10/08/2020 9:06:07 PM,EVENT 51978 1597093272 0/0/0/0/24 REPORT 51964 0 0 v:124
10/08/2020 9:06:07 PM,252 Event OK
10/08/2020 9:06:07 PM,EVENT 51979 1597093505 0/0/0/99/9 INPUT 3 0 903 v:124
10/08/2020 9:06:07 PM,252 Event OK
10/08/2020 9:06:07 PM,EVENT 51980 1597093505 0/0/0/99/8 INPUT 7 1 0 v:124
10/08/2020 9:06:07 PM,252 Event OK
10/08/2020 9:06:07 PM,EVENT 51981 1597093505 0/0/0/99/8 INPUT 8 0 1029 v:124
10/08/2020 9:06:07 PM,252 Event OK
10/08/2020 9:06:08 PM,EVENT 51982 1597093506 0/0/0/99/5 INPUT 1 1 0 v:124
10/08/2020 9:06:08 PM,252 Event OK
10/08/2020 9:06:08 PM,EVENT 51983 1597093507 0/0/0/99/0 INPUT 4 0 927 v:124
10/08/2020 9:06:08 PM,252 Event OK
10/08/2020 9:06:08 PM,EVENT 51984 1597093510 0/0/0/99/0 TRIP 51964 916 97 10 7 1023 v:124
10/08/2020 9:06:08 PM,252 Event OK
10/08/2020 9:06:09 PM,QUIT
10/08/2020 9:06:09 PM,221 Session ended - goodbye
10/08/2020 9:21:47 PM,UNIT 9279
10/08/2020 9:21:47 PM,333 CHAL 639317AB
10/08/2020 9:21:48 PM,RESP 29147406
10/08/2020 9:21:48 PM,230 Auth OK
10/08/2020 9:21:48 PM,TIME
10/08/2020 9:21:48 PM,211 TIME 1597094508
10/08/2020 9:21:49 PM,EVCOUNT 2
10/08/2020 9:21:49 PM,252 Event OK
10/08/2020 9:21:49 PM,TODO
10/08/2020 9:21:49 PM,125 TODO GETXML 2000 Operators 
225 Work list complete
10/08/2020 9:21:50 PM,GETXML
10/08/2020 9:21:50 PM,Binary data 4241 bytes
10/08/2020 9:21:52 PM,GOT Operators 4193 B22E2A56
10/08/2020 9:21:52 PM,250 Download OK
10/08/2020 9:21:53 PM,EVENT 51985 1597094502 -310122392/1219228032/764/0/0 INPUT 8 1 0 v:124
10/08/2020 9:21:53 PM,252 Event OK
10/08/2020 9:21:53 PM,EVENT 51986 1597094503 -310122394/1219228027/763/0/0 INPUT 7 0 997 v:124
10/08/2020 9:21:53 PM,252 Event OK
10/08/2020 9:21:54 PM,EVENT 51987 1597094510 -310122423/1219228011/767/0/0 SIGNON * 0 NOCARD 26 0 208827 v:124
10/08/2020 9:21:54 PM,252 Event OK
10/08/2020 9:21:55 PM,QUIT
10/08/2020 9:21:55 PM,221 Session ended - goodbye
10/08/2020 9:22:07 PM,UNIT 9279
10/08/2020 9:22:07 PM,333 CHAL 5DE40FD3
10/08/2020 9:22:08 PM,RESP E7C444ED
10/08/2020 9:22:08 PM,230 Auth OK
10/08/2020 9:22:08 PM,TIME
10/08/2020 9:22:08 PM,211 TIME 1597094528
10/08/2020 9:22:09 PM,EVCOUNT 1
10/08/2020 9:22:09 PM,252 Event OK
10/08/2020 9:22:09 PM,TODO
10/08/2020 9:22:09 PM,125 TODO GETXML 2000 Operators 
225 Work list complete
10/08/2020 9:22:09 PM,GETXML
10/08/2020 9:22:09 PM,Binary data 4241 bytes
10/08/2020 9:22:15 PM,GOT Operators 4193 B22E2A56
10/08/2020 9:22:15 PM,250 Download OK
10/08/2020 9:22:23 PM,EVENT 51988 1597094522 -310122401/1219227992/792/0/0 SIGNON 2528 01b3eefb OK 26 260882 0 v:124
10/08/2020 9:22:23 PM,252 Event OK
10/08/2020 9:22:23 PM,EVENT 51989 1597094529 -310122385/1219227959/822/0/0 INPUT 1 0 1023 v:124
10/08/2020 9:22:23 PM,252 Event OK
10/08/2020 9:22:34 PM,EVENT 51990 1597094529 -310122385/1219227959/822/0/0 INPUT 4 1 0 v:124
10/08/2020 9:22:34 PM,252 Event OK
10/08/2020 9:22:37 PM,EVENT 51991 1597094552 -310122417/1219227240/809/3/0 INPUT 4 0 23 v:123
10/08/2020 9:22:37 PM,252 Event OK
10/08/2020 9:22:38 PM,EVENT 51992 1597094552 -310122417/1219227240/809/3/0 INPUT 4 1 0 v:123
10/08/2020 9:22:38 PM,252 Event OK
10/08/2020 9:22:38 PM,EVENT 51993 1597094553 -310122385/1219227403/808/3/2 INPUT 3 1 0 v:123
10/08/2020 9:22:38 PM,252 Event OK
10/08/2020 9:22:39 PM,QUIT
10/08/2020 9:22:39 PM,221 Session ended - goodbye
10/08/2020 9:23:56 PM,UNIT 9279
10/08/2020 9:23:56 PM,333 CHAL 4BA9C161
10/08/2020 9:23:57 PM,RESP FE1A5743
10/08/2020 9:23:57 PM,230 Auth OK
10/08/2020 9:23:58 PM,TIME
10/08/2020 9:23:58 PM,211 TIME 1597094638
10/08/2020 9:23:58 PM,EVCOUNT 4
10/08/2020 9:23:58 PM,252 Event OK
10/08/2020 9:23:59 PM,TODO
10/08/2020 9:23:59 PM,226 Nothing to do
10/08/2020 9:24:00 PM,EVENT 51994 1597094631 -310143506/1219231647/852/2/11 INPUT 3 0 79 v:124
10/08/2020 9:24:00 PM,252 Event OK
10/08/2020 9:24:01 PM,EVENT 51995 1597094635 -310143516/1219231652/864/3/0 INPUT 7 1 0 v:124
10/08/2020 9:24:01 PM,252 Event OK
10/08/2020 9:24:02 PM,EVENT 51996 1597094635 -310143516/1219231652/864/3/0 INPUT 8 0 133 v:124
10/08/2020 9:24:02 PM,252 Event OK
10/08/2020 9:24:03 PM,EVENT 51997 1597094636 -310143516/1219231653/865/3/0 INPUT 1 1 0 v:123
10/08/2020 9:24:03 PM,252 Event OK
10/08/2020 9:24:03 PM,EVENT 51998 1597094636 -310143522/1219231653/867/3/0 INPUT 4 0 84 v:123
10/08/2020 9:24:03 PM,252 Event OK
10/08/2020 9:24:04 PM,EVENT 51999 1597094639 -310143512/1219231671/881/3/0 TRIP 51988 79 28 10 7 117 v:123
10/08/2020 9:24:04 PM,252 Event OK
10/08/2020 9:24:05 PM,QUIT
10/08/2020 9:24:05 PM,221 Session ended - goodbye
10/08/2020 9:49:51 PM,UNIT 9279
10/08/2020 9:49:51 PM,333 CHAL 45FEDCD6
10/08/2020 9:49:51 PM,RESP 599C7B03
10/08/2020 9:49:51 PM,230 Auth OK
10/08/2020 9:49:52 PM,TIME
10/08/2020 9:49:52 PM,211 TIME 1597096192
10/08/2020 9:49:52 PM,EVCOUNT 2
10/08/2020 9:49:52 PM,252 Event OK
10/08/2020 9:49:53 PM,TODO
10/08/2020 9:49:53 PM,226 Nothing to do
10/08/2020 9:49:54 PM,EVENT 52000 1597096185 -310143626/1219231689/795/2/0 INPUT 8 1 0 v:123
10/08/2020 9:49:54 PM,252 Event OK
10/08/2020 9:49:54 PM,EVENT 52001 1597096186 -310143628/1219231687/796/2/0 INPUT 7 0 1551 v:123
10/08/2020 9:49:54 PM,252 Event OK
10/08/2020 9:49:55 PM,QUIT
10/08/2020 9:49:55 PM,221 Session ended - goodbye
10/08/2020 9:50:16 PM,UNIT 9279
10/08/2020 9:50:16 PM,333 CHAL 2B858E91
10/08/2020 9:50:17 PM,RESP 476B75B0
10/08/2020 9:50:17 PM,230 Auth OK
10/08/2020 9:50:17 PM,TIME
10/08/2020 9:50:17 PM,211 TIME 1597096217
10/08/2020 9:50:17 PM,EVCOUNT 2
10/08/2020 9:50:17 PM,252 Event OK
10/08/2020 9:50:18 PM,TODO
10/08/2020 9:50:18 PM,226 Nothing to do
10/08/2020 9:50:19 PM,EVENT 52002 1597096212 -310143725/1219231746/806/2/0 INPUT 7 1 0 v:123
10/08/2020 9:50:19 PM,252 Event OK
10/08/2020 9:50:20 PM,EVENT 52003 1597096212 -310143725/1219231746/806/2/0 INPUT 8 0 27 v:123
10/08/2020 9:50:20 PM,252 Event OK
10/08/2020 9:50:21 PM,QUIT
10/08/2020 9:50:21 PM,221 Session ended - goodbye
10/08/2020 10:21:04 PM,UNIT 9279
10/08/2020 10:21:04 PM,333 CHAL 2FBD9996
10/08/2020 10:21:04 PM,RESP C3DC8310
10/08/2020 10:21:04 PM,230 Auth OK
10/08/2020 10:21:05 PM,TIME
10/08/2020 10:21:05 PM,211 TIME 1597098065
10/08/2020 10:21:05 PM,EVCOUNT 9
10/08/2020 10:21:05 PM,252 Event OK
10/08/2020 10:21:05 PM,TODO
10/08/2020 10:21:05 PM,226 Nothing to do
10/08/2020 10:21:05 PM,EVENT 52004 1597098038 0/0/0/0/0 SWSTART OpusFC 5.0.58.518 R v:123
10/08/2020 10:21:05 PM,252 Event OK
10/08/2020 10:21:06 PM,EVENT 52005 1597094639 0/0/0/0/0 POWERDOWN v:123
10/08/2020 10:21:06 PM,252 Event OK
10/08/2020 10:21:06 PM,EVENT 52006 1597098038 0/0/0/0/0 INPUT 1 1 0 v:123
10/08/2020 10:21:06 PM,252 Event OK
10/08/2020 10:21:06 PM,EVENT 52007 1597098038 0/0/0/0/0 INPUT 2 0 0 v:123
10/08/2020 10:21:06 PM,252 Event OK
10/08/2020 10:21:07 PM,EVENT 52008 1597098038 0/0/0/0/0 INPUT 3 0 0 v:123
10/08/2020 10:21:07 PM,252 Event OK
10/08/2020 10:21:07 PM,EVENT 52009 1597098038 0/0/0/0/0 INPUT 4 0 0 v:123
10/08/2020 10:21:07 PM,252 Event OK
10/08/2020 10:21:07 PM,EVENT 52010 1597098038 0/0/0/0/0 INPUT 7 0 0 v:123
10/08/2020 10:21:07 PM,252 Event OK
10/08/2020 10:21:07 PM,EVENT 52011 1597098038 0/0/0/0/0 INPUT 8 1 0 v:123
10/08/2020 10:21:07 PM,252 Event OK
10/08/2020 10:21:07 PM,EVENT 52012 1597098040 0/0/0/0/0 ZONE_OK 2 100 FW=NO VERSION v:123
10/08/2020 10:21:07 PM,252 Event OK
10/08/2020 10:21:08 PM,EVENT 52013 1597098063 0/0/0/2/0 SIGNON 2515 03cffacd OK_CL 26 180299 0 v:123
10/08/2020 10:21:08 PM,252 Event OK
10/08/2020 10:21:08 PM,QUIT
10/08/2020 10:21:08 PM,221 Session ended - goodbye
10/08/2020 10:21:17 PM,UNIT 9279
10/08/2020 10:21:17 PM,333 CHAL 1391B073
10/08/2020 10:21:18 PM,RESP 5703DA26
10/08/2020 10:21:18 PM,230 Auth OK
10/08/2020 10:21:18 PM,TIME
10/08/2020 10:21:18 PM,211 TIME 1597098078
10/08/2020 10:21:19 PM,EVCOUNT 1
10/08/2020 10:21:19 PM,252 Event OK
10/08/2020 10:21:19 PM,TODO
10/08/2020 10:21:19 PM,226 Nothing to do
10/08/2020 10:21:20 PM,EVENT 52014 1597098071 0/0/0/2/0 CHECKLIST 52013 OK 0 9 432 F v:123
10/08/2020 10:21:20 PM,252 Event OK
10/08/2020 10:21:20 PM,QUIT
10/08/2020 10:21:20 PM,221 Session ended - goodbye
10/08/2020 10:21:30 PM,UNIT 9279
10/08/2020 10:21:30 PM,333 CHAL 6FDA57E2
10/08/2020 10:21:31 PM,RESP 35A63922
10/08/2020 10:21:31 PM,230 Auth OK
10/08/2020 10:21:31 PM,TIME
10/08/2020 10:21:31 PM,211 TIME 1597098091
10/08/2020 10:21:32 PM,EVCOUNT 2
10/08/2020 10:21:32 PM,252 Event OK
10/08/2020 10:21:32 PM,TODO
10/08/2020 10:21:32 PM,226 Nothing to do
10/08/2020 10:21:33 PM,EVENT 52015 1597098085 -310143350/1219231755/2168/2/0 INPUT 1 0 47 v:124
10/08/2020 10:21:33 PM,252 Event OK
10/08/2020 10:21:34 PM,EVENT 52016 1597098086 -310143344/1219231752/2060/2/0 INPUT 4 1 0 v:124
10/08/2020 10:21:34 PM,252 Event OK
10/08/2020 10:21:34 PM,QUIT
10/08/2020 10:21:34 PM,221 Session ended - goodbye
10/08/2020 10:21:45 PM,UNIT 9279
10/08/2020 10:21:45 PM,333 CHAL 20E0F8FC
10/08/2020 10:21:45 PM,RESP F9A507B9
10/08/2020 10:21:45 PM,230 Auth OK
10/08/2020 10:21:46 PM,TIME
10/08/2020 10:21:46 PM,211 TIME 1597098106
10/08/2020 10:21:48 PM,EVCOUNT 3
10/08/2020 10:21:48 PM,252 Event OK
10/08/2020 10:21:48 PM,TODO
10/08/2020 10:21:48 PM,226 Nothing to do
10/08/2020 10:21:49 PM,EVENT 52017 1597098092 -310142965/1219231638/1397/2/6 INPUT 3 1 0 v:123
10/08/2020 10:21:49 PM,252 Event OK
10/08/2020 10:21:49 PM,EVENT 52018 1597098093 -310142732/1219231381/1334/3/9 INPUT 3 0 2 v:123
10/08/2020 10:21:49 PM,252 Event OK
10/08/2020 10:21:50 PM,EVENT 52019 1597098097 -310142761/1219231244/1199/3/2 INPUT 3 1 0 v:123
10/08/2020 10:21:50 PM,252 Event OK
10/08/2020 10:21:51 PM,QUIT
10/08/2020 10:21:51 PM,221 Session ended - goodbye
11/08/2020 8:37:34 AM,UNIT 9279
11/08/2020 8:37:34 AM,333 CHAL 51844E0B
11/08/2020 8:37:34 AM,RESP 247922D3
11/08/2020 8:37:34 AM,230 Auth OK
11/08/2020 8:37:35 AM,TIME
11/08/2020 8:37:35 AM,211 TIME 1597135055
11/08/2020 8:37:35 AM,EVCOUNT 159
11/08/2020 8:37:35 AM,252 Event OK
11/08/2020 8:37:35 AM,TODO
11/08/2020 8:37:35 AM,125 TODO CONFIG
125 TODO GETXML 240 IDLETIME 
125 TODO PUT_debuglog
225 Work list complete
11/08/2020 8:37:35 AM,GETXML
11/08/2020 8:37:35 AM,Binary data 87 bytes
11/08/2020 8:37:37 AM,GOT IdleTime 42 984387DF
11/08/2020 8:37:37 AM,250 Download OK
11/08/2020 8:37:44 AM,PUT debuglog 194173 1603E14F
11/08/2020 8:37:44 AM,151 FILE debuglog 194173
11/08/2020 8:39:22 AM,UNIT 9279
11/08/2020 8:39:22 AM,333 CHAL 28CFAEFF
11/08/2020 8:39:26 AM,RESP 0D234EBE
11/08/2020 8:39:26 AM,230 Auth OK
11/08/2020 8:39:30 AM,TIME
11/08/2020 8:39:30 AM,211 TIME 1597135170
11/08/2020 8:39:30 AM,Binary data received 194173 bytes
11/08/2020 8:39:30 AM,251 OK
11/08/2020 8:39:30 AM,EVCOUNT 167
11/08/2020 8:39:30 AM,252 Event OK
11/08/2020 8:39:30 AM,TODO
11/08/2020 8:39:30 AM,125 TODO CONFIG
225 Work list complete
11/08/2020 8:39:31 AM,CONFIG
11/08/2020 8:39:31 AM,141 CONF IMPACT_F 10
141 CONF IMPACT_B 10
141 CONF IMPACT_L 10
141 CONF IMPACT_R 10
141 CONF IDLEMAX 300
141 CONF BATT_HIGH 130
141 CONF HWCONFIG 519
141 CONF BATT_CRITLOW 100
141 CONF HARNESS_TYPE 2
141 CONF FECONFIG 61991
141 CONF BYPASS 4
141 CONF XSIDLE_METHOD 0
141 CONF BATT_INPUT 1
141 CONF CKL_BYPASS 1
141 CONF ITS 0
141 CONF PWR_LOW 1800
141 CONF IMPACT_WARN_LVL 12
141 CONF IMPACT_CRIT_LVL 15
141 CONF SYSTEM_METRIC 1
141 CONF DISPLAY_OFFSET 480
141 CONF SPEED_ALERT 1
141 CONF SPEED_DEBOUNCE 7
141 CONF SPEED_MAX 60
141 CONF IN1EVENT 1
141 CONF IN1LOGIC 0
141 CONF IN1MODE 1
141 CONF IN2EVENT 1
141 CONF IN2LOGIC 0
141 CONF IN2MODE 1
141 CONF IN3EVENT 1
141 CONF IN3LOGIC 1
141 CONF IN3MODE 2
141 CONF IN4EVENT 1
141 CONF IN4LOGIC 1
141 CONF IN4MODE 2
141 CONF IN5EVENT 0
141 CONF IN5LOGIC 1
141 CONF IN5MODE 0
141 CONF IN6EVENT 0
141 CONF IN6LOGIC 1
141 CONF IN6MODE 0
141 CONF IN7EVENT 1
141 CONF IN7LOGIC 0
141 CONF IN7MODE 1
141 CONF IN8EVENT 1
141 CONF IN8LOGIC 1
141 CONF IN8MODE 1
141 CONF IN3FREQTHR 5
141 CONF IN4FREQTHR 5
141 CONF ENGINE_SPEED_MAX 3300
141 CONF LOW_COOLANT_DEBOUNCE 5
141 CONF OIL_PRESSURE_DEBOUNCE 4
241 Config complete
11/08/2020 8:39:31 AM,EVENT 52020 1597098175 -310121040/1219229723/832/6/12 INPUT 3 0 79 v:123
11/08/2020 8:39:31 AM,252 Event OK
11/08/2020 8:39:32 AM,EVENT 52021 1597098178 -310121216/1219229650/860/6/5 INPUT 7 1 0 v:123
11/08/2020 8:39:32 AM,252 Event OK
11/08/2020 8:39:32 AM,EVENT 52022 1597098178 -310121216/1219229650/860/6/5 INPUT 8 0 139 v:123
11/08/2020 8:39:32 AM,252 Event OK
11/08/2020 8:39:33 AM,EVENT 52023 1597098179 -310121219/1219229649/867/6/0 INPUT 1 1 0 v:123
11/08/2020 8:39:33 AM,252 Event OK
11/08/2020 8:39:33 AM,EVENT 52024 1597098179 -310121220/1219229648/871/6/0 INPUT 4 0 94 v:123
11/08/2020 8:39:33 AM,252 Event OK
11/08/2020 8:39:34 AM,EVENT 52025 1597098180 -310121220/1219229650/876/6/0 INPUT 4 1 0 v:124
11/08/2020 8:39:34 AM,252 Event OK
11/08/2020 8:39:34 AM,EVENT 52026 1597098182 -310121216/1219229651/883/6/0 TRIP 52013 81 15 17 16 113 v:124
11/08/2020 8:39:34 AM,252 Event OK
11/08/2020 8:39:35 AM,EVENT 52027 1597098183 -310121214/1219229651/885/6/0 INPUT 4 0 2 v:124
11/08/2020 8:39:35 AM,252 Event OK
11/08/2020 8:39:36 AM,EVENT 52028 1597098223 -310121318/1219229698/869/0/0 REPORT * 0 214 v:124
11/08/2020 8:39:36 AM,252 Event OK
11/08/2020 8:39:36 AM,EVENT 52029 1597099408 -310121331/1219229824/1050/0/0 INPUT 8 1 0 v:124
11/08/2020 8:39:36 AM,252 Event OK
11/08/2020 8:39:37 AM,EVENT 52030 1597099408 -310121332/1219229822/1051/0/0 INPUT 7 0 1231 v:124
11/08/2020 8:39:37 AM,252 Event OK
11/08/2020 8:39:37 AM,EVENT 52031 1597099423 -310121353/1219229754/1057/0/0 SIGNON 2515 03cffacd OK 26 180299 0 v:124
11/08/2020 8:39:37 AM,252 Event OK
11/08/2020 8:40:19 AM,UNIT 9279
11/08/2020 8:40:19 AM,333 CHAL 1CC765D7
11/08/2020 8:40:19 AM,RESP F971138B
11/08/2020 8:40:19 AM,230 Auth OK
11/08/2020 8:40:20 AM,TIME
11/08/2020 8:40:20 AM,211 TIME 1597135220
11/08/2020 8:40:21 AM,EVCOUNT 156
11/08/2020 8:40:21 AM,252 Event OK
11/08/2020 8:40:21 AM,TODO
11/08/2020 8:40:21 AM,226 Nothing to do
11/08/2020 8:40:22 AM,EVENT 52032 1597099429 -310121369/1219229738/1059/0/0 INPUT 4 1 0 v:124
11/08/2020 8:40:22 AM,252 Event OK
11/08/2020 8:40:23 AM,EVENT 52033 1597099429 -310121371/1219229738/1060/0/0 INPUT 1 0 1250 v:124
11/08/2020 8:40:23 AM,252 Event OK
11/08/2020 8:40:25 AM,EVENT 52034 1597099434 -310121386/1219229713/1063/0/0 INPUT 4 0 6 v:123
11/08/2020 8:40:25 AM,252 Event OK
11/08/2020 8:40:25 AM,EVENT 52035 1597099435 -310121415/1219229693/1056/0/0 INPUT 4 1 0 v:123
11/08/2020 8:40:25 AM,252 Event OK
11/08/2020 8:40:26 AM,EVENT 52036 1597099436 -310121618/1219229489/1048/0/5 INPUT 3 1 0 v:123
11/08/2020 8:40:26 AM,252 Event OK
11/08/2020 8:40:27 AM,EVENT 52037 1597100053 0/0/0/0/18 REPORT 52031 0 0 v:124
11/08/2020 8:40:27 AM,252 Event OK
11/08/2020 8:40:28 AM,EVENT 52038 1597100412 0/0/0/0/9 INPUT 3 0 976 v:124
11/08/2020 8:40:28 AM,252 Event OK
11/08/2020 8:40:30 AM,EVENT 52039 1597100423 0/0/0/0/0 INPUT 7 1 0 v:124
11/08/2020 8:40:30 AM,252 Event OK
11/08/2020 8:40:32 AM,EVENT 52040 1597100423 0/0/0/0/0 INPUT 8 0 1015 v:124
11/08/2020 8:40:32 AM,252 Event OK
11/08/2020 8:40:36 AM,EVENT 52041 1597100423 0/0/0/0/0 INPUT 4 0 989 v:124
11/08/2020 8:40:36 AM,252 Event OK
11/08/2020 8:40:37 AM,EVENT 52042 1597100424 0/0/0/0/0 INPUT 4 1 0 v:124
11/08/2020 8:40:37 AM,252 Event OK
11/08/2020 8:40:39 AM,EVENT 52043 1597100424 0/0/0/0/0 INPUT 1 1 0 v:124
11/08/2020 8:40:39 AM,252 Event OK
11/08/2020 8:40:40 AM,EVENT 52044 1597100425 0/0/0/0/0 INPUT 4 0 2 v:124
11/08/2020 8:40:40 AM,252 Event OK
11/08/2020 8:40:41 AM,EVENT 52045 1597100427 0/0/0/0/0 TRIP 52031 976 21 8 6 1005 v:124
11/08/2020 8:40:41 AM,252 Event OK
11/08/2020 8:40:42 AM,EVENT 52046 1597101544 0/0/0/0/0 INPUT 8 1 0 v:124
11/08/2020 8:40:42 AM,252 Event OK
11/08/2020 8:40:43 AM,EVENT 52047 1597101544 0/0/0/0/0 INPUT 7 0 1121 v:124
11/08/2020 8:40:43 AM,252 Event OK
11/08/2020 8:40:45 AM,EVENT 52048 1597101554 0/0/0/0/0 SIGNON 2515 03cffacd OK 26 180299 0 v:124
11/08/2020 8:40:45 AM,252 Event OK
11/08/2020 8:40:46 AM,EVENT 52049 1597101560 0/0/0/0/0 INPUT 4 1 0 v:124
11/08/2020 8:40:46 AM,252 Event OK
11/08/2020 8:40:47 AM,EVENT 52050 1597101560 0/0/0/0/0 INPUT 1 0 1136 v:124
11/08/2020 8:40:47 AM,252 Event OK
11/08/2020 8:40:48 AM,EVENT 52051 1597101566 0/0/0/0/2 INPUT 3 1 0 v:124
11/08/2020 8:40:48 AM,252 Event OK
11/08/2020 8:41:59 AM,UNIT 9279
11/08/2020 8:41:59 AM,333 CHAL 216CAA88
11/08/2020 8:42:00 AM,RESP 78B5A829
11/08/2020 8:42:00 AM,230 Auth OK
11/08/2020 8:42:00 AM,TIME
11/08/2020 8:42:00 AM,211 TIME 1597135320
11/08/2020 8:42:06 AM,EVCOUNT 136
11/08/2020 8:42:06 AM,252 Event OK
11/08/2020 8:42:06 AM,TODO
11/08/2020 8:42:06 AM,226 Nothing to do
11/08/2020 8:42:07 AM,EVENT 52052 1597101873 0/0/0/0/12 INPUT 3 0 307 v:124
11/08/2020 8:42:07 AM,252 Event OK
11/08/2020 8:42:08 AM,EVENT 52053 1597101881 0/0/0/0/8 INPUT 3 1 0 v:124
11/08/2020 8:42:08 AM,252 Event OK
11/08/2020 8:42:09 AM,EVENT 52054 1597101883 0/0/0/0/9 REPORT 52048 0 0 v:124
11/08/2020 8:42:09 AM,252 Event OK
11/08/2020 8:42:09 AM,EVENT 52055 1597101885 0/0/0/0/9 INPUT 3 0 4 v:124
11/08/2020 8:42:09 AM,252 Event OK
11/08/2020 8:42:10 AM,EVENT 52056 1597101901 0/0/0/0/0 INPUT 4 0 342 v:124
11/08/2020 8:42:10 AM,252 Event OK
11/08/2020 8:42:11 AM,EVENT 52057 1597101901 0/0/0/0/0 INPUT 4 1 0 v:124
11/08/2020 8:42:11 AM,252 Event OK
11/08/2020 8:42:12 AM,EVENT 52058 1597101965 0/0/0/0/8 INPUT 3 1 0 v:124
11/08/2020 8:42:12 AM,252 Event OK
11/08/2020 8:42:12 AM,EVENT 52059 1597101988 0/0/0/0/10 INPUT 3 0 24 v:124
11/08/2020 8:42:12 AM,252 Event OK
11/08/2020 8:42:13 AM,EVENT 52060 1597102019 0/0/0/99/0 INPUT 4 0 118 v:124
11/08/2020 8:42:13 AM,252 Event OK
11/08/2020 8:42:14 AM,EVENT 52061 1597102019 0/0/0/99/0 INPUT 4 1 0 v:124
11/08/2020 8:42:14 AM,252 Event OK
11/08/2020 8:42:15 AM,EVENT 52062 1597102031 0/0/0/99/2 INPUT 4 0 12 v:124
11/08/2020 8:42:15 AM,252 Event OK
11/08/2020 8:42:16 AM,EVENT 52063 1597102032 0/0/0/99/0 INPUT 4 1 0 v:124
11/08/2020 8:42:16 AM,252 Event OK
11/08/2020 8:42:17 AM,EVENT 52064 1597102041 0/0/0/0/6 INPUT 3 1 0 v:124
11/08/2020 8:42:17 AM,252 Event OK
11/08/2020 8:42:18 AM,EVENT 52065 1597102045 0/0/0/0/9 INPUT 3 0 4 v:124
11/08/2020 8:42:18 AM,252 Event OK
11/08/2020 8:42:18 AM,EVENT 52066 1597102048 0/0/0/0/0 INPUT 4 0 17 v:124
11/08/2020 8:42:18 AM,252 Event OK
11/08/2020 8:42:19 AM,EVENT 52067 1597102048 0/0/0/0/0 INPUT 4 1 0 v:124
11/08/2020 8:42:19 AM,252 Event OK
11/08/2020 8:42:20 AM,EVENT 52068 1597102080 0/0/0/0/0 INPUT 7 1 0 v:124
11/08/2020 8:42:20 AM,252 Event OK
11/08/2020 8:42:20 AM,EVENT 52069 1597102080 0/0/0/0/0 INPUT 8 0 536 v:124
11/08/2020 8:42:20 AM,252 Event OK
11/08/2020 8:42:21 AM,EVENT 52070 1597102080 0/0/0/0/0 INPUT 4 0 32 v:124
11/08/2020 8:42:21 AM,252 Event OK
11/08/2020 8:42:22 AM,EVENT 52071 1597102081 0/0/0/0/0 INPUT 4 1 0 v:124
11/08/2020 8:42:22 AM,252 Event OK
11/08/2020 8:42:23 AM,EVENT 52072 1597102081 0/0/0/0/0 INPUT 1 1 0 v:124
11/08/2020 8:42:23 AM,252 Event OK
11/08/2020 8:42:23 AM,EVENT 52073 1597102083 0/0/0/0/0 INPUT 4 0 2 v:124
11/08/2020 8:42:23 AM,252 Event OK
11/08/2020 8:42:24 AM,EVENT 52074 1597102084 0/0/0/0/0 TRIP 52048 338 185 8 6 531 v:124
11/08/2020 8:42:24 AM,252 Event OK
11/08/2020 8:42:25 AM,EVENT 52075 1597102116 0/0/0/0/0 INPUT 8 1 0 v:124
11/08/2020 8:42:25 AM,252 Event OK
11/08/2020 8:42:26 AM,EVENT 52076 1597102116 0/0/0/0/0 INPUT 7 0 36 v:124
11/08/2020 8:42:26 AM,252 Event OK
11/08/2020 8:42:27 AM,EVENT 52077 1597102127 0/0/0/0/0 SIGNON 2515 03cffacd OK 26 180299 0 v:124
11/08/2020 8:42:27 AM,252 Event OK
11/08/2020 8:42:28 AM,EVENT 52078 1597102136 0/0/0/0/0 INPUT 1 0 55 v:124
11/08/2020 8:42:28 AM,252 Event OK
11/08/2020 8:42:28 AM,EVENT 52079 1597102136 0/0/0/0/0 INPUT 4 1 0 v:124
11/08/2020 8:42:28 AM,252 Event OK
11/08/2020 8:42:29 AM,EVENT 52080 1597102157 0/0/0/0/0 INPUT 4 0 21 v:124
11/08/2020 8:42:29 AM,252 Event OK
11/08/2020 8:42:30 AM,EVENT 52081 1597102157 0/0/0/0/0 INPUT 4 1 0 v:124
11/08/2020 8:42:30 AM,252 Event OK
11/08/2020 8:42:31 AM,EVENT 52082 1597102190 0/0/0/0/0 INPUT 4 0 33 v:124
11/08/2020 8:42:31 AM,252 Event OK
11/08/2020 8:44:51 AM,UNIT 9279
11/08/2020 8:44:51 AM,333 CHAL 7484886A
11/08/2020 8:44:52 AM,RESP 27304C3A
11/08/2020 8:44:52 AM,230 Auth OK
11/08/2020 8:44:53 AM,TIME
11/08/2020 8:44:53 AM,211 TIME 1597135493
11/08/2020 8:44:53 AM,EVCOUNT 119
11/08/2020 8:44:53 AM,252 Event OK
11/08/2020 8:44:54 AM,TODO
11/08/2020 8:44:54 AM,226 Nothing to do
11/08/2020 8:44:54 AM,EVENT 52083 1597102190 0/0/0/0/0 INPUT 4 1 0 v:124
11/08/2020 8:44:54 AM,252 Event OK
11/08/2020 8:44:54 AM,EVENT 52084 1597102239 0/0/0/0/7 INPUT 3 1 0 v:124
11/08/2020 8:44:54 AM,252 Event OK
11/08/2020 8:44:54 AM,EVENT 52085 1597102264 0/0/0/0/16 INPUT 3 0 25 v:124
11/08/2020 8:44:54 AM,252 Event OK
11/08/2020 8:44:55 AM,EVENT 52086 1597102266 0/0/0/0/6 INPUT 7 1 0 v:124
11/08/2020 8:44:55 AM,252 Event OK
11/08/2020 8:44:55 AM,EVENT 52087 1597102266 0/0/0/0/6 INPUT 8 0 150 v:124
11/08/2020 8:44:55 AM,252 Event OK
11/08/2020 8:44:55 AM,EVENT 52088 1597102267 0/0/0/0/3 INPUT 1 1 0 v:124
11/08/2020 8:44:55 AM,252 Event OK
11/08/2020 8:44:55 AM,EVENT 52089 1597102270 0/0/0/0/0 TRIP 52077 25 109 9 9 143 v:124
11/08/2020 8:44:55 AM,252 Event OK
11/08/2020 8:44:56 AM,EVENT 52090 1597102271 0/0/0/0/0 INPUT 4 0 80 v:124
11/08/2020 8:44:56 AM,252 Event OK
11/08/2020 8:44:56 AM,EVENT 52091 1597132464 0/0/0/0/0 SWSTART OpusFC 5.0.58.518 R v:123
11/08/2020 8:44:56 AM,252 Event OK
11/08/2020 8:44:57 AM,EVENT 52092 1597102270 0/0/0/0/0 POWERDOWN v:124
11/08/2020 8:44:57 AM,252 Event OK
11/08/2020 8:44:57 AM,EVENT 52093 1597132464 0/0/0/0/0 INPUT 1 1 0 v:123
11/08/2020 8:44:57 AM,252 Event OK
11/08/2020 8:44:57 AM,EVENT 52094 1597132464 0/0/0/0/0 INPUT 2 0 0 v:123
11/08/2020 8:44:57 AM,252 Event OK
11/08/2020 8:44:57 AM,EVENT 52095 1597132464 0/0/0/0/0 INPUT 3 0 0 v:123
11/08/2020 8:44:57 AM,252 Event OK
11/08/2020 8:44:58 AM,EVENT 52096 1597132464 0/0/0/0/0 INPUT 4 0 0 v:123
11/08/2020 8:44:58 AM,252 Event OK
11/08/2020 8:44:58 AM,EVENT 52097 1597132464 0/0/0/0/0 INPUT 7 1 0 v:123
11/08/2020 8:44:58 AM,252 Event OK
11/08/2020 8:44:58 AM,EVENT 52098 1597132464 0/0/0/0/0 INPUT 8 0 0 v:123
11/08/2020 8:44:58 AM,252 Event OK
11/08/2020 8:44:58 AM,EVENT 52099 1597132465 0/0/0/0/0 ZONE_OK 2 100 FW=NO VERSION v:123
11/08/2020 8:44:58 AM,252 Event OK
11/08/2020 8:44:59 AM,EVENT 52100 1597132466 0/0/0/0/0 REPORT * 0 0 v:123
11/08/2020 8:44:59 AM,252 Event OK
11/08/2020 8:44:59 AM,EVENT 52101 1597132494 0/0/0/0/0 INPUT 8 1 0 v:123
11/08/2020 8:44:59 AM,252 Event OK
11/08/2020 8:44:59 AM,EVENT 52102 1597132494 0/0/0/0/0 INPUT 7 0 31 v:123
11/08/2020 8:44:59 AM,252 Event OK
11/08/2020 8:44:59 AM,EVENT 52103 1597132509 0/0/0/0/0 SIGNON * 0 NOCARD 26 0 210179 v:123
11/08/2020 8:44:59 AM,252 Event OK
11/08/2020 8:44:59 AM,EVENT 52104 1597132526 0/0/0/0/0 SIGNON 2515 03cffacd OK 26 180299 0 v:123
11/08/2020 8:44:59 AM,252 Event OK
11/08/2020 8:45:00 AM,EVENT 52105 1597132532 0/0/0/0/0 INPUT 7 1 0 v:123
11/08/2020 8:45:00 AM,252 Event OK
11/08/2020 8:45:00 AM,EVENT 52106 1597132532 0/0/0/0/0 INPUT 8 0 39 v:123
11/08/2020 8:45:00 AM,252 Event OK
11/08/2020 8:45:00 AM,EVENT 52107 1597132534 0/0/0/0/0 INPUT 8 1 0 v:123
11/08/2020 8:45:00 AM,252 Event OK
11/08/2020 8:45:00 AM,EVENT 52108 1597132534 0/0/0/0/0 INPUT 7 0 1 v:123
11/08/2020 8:45:00 AM,252 Event OK
11/08/2020 8:45:00 AM,EVENT 52109 1597132543 0/0/0/0/0 INPUT 7 1 0 v:123
11/08/2020 8:45:00 AM,252 Event OK
11/08/2020 8:45:01 AM,EVENT 52110 1597132543 0/0/0/0/0 INPUT 8 0 9 v:123
11/08/2020 8:45:01 AM,252 Event OK
11/08/2020 8:45:01 AM,EVENT 52111 1597132544 0/0/0/0/0 INPUT 8 1 0 v:123
11/08/2020 8:45:01 AM,252 Event OK
11/08/2020 8:45:01 AM,EVENT 52112 1597132544 0/0/0/0/0 INPUT 7 0 2 v:123
11/08/2020 8:45:01 AM,252 Event OK
11/08/2020 8:45:01 AM,EVENT 52113 1597132559 0/0/0/0/0 INPUT 7 1 0 v:123
11/08/2020 8:45:01 AM,252 Event OK
11/08/2020 8:45:02 AM,EVENT 52114 1597132559 0/0/0/0/0 INPUT 8 0 15 v:123
11/08/2020 8:45:02 AM,252 Event OK
11/08/2020 8:45:02 AM,EVENT 52115 1597132562 0/0/0/0/0 INPUT 8 1 0 v:123
11/08/2020 8:45:02 AM,252 Event OK
11/08/2020 8:45:02 AM,EVENT 52116 1597132562 0/0/0/0/0 INPUT 7 0 3 v:123
11/08/2020 8:45:02 AM,252 Event OK
11/08/2020 8:45:02 AM,EVENT 52117 1597132577 0/0/0/0/0 INPUT 4 1 0 v:124
11/08/2020 8:45:02 AM,252 Event OK
11/08/2020 8:45:03 AM,EVENT 52118 1597132578 0/0/0/0/0 INPUT 1 0 114 v:124
11/08/2020 8:45:03 AM,252 Event OK
11/08/2020 8:45:03 AM,EVENT 52119 1597132595 0/0/0/0/0 INPUT 4 0 18 v:123
11/08/2020 8:45:03 AM,252 Event OK
11/08/2020 8:45:03 AM,EVENT 52120 1597132595 0/0/0/0/0 INPUT 4 1 0 v:123
11/08/2020 8:45:03 AM,252 Event OK
11/08/2020 8:45:03 AM,EVENT 52121 1597132676 0/0/0/0/0 INPUT 4 0 81 v:124
11/08/2020 8:45:03 AM,252 Event OK
11/08/2020 8:45:04 AM,EVENT 52122 1597132676 0/0/0/0/0 INPUT 4 1 0 v:124
11/08/2020 8:45:04 AM,252 Event OK
11/08/2020 8:45:04 AM,EVENT 52123 1597132733 0/0/0/0/0 INPUT 4 0 57 v:123
11/08/2020 8:45:04 AM,252 Event OK
11/08/2020 8:45:06 AM,EVENT 52124 1597132733 0/0/0/0/0 INPUT 4 1 0 v:123
11/08/2020 8:45:06 AM,252 Event OK
11/08/2020 8:45:06 AM,EVENT 52125 1597132742 0/0/0/0/2 INPUT 4 0 9 v:123
11/08/2020 8:45:06 AM,252 Event OK
11/08/2020 8:45:06 AM,EVENT 52126 1597132742 0/0/0/0/2 INPUT 4 1 0 v:124
11/08/2020 8:45:06 AM,252 Event OK
11/08/2020 8:45:06 AM,EVENT 52127 1597132748 0/0/0/0/1 INPUT 4 0 6 v:124
11/08/2020 8:45:06 AM,252 Event OK
11/08/2020 8:45:07 AM,EVENT 52128 1597132748 0/0/0/0/1 INPUT 4 1 0 v:124
11/08/2020 8:45:07 AM,252 Event OK
11/08/2020 8:45:07 AM,EVENT 52129 1597132759 0/0/0/0/5 INPUT 4 0 11 v:124
11/08/2020 8:45:07 AM,252 Event OK
11/08/2020 8:45:07 AM,EVENT 52130 1597132759 0/0/0/0/4 INPUT 4 1 0 v:124
11/08/2020 8:45:07 AM,252 Event OK
11/08/2020 8:45:09 AM,EVENT 52131 1597132773 0/0/0/0/2 INPUT 3 1 0 v:124
11/08/2020 8:45:09 AM,252 Event OK
11/08/2020 8:45:10 AM,EVENT 52132 1597132826 0/0/0/99/10 INPUT 3 0 53 v:124
11/08/2020 8:45:10 AM,252 Event OK
11/08/2020 8:45:10 AM,EVENT 52133 1597132830 0/0/0/99/8 INPUT 3 1 0 v:124
11/08/2020 8:45:10 AM,252 Event OK
11/08/2020 8:45:10 AM,EVENT 52134 1597133084 0/0/0/0/11 INPUT 3 0 255 v:124
11/08/2020 8:45:10 AM,252 Event OK
11/08/2020 8:45:12 AM,EVENT 52135 1597133087 0/0/0/0/3 INPUT 4 0 328 v:124
11/08/2020 8:45:12 AM,252 Event OK
11/08/2020 8:45:12 AM,EVENT 52136 1597133087 0/0/0/0/3 INPUT 4 1 0 v:124
11/08/2020 8:45:12 AM,252 Event OK
11/08/2020 8:45:13 AM,EVENT 52137 1597133096 0/0/0/0/0 INPUT 4 0 9 v:124
11/08/2020 8:45:13 AM,252 Event OK
11/08/2020 8:45:13 AM,EVENT 52138 1597133096 0/0/0/0/0 INPUT 4 1 0 v:124
11/08/2020 8:45:13 AM,252 Event OK
11/08/2020 8:45:13 AM,EVENT 52139 1597133098 0/0/0/0/5 INPUT 3 1 0 v:124
11/08/2020 8:45:13 AM,252 Event OK
11/08/2020 8:45:13 AM,EVENT 52140 1597133099 0/0/0/0/8 INPUT 3 0 1 v:124
11/08/2020 8:45:13 AM,252 Event OK
11/08/2020 8:45:13 AM,EVENT 52141 1597133126 0/0/0/0/0 INPUT 4 0 30 v:124
11/08/2020 8:45:13 AM,252 Event OK
11/08/2020 8:45:14 AM,EVENT 52142 1597133126 0/0/0/0/0 INPUT 4 1 0 v:124
11/08/2020 8:45:14 AM,252 Event OK
11/08/2020 8:45:14 AM,EVENT 52143 1597133132 0/0/0/0/0 INPUT 4 0 6 v:124
11/08/2020 8:45:14 AM,252 Event OK
11/08/2020 8:45:14 AM,EVENT 52144 1597133132 0/0/0/0/0 INPUT 4 1 0 v:124
11/08/2020 8:45:14 AM,252 Event OK
11/08/2020 8:45:14 AM,EVENT 52145 1597133360 0/0/0/0/0 INPUT 4 0 228 v:124
11/08/2020 8:45:14 AM,252 Event OK
11/08/2020 8:45:15 AM,EVENT 52146 1597133360 0/0/0/0/0 INPUT 4 1 0 v:124
11/08/2020 8:45:15 AM,252 Event OK
11/08/2020 8:45:15 AM,EVENT 52147 1597133457 0/0/0/0/0 INPUT 1 1 0 v:124
11/08/2020 8:45:15 AM,252 Event OK
11/08/2020 8:45:15 AM,EVENT 52148 1597133461 0/0/0/0/0 INPUT 4 0 101 v:124
11/08/2020 8:45:15 AM,252 Event OK
11/08/2020 8:45:15 AM,EVENT 52149 1597133490 0/0/0/0/0 INPUT 1 0 33 v:124
11/08/2020 8:45:15 AM,252 Event OK
11/08/2020 8:45:15 AM,EVENT 52150 1597133491 0/0/0/0/0 INPUT 4 1 0 v:124
11/08/2020 8:45:15 AM,252 Event OK
11/08/2020 8:45:16 AM,EVENT 52151 1597133499 0/0/0/0/6 INPUT 3 1 0 v:124
11/08/2020 8:45:16 AM,252 Event OK
11/08/2020 8:45:16 AM,EVENT 52152 1597133682 0/0/0/0/15 INPUT 3 0 184 v:124
11/08/2020 8:45:16 AM,252 Event OK
11/08/2020 8:45:17 AM,EVENT 52153 1597133690 0/0/0/0/3 INPUT 3 1 0 v:124
11/08/2020 8:45:17 AM,252 Event OK
11/08/2020 8:45:17 AM,EVENT 52154 1597133743 0/0/0/0/13 INPUT 3 0 53 v:124
11/08/2020 8:45:17 AM,252 Event OK
11/08/2020 8:45:17 AM,EVENT 52155 1597133758 0/0/0/0/2 INPUT 3 1 0 v:124
11/08/2020 8:45:17 AM,252 Event OK
11/08/2020 8:45:18 AM,EVENT 52156 1597133889 0/0/0/0/27 ZONEOVERSPEED 52104 9 36 1 v:124
11/08/2020 8:45:18 AM,252 Event OK
11/08/2020 8:45:18 AM,EVENT 52157 1597133970 0/0/0/0/17 INPUT 3 0 212 v:124
11/08/2020 8:45:18 AM,252 Event OK
11/08/2020 8:45:18 AM,EVENT 52158 1597134034 0/0/0/0/7 INPUT 3 1 0 v:124
11/08/2020 8:45:18 AM,252 Event OK
11/08/2020 8:45:19 AM,EVENT 52159 1597134038 0/0/0/0/9 INPUT 3 0 5 v:124
11/08/2020 8:45:19 AM,252 Event OK
11/08/2020 8:45:19 AM,EVENT 52160 1597134043 0/0/0/0/0 INPUT 4 0 553 v:124
11/08/2020 8:45:19 AM,252 Event OK
11/08/2020 8:45:19 AM,EVENT 52161 1597134043 0/0/0/0/0 INPUT 4 1 0 v:124
11/08/2020 8:45:19 AM,252 Event OK
11/08/2020 8:45:19 AM,EVENT 52162 1597134045 0/0/0/0/5 INPUT 3 1 0 v:124
11/08/2020 8:45:19 AM,252 Event OK
11/08/2020 8:45:19 AM,EVENT 52163 1597134123 0/0/0/0/10 INPUT 3 0 79 v:124
11/08/2020 8:45:19 AM,252 Event OK
11/08/2020 8:45:20 AM,EVENT 52164 1597134134 0/0/0/0/7 INPUT 3 1 0 v:124
11/08/2020 8:45:20 AM,252 Event OK
11/08/2020 8:45:20 AM,EVENT 52165 1597134141 0/0/0/0/9 INPUT 3 0 8 v:124
11/08/2020 8:45:20 AM,252 Event OK
11/08/2020 8:45:20 AM,EVENT 52166 1597134210 0/0/0/0/3 INPUT 4 0 167 v:124
11/08/2020 8:45:20 AM,252 Event OK
11/08/2020 8:45:20 AM,EVENT 52167 1597134210 0/0/0/0/3 INPUT 4 1 0 v:124
11/08/2020 8:45:20 AM,252 Event OK
11/08/2020 8:45:20 AM,EVENT 52168 1597134225 0/0/0/0/4 INPUT 3 1 0 v:124
11/08/2020 8:45:20 AM,252 Event OK
11/08/2020 8:45:21 AM,EVENT 52169 1597134299 0/0/0/0/27 REPORT 52104 0 0 v:124
11/08/2020 8:45:21 AM,252 Event OK
11/08/2020 8:45:21 AM,EVENT 52170 1597134312 0/0/0/0/10 INPUT 3 0 87 v:124
11/08/2020 8:45:21 AM,252 Event OK
11/08/2020 8:45:21 AM,EVENT 52171 1597134317 0/0/0/0/3 INPUT 4 0 107 v:124
11/08/2020 8:45:21 AM,252 Event OK
11/08/2020 8:45:21 AM,EVENT 52172 1597134317 0/0/0/0/2 INPUT 4 1 0 v:124
11/08/2020 8:45:21 AM,252 Event OK
11/08/2020 8:45:21 AM,EVENT 52173 1597134371 0/0/0/0/0 INPUT 4 0 54 v:124
11/08/2020 8:45:21 AM,252 Event OK
11/08/2020 8:45:22 AM,EVENT 52174 1597134371 0/0/0/0/0 INPUT 4 1 0 v:124
11/08/2020 8:45:22 AM,252 Event OK
11/08/2020 8:45:22 AM,EVENT 52175 1597134373 0/0/0/0/5 INPUT 3 1 0 v:124
11/08/2020 8:45:22 AM,252 Event OK
11/08/2020 8:45:22 AM,EVENT 52176 1597135023 0/0/0/0/17 INPUT 3 0 650 v:124
11/08/2020 8:45:22 AM,252 Event OK
11/08/2020 8:45:22 AM,EVENT 52177 1597135048 -310122337/1219228302/2482/0/0 INPUT 4 0 677 v:124
11/08/2020 8:45:22 AM,252 Event OK
11/08/2020 8:45:22 AM,EVENT 52178 1597135048 -310122337/1219228302/2482/0/0 INPUT 4 1 0 v:124
11/08/2020 8:45:22 AM,252 Event OK
11/08/2020 8:45:23 AM,EVENT 52179 1597135057 -310121956/1219228557/1183/5/5 INPUT 3 1 0 v:124
11/08/2020 8:45:23 AM,252 Event OK
11/08/2020 8:45:23 AM,EVENT 52180 1597135105 -310128564/1219229499/833/9/11 INPUT 3 0 48 v:124
11/08/2020 8:45:23 AM,252 Event OK
11/08/2020 8:45:23 AM,EVENT 52181 1597135109 -310128298/1219229202/863/9/1 INPUT 7 1 0 v:124
11/08/2020 8:45:23 AM,252 Event OK
11/08/2020 8:45:24 AM,EVENT 52182 1597135110 -310128298/1219229202/863/9/1 INPUT 8 0 2548 v:124
11/08/2020 8:45:24 AM,252 Event OK
11/08/2020 8:45:24 AM,EVENT 52183 1597135110 -310128305/1219229198/864/9/0 INPUT 1 1 0 v:124
11/08/2020 8:45:24 AM,252 Event OK
11/08/2020 8:45:24 AM,EVENT 52184 1597135111 -310128312/1219229193/865/9/0 INPUT 4 0 63 v:124
11/08/2020 8:45:24 AM,252 Event OK
11/08/2020 8:45:24 AM,EVENT 52185 1597135114 -310128332/1219229176/866/9/0 TRIP 52104 1635 870 83 51 2588 v:124
11/08/2020 8:45:24 AM,252 Event OK
11/08/2020 8:45:25 AM,EVENT 52186 1597135114 -310128332/1219229176/866/9/0 TRIPSUMMARY 52104 v:124
11/08/2020 8:45:25 AM,252 Event OK
11/08/2020 8:45:25 AM,EVENT 52187 1597135170 -310128379/1219228947/892/2/0 CONFIG v:124
11/08/2020 8:45:25 AM,252 Event OK
11/08/2020 8:45:25 AM,EVENT 52188 1597135397 -310128277/1219229261/856/3/0 INPUT 8 1 0 v:124
11/08/2020 8:45:25 AM,252 Event OK
11/08/2020 8:45:25 AM,EVENT 52189 1597135397 -310128277/1219229261/858/3/0 INPUT 7 0 287 v:124
11/08/2020 8:45:25 AM,252 Event OK
11/08/2020 8:45:26 AM,EVENT 52190 1597135406 -310128276/1219229240/873/3/0 SIGNON 2515 03cffacd OK 26 180299 0 v:124
11/08/2020 8:45:26 AM,252 Event OK
11/08/2020 8:45:26 AM,EVENT 52191 1597135412 -310128259/1219229226/883/3/0 INPUT 1 0 301 v:124
11/08/2020 8:45:26 AM,252 Event OK
11/08/2020 8:45:26 AM,EVENT 52192 1597135412 -310128257/1219229224/884/3/0 INPUT 4 1 0 v:124
11/08/2020 8:45:26 AM,252 Event OK
11/08/2020 8:45:26 AM,EVENT 52193 1597135420 -310128642/1219229222/903/3/8 INPUT 3 1 0 v:123
11/08/2020 8:45:26 AM,252 Event OK
11/08/2020 8:45:28 AM,EVENT 52194 1597135420 -310128825/1219229114/905/3/9 INPUT 3 0 1 v:123
11/08/2020 8:45:28 AM,252 Event OK
11/08/2020 8:45:28 AM,EVENT 52195 1597135426 -310128733/1219229323/922/3/8 INPUT 3 1 0 v:124
11/08/2020 8:45:28 AM,252 Event OK
11/08/2020 8:45:28 AM,EVENT 52196 1597135445 -310123853/1219232360/878/0/10 INPUT 3 0 19 v:124
11/08/2020 8:45:28 AM,252 Event OK
11/08/2020 8:45:29 AM,EVENT 52197 1597135449 -310123875/1219231932/895/0/5 INPUT 7 1 0 v:124
11/08/2020 8:45:29 AM,252 Event OK
11/08/2020 8:45:29 AM,EVENT 52198 1597135449 -310123875/1219231932/895/0/5 INPUT 8 0 53 v:124
11/08/2020 8:45:29 AM,252 Event OK
11/08/2020 8:45:29 AM,EVENT 52199 1597135450 -310123873/1219231931/899/0/2 INPUT 1 1 0 v:124
11/08/2020 8:45:29 AM,252 Event OK
11/08/2020 8:45:29 AM,EVENT 52200 1597135451 -310123866/1219231929/909/0/0 INPUT 4 0 39 v:124
11/08/2020 8:45:29 AM,252 Event OK
11/08/2020 8:45:30 AM,EVENT 52201 1597135454 -310123854/1219231937/895/0/0 TRIP 52190 20 19 10 7 49 v:124
11/08/2020 8:45:30 AM,252 Event OK
11/08/2020 8:45:30 AM,QUIT
11/08/2020 8:45:30 AM,221 Session ended - goodbye
11/08/2020 9:04:53 AM,UNIT 9279
11/08/2020 9:04:53 AM,333 CHAL 6F50C254
11/08/2020 9:04:54 AM,RESP 7222034C
11/08/2020 9:04:54 AM,230 Auth OK
11/08/2020 9:04:54 AM,TIME
11/08/2020 9:04:54 AM,211 TIME 1597136694
11/08/2020 9:04:55 AM,EVCOUNT 2
11/08/2020 9:04:55 AM,252 Event OK
11/08/2020 9:04:56 AM,TODO
11/08/2020 9:04:56 AM,125 TODO GETXML 2000 Operators 
225 Work list complete
11/08/2020 9:04:56 AM,GETXML
11/08/2020 9:04:56 AM,Binary data 4241 bytes
11/08/2020 9:04:59 AM,GOT Operators 4193 B22E2A56
11/08/2020 9:04:59 AM,250 Download OK
11/08/2020 9:05:00 AM,EVENT 52202 1597136688 -310124006/1219232071/980/8/0 INPUT 8 1 0 v:124
11/08/2020 9:05:00 AM,252 Event OK
11/08/2020 9:05:01 AM,EVENT 52203 1597136688 -310124005/1219232074/980/8/0 INPUT 7 0 1239 v:124
11/08/2020 9:05:01 AM,252 Event OK
11/08/2020 9:05:02 AM,EVENT 52204 1597136697 -310124003/1219232133/979/8/0 SIGNON 2515 03cffacd OK 26 180299 0 v:124
11/08/2020 9:05:02 AM,252 Event OK
11/08/2020 9:05:03 AM,QUIT
11/08/2020 9:05:03 AM,221 Session ended - goodbye
11/08/2020 9:05:14 AM,UNIT 9279
11/08/2020 9:05:14 AM,333 CHAL 2659430D
11/08/2020 9:05:15 AM,RESP F6079EC4
11/08/2020 9:05:15 AM,230 Auth OK
11/08/2020 9:05:15 AM,TIME
11/08/2020 9:05:15 AM,211 TIME 1597136715
11/08/2020 9:05:16 AM,EVCOUNT 2
11/08/2020 9:05:16 AM,252 Event OK
11/08/2020 9:05:16 AM,TODO
11/08/2020 9:05:16 AM,226 Nothing to do
11/08/2020 9:05:17 AM,EVENT 52205 1597136704 -310123977/1219232175/1015/8/0 INPUT 4 1 0 v:124
11/08/2020 9:05:17 AM,252 Event OK
11/08/2020 9:05:18 AM,EVENT 52206 1597136704 -310123975/1219232177/1018/8/0 INPUT 1 0 1253 v:124
11/08/2020 9:05:18 AM,252 Event OK
11/08/2020 9:05:19 AM,EVENT 52207 1597136716 -310123815/1219232745/1051/8/5 INPUT 3 1 0 v:124
11/08/2020 9:05:19 AM,252 Event OK
11/08/2020 9:05:20 AM,QUIT
11/08/2020 9:05:20 AM,221 Session ended - goodbye
11/08/2020 9:05:43 AM,UNIT 9279
11/08/2020 9:05:43 AM,333 CHAL 7CCE374F
11/08/2020 9:05:43 AM,RESP 113C2D55
11/08/2020 9:05:43 AM,230 Auth OK
11/08/2020 9:05:44 AM,TIME
11/08/2020 9:05:44 AM,211 TIME 1597136744
11/08/2020 9:05:45 AM,EVCOUNT 1
11/08/2020 9:05:45 AM,252 Event OK
11/08/2020 9:05:46 AM,TODO
11/08/2020 9:05:46 AM,226 Nothing to do
11/08/2020 9:05:46 AM,EVENT 52208 1597136739 -310127076/1219241476/838/8/21 REPORT 52204 21 148 v:124
11/08/2020 9:05:46 AM,252 Event OK
11/08/2020 9:05:47 AM,QUIT
11/08/2020 9:05:47 AM,221 Session ended - goodbye
11/08/2020 9:06:33 AM,UNIT 9279
11/08/2020 9:06:33 AM,333 CHAL 4E8EA448
11/08/2020 9:06:34 AM,RESP 6DF3B14A
11/08/2020 9:06:34 AM,230 Auth OK
11/08/2020 9:06:35 AM,TIME
11/08/2020 9:06:35 AM,211 TIME 1597136795
11/08/2020 9:06:35 AM,EVCOUNT 1
11/08/2020 9:06:35 AM,252 Event OK
11/08/2020 9:06:36 AM,TODO
11/08/2020 9:06:36 AM,226 Nothing to do
11/08/2020 9:06:37 AM,EVENT 52209 1597136789 -310143354/1219231887/971/9/12 INPUT 3 0 72 v:124
11/08/2020 9:06:37 AM,252 Event OK
11/08/2020 9:06:38 AM,EVENT 52210 1597136795 -310143432/1219231862/1014/9/0 INPUT 7 1 0 v:124
11/08/2020 9:06:38 AM,252 Event OK
11/08/2020 9:06:39 AM,EVENT 52211 1597136795 -310143435/1219231863/1017/9/0 INPUT 8 0 107 v:124
11/08/2020 9:06:39 AM,252 Event OK
11/08/2020 9:06:40 AM,EVENT 52212 1597136796 -310143437/1219231865/1016/9/0 INPUT 1 1 0 v:124
11/08/2020 9:06:40 AM,252 Event OK
11/08/2020 9:06:41 AM,EVENT 52213 1597136798 -310143433/1219231868/1022/9/0 INPUT 4 0 94 v:124
11/08/2020 9:06:41 AM,252 Event OK
11/08/2020 9:06:41 AM,EVENT 52214 1597136799 -310143430/1219231867/1029/9/0 TRIP 52204 72 22 9 7 103 v:124
11/08/2020 9:06:41 AM,252 Event OK
11/08/2020 9:06:42 AM,QUIT
11/08/2020 9:06:42 AM,221 Session ended - goodbye
11/08/2020 10:19:28 AM,UNIT 9279
11/08/2020 10:19:28 AM,333 CHAL 60E49F3A
11/08/2020 10:19:28 AM,RESP BF170221
11/08/2020 10:19:28 AM,230 Auth OK
11/08/2020 10:19:29 AM,TIME
11/08/2020 10:19:29 AM,211 TIME 1597141169
11/08/2020 10:19:29 AM,EVCOUNT 10
11/08/2020 10:19:29 AM,252 Event OK
11/08/2020 10:19:29 AM,TODO
11/08/2020 10:19:29 AM,226 Nothing to do
11/08/2020 10:19:29 AM,EVENT 52215 1597141142 0/0/0/0/0 SWSTART OpusFC 5.0.58.518 R v:124
11/08/2020 10:19:29 AM,252 Event OK
11/08/2020 10:19:30 AM,EVENT 52216 1597136799 0/0/0/0/0 POWERDOWN v:124
11/08/2020 10:19:30 AM,252 Event OK
11/08/2020 10:19:30 AM,EVENT 52217 1597141142 0/0/0/0/0 INPUT 1 1 0 v:123
11/08/2020 10:19:30 AM,252 Event OK
11/08/2020 10:19:30 AM,EVENT 52218 1597141142 0/0/0/0/0 INPUT 2 0 0 v:123
11/08/2020 10:19:30 AM,252 Event OK
11/08/2020 10:19:31 AM,EVENT 52219 1597141142 0/0/0/0/0 INPUT 3 0 0 v:124
11/08/2020 10:19:31 AM,252 Event OK
11/08/2020 10:19:31 AM,EVENT 52220 1597141142 0/0/0/0/0 INPUT 4 0 0 v:124
11/08/2020 10:19:31 AM,252 Event OK
11/08/2020 10:19:31 AM,EVENT 52221 1597141142 0/0/0/0/0 INPUT 7 0 0 v:124
11/08/2020 10:19:31 AM,252 Event OK
11/08/2020 10:19:31 AM,EVENT 52222 1597141142 0/0/0/0/0 INPUT 8 1 0 v:123
11/08/2020 10:19:31 AM,252 Event OK
11/08/2020 10:19:32 AM,EVENT 52223 1597141144 0/0/0/0/0 ZONE_OK 2 100 FW=NO VERSION v:123
11/08/2020 10:19:32 AM,252 Event OK
11/08/2020 10:19:32 AM,EVENT 52224 1597141151 0/0/0/0/0 SIGNON 2528 01b3eefb OK_CL 26 260882 0 v:123
11/08/2020 10:19:32 AM,252 Event OK
11/08/2020 10:19:32 AM,QUIT
11/08/2020 10:19:32 AM,221 Session ended - goodbye
11/08/2020 10:19:42 AM,UNIT 9279
11/08/2020 10:19:42 AM,333 CHAL 3203BC60
11/08/2020 10:19:42 AM,RESP 1B162F20
11/08/2020 10:19:42 AM,230 Auth OK
11/08/2020 10:19:42 AM,TIME
11/08/2020 10:19:42 AM,211 TIME 1597141182
11/08/2020 10:19:43 AM,EVCOUNT 3
11/08/2020 10:19:43 AM,252 Event OK
11/08/2020 10:19:43 AM,TODO
11/08/2020 10:19:43 AM,226 Nothing to do
11/08/2020 10:19:44 AM,EVENT 52225 1597141172 -310143867/1219232008/9625/4/0 CHECKLIST 52224 OK 0 20 432 F v:124
11/08/2020 10:19:44 AM,252 Event OK
11/08/2020 10:19:45 AM,EVENT 52226 1597141178 -310143939/1219232211/5902/4/0 INPUT 1 0 36 v:124
11/08/2020 10:19:45 AM,252 Event OK
11/08/2020 10:19:45 AM,EVENT 52227 1597141179 -310143972/1219232282/5536/4/0 INPUT 4 1 0 v:124
11/08/2020 10:19:45 AM,252 Event OK
11/08/2020 10:19:46 AM,EVENT 52228 1597141183 -310143778/1219232161/3227/4/0 INPUT 4 0 5 v:123
11/08/2020 10:19:46 AM,252 Event OK
11/08/2020 10:19:47 AM,EVENT 52229 1597141183 -310143778/1219232161/3227/4/0 INPUT 4 1 0 v:123
11/08/2020 10:19:47 AM,252 Event OK
11/08/2020 10:19:47 AM,QUIT
11/08/2020 10:19:47 AM,221 Session ended - goodbye
11/08/2020 10:20:07 AM,UNIT 9279
11/08/2020 10:20:07 AM,333 CHAL 20E6334F
11/08/2020 10:20:08 AM,RESP 4375C2B1
11/08/2020 10:20:08 AM,230 Auth OK
11/08/2020 10:20:08 AM,TIME
11/08/2020 10:20:08 AM,211 TIME 1597141208
11/08/2020 10:20:09 AM,EVCOUNT 1
11/08/2020 10:20:09 AM,252 Event OK
11/08/2020 10:20:09 AM,TODO
11/08/2020 10:20:09 AM,226 Nothing to do
11/08/2020 10:20:10 AM,EVENT 52230 1597141202 -310143083/1219231871/1097/3/5 INPUT 3 1 0 v:124
11/08/2020 10:20:10 AM,252 Event OK
11/08/2020 10:20:10 AM,QUIT
11/08/2020 10:20:10 AM,221 Session ended - goodbye
11/08/2020 10:21:15 AM,UNIT 9279
11/08/2020 10:21:15 AM,333 CHAL 2FD14C39
11/08/2020 10:21:16 AM,RESP 335C41A9
11/08/2020 10:21:16 AM,230 Auth OK
11/08/2020 10:21:16 AM,TIME
11/08/2020 10:21:16 AM,211 TIME 1597141276
11/08/2020 10:21:17 AM,EVCOUNT 2
11/08/2020 10:21:17 AM,252 Event OK
11/08/2020 10:21:17 AM,TODO
11/08/2020 10:21:17 AM,226 Nothing to do
11/08/2020 10:21:18 AM,EVENT 52231 1597141270 -310119218/1219234493/980/7/18 INPUT 3 0 67 v:124
11/08/2020 10:21:18 AM,252 Event OK
11/08/2020 10:21:19 AM,EVENT 52232 1597141273 -310118861/1219234152/980/7/5 INPUT 3 1 0 v:124
11/08/2020 10:21:19 AM,252 Event OK
11/08/2020 10:21:20 AM,QUIT
11/08/2020 10:21:20 AM,221 Session ended - goodbye
11/08/2020 4:13:29 PM,UNIT 9279
11/08/2020 4:13:29 PM,333 CHAL 6825ABC
11/08/2020 4:13:29 PM,RESP 166114CE
11/08/2020 4:13:29 PM,230 Auth OK
11/08/2020 4:13:30 PM,TIME
11/08/2020 4:13:30 PM,211 TIME 1597162410
11/08/2020 4:13:30 PM,EVCOUNT 213
11/08/2020 4:13:30 PM,252 Event OK
11/08/2020 4:13:30 PM,TODO
11/08/2020 4:13:30 PM,226 Nothing to do
11/08/2020 4:13:30 PM,EVENT 52233 1597141284 -310121527/1219229304/986/7/12 INPUT 3 0 11 v:124
11/08/2020 4:13:30 PM,252 Event OK
11/08/2020 4:13:31 PM,EVENT 52234 1597141286 -310121582/1219229259/994/7/1 INPUT 7 1 0 v:124
11/08/2020 4:13:31 PM,252 Event OK
11/08/2020 4:13:31 PM,EVENT 52235 1597141286 -310121582/1219229259/994/7/1 INPUT 8 0 144 v:124
11/08/2020 4:13:31 PM,252 Event OK
11/08/2020 4:13:31 PM,EVENT 52236 1597141287 -310121580/1219229264/994/7/0 INPUT 1 1 0 v:123
11/08/2020 4:13:31 PM,252 Event OK
11/08/2020 4:13:31 PM,EVENT 52237 1597141289 -310121570/1219229276/992/7/0 INPUT 4 0 106 v:123
11/08/2020 4:13:31 PM,252 Event OK
11/08/2020 4:13:31 PM,EVENT 52238 1597141291 -310121559/1219229287/991/0/0 TRIP 52224 78 33 11 9 122 v:123
11/08/2020 4:13:31 PM,252 Event OK
11/08/2020 4:13:32 PM,EVENT 52239 1597141327 -310121450/1219229348/908/0/0 REPORT * 0 172 v:123
11/08/2020 4:13:32 PM,252 Event OK
11/08/2020 4:13:32 PM,EVENT 52240 1597142101 -310121333/1219229194/829/0/0 INPUT 8 1 0 v:123
11/08/2020 4:13:32 PM,252 Event OK
11/08/2020 4:13:32 PM,EVENT 52241 1597142101 -310121332/1219229194/830/0/0 INPUT 7 0 815 v:124
11/08/2020 4:13:32 PM,252 Event OK
11/08/2020 4:13:32 PM,EVENT 52242 1597142113 -310121328/1219229176/873/0/0 SIGNON 2528 01b3eefb OK 26 260882 0 v:124
11/08/2020 4:13:32 PM,252 Event OK
11/08/2020 4:13:33 PM,EVENT 52243 1597142120 -310121331/1219229168/901/0/0 INPUT 1 0 833 v:124
11/08/2020 4:13:33 PM,252 Event OK
11/08/2020 4:13:33 PM,EVENT 52244 1597142120 -310121333/1219229168/903/0/0 INPUT 4 1 0 v:124
11/08/2020 4:13:33 PM,252 Event OK
11/08/2020 4:13:33 PM,EVENT 52245 1597142125 -310121490/1219228908/915/0/5 INPUT 3 1 0 v:124
11/08/2020 4:13:33 PM,252 Event OK
11/08/2020 4:13:33 PM,EVENT 52246 1597142831 0/0/0/99/16 INPUT 3 0 706 v:124
11/08/2020 4:13:33 PM,252 Event OK
11/08/2020 4:13:34 PM,EVENT 52247 1597142833 0/0/0/99/6 INPUT 4 0 714 v:124
11/08/2020 4:13:34 PM,252 Event OK
11/08/2020 4:13:34 PM,EVENT 52248 1597142834 0/0/0/99/5 INPUT 4 1 0 v:124
11/08/2020 4:13:34 PM,252 Event OK
11/08/2020 4:13:34 PM,EVENT 52249 1597142852 0/0/0/0/0 INPUT 4 0 19 v:124
11/08/2020 4:13:34 PM,252 Event OK
11/08/2020 4:13:35 PM,EVENT 52250 1597142852 0/0/0/0/0 INPUT 4 1 0 v:124
11/08/2020 4:13:35 PM,252 Event OK
11/08/2020 4:13:35 PM,EVENT 52251 1597142860 0/0/0/0/0 INPUT 4 0 8 v:123
11/08/2020 4:13:35 PM,252 Event OK
11/08/2020 4:13:35 PM,EVENT 52252 1597142860 0/0/0/0/0 INPUT 4 1 0 v:123
11/08/2020 4:13:35 PM,252 Event OK
11/08/2020 4:13:35 PM,EVENT 52253 1597142870 0/0/0/0/7 INPUT 3 1 0 v:124
11/08/2020 4:13:35 PM,252 Event OK
11/08/2020 4:13:36 PM,EVENT 52254 1597143157 0/0/0/0/19 REPORT 52242 0 0 v:124
11/08/2020 4:13:36 PM,252 Event OK
11/08/2020 4:13:36 PM,EVENT 52255 1597143175 0/0/0/99/10 INPUT 3 0 306 v:124
11/08/2020 4:13:36 PM,252 Event OK
11/08/2020 4:13:36 PM,EVENT 52256 1597143182 0/0/0/99/0 INPUT 4 0 322 v:124
11/08/2020 4:13:36 PM,252 Event OK
11/08/2020 4:13:36 PM,EVENT 52257 1597143182 0/0/0/99/0 INPUT 4 1 0 v:123
11/08/2020 4:13:36 PM,252 Event OK
11/08/2020 4:13:37 PM,EVENT 52258 1597143235 0/0/0/0/0 INPUT 7 1 0 v:123
11/08/2020 4:13:37 PM,252 Event OK
11/08/2020 4:13:37 PM,EVENT 52259 1597143235 0/0/0/0/0 INPUT 8 0 1134 v:124
11/08/2020 4:13:37 PM,252 Event OK
11/08/2020 4:13:37 PM,EVENT 52260 1597143235 0/0/0/0/0 INPUT 1 1 0 v:123
11/08/2020 4:13:37 PM,252 Event OK
11/08/2020 4:13:38 PM,EVENT 52261 1597143237 0/0/0/0/0 INPUT 4 0 55 v:123
11/08/2020 4:13:38 PM,252 Event OK
11/08/2020 4:13:38 PM,EVENT 52262 1597143239 0/0/0/0/0 TRIP 52242 1012 106 8 6 1126 v:123
11/08/2020 4:13:38 PM,252 Event OK
11/08/2020 4:13:38 PM,EVENT 52263 1597143513 0/0/0/0/0 INPUT 8 1 0 v:123
11/08/2020 4:13:38 PM,252 Event OK
11/08/2020 4:13:39 PM,EVENT 52264 1597143513 0/0/0/0/0 INPUT 7 0 279 v:123
11/08/2020 4:13:39 PM,252 Event OK
11/08/2020 4:13:39 PM,EVENT 52265 1597143524 0/0/0/99/0 SIGNON 2528 01b3eefb OK 26 260882 0 v:124
11/08/2020 4:13:39 PM,252 Event OK
11/08/2020 4:13:39 PM,EVENT 52266 1597143530 0/0/0/99/0 INPUT 4 1 0 v:124
11/08/2020 4:13:39 PM,252 Event OK
11/08/2020 4:13:40 PM,EVENT 52267 1597143530 0/0/0/99/0 INPUT 1 0 295 v:124
11/08/2020 4:13:40 PM,252 Event OK
11/08/2020 4:13:40 PM,EVENT 52268 1597143533 0/0/0/99/0 INPUT 4 0 4 v:123
11/08/2020 4:13:40 PM,252 Event OK
11/08/2020 4:13:40 PM,EVENT 52269 1597143533 0/0/0/99/0 INPUT 4 1 0 v:123
11/08/2020 4:13:40 PM,252 Event OK
11/08/2020 4:13:40 PM,EVENT 52270 1597143539 0/0/0/99/7 INPUT 3 1 0 v:123
11/08/2020 4:13:40 PM,252 Event OK
11/08/2020 4:13:41 PM,EVENT 52271 1597143575 0/0/0/0/11 INPUT 3 0 37 v:123
11/08/2020 4:13:41 PM,252 Event OK
11/08/2020 4:13:41 PM,EVENT 52272 1597143585 0/0/0/0/2 INPUT 4 0 52 v:123
11/08/2020 4:13:41 PM,252 Event OK
11/08/2020 4:13:41 PM,EVENT 52273 1597143586 0/0/0/0/1 INPUT 4 1 0 v:123
11/08/2020 4:13:41 PM,252 Event OK
11/08/2020 4:13:41 PM,EVENT 52274 1597143599 0/0/0/0/3 INPUT 3 1 0 v:123
11/08/2020 4:13:41 PM,252 Event OK
11/08/2020 4:13:42 PM,EVENT 52275 1597143601 0/0/0/0/11 INPUT 3 0 3 v:123
11/08/2020 4:13:42 PM,252 Event OK
11/08/2020 4:13:42 PM,EVENT 52276 1597143620 0/0/0/0/6 INPUT 3 1 0 v:124
11/08/2020 4:13:42 PM,252 Event OK
11/08/2020 4:13:42 PM,EVENT 52277 1597143649 0/0/0/0/12 INPUT 3 0 29 v:124
11/08/2020 4:13:42 PM,252 Event OK
11/08/2020 4:13:42 PM,EVENT 52278 1597143651 0/0/0/0/3 INPUT 4 0 66 v:123
11/08/2020 4:13:42 PM,252 Event OK
11/08/2020 4:13:43 PM,EVENT 52279 1597143651 0/0/0/0/2 INPUT 4 1 0 v:123
11/08/2020 4:13:43 PM,252 Event OK
11/08/2020 4:13:43 PM,EVENT 52280 1597143676 0/0/0/0/0 INPUT 4 0 25 v:123
11/08/2020 4:13:43 PM,252 Event OK
11/08/2020 4:13:43 PM,EVENT 52281 1597143677 0/0/0/0/0 INPUT 4 1 0 v:123
11/08/2020 4:13:43 PM,252 Event OK
11/08/2020 4:13:43 PM,EVENT 52282 1597143679 0/0/0/0/2 INPUT 4 0 3 v:123
11/08/2020 4:13:43 PM,252 Event OK
11/08/2020 4:13:44 PM,EVENT 52283 1597143679 0/0/0/0/1 INPUT 4 1 0 v:123
11/08/2020 4:13:44 PM,252 Event OK
11/08/2020 4:13:44 PM,EVENT 52284 1597143685 0/0/0/0/3 INPUT 3 1 0 v:124
11/08/2020 4:13:44 PM,252 Event OK
11/08/2020 4:13:44 PM,EVENT 52285 1597143687 0/0/0/0/11 INPUT 3 0 2 v:124
11/08/2020 4:13:44 PM,252 Event OK
11/08/2020 4:13:45 PM,EVENT 52286 1597143688 0/0/0/0/9 INPUT 3 1 0 v:124
11/08/2020 4:13:45 PM,252 Event OK
11/08/2020 4:13:45 PM,EVENT 52287 1597143724 0/0/0/0/10 INPUT 3 0 37 v:123
11/08/2020 4:13:45 PM,252 Event OK
11/08/2020 4:13:45 PM,EVENT 52288 1597143727 0/0/0/0/1 INPUT 7 1 0 v:124
11/08/2020 4:13:45 PM,252 Event OK
11/08/2020 4:13:45 PM,EVENT 52289 1597143727 0/0/0/0/1 INPUT 8 0 215 v:124
11/08/2020 4:13:45 PM,252 Event OK
11/08/2020 4:13:46 PM,EVENT 52290 1597143728 0/0/0/0/0 INPUT 1 1 0 v:124
11/08/2020 4:13:46 PM,252 Event OK
11/08/2020 4:13:46 PM,EVENT 52291 1597143728 0/0/0/0/0 INPUT 4 0 49 v:124
11/08/2020 4:13:46 PM,252 Event OK
11/08/2020 4:13:46 PM,EVENT 52292 1597143729 0/0/0/0/0 INPUT 4 1 0 v:124
11/08/2020 4:13:46 PM,252 Event OK
11/08/2020 4:13:46 PM,EVENT 52293 1597143731 0/0/0/0/0 INPUT 4 0 2 v:124
11/08/2020 4:13:46 PM,252 Event OK
11/08/2020 4:13:47 PM,EVENT 52294 1597143732 0/0/0/0/0 TRIP 52265 108 93 8 6 209 v:123
11/08/2020 4:13:47 PM,252 Event OK
11/08/2020 4:13:47 PM,EVENT 52295 1597144079 0/0/0/0/0 INPUT 8 1 0 v:123
11/08/2020 4:13:47 PM,252 Event OK
11/08/2020 4:13:47 PM,EVENT 52296 1597144079 0/0/0/0/0 INPUT 7 0 352 v:124
11/08/2020 4:13:47 PM,252 Event OK
11/08/2020 4:13:48 PM,EVENT 52297 1597144093 0/0/0/0/0 SIGNON 2528 01b3eefb OK 26 260882 0 v:124
11/08/2020 4:13:48 PM,252 Event OK
11/08/2020 4:13:48 PM,EVENT 52298 1597144099 0/0/0/0/0 INPUT 4 1 0 v:124
11/08/2020 4:13:48 PM,252 Event OK
11/08/2020 4:13:48 PM,EVENT 52299 1597144100 0/0/0/0/0 INPUT 1 0 372 v:124
11/08/2020 4:13:48 PM,252 Event OK
11/08/2020 4:13:49 PM,EVENT 52300 1597144110 0/0/0/0/0 INPUT 4 0 11 v:124
11/08/2020 4:13:49 PM,252 Event OK
11/08/2020 4:13:49 PM,EVENT 52301 1597144110 0/0/0/0/0 INPUT 4 1 0 v:124
11/08/2020 4:13:49 PM,252 Event OK
11/08/2020 4:13:50 PM,EVENT 52302 1597144114 0/0/0/0/1 INPUT 4 0 4 v:124
11/08/2020 4:13:50 PM,252 Event OK
11/08/2020 4:13:50 PM,EVENT 52303 1597144114 0/0/0/0/1 INPUT 4 1 0 v:124
11/08/2020 4:13:50 PM,252 Event OK
11/08/2020 4:13:50 PM,EVENT 52304 1597144120 0/0/0/0/3 INPUT 4 0 6 v:124
11/08/2020 4:13:50 PM,252 Event OK
11/08/2020 4:13:51 PM,EVENT 52305 1597144120 0/0/0/0/2 INPUT 4 1 0 v:124
11/08/2020 4:13:51 PM,252 Event OK
11/08/2020 4:13:51 PM,EVENT 52306 1597144160 0/0/0/0/4 INPUT 3 1 0 v:124
11/08/2020 4:13:51 PM,252 Event OK
11/08/2020 4:13:51 PM,EVENT 52307 1597144170 0/0/0/0/13 INPUT 3 0 9 v:124
11/08/2020 4:13:51 PM,252 Event OK
11/08/2020 4:13:52 PM,EVENT 52308 1597144179 0/0/0/0/0 INPUT 4 0 59 v:124
11/08/2020 4:13:52 PM,252 Event OK
11/08/2020 4:13:52 PM,EVENT 52309 1597144179 0/0/0/0/0 INPUT 4 1 0 v:124
11/08/2020 4:13:52 PM,252 Event OK
11/08/2020 4:13:52 PM,EVENT 52310 1597144182 0/0/0/0/0 INPUT 7 1 0 v:124
11/08/2020 4:13:52 PM,252 Event OK
11/08/2020 4:13:52 PM,EVENT 52311 1597144182 0/0/0/0/0 INPUT 8 0 103 v:124
11/08/2020 4:13:52 PM,252 Event OK
11/08/2020 4:13:53 PM,EVENT 52312 1597144183 0/0/0/0/0 INPUT 1 1 0 v:124
11/08/2020 4:13:53 PM,252 Event OK
11/08/2020 4:13:53 PM,EVENT 52313 1597144185 0/0/0/0/0 INPUT 4 0 6 v:123
11/08/2020 4:13:53 PM,252 Event OK
11/08/2020 4:13:53 PM,EVENT 52314 1597144186 0/0/0/0/0 TRIP 52297 9 77 7 6 93 v:124
11/08/2020 4:13:53 PM,252 Event OK
11/08/2020 4:13:54 PM,EVENT 52315 1597155309 0/0/0/0/0 SWSTART OpusFC 5.0.58.518 R v:124
11/08/2020 4:13:54 PM,252 Event OK
11/08/2020 4:13:54 PM,EVENT 52316 1597144186 0/0/0/0/0 POWERDOWN v:124
11/08/2020 4:13:54 PM,252 Event OK
11/08/2020 4:13:55 PM,EVENT 52317 1597155309 0/0/0/0/0 INPUT 1 1 0 v:123
11/08/2020 4:13:55 PM,252 Event OK
11/08/2020 4:13:55 PM,EVENT 52318 1597155309 0/0/0/0/0 INPUT 2 0 0 v:123
11/08/2020 4:13:55 PM,252 Event OK
11/08/2020 4:13:55 PM,EVENT 52319 1597155309 0/0/0/0/0 INPUT 3 0 0 v:123
11/08/2020 4:13:55 PM,252 Event OK
11/08/2020 4:13:55 PM,EVENT 52320 1597155309 0/0/0/0/0 INPUT 4 0 0 v:123
11/08/2020 4:13:55 PM,252 Event OK
11/08/2020 4:13:56 PM,EVENT 52321 1597155309 0/0/0/0/0 INPUT 7 0 0 v:123
11/08/2020 4:13:56 PM,252 Event OK
11/08/2020 4:13:56 PM,EVENT 52322 1597155309 0/0/0/0/0 INPUT 8 1 0 v:123
11/08/2020 4:13:56 PM,252 Event OK
11/08/2020 4:13:56 PM,EVENT 52323 1597155311 0/0/0/0/0 ZONE_OK 2 100 FW=NO VERSION v:123
11/08/2020 4:13:56 PM,252 Event OK
11/08/2020 4:13:56 PM,EVENT 52324 1597155320 0/0/0/0/0 SIGNON 2529 03f3f8d1 OK 26 60397 0 v:123
11/08/2020 4:13:56 PM,252 Event OK
11/08/2020 4:13:57 PM,EVENT 52325 1597155326 0/0/0/99/0 INPUT 1 0 17 v:124
11/08/2020 4:13:57 PM,252 Event OK
11/08/2020 4:13:57 PM,EVENT 52326 1597155327 0/0/0/99/0 INPUT 4 1 0 v:124
11/08/2020 4:13:57 PM,252 Event OK
11/08/2020 4:13:57 PM,EVENT 52327 1597155333 0/0/0/0/1 INPUT 4 0 7 v:123
11/08/2020 4:13:57 PM,252 Event OK
11/08/2020 4:13:58 PM,EVENT 52328 1597155333 0/0/0/0/1 INPUT 4 1 0 v:123
11/08/2020 4:13:58 PM,252 Event OK
11/08/2020 4:13:58 PM,EVENT 52329 1597155350 0/0/0/0/4 INPUT 7 1 0 v:124
11/08/2020 4:13:58 PM,252 Event OK
11/08/2020 4:13:58 PM,EVENT 52330 1597155350 0/0/0/0/4 INPUT 8 0 40 v:124
11/08/2020 4:13:58 PM,252 Event OK
11/08/2020 4:13:58 PM,EVENT 52331 1597155351 0/0/0/0/3 INPUT 1 1 0 v:124
11/08/2020 4:13:58 PM,252 Event OK
11/08/2020 4:13:58 PM,EVENT 52332 1597155352 0/0/0/0/1 INPUT 4 0 19 v:124
11/08/2020 4:13:58 PM,252 Event OK
11/08/2020 4:13:59 PM,EVENT 52333 1597155354 0/0/0/0/0 TRIP 52324 0 26 9 7 35 v:124
11/08/2020 4:13:59 PM,252 Event OK
11/08/2020 4:13:59 PM,EVENT 52334 1597155372 0/0/0/0/0 REPORT * 0 0 v:124
11/08/2020 4:13:59 PM,252 Event OK
11/08/2020 4:13:59 PM,EVENT 52335 1597160059 0/0/0/0/0 SWSTART OpusFC 5.0.58.518 R v:123
11/08/2020 4:13:59 PM,252 Event OK
11/08/2020 4:14:00 PM,EVENT 52336 1597155354 0/0/0/0/0 POWERDOWN v:124
11/08/2020 4:14:00 PM,252 Event OK
11/08/2020 4:14:00 PM,EVENT 52337 1597160059 0/0/0/0/0 INPUT 1 1 0 v:123
11/08/2020 4:14:00 PM,252 Event OK
11/08/2020 4:14:00 PM,EVENT 52338 1597160059 0/0/0/0/0 INPUT 2 0 0 v:123
11/08/2020 4:14:00 PM,252 Event OK
11/08/2020 4:14:01 PM,EVENT 52339 1597160059 0/0/0/0/0 INPUT 3 0 0 v:123
11/08/2020 4:14:01 PM,252 Event OK
11/08/2020 4:14:01 PM,EVENT 52340 1597160059 0/0/0/0/0 INPUT 4 0 0 v:123
11/08/2020 4:14:01 PM,252 Event OK
11/08/2020 4:14:01 PM,EVENT 52341 1597160059 0/0/0/0/0 INPUT 7 0 0 v:123
11/08/2020 4:14:01 PM,252 Event OK
11/08/2020 4:14:01 PM,EVENT 52342 1597160059 0/0/0/0/0 INPUT 8 1 0 v:123
11/08/2020 4:14:01 PM,252 Event OK
11/08/2020 4:14:01 PM,EVENT 52343 1597160061 0/0/0/0/0 ZONE_OK 2 100 FW=NO VERSION v:123
11/08/2020 4:14:01 PM,252 Event OK
11/08/2020 4:14:02 PM,EVENT 52344 1597160068 0/0/0/0/0 SIGNON 2506 01eff8f3 OK 26 80386 0 v:123
11/08/2020 4:14:02 PM,252 Event OK
11/08/2020 4:14:02 PM,EVENT 52345 1597160074 0/0/0/99/0 INPUT 7 1 0 v:123
11/08/2020 4:14:02 PM,252 Event OK
11/08/2020 4:14:02 PM,EVENT 52346 1597160074 0/0/0/99/0 INPUT 7 0 0 v:123
11/08/2020 4:14:02 PM,252 Event OK
11/08/2020 4:14:02 PM,EVENT 52347 1597160075 0/0/0/99/0 INPUT 1 0 15 v:123
11/08/2020 4:14:02 PM,252 Event OK
11/08/2020 4:14:03 PM,EVENT 52348 1597160075 0/0/0/99/0 INPUT 4 1 0 v:123
11/08/2020 4:14:03 PM,252 Event OK
11/08/2020 4:14:03 PM,EVENT 52349 1597160084 0/0/0/0/0 INPUT 4 0 9 v:123
11/08/2020 4:14:03 PM,252 Event OK
11/08/2020 4:14:03 PM,EVENT 52350 1597160084 0/0/0/0/0 INPUT 4 1 0 v:123
11/08/2020 4:14:03 PM,252 Event OK
11/08/2020 4:14:03 PM,EVENT 52351 1597160090 0/0/0/0/0 INPUT 4 0 6 v:123
11/08/2020 4:14:03 PM,252 Event OK
11/08/2020 4:14:03 PM,EVENT 52352 1597160090 0/0/0/0/0 INPUT 4 1 0 v:123
11/08/2020 4:14:03 PM,252 Event OK
11/08/2020 4:14:04 PM,EVENT 52353 1597160101 0/0/0/0/0 INPUT 4 0 11 v:123
11/08/2020 4:14:04 PM,252 Event OK
11/08/2020 4:14:04 PM,EVENT 52354 1597160101 0/0/0/0/0 INPUT 4 1 0 v:123
11/08/2020 4:14:04 PM,252 Event OK
11/08/2020 4:14:04 PM,EVENT 52355 1597160106 0/0/0/0/3 INPUT 4 0 5 v:123
11/08/2020 4:14:04 PM,252 Event OK
11/08/2020 4:14:04 PM,EVENT 52356 1597160107 0/0/0/0/2 INPUT 4 1 0 v:123
11/08/2020 4:14:04 PM,252 Event OK
11/08/2020 4:14:05 PM,EVENT 52357 1597160118 0/0/0/0/3 INPUT 4 0 12 v:124
11/08/2020 4:14:05 PM,252 Event OK
11/08/2020 4:14:05 PM,EVENT 52358 1597160118 0/0/0/0/3 INPUT 4 1 0 v:124
11/08/2020 4:14:05 PM,252 Event OK
11/08/2020 4:14:05 PM,EVENT 52359 1597160121 0/0/0/0/2 INPUT 4 0 3 v:124
11/08/2020 4:14:05 PM,252 Event OK
11/08/2020 4:14:05 PM,EVENT 52360 1597160122 0/0/0/0/1 INPUT 4 1 0 v:124
11/08/2020 4:14:05 PM,252 Event OK
11/08/2020 4:14:06 PM,EVENT 52361 1597160127 0/0/0/0/2 INPUT 4 0 6 v:123
11/08/2020 4:14:06 PM,252 Event OK
11/08/2020 4:14:06 PM,EVENT 52362 1597160128 0/0/0/0/2 INPUT 4 1 0 v:123
11/08/2020 4:14:06 PM,252 Event OK
11/08/2020 4:14:06 PM,EVENT 52363 1597160131 0/0/0/0/3 INPUT 4 0 4 v:123
11/08/2020 4:14:06 PM,252 Event OK
11/08/2020 4:14:06 PM,EVENT 52364 1597160132 0/0/0/0/2 INPUT 4 1 0 v:123
11/08/2020 4:14:06 PM,252 Event OK
11/08/2020 4:14:06 PM,EVENT 52365 1597160146 0/0/0/0/0 INPUT 7 1 0 v:124
11/08/2020 4:14:06 PM,252 Event OK
11/08/2020 4:14:07 PM,EVENT 52366 1597160146 0/0/0/0/0 INPUT 8 0 87 v:124
11/08/2020 4:14:07 PM,252 Event OK
11/08/2020 4:14:07 PM,EVENT 52367 1597160147 0/0/0/0/0 INPUT 4 0 16 v:124
11/08/2020 4:14:07 PM,252 Event OK
11/08/2020 4:14:07 PM,EVENT 52368 1597160147 0/0/0/0/0 INPUT 1 1 0 v:123
11/08/2020 4:14:07 PM,252 Event OK
11/08/2020 4:14:07 PM,EVENT 52369 1597160151 0/0/0/0/0 TRIP 52344 0 72 11 7 83 v:124
11/08/2020 4:14:07 PM,252 Event OK
11/08/2020 4:14:07 PM,EVENT 52370 1597160170 0/0/0/0/0 INPUT 8 1 0 v:124
11/08/2020 4:14:07 PM,252 Event OK
11/08/2020 4:14:08 PM,EVENT 52371 1597160171 0/0/0/0/0 INPUT 7 0 24 v:124
11/08/2020 4:14:08 PM,252 Event OK
11/08/2020 4:14:08 PM,EVENT 52372 1597160179 0/0/0/0/0 SIGNON 2506 01eff8f3 OK 26 80386 0 v:124
11/08/2020 4:14:08 PM,252 Event OK
11/08/2020 4:14:08 PM,EVENT 52373 1597160184 0/0/0/0/0 INPUT 1 0 37 v:124
11/08/2020 4:14:08 PM,252 Event OK
11/08/2020 4:14:08 PM,EVENT 52374 1597160185 0/0/0/0/0 INPUT 4 1 0 v:124
11/08/2020 4:14:08 PM,252 Event OK
11/08/2020 4:14:09 PM,EVENT 52375 1597160193 0/0/0/0/7 INPUT 3 1 0 v:124
11/08/2020 4:14:09 PM,252 Event OK
11/08/2020 4:14:09 PM,EVENT 52376 1597160194 0/0/0/0/9 INPUT 3 0 1 v:124
11/08/2020 4:14:09 PM,252 Event OK
11/08/2020 4:14:09 PM,EVENT 52377 1597160206 0/0/0/0/0 INPUT 7 1 0 v:124
11/08/2020 4:14:09 PM,252 Event OK
11/08/2020 4:14:09 PM,EVENT 52378 1597160206 0/0/0/0/0 INPUT 8 0 36 v:124
11/08/2020 4:14:09 PM,252 Event OK
11/08/2020 4:14:09 PM,EVENT 52379 1597160207 0/0/0/0/0 INPUT 1 1 0 v:123
11/08/2020 4:14:09 PM,252 Event OK
11/08/2020 4:14:10 PM,EVENT 52380 1597160207 0/0/0/0/0 INPUT 3 1 0 v:123
11/08/2020 4:14:10 PM,252 Event OK
11/08/2020 4:14:10 PM,EVENT 52381 1597160209 0/0/0/0/24 INPUT 4 0 23 v:123
11/08/2020 4:14:10 PM,252 Event OK
11/08/2020 4:14:10 PM,EVENT 52382 1597160209 0/0/0/0/32 INPUT 3 0 2 v:124
11/08/2020 4:14:10 PM,252 Event OK
11/08/2020 4:14:10 PM,EVENT 52383 1597160210 0/0/0/0/13 TRIP 52372 3 21 8 7 32 v:124
11/08/2020 4:14:10 PM,252 Event OK
11/08/2020 4:14:10 PM,EVENT 52384 1597160244 0/0/0/0/13 REPORT * 0 0 v:124
11/08/2020 4:14:10 PM,252 Event OK
11/08/2020 4:14:11 PM,EVENT 52385 1597160352 0/0/0/0/13 INPUT 8 1 0 v:124
11/08/2020 4:14:11 PM,252 Event OK
11/08/2020 4:14:11 PM,EVENT 52386 1597160352 0/0/0/0/13 INPUT 7 0 147 v:124
11/08/2020 4:14:11 PM,252 Event OK
11/08/2020 4:14:11 PM,EVENT 52387 1597160361 0/0/0/0/13 SIGNON 2506 01eff8f3 OK 26 80386 0 v:124
11/08/2020 4:14:11 PM,252 Event OK
11/08/2020 4:14:11 PM,EVENT 52388 1597160367 0/0/0/0/0 INPUT 1 0 159 v:124
11/08/2020 4:14:11 PM,252 Event OK
11/08/2020 4:14:12 PM,EVENT 52389 1597160368 0/0/0/0/0 INPUT 4 1 0 v:124
11/08/2020 4:14:12 PM,252 Event OK
11/08/2020 4:14:12 PM,EVENT 52390 1597160371 0/0/0/0/0 INPUT 4 0 4 v:123
11/08/2020 4:14:12 PM,252 Event OK
11/08/2020 4:14:12 PM,EVENT 52391 1597160371 0/0/0/0/0 INPUT 4 1 0 v:123
11/08/2020 4:14:12 PM,252 Event OK
11/08/2020 4:14:12 PM,EVENT 52392 1597160394 0/0/0/0/5 INPUT 3 1 0 v:124
11/08/2020 4:14:12 PM,252 Event OK
11/08/2020 4:14:12 PM,EVENT 52393 1597160492 0/0/0/0/11 INPUT 3 0 98 v:124
11/08/2020 4:14:12 PM,252 Event OK
11/08/2020 4:14:13 PM,EVENT 52394 1597160497 0/0/0/0/7 INPUT 3 1 0 v:124
11/08/2020 4:14:13 PM,252 Event OK
11/08/2020 4:14:13 PM,EVENT 52395 1597160501 0/0/0/0/10 INPUT 3 0 3 v:124
11/08/2020 4:14:13 PM,252 Event OK
11/08/2020 4:14:13 PM,EVENT 52396 1597160523 0/0/0/0/3 INPUT 3 1 0 v:124
11/08/2020 4:14:13 PM,252 Event OK
11/08/2020 4:14:13 PM,EVENT 52397 1597160716 0/0/0/0/10 INPUT 3 0 193 v:124
11/08/2020 4:14:13 PM,252 Event OK
11/08/2020 4:14:14 PM,EVENT 52398 1597160762 0/0/0/0/0 INPUT 4 0 391 v:124
11/08/2020 4:14:14 PM,252 Event OK
11/08/2020 4:14:14 PM,EVENT 52399 1597160762 0/0/0/0/0 INPUT 4 1 0 v:124
11/08/2020 4:14:14 PM,252 Event OK
11/08/2020 4:14:14 PM,EVENT 52400 1597160771 0/0/0/0/0 INPUT 4 0 9 v:124
11/08/2020 4:14:14 PM,252 Event OK
11/08/2020 4:14:14 PM,EVENT 52401 1597160771 0/0/0/0/0 INPUT 4 1 0 v:124
11/08/2020 4:14:14 PM,252 Event OK
11/08/2020 4:14:15 PM,EVENT 52402 1597160782 0/0/0/0/2 INPUT 3 1 0 v:124
11/08/2020 4:14:15 PM,252 Event OK
11/08/2020 4:14:15 PM,EVENT 52403 1597160791 0/0/0/0/10 INPUT 3 0 9 v:124
11/08/2020 4:14:15 PM,252 Event OK
11/08/2020 4:14:15 PM,EVENT 52404 1597160795 0/0/0/0/1 INPUT 3 1 0 v:124
11/08/2020 4:14:15 PM,252 Event OK
11/08/2020 4:14:15 PM,EVENT 52405 1597160798 0/0/0/0/11 INPUT 3 0 4 v:124
11/08/2020 4:14:15 PM,252 Event OK
11/08/2020 4:14:16 PM,EVENT 52406 1597160799 0/0/0/0/3 INPUT 4 0 28 v:124
11/08/2020 4:14:16 PM,252 Event OK
11/08/2020 4:14:16 PM,EVENT 52407 1597160799 0/0/0/0/2 INPUT 4 1 0 v:124
11/08/2020 4:14:16 PM,252 Event OK
11/08/2020 4:14:16 PM,EVENT 52408 1597160809 0/0/0/0/1 INPUT 3 1 0 v:124
11/08/2020 4:14:16 PM,252 Event OK
11/08/2020 4:14:17 PM,EVENT 52409 1597160816 0/0/0/0/9 INPUT 3 0 7 v:124
11/08/2020 4:14:17 PM,252 Event OK
11/08/2020 4:14:17 PM,EVENT 52410 1597160843 0/0/0/0/0 INPUT 4 0 44 v:124
11/08/2020 4:14:17 PM,252 Event OK
11/08/2020 4:14:17 PM,EVENT 52411 1597160843 0/0/0/0/0 INPUT 4 1 0 v:124
11/08/2020 4:14:17 PM,252 Event OK
11/08/2020 4:14:18 PM,EVENT 52412 1597160847 0/0/0/0/0 INPUT 4 0 4 v:124
11/08/2020 4:14:18 PM,252 Event OK
11/08/2020 4:14:18 PM,EVENT 52413 1597160847 0/0/0/0/0 INPUT 4 1 0 v:124
11/08/2020 4:14:18 PM,252 Event OK
11/08/2020 4:14:18 PM,EVENT 52414 1597160894 0/0/0/0/3 INPUT 4 0 47 v:124
11/08/2020 4:14:18 PM,252 Event OK
11/08/2020 4:14:18 PM,EVENT 52415 1597160895 0/0/0/0/2 INPUT 4 1 0 v:124
11/08/2020 4:14:18 PM,252 Event OK
11/08/2020 4:14:19 PM,EVENT 52416 1597160912 0/0/0/0/0 INPUT 4 0 18 v:124
11/08/2020 4:14:19 PM,252 Event OK
11/08/2020 4:14:19 PM,EVENT 52417 1597160913 0/0/0/0/0 INPUT 4 1 0 v:124
11/08/2020 4:14:19 PM,252 Event OK
11/08/2020 4:14:19 PM,EVENT 52418 1597160945 0/0/0/0/4 INPUT 4 0 33 v:124
11/08/2020 4:14:19 PM,252 Event OK
11/08/2020 4:14:19 PM,EVENT 52419 1597160945 0/0/0/0/3 INPUT 4 1 0 v:124
11/08/2020 4:14:19 PM,252 Event OK
11/08/2020 4:14:20 PM,EVENT 52420 1597160954 0/0/0/0/3 INPUT 4 0 9 v:124
11/08/2020 4:14:20 PM,252 Event OK
11/08/2020 4:14:20 PM,EVENT 52421 1597160954 0/0/0/0/3 INPUT 4 1 0 v:124
11/08/2020 4:14:20 PM,252 Event OK
11/08/2020 4:14:20 PM,EVENT 52422 1597160982 0/0/0/0/2 INPUT 3 1 0 v:124
11/08/2020 4:14:20 PM,252 Event OK
11/08/2020 4:14:20 PM,EVENT 52423 1597161238 0/0/0/0/10 INPUT 3 0 255 v:124
11/08/2020 4:14:20 PM,252 Event OK
11/08/2020 4:14:21 PM,EVENT 52424 1597161287 0/0/0/0/2 INPUT 3 1 0 v:124
11/08/2020 4:14:21 PM,252 Event OK
11/08/2020 4:14:21 PM,EVENT 52425 1597161290 0/0/0/0/10 INPUT 3 0 4 v:124
11/08/2020 4:14:21 PM,252 Event OK
11/08/2020 4:14:21 PM,EVENT 52426 1597161322 0/0/0/0/0 INPUT 4 0 368 v:124
11/08/2020 4:14:21 PM,252 Event OK
11/08/2020 4:14:22 PM,EVENT 52427 1597161323 0/0/0/0/0 INPUT 4 1 0 v:124
11/08/2020 4:14:22 PM,252 Event OK
11/08/2020 4:14:22 PM,EVENT 52428 1597161329 0/0/0/0/4 INPUT 3 1 0 v:124
11/08/2020 4:14:22 PM,252 Event OK
11/08/2020 4:14:22 PM,EVENT 52429 1597161471 0/0/0/99/9 INPUT 3 0 143 v:124
11/08/2020 4:14:22 PM,252 Event OK
11/08/2020 4:14:23 PM,EVENT 52430 1597161485 0/0/0/0/4 INPUT 3 1 0 v:124
11/08/2020 4:14:23 PM,252 Event OK
11/08/2020 4:14:23 PM,EVENT 52431 1597161853 0/0/0/0/9 INPUT 3 0 367 v:124
11/08/2020 4:14:23 PM,252 Event OK
11/08/2020 4:14:23 PM,EVENT 52432 1597161854 0/0/0/0/8 INPUT 3 1 0 v:124
11/08/2020 4:14:23 PM,252 Event OK
11/08/2020 4:14:23 PM,EVENT 52433 1597161855 0/0/0/0/8 INPUT 3 0 1 v:124
11/08/2020 4:14:23 PM,252 Event OK
11/08/2020 4:14:23 PM,EVENT 52434 1597161868 0/0/0/0/8 INPUT 3 1 0 v:124
11/08/2020 4:14:23 PM,252 Event OK
11/08/2020 4:14:24 PM,EVENT 52435 1597161872 0/0/0/0/10 INPUT 3 0 4 v:124
11/08/2020 4:14:24 PM,252 Event OK
11/08/2020 4:14:24 PM,EVENT 52436 1597161873 0/0/0/0/6 INPUT 3 1 0 v:124
11/08/2020 4:14:24 PM,252 Event OK
11/08/2020 4:14:24 PM,EVENT 52437 1597161940 0/0/0/0/9 INPUT 3 0 68 v:124
11/08/2020 4:14:24 PM,252 Event OK
11/08/2020 4:14:24 PM,EVENT 52438 1597161957 0/0/0/0/5 INPUT 3 1 0 v:124
11/08/2020 4:14:24 PM,252 Event OK
11/08/2020 4:14:25 PM,EVENT 52439 1597161960 0/0/0/0/11 INPUT 3 0 2 v:124
11/08/2020 4:14:25 PM,252 Event OK
11/08/2020 4:14:25 PM,EVENT 52440 1597161963 0/0/0/0/0 INPUT 4 0 641 v:124
11/08/2020 4:14:25 PM,252 Event OK
11/08/2020 4:14:25 PM,EVENT 52441 1597161963 0/0/0/0/0 INPUT 4 1 0 v:124
11/08/2020 4:14:25 PM,252 Event OK
11/08/2020 4:14:25 PM,EVENT 52442 1597162009 0/0/0/0/3 INPUT 4 0 46 v:123
11/08/2020 4:14:25 PM,252 Event OK
11/08/2020 4:14:25 PM,EVENT 52443 1597162009 0/0/0/0/3 INPUT 4 1 0 v:124
11/08/2020 4:14:25 PM,252 Event OK
11/08/2020 4:14:26 PM,EVENT 52444 1597162015 0/0/0/0/2 INPUT 3 1 0 v:124
11/08/2020 4:14:26 PM,252 Event OK
11/08/2020 4:14:26 PM,EVENT 52445 1597162074 0/0/0/0/25 REPORT 52387 0 0 v:124
11/08/2020 4:14:26 PM,252 Event OK
11/08/2020 4:14:26 PM,EVENT 52446 1597162462 -310147290/1219233219/845/10/11 INPUT 3 0 446 v:124
11/08/2020 4:14:26 PM,252 Event OK
11/08/2020 4:14:26 PM,QUIT
11/08/2020 4:14:26 PM,221 Session ended - goodbye
11/08/2020 4:14:36 PM,UNIT 9279
11/08/2020 4:14:36 PM,333 CHAL 4D8C60CB
11/08/2020 4:14:36 PM,RESP 99CC8D7D
11/08/2020 4:14:36 PM,230 Auth OK
11/08/2020 4:14:37 PM,TIME
11/08/2020 4:14:37 PM,211 TIME 1597162477
11/08/2020 4:14:38 PM,EVCOUNT 5
11/08/2020 4:14:38 PM,252 Event OK
11/08/2020 4:14:38 PM,TODO
11/08/2020 4:14:38 PM,226 Nothing to do
11/08/2020 4:14:39 PM,EVENT 52447 1597162466 -310147304/1219233176/852/10/0 INPUT 7 1 0 v:124
11/08/2020 4:14:39 PM,252 Event OK
11/08/2020 4:14:40 PM,EVENT 52448 1597162466 -310147304/1219233176/852/10/0 INPUT 8 0 2114 v:124
11/08/2020 4:14:40 PM,252 Event OK
11/08/2020 4:14:41 PM,EVENT 52449 1597162467 -310147305/1219233178/853/10/0 INPUT 1 1 0 v:124
11/08/2020 4:14:41 PM,252 Event OK
11/08/2020 4:14:42 PM,EVENT 52450 1597162469 -310147314/1219233192/860/10/0 INPUT 4 0 460 v:124
11/08/2020 4:14:42 PM,252 Event OK
11/08/2020 4:14:43 PM,EVENT 52451 1597162470 -310147317/1219233199/859/10/0 TRIP 52387 1605 497 8 7 2110 v:124
11/08/2020 4:14:43 PM,252 Event OK
11/08/2020 4:14:44 PM,QUIT
11/08/2020 4:14:44 PM,221 Session ended - goodbye
11/08/2020 5:21:50 PM,UNIT 9279
11/08/2020 5:21:50 PM,333 CHAL 6FDE5B0B
11/08/2020 5:21:50 PM,RESP 3EC01751
11/08/2020 5:21:50 PM,230 Auth OK
11/08/2020 5:21:50 PM,TIME
11/08/2020 5:21:50 PM,211 TIME 1597166510
11/08/2020 5:21:51 PM,EVCOUNT 10
11/08/2020 5:21:51 PM,252 Event OK
11/08/2020 5:21:51 PM,TODO
11/08/2020 5:21:51 PM,226 Nothing to do
11/08/2020 5:21:51 PM,EVENT 52452 1597166485 0/0/0/0/0 SWSTART OpusFC 5.0.58.518 R v:123
11/08/2020 5:21:51 PM,252 Event OK
11/08/2020 5:21:52 PM,EVENT 52453 1597162470 0/0/0/0/0 POWERDOWN v:124
11/08/2020 5:21:52 PM,252 Event OK
11/08/2020 5:21:52 PM,EVENT 52454 1597166485 0/0/0/0/0 INPUT 1 1 0 v:123
11/08/2020 5:21:52 PM,252 Event OK
11/08/2020 5:21:52 PM,EVENT 52455 1597166485 0/0/0/0/0 INPUT 2 0 0 v:123
11/08/2020 5:21:52 PM,252 Event OK
11/08/2020 5:21:52 PM,EVENT 52456 1597166485 0/0/0/0/0 INPUT 3 0 0 v:123
11/08/2020 5:21:52 PM,252 Event OK
11/08/2020 5:21:53 PM,EVENT 52457 1597166485 0/0/0/0/0 INPUT 4 0 0 v:123
11/08/2020 5:21:53 PM,252 Event OK
11/08/2020 5:21:53 PM,EVENT 52458 1597166485 0/0/0/0/0 INPUT 7 0 0 v:123
11/08/2020 5:21:53 PM,252 Event OK
11/08/2020 5:21:53 PM,EVENT 52459 1597166485 0/0/0/0/0 INPUT 8 1 0 v:123
11/08/2020 5:21:53 PM,252 Event OK
11/08/2020 5:21:53 PM,EVENT 52460 1597166487 0/0/0/0/0 ZONE_OK 2 100 FW=NO VERSION v:123
11/08/2020 5:21:53 PM,252 Event OK
11/08/2020 5:21:53 PM,EVENT 52461 1597166496 0/0/0/0/0 SIGNON 2519 01f5dcd9 OK 26 51193 0 v:123
11/08/2020 5:21:53 PM,252 Event OK
11/08/2020 5:21:54 PM,QUIT
11/08/2020 5:21:54 PM,221 Session ended - goodbye
11/08/2020 5:24:37 PM,UNIT 9279
11/08/2020 5:24:37 PM,333 CHAL 39DF6AA9
11/08/2020 5:24:38 PM,RESP 43EFD011
11/08/2020 5:24:38 PM,230 Auth OK
11/08/2020 5:24:39 PM,TIME
11/08/2020 5:24:39 PM,211 TIME 1597166679
11/08/2020 5:24:40 PM,EVCOUNT 2
11/08/2020 5:24:40 PM,252 Event OK
11/08/2020 5:24:41 PM,TODO
11/08/2020 5:24:41 PM,226 Nothing to do
11/08/2020 5:24:42 PM,EVENT 52462 1597166672 -310147458/1219233252/883/18/0 INPUT 4 1 0 v:124
11/08/2020 5:24:42 PM,252 Event OK
11/08/2020 5:24:43 PM,EVENT 52463 1597166673 -310147454/1219233251/883/18/0 INPUT 1 0 187 v:123
11/08/2020 5:24:43 PM,252 Event OK
11/08/2020 5:24:44 PM,QUIT
11/08/2020 5:24:44 PM,221 Session ended - goodbye
11/08/2020 5:25:11 PM,UNIT 9279
11/08/2020 5:25:11 PM,333 CHAL 3BC031F9
11/08/2020 5:25:12 PM,RESP F2601E73
11/08/2020 5:25:12 PM,230 Auth OK
11/08/2020 5:25:13 PM,TIME
11/08/2020 5:25:13 PM,211 TIME 1597166713
11/08/2020 5:25:14 PM,EVCOUNT 2
11/08/2020 5:25:14 PM,252 Event OK
11/08/2020 5:25:15 PM,TODO
11/08/2020 5:25:15 PM,226 Nothing to do
11/08/2020 5:25:16 PM,EVENT 52464 1597166706 -310147419/1219233087/910/18/0 INPUT 4 0 35 v:123
11/08/2020 5:25:16 PM,252 Event OK
11/08/2020 5:25:18 PM,EVENT 52465 1597166706 -310147419/1219233087/910/18/0 INPUT 4 1 0 v:123
11/08/2020 5:25:18 PM,252 Event OK
11/08/2020 5:25:18 PM,QUIT
11/08/2020 5:25:18 PM,221 Session ended - goodbye
11/08/2020 5:26:50 PM,UNIT 9279
11/08/2020 5:26:50 PM,333 CHAL 6250D92E
11/08/2020 5:26:51 PM,RESP 5347F92C
11/08/2020 5:26:51 PM,230 Auth OK
11/08/2020 5:26:52 PM,TIME
11/08/2020 5:26:52 PM,211 TIME 1597166812
11/08/2020 5:26:53 PM,EVCOUNT 2
11/08/2020 5:26:53 PM,252 Event OK
11/08/2020 5:26:53 PM,TODO
11/08/2020 5:26:53 PM,226 Nothing to do
11/08/2020 5:26:55 PM,EVENT 52466 1597166805 -310147360/1219232918/878/18/0 INPUT 4 0 99 v:124
11/08/2020 5:26:55 PM,252 Event OK
11/08/2020 5:26:56 PM,EVENT 52467 1597166805 -310147360/1219232918/878/18/0 INPUT 4 1 0 v:124
11/08/2020 5:26:56 PM,252 Event OK
11/08/2020 5:26:57 PM,QUIT
11/08/2020 5:26:57 PM,221 Session ended - goodbye
11/08/2020 5:27:51 PM,UNIT 9279
11/08/2020 5:27:51 PM,333 CHAL 5720F5F0
11/08/2020 5:27:52 PM,RESP 9FC6A54F
11/08/2020 5:27:52 PM,230 Auth OK
11/08/2020 5:27:53 PM,TIME
11/08/2020 5:27:53 PM,211 TIME 1597166873
11/08/2020 5:27:53 PM,EVCOUNT 2
11/08/2020 5:27:53 PM,252 Event OK
11/08/2020 5:27:54 PM,TODO
11/08/2020 5:27:54 PM,226 Nothing to do
11/08/2020 5:27:55 PM,EVENT 52468 1597166866 -310147419/1219233060/873/18/0 INPUT 4 0 61 v:124
11/08/2020 5:27:55 PM,252 Event OK
11/08/2020 5:27:57 PM,EVENT 52469 1597166867 -310147413/1219233089/876/18/0 INPUT 4 1 0 v:123
11/08/2020 5:27:57 PM,252 Event OK
11/08/2020 5:27:58 PM,EVENT 52470 1597166873 -310147358/1219233429/913/18/1 INPUT 4 0 7 v:123
11/08/2020 5:27:58 PM,252 Event OK
11/08/2020 5:27:59 PM,EVENT 52471 1597166873 -310147354/1219233465/916/18/1 INPUT 4 1 0 v:123
11/08/2020 5:27:59 PM,252 Event OK
11/08/2020 5:27:59 PM,QUIT
11/08/2020 5:27:59 PM,221 Session ended - goodbye
11/08/2020 5:28:11 PM,UNIT 9279
11/08/2020 5:28:11 PM,333 CHAL 6111F929
11/08/2020 5:28:11 PM,RESP 26947FF8
11/08/2020 5:28:11 PM,230 Auth OK
11/08/2020 5:28:12 PM,TIME
11/08/2020 5:28:12 PM,211 TIME 1597166892
11/08/2020 5:28:12 PM,EVCOUNT 6
11/08/2020 5:28:12 PM,252 Event OK
11/08/2020 5:28:13 PM,TODO
11/08/2020 5:28:13 PM,226 Nothing to do
11/08/2020 5:28:14 PM,EVENT 52472 1597166877 -310147310/1219233649/960/18/0 INPUT 4 0 4 v:123
11/08/2020 5:28:14 PM,252 Event OK
11/08/2020 5:28:15 PM,EVENT 52473 1597166878 -310147304/1219233667/967/18/0 INPUT 4 1 0 v:123
11/08/2020 5:28:15 PM,252 Event OK
11/08/2020 5:28:16 PM,EVENT 52474 1597166882 -310147271/1219233790/962/17/0 INPUT 4 0 5 v:123
11/08/2020 5:28:16 PM,252 Event OK
11/08/2020 5:28:16 PM,EVENT 52475 1597166882 -310147266/1219233807/959/17/0 INPUT 4 1 0 v:123
11/08/2020 5:28:16 PM,252 Event OK
11/08/2020 5:28:17 PM,EVENT 52476 1597166885 -310147234/1219233953/952/17/0 INPUT 4 0 3 v:123
11/08/2020 5:28:17 PM,252 Event OK
11/08/2020 5:28:18 PM,EVENT 52477 1597166885 -310147224/1219233989/954/17/0 INPUT 4 1 0 v:123
11/08/2020 5:28:18 PM,252 Event OK
11/08/2020 5:28:19 PM,EVENT 52478 1597166894 -310146520/1219234882/941/17/8 INPUT 3 1 0 v:123
11/08/2020 5:28:19 PM,252 Event OK
11/08/2020 5:28:19 PM,EVENT 52479 1597166897 -310145988/1219234840/945/17/9 INPUT 3 0 3 v:123
11/08/2020 5:28:19 PM,252 Event OK
11/08/2020 5:28:20 PM,QUIT
11/08/2020 5:28:20 PM,221 Session ended - goodbye
11/08/2020 5:28:30 PM,UNIT 9279
11/08/2020 5:28:30 PM,333 CHAL 31EC1F60
11/08/2020 5:28:31 PM,RESP D5729F33
11/08/2020 5:28:31 PM,230 Auth OK
11/08/2020 5:28:31 PM,TIME
11/08/2020 5:28:31 PM,211 TIME 1597166911
11/08/2020 5:28:32 PM,EVCOUNT 1
11/08/2020 5:28:32 PM,252 Event OK
11/08/2020 5:28:32 PM,TODO
11/08/2020 5:28:32 PM,226 Nothing to do
11/08/2020 5:28:33 PM,EVENT 52480 1597166901 -310145850/1219234692/947/17/2 INPUT 3 1 0 v:123
11/08/2020 5:28:33 PM,252 Event OK
11/08/2020 5:28:34 PM,QUIT
11/08/2020 5:28:34 PM,221 Session ended - goodbye
11/08/2020 5:29:44 PM,UNIT 9279
11/08/2020 5:29:44 PM,333 CHAL 2EB5AD8E
11/08/2020 5:29:44 PM,RESP B1014FC1
11/08/2020 5:29:44 PM,230 Auth OK
11/08/2020 5:29:45 PM,TIME
11/08/2020 5:29:45 PM,211 TIME 1597166985
11/08/2020 5:29:45 PM,EVCOUNT 1
11/08/2020 5:29:45 PM,252 Event OK
11/08/2020 5:29:46 PM,TODO
11/08/2020 5:29:46 PM,226 Nothing to do
11/08/2020 5:29:46 PM,EVENT 52481 1597166980 -310119264/1219231545/897/8/12 INPUT 3 0 79 v:124
11/08/2020 5:29:46 PM,252 Event OK
11/08/2020 5:29:47 PM,QUIT
11/08/2020 5:29:47 PM,221 Session ended - goodbye
11/08/2020 5:29:57 PM,UNIT 9279
11/08/2020 5:29:57 PM,333 CHAL 14C64D27
11/08/2020 5:29:57 PM,RESP 3B58EC3D
11/08/2020 5:29:57 PM,230 Auth OK
11/08/2020 5:29:58 PM,TIME
11/08/2020 5:29:58 PM,211 TIME 1597166998
11/08/2020 5:29:59 PM,EVCOUNT 1
11/08/2020 5:29:59 PM,252 Event OK
11/08/2020 5:30:00 PM,TODO
11/08/2020 5:30:00 PM,226 Nothing to do
11/08/2020 8:51:12 PM,UNIT 9279
11/08/2020 8:51:12 PM,333 CHAL 43948F4C
11/08/2020 8:51:12 PM,RESP BEB72A3A
11/08/2020 8:51:12 PM,230 Auth OK
11/08/2020 8:51:13 PM,TIME
11/08/2020 8:51:13 PM,211 TIME 1597179073
11/08/2020 8:51:13 PM,EVCOUNT 122
11/08/2020 8:51:13 PM,252 Event OK
11/08/2020 8:51:13 PM,TODO
11/08/2020 8:51:13 PM,226 Nothing to do
11/08/2020 8:51:13 PM,EVENT 52482 1597166989 -310119439/1219231279/971/8/0 INPUT 3 1 0 v:123
11/08/2020 8:51:13 PM,252 Event OK
11/08/2020 8:51:14 PM,EVENT 52483 1597167004 -310122532/1219224646/979/8/15 INPUT 3 0 15 v:123
11/08/2020 8:51:14 PM,252 Event OK
11/08/2020 8:51:14 PM,EVENT 52484 1597167009 -310122976/1219223789/941/2/6 INPUT 3 1 0 v:123
11/08/2020 8:51:14 PM,252 Event OK
11/08/2020 8:51:14 PM,EVENT 52485 1597167972 0/0/0/0/13 INPUT 3 0 964 v:124
11/08/2020 8:51:14 PM,252 Event OK
11/08/2020 8:51:14 PM,EVENT 52486 1597168031 0/0/0/0/6 INPUT 3 1 0 v:124
11/08/2020 8:51:14 PM,252 Event OK
11/08/2020 8:51:14 PM,EVENT 52487 1597168197 0/0/0/0/12 INPUT 3 0 166 v:124
11/08/2020 8:51:14 PM,252 Event OK
11/08/2020 8:51:15 PM,EVENT 52488 1597168225 0/0/0/0/0 INPUT 4 0 1340 v:124
11/08/2020 8:51:15 PM,252 Event OK
11/08/2020 8:51:15 PM,EVENT 52489 1597168225 0/0/0/0/0 INPUT 4 1 0 v:124
11/08/2020 8:51:15 PM,252 Event OK
11/08/2020 8:51:15 PM,EVENT 52490 1597168232 0/0/0/0/2 INPUT 3 1 0 v:124
11/08/2020 8:51:15 PM,252 Event OK
11/08/2020 8:51:15 PM,EVENT 52491 1597168317 0/0/0/0/17 REPORT 52461 0 0 v:124
11/08/2020 8:51:15 PM,252 Event OK
11/08/2020 8:51:15 PM,EVENT 52492 1597168389 0/0/0/0/11 INPUT 3 0 157 v:124
11/08/2020 8:51:15 PM,252 Event OK
11/08/2020 8:51:16 PM,EVENT 52493 1597168393 0/0/0/0/0 INPUT 7 1 0 v:124
11/08/2020 8:51:16 PM,252 Event OK
11/08/2020 8:51:16 PM,EVENT 52494 1597168393 0/0/0/0/0 INPUT 8 0 1908 v:124
11/08/2020 8:51:16 PM,252 Event OK
11/08/2020 8:51:16 PM,EVENT 52495 1597168394 0/0/0/0/0 INPUT 1 1 0 v:124
11/08/2020 8:51:16 PM,252 Event OK
11/08/2020 8:51:16 PM,EVENT 52496 1597168395 0/0/0/0/0 INPUT 4 0 170 v:124
11/08/2020 8:51:16 PM,252 Event OK
11/08/2020 8:51:16 PM,EVENT 52497 1597168398 0/0/0/0/0 TRIP 52461 1382 342 178 175 1902 v:124
11/08/2020 8:51:16 PM,252 Event OK
11/08/2020 8:51:17 PM,EVENT 52498 1597168454 0/0/0/99/0 INPUT 8 1 0 v:123
11/08/2020 8:51:17 PM,252 Event OK
11/08/2020 8:51:17 PM,EVENT 52499 1597168454 0/0/0/99/0 INPUT 7 0 61 v:124
11/08/2020 8:51:17 PM,252 Event OK
11/08/2020 8:51:17 PM,EVENT 52500 1597168462 0/0/0/99/0 SIGNON 2519 01f5dcd9 OK 26 51193 0 v:124
11/08/2020 8:51:17 PM,252 Event OK
11/08/2020 8:51:18 PM,EVENT 52501 1597168468 0/0/0/99/0 INPUT 1 0 75 v:124
11/08/2020 8:51:18 PM,252 Event OK
11/08/2020 8:51:18 PM,EVENT 52502 1597168468 0/0/0/99/0 INPUT 4 1 0 v:124
11/08/2020 8:51:18 PM,252 Event OK
11/08/2020 8:51:18 PM,EVENT 52503 1597168478 0/0/0/0/3 INPUT 3 1 0 v:124
11/08/2020 8:51:18 PM,252 Event OK
11/08/2020 8:51:18 PM,EVENT 52504 1597168530 0/0/0/0/10 INPUT 3 0 52 v:124
11/08/2020 8:51:18 PM,252 Event OK
11/08/2020 8:51:18 PM,EVENT 52505 1597168532 0/0/0/0/5 INPUT 7 1 0 v:124
11/08/2020 8:51:18 PM,252 Event OK
11/08/2020 8:51:19 PM,EVENT 52506 1597168532 0/0/0/0/5 INPUT 8 0 78 v:124
11/08/2020 8:51:19 PM,252 Event OK
11/08/2020 8:51:19 PM,EVENT 52507 1597168533 0/0/0/0/2 INPUT 1 1 0 v:124
11/08/2020 8:51:19 PM,252 Event OK
11/08/2020 8:51:19 PM,EVENT 52508 1597168533 0/0/0/0/2 INPUT 4 0 65 v:123
11/08/2020 8:51:19 PM,252 Event OK
11/08/2020 8:51:19 PM,EVENT 52509 1597168536 0/0/0/0/0 TRIP 52500 52 13 9 6 74 v:124
11/08/2020 8:51:19 PM,252 Event OK
11/08/2020 8:51:20 PM,EVENT 52510 1597168659 0/0/0/0/0 INPUT 8 1 0 v:124
11/08/2020 8:51:20 PM,252 Event OK
11/08/2020 8:51:20 PM,EVENT 52511 1597168659 0/0/0/0/0 INPUT 7 0 127 v:124
11/08/2020 8:51:20 PM,252 Event OK
11/08/2020 8:51:20 PM,EVENT 52512 1597168664 0/0/0/0/0 SIGNON * 0 NOCARD 26 0 005119 v:124
11/08/2020 8:51:20 PM,252 Event OK
11/08/2020 8:51:21 PM,EVENT 52513 1597168669 0/0/0/0/0 SIGNON * 0 NOCARD 26 0 051119 v:124
11/08/2020 8:51:21 PM,252 Event OK
11/08/2020 8:51:21 PM,EVENT 52514 1597168680 0/0/0/0/0 SIGNON 2519 01f5dcd9 OK 26 51193 0 v:124
11/08/2020 8:51:21 PM,252 Event OK
11/08/2020 8:51:21 PM,EVENT 52515 1597168686 0/0/0/0/0 INPUT 1 0 153 v:124
11/08/2020 8:51:21 PM,252 Event OK
11/08/2020 8:51:22 PM,EVENT 52516 1597168687 0/0/0/0/0 INPUT 4 1 0 v:124
11/08/2020 8:51:22 PM,252 Event OK
11/08/2020 8:51:23 PM,EVENT 52517 1597168690 0/0/0/0/0 INPUT 4 0 4 v:124
11/08/2020 8:51:23 PM,252 Event OK
11/08/2020 8:51:24 PM,EVENT 52518 1597168690 0/0/0/0/0 INPUT 4 1 0 v:124
11/08/2020 8:51:24 PM,252 Event OK
11/08/2020 8:51:24 PM,EVENT 52519 1597168696 0/0/0/0/0 INPUT 4 0 6 v:124
11/08/2020 8:51:24 PM,252 Event OK
11/08/2020 8:51:25 PM,EVENT 52520 1597168697 0/0/0/0/0 INPUT 4 1 0 v:124
11/08/2020 8:51:25 PM,252 Event OK
11/08/2020 8:51:26 PM,EVENT 52521 1597168711 0/0/0/0/0 INPUT 3 1 0 v:124
11/08/2020 8:51:26 PM,252 Event OK
11/08/2020 8:51:26 PM,EVENT 52522 1597168767 0/0/0/0/10 INPUT 3 0 56 v:124
11/08/2020 8:51:26 PM,252 Event OK
11/08/2020 8:51:26 PM,EVENT 52523 1597168768 0/0/0/0/7 INPUT 4 0 72 v:124
11/08/2020 8:51:26 PM,252 Event OK
11/08/2020 8:51:27 PM,EVENT 52524 1597168769 0/0/0/0/4 INPUT 4 1 0 v:124
11/08/2020 8:51:27 PM,252 Event OK
11/08/2020 8:51:27 PM,EVENT 52525 1597168770 0/0/0/0/1 INPUT 7 1 0 v:124
11/08/2020 8:51:27 PM,252 Event OK
11/08/2020 8:51:28 PM,EVENT 52526 1597168770 0/0/0/0/1 INPUT 8 0 111 v:124
11/08/2020 8:51:28 PM,252 Event OK
11/08/2020 8:51:28 PM,EVENT 52527 1597168770 0/0/0/0/0 INPUT 1 1 0 v:124
11/08/2020 8:51:28 PM,252 Event OK
11/08/2020 8:51:28 PM,EVENT 52528 1597168772 0/0/0/0/0 INPUT 4 0 4 v:123
11/08/2020 8:51:28 PM,252 Event OK
11/08/2020 8:51:29 PM,EVENT 52529 1597168774 0/0/0/0/0 TRIP 52514 55 31 9 7 95 v:123
11/08/2020 8:51:29 PM,252 Event OK
11/08/2020 8:51:29 PM,EVENT 52530 1597168791 0/0/0/0/0 INPUT 8 1 0 v:124
11/08/2020 8:51:29 PM,252 Event OK
11/08/2020 8:51:29 PM,EVENT 52531 1597168791 0/0/0/0/0 INPUT 7 0 21 v:124
11/08/2020 8:51:29 PM,252 Event OK
11/08/2020 8:51:29 PM,EVENT 52532 1597168800 0/0/0/99/0 SIGNON 2519 01f5dcd9 OK 26 51193 0 v:124
11/08/2020 8:51:29 PM,252 Event OK
11/08/2020 8:51:30 PM,EVENT 52533 1597168806 0/0/0/99/0 INPUT 1 0 35 v:124
11/08/2020 8:51:30 PM,252 Event OK
11/08/2020 8:51:30 PM,EVENT 52534 1597168807 0/0/0/99/0 INPUT 4 1 0 v:124
11/08/2020 8:51:30 PM,252 Event OK
11/08/2020 8:51:30 PM,EVENT 52535 1597168811 0/0/0/99/3 INPUT 3 1 0 v:124
11/08/2020 8:51:30 PM,252 Event OK
11/08/2020 8:51:31 PM,EVENT 52536 1597168832 0/0/0/0/12 INPUT 3 0 20 v:124
11/08/2020 8:51:31 PM,252 Event OK
11/08/2020 8:51:31 PM,EVENT 52537 1597168832 0/0/0/0/10 INPUT 7 1 0 v:124
11/08/2020 8:51:31 PM,252 Event OK
11/08/2020 8:51:31 PM,EVENT 52538 1597168832 0/0/0/0/10 INPUT 8 0 42 v:124
11/08/2020 8:51:31 PM,252 Event OK
11/08/2020 8:51:31 PM,EVENT 52539 1597168833 0/0/0/0/5 INPUT 1 1 0 v:124
11/08/2020 8:51:31 PM,252 Event OK
11/08/2020 8:51:32 PM,EVENT 52540 1597168837 0/0/0/0/0 TRIP 52532 20 11 7 7 38 v:124
11/08/2020 8:51:32 PM,252 Event OK
11/08/2020 8:51:32 PM,EVENT 52541 1597168838 0/0/0/0/0 INPUT 4 0 31 v:124
11/08/2020 8:51:32 PM,252 Event OK
11/08/2020 8:51:33 PM,EVENT 52542 1597172888 0/0/0/0/0 SWSTART OpusFC 5.0.58.518 R v:123
11/08/2020 8:51:33 PM,252 Event OK
11/08/2020 8:51:33 PM,EVENT 52543 1597168837 0/0/0/0/0 POWERDOWN v:124
11/08/2020 8:51:33 PM,252 Event OK
11/08/2020 8:51:33 PM,EVENT 52544 1597172888 0/0/0/0/0 INPUT 1 1 0 v:123
11/08/2020 8:51:33 PM,252 Event OK
11/08/2020 8:51:34 PM,EVENT 52545 1597172888 0/0/0/0/0 INPUT 2 0 0 v:123
11/08/2020 8:51:34 PM,252 Event OK
11/08/2020 8:51:34 PM,EVENT 52546 1597172888 0/0/0/0/0 INPUT 3 0 0 v:123
11/08/2020 8:51:34 PM,252 Event OK
11/08/2020 8:51:34 PM,EVENT 52547 1597172888 0/0/0/0/0 INPUT 4 0 0 v:123
11/08/2020 8:51:34 PM,252 Event OK
11/08/2020 8:51:34 PM,EVENT 52548 1597172888 0/0/0/0/0 INPUT 7 0 0 v:123
11/08/2020 8:51:34 PM,252 Event OK
11/08/2020 8:51:35 PM,EVENT 52549 1597172888 0/0/0/0/0 INPUT 8 1 0 v:123
11/08/2020 8:51:35 PM,252 Event OK
11/08/2020 8:51:35 PM,EVENT 52550 1597172890 0/0/0/0/0 ZONE_OK 2 100 FW=NO VERSION v:123
11/08/2020 8:51:35 PM,252 Event OK
11/08/2020 8:51:35 PM,EVENT 52551 1597172898 0/0/0/0/0 SIGNON 2524 01b3eed9 OK 26 260893 0 v:123
11/08/2020 8:51:35 PM,252 Event OK
11/08/2020 8:51:38 PM,EVENT 52552 1597172902 0/0/0/0/0 TRIP 52551 0 0 4 4 4 v:123
11/08/2020 8:51:38 PM,252 Event OK
11/08/2020 8:51:39 PM,EVENT 52553 1597172902 0/0/0/99/0 INPUT 7 1 0 v:123
11/08/2020 8:51:39 PM,252 Event OK
11/08/2020 8:51:39 PM,EVENT 52554 1597172902 0/0/0/99/0 INPUT 8 0 14 v:123
11/08/2020 8:51:39 PM,252 Event OK
11/08/2020 8:51:39 PM,EVENT 52555 1597172951 0/0/0/0/0 REPORT * 0 0 v:123
11/08/2020 8:51:39 PM,252 Event OK
11/08/2020 8:51:40 PM,EVENT 52556 1597177285 0/0/0/0/0 SWSTART OpusFC 5.0.58.518 R v:124
11/08/2020 8:51:40 PM,252 Event OK
11/08/2020 8:51:40 PM,EVENT 52557 1597172902 0/0/0/0/0 POWERDOWN v:123
11/08/2020 8:51:40 PM,252 Event OK
11/08/2020 8:51:40 PM,EVENT 52558 1597177285 0/0/0/0/0 INPUT 1 1 0 v:123
11/08/2020 8:51:40 PM,252 Event OK
11/08/2020 8:51:41 PM,EVENT 52559 1597177285 0/0/0/0/0 INPUT 2 0 0 v:123
11/08/2020 8:51:41 PM,252 Event OK
11/08/2020 8:51:41 PM,EVENT 52560 1597177285 0/0/0/0/0 INPUT 3 0 0 v:123
11/08/2020 8:51:41 PM,252 Event OK
11/08/2020 8:51:42 PM,EVENT 52561 1597177285 0/0/0/0/0 INPUT 4 0 0 v:123
11/08/2020 8:51:42 PM,252 Event OK
11/08/2020 8:51:42 PM,EVENT 52562 1597177285 0/0/0/0/0 INPUT 7 0 0 v:123
11/08/2020 8:51:42 PM,252 Event OK
11/08/2020 8:51:42 PM,EVENT 52563 1597177285 0/0/0/0/0 INPUT 8 1 0 v:123
11/08/2020 8:51:42 PM,252 Event OK
11/08/2020 8:51:42 PM,EVENT 52564 1597177287 0/0/0/0/0 ZONE_OK 2 100 FW=NO VERSION v:123
11/08/2020 8:51:42 PM,252 Event OK
11/08/2020 8:51:42 PM,EVENT 52565 1597177295 0/0/0/0/0 SIGNON 2524 01b3eed9 OK 26 260893 0 v:123
11/08/2020 8:51:42 PM,252 Event OK
11/08/2020 8:51:43 PM,EVENT 52566 1597177301 0/0/0/99/0 INPUT 4 1 0 v:123
11/08/2020 8:51:43 PM,252 Event OK
11/08/2020 8:51:43 PM,EVENT 52567 1597177302 0/0/0/99/0 INPUT 1 0 16 v:123
11/08/2020 8:51:43 PM,252 Event OK
11/08/2020 8:51:43 PM,EVENT 52568 1597177334 0/0/0/0/0 INPUT 4 0 33 v:123
11/08/2020 8:51:43 PM,252 Event OK
11/08/2020 8:51:44 PM,EVENT 52569 1597177334 0/0/0/0/0 INPUT 4 1 0 v:123
11/08/2020 8:51:44 PM,252 Event OK
11/08/2020 8:51:44 PM,EVENT 52570 1597177445 0/0/0/0/0 INPUT 4 0 111 v:123
11/08/2020 8:51:44 PM,252 Event OK
11/08/2020 8:51:44 PM,EVENT 52571 1597177445 0/0/0/0/0 INPUT 4 1 0 v:123
11/08/2020 8:51:44 PM,252 Event OK
11/08/2020 8:51:44 PM,EVENT 52572 1597177451 0/0/0/0/0 INPUT 4 0 6 v:123
11/08/2020 8:51:44 PM,252 Event OK
11/08/2020 8:51:44 PM,EVENT 52573 1597177451 0/0/0/0/0 INPUT 4 1 0 v:123
11/08/2020 8:51:44 PM,252 Event OK
11/08/2020 8:51:45 PM,EVENT 52574 1597177458 0/0/0/0/0 INPUT 4 0 7 v:123
11/08/2020 8:51:45 PM,252 Event OK
11/08/2020 8:51:45 PM,EVENT 52575 1597177458 0/0/0/0/0 INPUT 4 1 0 v:123
11/08/2020 8:51:45 PM,252 Event OK
11/08/2020 8:51:45 PM,EVENT 52576 1597177465 0/0/0/0/3 INPUT 4 0 7 v:123
11/08/2020 8:51:45 PM,252 Event OK
11/08/2020 8:51:46 PM,EVENT 52577 1597177465 0/0/0/0/3 INPUT 4 1 0 v:123
11/08/2020 8:51:46 PM,252 Event OK
11/08/2020 8:51:46 PM,EVENT 52578 1597177468 0/0/0/0/2 INPUT 3 1 0 v:124
11/08/2020 8:51:46 PM,252 Event OK
11/08/2020 8:51:46 PM,EVENT 52579 1597177469 0/0/0/0/9 INPUT 3 0 2 v:124
11/08/2020 8:51:46 PM,252 Event OK
11/08/2020 8:51:47 PM,EVENT 52580 1597177484 0/0/0/0/5 INPUT 4 0 19 v:124
11/08/2020 8:51:47 PM,252 Event OK
11/08/2020 8:51:47 PM,EVENT 52581 1597177484 0/0/0/0/4 INPUT 4 1 0 v:124
11/08/2020 8:51:47 PM,252 Event OK
11/08/2020 8:51:47 PM,EVENT 52582 1597177488 0/0/0/0/8 INPUT 3 1 0 v:124
11/08/2020 8:51:47 PM,252 Event OK
11/08/2020 8:51:47 PM,EVENT 52583 1597177564 0/0/0/0/13 INPUT 3 0 76 v:124
11/08/2020 8:51:47 PM,252 Event OK
11/08/2020 8:51:48 PM,EVENT 52584 1597177583 0/0/0/0/6 INPUT 3 1 0 v:124
11/08/2020 8:51:48 PM,252 Event OK
11/08/2020 8:51:48 PM,EVENT 52585 1597177836 0/0/0/0/9 INPUT 3 0 254 v:124
11/08/2020 8:51:48 PM,252 Event OK
11/08/2020 8:51:48 PM,EVENT 52586 1597177847 0/0/0/0/0 INPUT 4 0 363 v:124
11/08/2020 8:51:48 PM,252 Event OK
11/08/2020 8:51:48 PM,EVENT 52587 1597177847 0/0/0/0/0 INPUT 4 1 0 v:124
11/08/2020 8:51:48 PM,252 Event OK
11/08/2020 8:51:48 PM,EVENT 52588 1597177862 0/0/0/0/2 INPUT 3 1 0 v:124
11/08/2020 8:51:48 PM,252 Event OK
11/08/2020 8:51:49 PM,EVENT 52589 1597178466 0/0/0/0/12 INPUT 3 0 603 v:124
11/08/2020 8:51:49 PM,252 Event OK
11/08/2020 8:51:49 PM,EVENT 52590 1597178468 0/0/0/0/2 INPUT 4 0 621 v:124
11/08/2020 8:51:49 PM,252 Event OK
11/08/2020 8:51:50 PM,EVENT 52591 1597178468 0/0/0/0/2 INPUT 4 1 0 v:124
11/08/2020 8:51:50 PM,252 Event OK
11/08/2020 8:51:50 PM,EVENT 52592 1597178480 0/0/0/0/1 INPUT 4 0 12 v:124
11/08/2020 8:51:50 PM,252 Event OK
11/08/2020 8:51:50 PM,EVENT 52593 1597178480 0/0/0/0/1 INPUT 4 1 0 v:124
11/08/2020 8:51:50 PM,252 Event OK
11/08/2020 8:51:51 PM,EVENT 52594 1597178485 0/0/0/0/5 INPUT 3 1 0 v:124
11/08/2020 8:51:51 PM,252 Event OK
11/08/2020 8:51:51 PM,EVENT 52595 1597179036 0/0/0/0/10 INPUT 3 0 551 v:124
11/08/2020 8:51:51 PM,252 Event OK
11/08/2020 8:51:51 PM,EVENT 52596 1597179039 -310122863/1219226315/29592/0/1 INPUT 7 1 0 v:124
11/08/2020 8:51:51 PM,252 Event OK
11/08/2020 8:51:51 PM,EVENT 52597 1597179039 -310122863/1219226315/29592/0/1 INPUT 8 0 1754 v:124
11/08/2020 8:51:51 PM,252 Event OK
11/08/2020 8:51:52 PM,EVENT 52598 1597179040 -310122912/1219226251/26328/0/0 INPUT 1 1 0 v:124
11/08/2020 8:51:52 PM,252 Event OK
11/08/2020 8:51:52 PM,EVENT 52599 1597179041 -310122978/1219226153/22396/0/0 INPUT 4 0 560 v:124
11/08/2020 8:51:52 PM,252 Event OK
11/08/2020 8:51:52 PM,EVENT 52600 1597179042 -310122968/1219226150/19054/0/0 INPUT 4 1 0 v:124
11/08/2020 8:51:52 PM,252 Event OK
11/08/2020 8:51:52 PM,EVENT 52601 1597179043 -310122969/1219226160/17565/0/0 INPUT 4 0 2 v:124
11/08/2020 8:51:52 PM,252 Event OK
11/08/2020 8:51:54 PM,EVENT 52602 1597179044 -310122968/1219226181/16282/0/0 TRIP 52565 1486 255 9 7 1750 v:124
11/08/2020 8:51:54 PM,252 Event OK
11/08/2020 8:51:54 PM,EVENT 52603 1597179056 -310121955/1219228274/2829/0/0 REPORT * 0 66 v:124
11/08/2020 8:51:54 PM,252 Event OK
11/08/2020 8:51:54 PM,QUIT
11/08/2020 8:51:54 PM,221 Session ended - goodbye
11/08/2020 9:18:21 PM,UNIT 9279
11/08/2020 9:18:21 PM,333 CHAL 7C4D753B
11/08/2020 9:18:21 PM,RESP 0CED6CEE
11/08/2020 9:18:21 PM,230 Auth OK
11/08/2020 9:18:22 PM,TIME
11/08/2020 9:18:22 PM,211 TIME 1597180702
11/08/2020 9:18:22 PM,EVCOUNT 2
11/08/2020 9:18:22 PM,252 Event OK
11/08/2020 9:18:23 PM,TODO
11/08/2020 9:18:23 PM,125 TODO GETXML 2000 Operators 
225 Work list complete
11/08/2020 9:18:23 PM,GETXML
11/08/2020 9:18:23 PM,Binary data 4241 bytes
11/08/2020 9:18:25 PM,GOT Operators 4193 B22E2A56
11/08/2020 9:18:25 PM,250 Download OK
11/08/2020 9:18:26 PM,EVENT 52604 1597180696 -310122076/1219228331/930/2/0 INPUT 8 1 0 v:124
11/08/2020 9:18:26 PM,252 Event OK
11/08/2020 9:18:27 PM,EVENT 52605 1597180697 -310122076/1219228331/930/2/0 INPUT 7 0 1657 v:124
11/08/2020 9:18:27 PM,252 Event OK
11/08/2020 9:18:27 PM,QUIT
11/08/2020 9:18:27 PM,221 Session ended - goodbye
11/08/2020 9:18:48 PM,UNIT 9279
11/08/2020 9:18:48 PM,333 CHAL 5F2DFBF6
11/08/2020 9:18:48 PM,RESP 9F1043F1
11/08/2020 9:18:48 PM,230 Auth OK
11/08/2020 9:18:49 PM,TIME
11/08/2020 9:18:49 PM,211 TIME 1597180729
11/08/2020 9:18:49 PM,EVCOUNT 1
11/08/2020 9:18:49 PM,252 Event OK
11/08/2020 9:18:50 PM,TODO
11/08/2020 9:18:50 PM,226 Nothing to do
11/08/2020 9:18:50 PM,EVENT 52606 1597180723 -310122016/1219228264/886/1/0 SIGNON 2524 01b3eed9 OK 26 260893 0 v:124
11/08/2020 9:18:50 PM,252 Event OK
11/08/2020 9:18:51 PM,QUIT
11/08/2020 9:18:51 PM,221 Session ended - goodbye
11/08/2020 9:19:01 PM,UNIT 9279
11/08/2020 9:19:01 PM,333 CHAL 7BACBCE0
11/08/2020 9:19:02 PM,RESP B0AD88F5
11/08/2020 9:19:02 PM,230 Auth OK
11/08/2020 9:19:02 PM,TIME
11/08/2020 9:19:02 PM,211 TIME 1597180742
11/08/2020 9:19:03 PM,EVCOUNT 4
11/08/2020 9:19:03 PM,252 Event OK
11/08/2020 9:19:03 PM,TODO
11/08/2020 9:19:03 PM,226 Nothing to do
11/08/2020 9:19:04 PM,EVENT 52607 1597180730 -310121986/1219228258/876/1/0 INPUT 4 1 0 v:124
11/08/2020 9:19:04 PM,252 Event OK
11/08/2020 9:19:04 PM,EVENT 52608 1597180730 -310121983/1219228257/874/1/0 INPUT 1 0 1691 v:124
11/08/2020 9:19:04 PM,252 Event OK
11/08/2020 9:19:05 PM,EVENT 52609 1597180737 -310122192/1219227984/847/1/3 INPUT 4 0 8 v:124
11/08/2020 9:19:05 PM,252 Event OK
11/08/2020 9:19:06 PM,EVENT 52610 1597180738 -310122220/1219227967/844/1/2 INPUT 4 1 0 v:124
11/08/2020 9:19:06 PM,252 Event OK
11/08/2020 9:19:07 PM,EVENT 52611 1597180742 -310121951/1219228142/830/1/5 INPUT 3 1 0 v:124
11/08/2020 9:19:07 PM,252 Event OK
11/08/2020 9:19:07 PM,QUIT
11/08/2020 9:19:07 PM,221 Session ended - goodbye
11/08/2020 9:20:01 PM,UNIT 9279
11/08/2020 9:20:01 PM,333 CHAL 32ECEB28
11/08/2020 9:20:02 PM,RESP 57080419
11/08/2020 9:20:02 PM,230 Auth OK
11/08/2020 9:20:02 PM,TIME
11/08/2020 9:20:02 PM,211 TIME 1597180802
11/08/2020 9:20:03 PM,EVCOUNT 7
11/08/2020 9:20:03 PM,252 Event OK
11/08/2020 9:20:03 PM,TODO
11/08/2020 9:20:03 PM,226 Nothing to do
11/08/2020 9:20:04 PM,EVENT 52612 1597180796 -310128493/1219228668/861/1/10 INPUT 3 0 55 v:124
11/08/2020 9:20:04 PM,252 Event OK
11/08/2020 9:20:04 PM,EVENT 52613 1597180797 -310128432/1219228640/857/1/8 INPUT 3 1 0 v:124
11/08/2020 9:20:04 PM,252 Event OK
11/08/2020 9:20:05 PM,EVENT 52614 1597180797 -310128432/1219228640/857/1/8 INPUT 7 1 0 v:124
11/08/2020 9:20:05 PM,252 Event OK
11/08/2020 9:20:06 PM,EVENT 52615 1597180797 -310128432/1219228640/857/1/8 INPUT 8 0 100 v:124
11/08/2020 9:20:06 PM,252 Event OK
11/08/2020 9:20:07 PM,EVENT 52616 1597180798 -310128384/1219228621/852/1/9 INPUT 1 1 0 v:124
11/08/2020 9:20:07 PM,252 Event OK
11/08/2020 9:20:07 PM,EVENT 52617 1597180798 -310128381/1219228619/852/1/10 INPUT 3 0 2 v:124
11/08/2020 9:20:07 PM,252 Event OK
11/08/2020 9:20:08 PM,EVENT 52618 1597180798 -310128381/1219228619/852/1/10 INPUT 4 0 61 v:124
11/08/2020 9:20:08 PM,252 Event OK
11/08/2020 9:20:09 PM,EVENT 52619 1597180801 -310128388/1219228625/844/1/0 TRIP 52606 57 12 10 7 79 v:123
11/08/2020 9:20:09 PM,252 Event OK
11/08/2020 9:20:10 PM,QUIT
11/08/2020 9:20:10 PM,221 Session ended - goodbye
11/08/2020 9:20:48 PM,UNIT 9279
11/08/2020 9:20:48 PM,333 CHAL 7167801F
11/08/2020 9:20:49 PM,RESP B40229A2
11/08/2020 9:20:49 PM,230 Auth OK
11/08/2020 9:20:50 PM,TIME
11/08/2020 9:20:50 PM,211 TIME 1597180850
11/08/2020 9:20:51 PM,EVCOUNT 3
11/08/2020 9:20:51 PM,252 Event OK
11/08/2020 9:20:52 PM,TODO
11/08/2020 9:20:52 PM,226 Nothing to do
11/08/2020 9:20:53 PM,EVENT 52620 1597180843 -310128346/1219228544/822/3/0 INPUT 8 1 0 v:123
11/08/2020 9:20:53 PM,252 Event OK
11/08/2020 9:20:54 PM,EVENT 52621 1597180843 -310128346/1219228544/822/3/0 INPUT 7 0 46 v:124
11/08/2020 9:20:54 PM,252 Event OK
11/08/2020 9:20:55 PM,EVENT 52622 1597180848 -310128334/1219228544/838/3/0 SIGNON * 0 NOCARD 26 0 208900 v:124
11/08/2020 9:20:55 PM,252 Event OK
11/08/2020 9:20:56 PM,QUIT
11/08/2020 9:20:56 PM,221 Session ended - goodbye
11/08/2020 9:21:07 PM,UNIT 9279
11/08/2020 9:21:07 PM,333 CHAL 573328C9
11/08/2020 9:21:08 PM,RESP 5E5F87A7
11/08/2020 9:21:08 PM,230 Auth OK
11/08/2020 9:21:09 PM,TIME
11/08/2020 9:21:09 PM,211 TIME 1597180869
11/08/2020 9:21:10 PM,EVCOUNT 3
11/08/2020 9:21:10 PM,252 Event OK
11/08/2020 9:21:10 PM,TODO
11/08/2020 9:21:10 PM,125 TODO GETXML 2000 Operators 
225 Work list complete
11/08/2020 9:21:11 PM,GETXML
11/08/2020 9:21:11 PM,Binary data 4241 bytes
11/08/2020 9:21:13 PM,GOT Operators 4193 B22E2A56
11/08/2020 9:21:13 PM,250 Download OK
11/08/2020 9:21:14 PM,EVENT 52623 1597180859 -310128314/1219228554/864/3/0 SIGNON 2524 01b3eed9 OK 26 260893 0 v:124
11/08/2020 9:21:14 PM,252 Event OK
11/08/2020 9:21:16 PM,EVENT 52624 1597180865 -310128291/1219228556/874/3/0 INPUT 4 1 0 v:124
11/08/2020 9:21:16 PM,252 Event OK
11/08/2020 9:21:17 PM,EVENT 52625 1597180865 -310128291/1219228556/874/3/0 INPUT 1 0 67 v:124
11/08/2020 9:21:17 PM,252 Event OK
11/08/2020 9:21:19 PM,EVENT 52626 1597180869 -310128323/1219228579/869/3/0 INPUT 4 0 5 v:123
11/08/2020 9:21:19 PM,252 Event OK
11/08/2020 9:21:22 PM,EVENT 52627 1597180870 -310128323/1219228579/869/3/0 INPUT 4 1 0 v:124
11/08/2020 9:21:22 PM,252 Event OK
11/08/2020 9:21:22 PM,EVENT 52628 1597180873 -310128602/1219228594/854/3/3 INPUT 4 0 4 v:124
11/08/2020 9:21:22 PM,252 Event OK
11/08/2020 9:21:23 PM,EVENT 52629 1597180873 -310128602/1219228594/854/3/3 INPUT 4 1 0 v:124
11/08/2020 9:21:23 PM,252 Event OK
11/08/2020 9:21:23 PM,QUIT
11/08/2020 9:21:23 PM,221 Session ended - goodbye
11/08/2020 9:21:34 PM,UNIT 9279
11/08/2020 9:21:34 PM,333 CHAL 39A77C8F
11/08/2020 9:21:35 PM,RESP 46A0C06F
11/08/2020 9:21:35 PM,230 Auth OK
11/08/2020 9:21:35 PM,TIME
11/08/2020 9:21:35 PM,211 TIME 1597180895
11/08/2020 9:21:36 PM,EVCOUNT 2
11/08/2020 9:21:36 PM,252 Event OK
11/08/2020 9:21:36 PM,TODO
11/08/2020 9:21:36 PM,226 Nothing to do
11/08/2020 9:21:37 PM,EVENT 52630 1597180882 -310128158/1219229123/874/3/8 INPUT 3 1 0 v:124
11/08/2020 9:21:37 PM,252 Event OK
11/08/2020 9:21:38 PM,EVENT 52631 1597180886 -310127866/1219230179/900/1/12 REPORT 52623 11 68 v:124
11/08/2020 9:21:38 PM,252 Event OK
11/08/2020 9:21:39 PM,QUIT
11/08/2020 9:21:39 PM,221 Session ended - goodbye
11/08/2020 9:23:30 PM,UNIT 9279
11/08/2020 9:23:30 PM,333 CHAL 2DDB40B1
11/08/2020 9:23:30 PM,RESP 98B581E6
11/08/2020 9:23:30 PM,230 Auth OK
11/08/2020 9:23:30 PM,TIME
11/08/2020 9:23:30 PM,211 TIME 1597181010
11/08/2020 9:23:30 PM,EVCOUNT 6
11/08/2020 9:23:30 PM,252 Event OK
11/08/2020 9:23:30 PM,TODO
11/08/2020 9:23:30 PM,226 Nothing to do
11/08/2020 9:23:31 PM,EVENT 52632 1597180967 -310143132/1219230856/863/8/10 INPUT 3 0 85 v:124
11/08/2020 9:23:31 PM,252 Event OK
11/08/2020 9:23:31 PM,EVENT 52633 1597180970 -310143407/1219230868/871/8/4 INPUT 7 1 0 v:124
11/08/2020 9:23:31 PM,252 Event OK
11/08/2020 9:23:31 PM,EVENT 52634 1597180970 -310143407/1219230868/871/8/4 INPUT 8 0 127 v:124
11/08/2020 9:23:31 PM,252 Event OK
11/08/2020 9:23:31 PM,EVENT 52635 1597180971 -310143408/1219230868/876/8/1 INPUT 1 1 0 v:124
11/08/2020 9:23:31 PM,252 Event OK
11/08/2020 9:23:32 PM,EVENT 52636 1597180972 -310143398/1219230878/888/8/0 INPUT 4 0 99 v:124
11/08/2020 9:23:32 PM,252 Event OK
11/08/2020 9:23:32 PM,EVENT 52637 1597180974 -310143393/1219230883/898/8/0 TRIP 52623 85 23 8 6 116 v:124
11/08/2020 9:23:32 PM,252 Event OK
11/08/2020 9:23:32 PM,QUIT
11/08/2020 9:23:32 PM,221 Session ended - goodbye
11/08/2020 10:17:04 PM,UNIT 9279
11/08/2020 10:17:04 PM,333 CHAL 16D98757
11/08/2020 10:17:05 PM,RESP B0A84BB1
11/08/2020 10:17:05 PM,230 Auth OK
11/08/2020 10:17:32 PM,UNIT 9279
11/08/2020 10:17:32 PM,333 CHAL 7565A7EE
11/08/2020 10:17:33 PM,RESP 72DC3DE1
11/08/2020 10:17:33 PM,230 Auth OK
11/08/2020 10:17:33 PM,TIME
11/08/2020 10:17:33 PM,211 TIME 1597184253
11/08/2020 10:17:33 PM,EVCOUNT 10
11/08/2020 10:17:33 PM,252 Event OK
11/08/2020 10:17:33 PM,TODO
11/08/2020 10:17:33 PM,226 Nothing to do
11/08/2020 10:17:34 PM,EVENT 52638 1597184145 0/0/0/0/0 SWSTART OpusFC 5.0.58.518 R v:123
11/08/2020 10:17:34 PM,252 Event OK
11/08/2020 10:17:34 PM,EVENT 52639 1597180974 0/0/0/0/0 POWERDOWN v:124
11/08/2020 10:17:34 PM,252 Event OK
11/08/2020 10:17:34 PM,EVENT 52640 1597184145 0/0/0/0/0 INPUT 1 1 0 v:123
11/08/2020 10:17:34 PM,252 Event OK
11/08/2020 10:17:35 PM,EVENT 52641 1597184145 0/0/0/0/0 INPUT 2 0 0 v:123
11/08/2020 10:17:35 PM,252 Event OK
11/08/2020 10:17:35 PM,EVENT 52642 1597184145 0/0/0/0/0 INPUT 3 0 0 v:123
11/08/2020 10:17:35 PM,252 Event OK
11/08/2020 10:17:35 PM,EVENT 52643 1597184145 0/0/0/0/0 INPUT 4 0 0 v:123
11/08/2020 10:17:35 PM,252 Event OK
11/08/2020 10:17:36 PM,EVENT 52644 1597184145 0/0/0/0/0 INPUT 7 1 0 v:123
11/08/2020 10:17:36 PM,252 Event OK
11/08/2020 10:17:36 PM,EVENT 52645 1597184145 0/0/0/0/0 INPUT 8 0 0 v:123
11/08/2020 10:17:36 PM,252 Event OK
11/08/2020 10:17:36 PM,EVENT 52646 1597184147 0/0/0/0/0 ZONE_OK 2 100 FW=NO VERSION v:123
11/08/2020 10:17:36 PM,252 Event OK
11/08/2020 10:17:36 PM,EVENT 52647 1597184147 0/0/0/0/0 REPORT * 0 0 v:123
11/08/2020 10:17:36 PM,252 Event OK
11/08/2020 10:17:37 PM,QUIT
11/08/2020 10:17:37 PM,221 Session ended - goodbye
11/08/2020 10:17:57 PM,TIME
11/08/2020 10:17:57 PM,211 TIME 1597184277
11/08/2020 10:23:54 PM,UNIT 9279
11/08/2020 10:23:54 PM,333 CHAL 350DD877
11/08/2020 10:23:54 PM,RESP B09D83F2
11/08/2020 10:23:54 PM,230 Auth OK
11/08/2020 10:23:54 PM,TIME
11/08/2020 10:23:54 PM,211 TIME 1597184634
11/08/2020 10:23:55 PM,EVCOUNT 2
11/08/2020 10:23:55 PM,252 Event OK
11/08/2020 10:23:55 PM,TODO
11/08/2020 10:23:55 PM,226 Nothing to do
11/08/2020 10:23:56 PM,EVENT 52648 1597184629 -310143710/1219230823/732/4/0 INPUT 8 1 0 v:123
11/08/2020 10:23:56 PM,252 Event OK
11/08/2020 10:23:57 PM,EVENT 52649 1597184629 -310143713/1219230826/731/4/0 INPUT 7 0 484 v:123
11/08/2020 10:23:57 PM,252 Event OK
11/08/2020 10:23:57 PM,QUIT
11/08/2020 10:23:57 PM,221 Session ended - goodbye
11/08/2020 10:24:07 PM,UNIT 9279
11/08/2020 10:24:07 PM,333 CHAL C73CC2B
11/08/2020 10:24:08 PM,RESP B5A4AAE2
11/08/2020 10:24:08 PM,230 Auth OK
11/08/2020 10:24:08 PM,TIME
11/08/2020 10:24:08 PM,211 TIME 1597184648
11/08/2020 10:24:09 PM,EVCOUNT 2
11/08/2020 10:24:09 PM,252 Event OK
11/08/2020 10:24:09 PM,TODO
11/08/2020 10:24:09 PM,226 Nothing to do
11/08/2020 10:24:10 PM,EVENT 52650 1597184639 -310143750/1219230863/735/3/1 SIGNON 2463 01b1def3 OK_CL 26 271086 0 v:123
11/08/2020 10:24:10 PM,252 Event OK
11/08/2020 10:24:11 PM,EVENT 52651 1597184645 -310143752/1219230868/731/3/0 CHECKLIST 52650 OK 0 6 432 F v:123
11/08/2020 10:24:11 PM,252 Event OK
11/08/2020 10:24:11 PM,QUIT
11/08/2020 10:24:11 PM,221 Session ended - goodbye
11/08/2020 10:24:22 PM,UNIT 9279
11/08/2020 10:24:22 PM,333 CHAL 146FCE48
11/08/2020 10:24:22 PM,RESP 91886652
11/08/2020 10:24:22 PM,230 Auth OK
11/08/2020 10:24:23 PM,TIME
11/08/2020 10:24:23 PM,211 TIME 1597184663
11/08/2020 10:24:23 PM,EVCOUNT 2
11/08/2020 10:24:23 PM,252 Event OK
11/08/2020 10:24:24 PM,TODO
11/08/2020 10:24:24 PM,226 Nothing to do
11/08/2020 10:24:24 PM,EVENT 52652 1597184654 -310143739/1219230860/720/3/0 INPUT 1 0 508 v:124
11/08/2020 10:24:24 PM,252 Event OK
11/08/2020 10:24:25 PM,EVENT 52653 1597184654 -310143738/1219230861/718/3/0 INPUT 4 1 0 v:124
11/08/2020 10:24:25 PM,252 Event OK
11/08/2020 10:24:26 PM,EVENT 52654 1597184663 -310143731/1219230849/707/3/0 INPUT 4 0 9 v:123
11/08/2020 10:24:26 PM,252 Event OK
11/08/2020 10:24:26 PM,EVENT 52655 1597184663 -310143731/1219230849/707/3/0 INPUT 4 1 0 v:123
11/08/2020 10:24:26 PM,252 Event OK
11/08/2020 10:24:27 PM,QUIT
11/08/2020 10:24:27 PM,221 Session ended - goodbye
11/08/2020 10:24:47 PM,UNIT 9279
11/08/2020 10:24:47 PM,333 CHAL 58C3D42
11/08/2020 10:24:48 PM,RESP 91B1A3BE
11/08/2020 10:24:48 PM,230 Auth OK
11/08/2020 10:24:49 PM,TIME
11/08/2020 10:24:49 PM,211 TIME 1597184689
11/08/2020 10:24:49 PM,EVCOUNT 1
11/08/2020 10:24:49 PM,252 Event OK
11/08/2020 10:24:51 PM,TODO
11/08/2020 10:24:51 PM,226 Nothing to do
11/08/2020 10:24:52 PM,EVENT 52656 1597184683 -310143161/1219230850/739/4/7 INPUT 3 1 0 v:124
11/08/2020 10:24:52 PM,252 Event OK
11/08/2020 10:24:52 PM,QUIT
11/08/2020 10:24:52 PM,221 Session ended - goodbye
11/08/2020 10:25:56 PM,UNIT 9279
11/08/2020 10:25:56 PM,333 CHAL 2D09842D
11/08/2020 10:25:57 PM,RESP 10CA12DB
11/08/2020 10:25:57 PM,230 Auth OK
11/08/2020 10:25:58 PM,TIME
11/08/2020 10:25:58 PM,211 TIME 1597184758
11/08/2020 10:25:59 PM,EVCOUNT 8
11/08/2020 10:25:59 PM,252 Event OK
11/08/2020 10:26:00 PM,TODO
11/08/2020 10:26:00 PM,226 Nothing to do
11/08/2020 10:26:01 PM,EVENT 52657 1597184751 -310121737/1219236327/774/7/10 INPUT 3 0 68 v:124
11/08/2020 10:26:01 PM,252 Event OK
11/08/2020 10:26:02 PM,EVENT 52658 1597184752 -310121565/1219236220/786/7/7 INPUT 7 1 0 v:124
11/08/2020 10:26:02 PM,252 Event OK
11/08/2020 10:26:04 PM,EVENT 52659 1597184752 -310121565/1219236220/786/7/7 INPUT 8 0 123 v:124
11/08/2020 10:26:04 PM,252 Event OK
11/08/2020 10:26:05 PM,EVENT 52660 1597184753 -310121529/1219236200/792/7/4 INPUT 1 1 0 v:123
11/08/2020 10:26:05 PM,252 Event OK
11/08/2020 10:26:06 PM,EVENT 52661 1597184753 -310121529/1219236200/792/7/4 INPUT 4 0 90 v:123
11/08/2020 10:26:06 PM,252 Event OK
11/08/2020 10:26:07 PM,EVENT 52662 1597184755 -310121525/1219236211/799/7/0 INPUT 4 1 0 v:123
11/08/2020 10:26:07 PM,252 Event OK
11/08/2020 10:26:09 PM,EVENT 52663 1597184756 -310121523/1219236216/802/7/0 TRIP 52650 68 33 13 12 114 v:123
11/08/2020 10:26:09 PM,252 Event OK
11/08/2020 10:26:10 PM,EVENT 52664 1597184757 -310121523/1219236217/802/7/0 INPUT 4 0 2 v:123
11/08/2020 10:26:10 PM,252 Event OK
11/08/2020 10:26:11 PM,QUIT
11/08/2020 10:26:11 PM,221 Session ended - goodbye
11/08/2020 10:27:16 PM,UNIT 9279
11/08/2020 10:27:16 PM,333 CHAL 606B0063
11/08/2020 10:27:17 PM,RESP C1420E39
11/08/2020 10:27:17 PM,230 Auth OK
11/08/2020 10:27:18 PM,TIME
11/08/2020 10:27:18 PM,211 TIME 1597184838
11/08/2020 10:27:19 PM,EVCOUNT 2
11/08/2020 10:27:19 PM,252 Event OK
11/08/2020 10:27:20 PM,TODO
11/08/2020 10:27:20 PM,226 Nothing to do
11/08/2020 10:27:21 PM,EVENT 52665 1597184831 -310121501/1219235984/786/4/0 INPUT 8 1 0 v:123
11/08/2020 10:27:21 PM,252 Event OK
11/08/2020 10:27:22 PM,EVENT 52666 1597184832 -310121501/1219235979/786/4/0 INPUT 7 0 80 v:123
11/08/2020 10:27:22 PM,252 Event OK
11/08/2020 10:27:24 PM,EVENT 52667 1597184839 -310121501/1219235949/781/4/0 SIGNON 2463 01b1def3 OK 26 271086 0 v:123
11/08/2020 10:27:24 PM,252 Event OK
11/08/2020 10:27:24 PM,QUIT
11/08/2020 10:27:24 PM,221 Session ended - goodbye
11/08/2020 10:27:34 PM,UNIT 9279
11/08/2020 10:27:34 PM,333 CHAL 31AEC8DE
11/08/2020 10:27:35 PM,RESP B47E0F54
11/08/2020 10:27:35 PM,230 Auth OK
11/08/2020 10:27:36 PM,TIME
11/08/2020 10:27:36 PM,211 TIME 1597184856
11/08/2020 10:27:37 PM,EVCOUNT 3
11/08/2020 10:27:37 PM,252 Event OK
11/08/2020 10:27:38 PM,TODO
11/08/2020 10:27:38 PM,226 Nothing to do
11/08/2020 10:27:39 PM,EVENT 52668 1597184845 -310121508/1219235920/798/4/0 INPUT 1 0 91 v:124
11/08/2020 10:27:39 PM,252 Event OK
11/08/2020 10:27:40 PM,EVENT 52669 1597184845 -310121508/1219235918/800/4/0 INPUT 4 1 0 v:124
11/08/2020 10:27:40 PM,252 Event OK
11/08/2020 10:27:41 PM,EVENT 52670 1597184851 -310121080/1219235627/823/4/7 INPUT 3 1 0 v:123
11/08/2020 10:27:41 PM,252 Event OK
11/08/2020 10:27:42 PM,QUIT
11/08/2020 10:27:42 PM,221 Session ended - goodbye
12/08/2020 8:55:19 AM,UNIT 9279
12/08/2020 8:55:19 AM,333 CHAL 6A9CC9EC
12/08/2020 8:55:20 AM,RESP E38A8B94
12/08/2020 8:55:20 AM,230 Auth OK
12/08/2020 8:55:21 AM,TIME
12/08/2020 8:55:21 AM,211 TIME 1597222521
12/08/2020 8:55:21 AM,EVCOUNT 215
12/08/2020 8:55:21 AM,252 Event OK
12/08/2020 8:55:22 AM,TODO
12/08/2020 8:55:22 AM,226 Nothing to do
12/08/2020 8:55:22 AM,EVENT 52671 1597184875 -310121561/1219229402/863/6/10 INPUT 3 0 25 v:124
12/08/2020 8:55:22 AM,252 Event OK
12/08/2020 8:55:23 AM,EVENT 52672 1597184877 -310121659/1219229268/854/6/6 INPUT 7 1 0 v:124
12/08/2020 8:55:23 AM,252 Event OK
12/08/2020 8:55:24 AM,EVENT 52673 1597184877 -310121659/1219229268/854/6/6 INPUT 8 0 46 v:124
12/08/2020 8:55:24 AM,252 Event OK
12/08/2020 8:55:25 AM,EVENT 52674 1597184878 -310121663/1219229271/852/6/5 INPUT 1 1 0 v:123
12/08/2020 8:55:25 AM,252 Event OK
12/08/2020 8:55:25 AM,EVENT 52675 1597184878 -310121672/1219229272/850/6/2 INPUT 4 0 33 v:123
12/08/2020 8:55:25 AM,252 Event OK
12/08/2020 8:55:26 AM,EVENT 52676 1597184879 -310121681/1219229271/847/6/0 INPUT 4 1 0 v:123
12/08/2020 8:55:26 AM,252 Event OK
12/08/2020 8:55:27 AM,EVENT 52677 1597184881 -310121691/1219229271/838/6/0 TRIP 52667 25 11 7 6 43 v:123
12/08/2020 8:55:27 AM,252 Event OK
12/08/2020 8:55:28 AM,EVENT 52678 1597184882 -310121692/1219229271/837/6/0 INPUT 4 0 2 v:123
12/08/2020 8:55:28 AM,252 Event OK
12/08/2020 8:55:28 AM,EVENT 52679 1597184933 -310121826/1219229326/753/0/0 INPUT 8 1 0 v:124
12/08/2020 8:55:28 AM,252 Event OK
12/08/2020 8:55:29 AM,EVENT 52680 1597184934 -310121826/1219229329/753/0/0 INPUT 7 0 57 v:124
12/08/2020 8:55:29 AM,252 Event OK
12/08/2020 8:55:30 AM,EVENT 52681 1597184942 -310121820/1219229370/754/0/0 SIGNON 2463 01b1def3 OK 26 271086 0 v:124
12/08/2020 8:55:30 AM,252 Event OK
12/08/2020 8:55:31 AM,EVENT 52682 1597184948 -310121816/1219229375/759/0/0 INPUT 1 0 71 v:124
12/08/2020 8:55:31 AM,252 Event OK
12/08/2020 8:55:32 AM,EVENT 52683 1597184948 -310121816/1219229375/759/0/0 INPUT 4 1 0 v:124
12/08/2020 8:55:32 AM,252 Event OK
12/08/2020 8:55:33 AM,EVENT 52684 1597184954 -310122045/1219228919/742/0/6 INPUT 3 1 0 v:124
12/08/2020 8:55:33 AM,252 Event OK
12/08/2020 8:55:35 AM,EVENT 52685 1597185541 0/0/0/0/10 INPUT 3 0 587 v:124
12/08/2020 8:55:35 AM,252 Event OK
12/08/2020 8:55:36 AM,EVENT 52686 1597185553 0/0/0/0/0 INPUT 4 0 605 v:124
12/08/2020 8:55:36 AM,252 Event OK
12/08/2020 8:55:36 AM,EVENT 52687 1597185553 0/0/0/0/0 INPUT 4 1 0 v:124
12/08/2020 8:55:36 AM,252 Event OK
12/08/2020 8:55:37 AM,EVENT 52688 1597185598 0/0/0/0/0 INPUT 4 0 45 v:124
12/08/2020 8:55:37 AM,252 Event OK
12/08/2020 8:55:38 AM,EVENT 52689 1597185598 0/0/0/0/0 INPUT 4 1 0 v:124
12/08/2020 8:55:38 AM,252 Event OK
12/08/2020 8:55:39 AM,EVENT 52690 1597185622 0/0/0/0/8 INPUT 3 1 0 v:124
12/08/2020 8:55:39 AM,252 Event OK
12/08/2020 8:55:39 AM,EVENT 52691 1597185706 0/0/0/0/9 INPUT 3 0 85 v:124
12/08/2020 8:55:39 AM,252 Event OK
12/08/2020 8:55:40 AM,EVENT 52692 1597185715 0/0/0/0/0 INPUT 4 0 117 v:124
12/08/2020 8:55:40 AM,252 Event OK
12/08/2020 8:55:41 AM,EVENT 52693 1597185715 0/0/0/0/0 INPUT 4 1 0 v:124
12/08/2020 8:55:41 AM,252 Event OK
12/08/2020 8:55:41 AM,EVENT 52694 1597185738 0/0/0/0/3 INPUT 4 0 23 v:124
12/08/2020 8:55:41 AM,252 Event OK
12/08/2020 8:55:42 AM,EVENT 52695 1597185739 0/0/0/0/2 INPUT 4 1 0 v:124
12/08/2020 8:55:42 AM,252 Event OK
12/08/2020 8:55:43 AM,EVENT 52696 1597185745 0/0/0/0/7 INPUT 3 1 0 v:124
12/08/2020 8:55:43 AM,252 Event OK
12/08/2020 8:55:43 AM,EVENT 52697 1597185834 0/0/0/0/11 INPUT 3 0 90 v:124
12/08/2020 8:55:43 AM,252 Event OK
12/08/2020 8:55:44 AM,EVENT 52698 1597185837 0/0/0/0/7 INPUT 3 1 0 v:124
12/08/2020 8:55:44 AM,252 Event OK
12/08/2020 8:55:45 AM,EVENT 52699 1597185983 0/0/0/0/23 REPORT 52681 0 0 v:124
12/08/2020 8:55:45 AM,252 Event OK
12/08/2020 8:55:46 AM,EVENT 52700 1597186021 0/0/0/0/13 INPUT 3 0 185 v:124
12/08/2020 8:55:46 AM,252 Event OK
12/08/2020 8:55:47 AM,EVENT 52701 1597186060 0/0/0/0/0 INPUT 4 0 322 v:124
12/08/2020 8:55:47 AM,252 Event OK
12/08/2020 8:55:47 AM,EVENT 52702 1597186060 0/0/0/0/0 INPUT 4 1 0 v:124
12/08/2020 8:55:47 AM,252 Event OK
12/08/2020 8:55:48 AM,EVENT 52703 1597186084 0/0/0/0/3 INPUT 3 1 0 v:124
12/08/2020 8:55:48 AM,252 Event OK
12/08/2020 8:55:49 AM,EVENT 52704 1597186375 0/0/0/0/12 INPUT 3 0 292 v:124
12/08/2020 8:55:49 AM,252 Event OK
12/08/2020 8:55:49 AM,EVENT 52705 1597186421 0/0/0/0/7 INPUT 3 1 0 v:124
12/08/2020 8:55:49 AM,252 Event OK
12/08/2020 8:55:50 AM,EVENT 52706 1597186446 0/0/0/0/12 INPUT 3 0 25 v:124
12/08/2020 8:55:50 AM,252 Event OK
12/08/2020 8:55:51 AM,EVENT 52707 1597186447 0/0/0/0/8 INPUT 4 0 387 v:124
12/08/2020 8:55:51 AM,252 Event OK
12/08/2020 8:55:52 AM,EVENT 52708 1597186447 0/0/0/0/6 INPUT 4 1 0 v:124
12/08/2020 8:55:52 AM,252 Event OK
12/08/2020 8:55:53 AM,EVENT 52709 1597186450 0/0/0/0/2 INPUT 3 1 0 v:124
12/08/2020 8:55:53 AM,252 Event OK
12/08/2020 8:55:53 AM,EVENT 52710 1597186544 0/0/0/0/12 INPUT 3 0 93 v:124
12/08/2020 8:55:53 AM,252 Event OK
12/08/2020 8:55:54 AM,EVENT 52711 1597186549 0/0/0/0/7 INPUT 3 1 0 v:124
12/08/2020 8:55:54 AM,252 Event OK
12/08/2020 8:55:55 AM,EVENT 52712 1597186551 0/0/0/0/9 INPUT 3 0 2 v:124
12/08/2020 8:55:55 AM,252 Event OK
12/08/2020 8:55:55 AM,EVENT 52713 1597186555 0/0/0/0/0 INPUT 4 0 108 v:124
12/08/2020 8:55:55 AM,252 Event OK
12/08/2020 8:55:56 AM,EVENT 52714 1597186555 0/0/0/0/0 INPUT 4 1 0 v:124
12/08/2020 8:55:56 AM,252 Event OK
12/08/2020 8:55:57 AM,EVENT 52715 1597186585 0/0/0/0/0 INPUT 4 0 30 v:124
12/08/2020 8:55:57 AM,252 Event OK
12/08/2020 8:55:58 AM,EVENT 52716 1597186585 0/0/0/0/0 INPUT 4 1 0 v:124
12/08/2020 8:55:58 AM,252 Event OK
12/08/2020 8:55:58 AM,EVENT 52717 1597186651 0/0/0/0/0 INPUT 4 0 66 v:124
12/08/2020 8:55:58 AM,252 Event OK
12/08/2020 8:55:59 AM,EVENT 52718 1597186651 0/0/0/0/0 INPUT 4 1 0 v:124
12/08/2020 8:55:59 AM,252 Event OK
12/08/2020 8:56:00 AM,EVENT 52719 1597186696 0/0/0/99/0 INPUT 4 0 45 v:124
12/08/2020 8:56:00 AM,252 Event OK
12/08/2020 8:56:01 AM,EVENT 52720 1597186696 0/0/0/99/0 INPUT 4 1 0 v:124
12/08/2020 8:56:01 AM,252 Event OK
12/08/2020 8:56:02 AM,EVENT 52721 1597186729 0/0/0/0/0 INPUT 4 0 33 v:124
12/08/2020 8:56:02 AM,252 Event OK
12/08/2020 8:56:03 AM,EVENT 52722 1597186729 0/0/0/0/0 INPUT 4 1 0 v:124
12/08/2020 8:56:03 AM,252 Event OK
12/08/2020 8:56:03 AM,EVENT 52723 1597186752 0/0/0/0/0 INPUT 4 0 23 v:124
12/08/2020 8:56:03 AM,252 Event OK
12/08/2020 8:56:04 AM,EVENT 52724 1597186752 0/0/0/0/0 INPUT 4 1 0 v:124
12/08/2020 8:56:04 AM,252 Event OK
12/08/2020 8:56:05 AM,EVENT 52725 1597186756 0/0/0/0/0 INPUT 4 0 4 v:124
12/08/2020 8:56:05 AM,252 Event OK
12/08/2020 8:56:05 AM,EVENT 52726 1597186756 0/0/0/0/0 INPUT 4 1 0 v:124
12/08/2020 8:56:05 AM,252 Event OK
12/08/2020 8:56:06 AM,EVENT 52727 1597186759 0/0/0/0/0 INPUT 4 0 3 v:124
12/08/2020 8:56:06 AM,252 Event OK
12/08/2020 8:56:07 AM,EVENT 52728 1597186759 0/0/0/0/0 INPUT 4 1 0 v:124
12/08/2020 8:56:07 AM,252 Event OK
12/08/2020 8:56:08 AM,EVENT 52729 1597186763 0/0/0/0/0 INPUT 4 0 4 v:124
12/08/2020 8:56:08 AM,252 Event OK
12/08/2020 8:56:09 AM,EVENT 52730 1597186763 0/0/0/0/0 INPUT 4 1 0 v:124
12/08/2020 8:56:09 AM,252 Event OK
12/08/2020 8:56:10 AM,EVENT 52731 1597186777 0/0/0/0/8 INPUT 3 1 0 v:124
12/08/2020 8:56:10 AM,252 Event OK
12/08/2020 8:56:12 AM,EVENT 52732 1597186805 0/0/0/0/11 INPUT 3 0 29 v:124
12/08/2020 8:56:12 AM,252 Event OK
12/08/2020 8:56:13 AM,EVENT 52733 1597186813 0/0/0/0/4 INPUT 7 1 0 v:124
12/08/2020 8:56:13 AM,252 Event OK
12/08/2020 8:56:14 AM,EVENT 52734 1597186813 0/0/0/0/4 INPUT 8 0 1879 v:124
12/08/2020 8:56:14 AM,252 Event OK
12/08/2020 8:56:14 AM,EVENT 52735 1597186813 0/0/0/0/1 INPUT 1 1 0 v:124
12/08/2020 8:56:14 AM,252 Event OK
12/08/2020 8:56:15 AM,EVENT 52736 1597186816 0/0/0/0/0 INPUT 4 0 52 v:124
12/08/2020 8:56:15 AM,252 Event OK
12/08/2020 8:56:16 AM,EVENT 52737 1597186817 0/0/0/0/0 TRIP 52681 1388 479 9 6 1876 v:124
12/08/2020 8:56:16 AM,252 Event OK
12/08/2020 8:56:17 AM,EVENT 52738 1597197993 0/0/0/0/0 SWSTART OpusFC 5.0.58.518 R v:123
12/08/2020 8:56:17 AM,252 Event OK
12/08/2020 8:56:18 AM,EVENT 52739 1597186817 0/0/0/0/0 POWERDOWN v:124
12/08/2020 8:56:18 AM,252 Event OK
12/08/2020 8:56:19 AM,EVENT 52740 1597197993 0/0/0/0/0 INPUT 1 1 0 v:123
12/08/2020 8:56:19 AM,252 Event OK
12/08/2020 8:56:20 AM,EVENT 52741 1597197993 0/0/0/0/0 INPUT 2 0 0 v:123
12/08/2020 8:56:20 AM,252 Event OK
12/08/2020 8:56:20 AM,EVENT 52742 1597197993 0/0/0/0/0 INPUT 3 0 0 v:123
12/08/2020 8:56:20 AM,252 Event OK
12/08/2020 8:56:21 AM,EVENT 52743 1597197993 0/0/0/0/0 INPUT 4 0 0 v:123
12/08/2020 8:56:21 AM,252 Event OK
12/08/2020 8:56:22 AM,EVENT 52744 1597197993 0/0/0/0/0 INPUT 7 0 0 v:123
12/08/2020 8:56:22 AM,252 Event OK
12/08/2020 8:56:23 AM,EVENT 52745 1597197993 0/0/0/0/0 INPUT 8 1 0 v:123
12/08/2020 8:56:23 AM,252 Event OK
12/08/2020 8:56:32 AM,EVENT 52746 1597197995 0/0/0/0/0 ZONE_OK 2 100 FW=NO VERSION v:123
12/08/2020 8:56:32 AM,252 Event OK
12/08/2020 8:56:50 AM,UNIT 9279
12/08/2020 8:56:50 AM,333 CHAL 2DECC940
12/08/2020 8:56:51 AM,RESP 6D4BFFAD
12/08/2020 8:56:51 AM,230 Auth OK
12/08/2020 8:56:51 AM,TIME
12/08/2020 8:56:51 AM,211 TIME 1597222611
12/08/2020 8:56:52 AM,EVCOUNT 140
12/08/2020 8:56:52 AM,252 Event OK
12/08/2020 8:56:53 AM,TODO
12/08/2020 8:56:53 AM,226 Nothing to do
12/08/2020 8:56:54 AM,EVENT 52746 1597197995 0/0/0/0/0 ZONE_OK 2 100 FW=NO VERSION v:123
12/08/2020 8:56:54 AM,253 Event OK - Duplicate
12/08/2020 8:56:54 AM,EVENT 52747 1597198003 0/0/0/0/0 SIGNON 2463 01b1def3 OK 26 271086 0 v:123
12/08/2020 8:56:54 AM,252 Event OK
12/08/2020 8:56:55 AM,EVENT 52748 1597198009 0/0/0/99/0 INPUT 4 1 0 v:123
12/08/2020 8:56:55 AM,252 Event OK
12/08/2020 8:56:56 AM,EVENT 52749 1597198010 0/0/0/99/0 INPUT 1 0 16 v:123
12/08/2020 8:56:56 AM,252 Event OK
12/08/2020 8:56:56 AM,EVENT 52750 1597198016 0/0/0/99/0 INPUT 4 0 7 v:123
12/08/2020 8:56:56 AM,252 Event OK
12/08/2020 8:56:57 AM,EVENT 52751 1597198016 0/0/0/99/0 INPUT 4 1 0 v:123
12/08/2020 8:56:57 AM,252 Event OK
12/08/2020 8:56:58 AM,EVENT 52752 1597198026 0/0/0/0/5 INPUT 4 0 10 v:123
12/08/2020 8:56:58 AM,252 Event OK
12/08/2020 8:56:58 AM,EVENT 52753 1597198026 0/0/0/0/4 INPUT 4 1 0 v:123
12/08/2020 8:56:58 AM,252 Event OK
12/08/2020 8:56:59 AM,EVENT 52754 1597198027 0/0/0/0/3 INPUT 3 1 0 v:123
12/08/2020 8:56:59 AM,252 Event OK
12/08/2020 8:57:00 AM,EVENT 52755 1597198378 0/0/0/0/9 INPUT 3 0 352 v:124
12/08/2020 8:57:00 AM,252 Event OK
12/08/2020 8:57:00 AM,EVENT 52756 1597198394 0/0/0/0/8 INPUT 3 1 0 v:124
12/08/2020 8:57:00 AM,252 Event OK
12/08/2020 8:57:01 AM,EVENT 52757 1597198395 0/0/0/0/9 INPUT 3 0 1 v:124
12/08/2020 8:57:01 AM,252 Event OK
12/08/2020 8:57:02 AM,EVENT 52758 1597198398 0/0/0/0/2 INPUT 7 1 0 v:124
12/08/2020 8:57:02 AM,252 Event OK
12/08/2020 8:57:03 AM,EVENT 52759 1597198398 0/0/0/0/2 INPUT 8 0 404 v:124
12/08/2020 8:57:03 AM,252 Event OK
12/08/2020 8:57:04 AM,EVENT 52760 1597198398 0/0/0/0/2 INPUT 4 0 372 v:124
12/08/2020 8:57:04 AM,252 Event OK
12/08/2020 8:57:04 AM,EVENT 52761 1597198399 0/0/0/0/0 INPUT 4 1 0 v:124
12/08/2020 8:57:04 AM,252 Event OK
12/08/2020 8:57:05 AM,EVENT 52762 1597198399 0/0/0/0/0 INPUT 1 1 0 v:124
12/08/2020 8:57:05 AM,252 Event OK
12/08/2020 8:57:06 AM,EVENT 52763 1597198400 0/0/0/0/0 INPUT 4 0 2 v:124
12/08/2020 8:57:06 AM,252 Event OK
12/08/2020 8:57:07 AM,EVENT 52764 1597198402 0/0/0/0/0 TRIP 52747 353 38 8 6 399 v:123
12/08/2020 8:57:07 AM,252 Event OK
12/08/2020 8:57:07 AM,EVENT 52765 1597198422 0/0/0/0/0 REPORT * 0 0 v:123
12/08/2020 8:57:07 AM,252 Event OK
12/08/2020 8:57:08 AM,EVENT 52766 1597207279 0/0/0/0/0 SWSTART OpusFC 5.0.58.518 R v:123
12/08/2020 8:57:08 AM,252 Event OK
12/08/2020 8:57:09 AM,EVENT 52767 1597198402 0/0/0/0/0 POWERDOWN v:123
12/08/2020 8:57:09 AM,252 Event OK
12/08/2020 8:57:10 AM,EVENT 52768 1597207279 0/0/0/0/0 INPUT 1 1 0 v:123
12/08/2020 8:57:10 AM,252 Event OK
12/08/2020 8:57:11 AM,EVENT 52769 1597207279 0/0/0/0/0 INPUT 2 0 0 v:123
12/08/2020 8:57:11 AM,252 Event OK
12/08/2020 8:57:11 AM,EVENT 52770 1597207279 0/0/0/0/0 INPUT 3 0 0 v:123
12/08/2020 8:57:11 AM,252 Event OK
12/08/2020 8:57:12 AM,EVENT 52771 1597207279 0/0/0/0/0 INPUT 4 0 0 v:123
12/08/2020 8:57:12 AM,252 Event OK
12/08/2020 8:57:13 AM,EVENT 52772 1597207279 0/0/0/0/0 INPUT 7 0 0 v:123
12/08/2020 8:57:13 AM,252 Event OK
12/08/2020 8:57:13 AM,EVENT 52773 1597207279 0/0/0/0/0 INPUT 8 1 0 v:123
12/08/2020 8:57:13 AM,252 Event OK
12/08/2020 8:57:14 AM,EVENT 52774 1597207281 0/0/0/0/0 ZONE_OK 2 100 FW=NO VERSION v:123
12/08/2020 8:57:14 AM,252 Event OK
12/08/2020 8:57:15 AM,EVENT 52775 1597207289 0/0/0/0/0 SIGNON 2463 01b1def3 OK 26 271086 0 v:123
12/08/2020 8:57:15 AM,252 Event OK
12/08/2020 8:57:16 AM,EVENT 52776 1597207295 0/0/0/99/0 INPUT 4 1 0 v:123
12/08/2020 8:57:16 AM,252 Event OK
12/08/2020 8:57:17 AM,EVENT 52777 1597207295 0/0/0/99/0 INPUT 1 0 16 v:123
12/08/2020 8:57:17 AM,252 Event OK
12/08/2020 8:57:17 AM,EVENT 52778 1597207301 0/0/0/99/2 INPUT 4 0 6 v:123
12/08/2020 8:57:17 AM,252 Event OK
12/08/2020 8:57:18 AM,EVENT 52779 1597207302 0/0/0/99/2 INPUT 4 1 0 v:123
12/08/2020 8:57:18 AM,252 Event OK
12/08/2020 8:57:19 AM,EVENT 52780 1597207322 0/0/0/0/7 INPUT 3 1 0 v:124
12/08/2020 8:57:19 AM,252 Event OK
12/08/2020 8:57:20 AM,EVENT 52781 1597207353 0/0/0/0/10 INPUT 3 0 31 v:124
12/08/2020 8:57:20 AM,252 Event OK
12/08/2020 8:57:21 AM,EVENT 52782 1597207363 0/0/0/0/6 INPUT 3 1 0 v:124
12/08/2020 8:57:21 AM,252 Event OK
12/08/2020 8:57:22 AM,EVENT 52783 1597207374 0/0/0/0/13 INPUT 3 0 12 v:124
12/08/2020 8:57:22 AM,252 Event OK
12/08/2020 8:57:22 AM,EVENT 52784 1597207382 0/0/0/0/0 INPUT 4 0 81 v:124
12/08/2020 8:57:22 AM,252 Event OK
12/08/2020 8:57:23 AM,EVENT 52785 1597207382 0/0/0/0/0 INPUT 4 1 0 v:124
12/08/2020 8:57:23 AM,252 Event OK
12/08/2020 8:57:24 AM,EVENT 52786 1597207392 0/0/0/0/0 INPUT 4 0 10 v:124
12/08/2020 8:57:24 AM,252 Event OK
12/08/2020 8:57:24 AM,EVENT 52787 1597207392 0/0/0/0/0 INPUT 4 1 0 v:124
12/08/2020 8:57:24 AM,252 Event OK
12/08/2020 8:57:25 AM,EVENT 52788 1597207396 0/0/0/0/1 INPUT 3 1 0 v:124
12/08/2020 8:57:25 AM,252 Event OK
12/08/2020 8:57:26 AM,EVENT 52789 1597207420 0/0/0/0/10 INPUT 3 0 24 v:124
12/08/2020 8:57:26 AM,252 Event OK
12/08/2020 8:57:27 AM,EVENT 52790 1597207439 0/0/0/0/0 INPUT 7 1 0 v:124
12/08/2020 8:57:27 AM,252 Event OK
12/08/2020 8:57:27 AM,EVENT 52791 1597207439 0/0/0/0/0 INPUT 8 0 159 v:124
12/08/2020 8:57:27 AM,252 Event OK
12/08/2020 8:57:28 AM,EVENT 52792 1597207440 0/0/0/0/0 INPUT 1 1 0 v:124
12/08/2020 8:57:28 AM,252 Event OK
12/08/2020 8:57:29 AM,EVENT 52793 1597207441 0/0/0/0/0 INPUT 4 0 49 v:124
12/08/2020 8:57:29 AM,252 Event OK
12/08/2020 8:57:30 AM,EVENT 52794 1597207443 0/0/0/0/0 TRIP 52775 67 79 9 7 155 v:124
12/08/2020 8:57:30 AM,252 Event OK
12/08/2020 8:57:31 AM,EVENT 52795 1597207464 0/0/0/0/0 REPORT * 0 0 v:124
12/08/2020 8:57:31 AM,252 Event OK
12/08/2020 8:57:31 AM,EVENT 52796 1597207999 0/0/0/0/0 INPUT 8 1 0 v:124
12/08/2020 8:57:31 AM,252 Event OK
12/08/2020 8:57:32 AM,EVENT 52797 1597208000 0/0/0/0/0 INPUT 7 0 561 v:124
12/08/2020 8:57:32 AM,252 Event OK
12/08/2020 8:57:33 AM,EVENT 52798 1597208011 0/0/0/0/0 SIGNON 2463 01b1def3 OK 26 271086 0 v:124
12/08/2020 8:57:33 AM,252 Event OK
12/08/2020 8:57:33 AM,EVENT 52799 1597208018 0/0/0/0/0 INPUT 1 0 578 v:124
12/08/2020 8:57:33 AM,252 Event OK
12/08/2020 8:57:34 AM,EVENT 52800 1597208018 0/0/0/0/0 INPUT 4 1 0 v:124
12/08/2020 8:57:34 AM,252 Event OK
12/08/2020 8:57:35 AM,EVENT 52801 1597208024 0/0/0/0/0 INPUT 4 0 6 v:124
12/08/2020 8:57:35 AM,252 Event OK
12/08/2020 8:57:36 AM,EVENT 52802 1597208025 0/0/0/0/0 INPUT 4 1 0 v:124
12/08/2020 8:57:36 AM,252 Event OK
12/08/2020 8:57:36 AM,EVENT 52803 1597208027 0/0/0/0/0 INPUT 4 0 3 v:124
12/08/2020 8:57:36 AM,252 Event OK
12/08/2020 8:57:44 AM,EVENT 52804 1597208027 0/0/0/0/0 INPUT 4 1 0 v:124
12/08/2020 8:57:44 AM,252 Event OK
12/08/2020 8:57:46 AM,EVENT 52805 1597208045 0/0/0/0/7 INPUT 4 0 18 v:124
12/08/2020 8:57:46 AM,252 Event OK
12/08/2020 8:57:46 AM,EVENT 52806 1597208045 0/0/0/0/6 INPUT 4 1 0 v:124
12/08/2020 8:57:46 AM,252 Event OK
12/08/2020 8:57:47 AM,EVENT 52807 1597208057 0/0/0/0/7 INPUT 3 1 0 v:124
12/08/2020 8:57:47 AM,252 Event OK
12/08/2020 8:57:47 AM,EVENT 52808 1597208087 0/0/0/0/13 INPUT 3 0 31 v:124
12/08/2020 8:57:47 AM,252 Event OK
12/08/2020 8:57:48 AM,EVENT 52809 1597208100 0/0/0/0/5 INPUT 3 1 0 v:124
12/08/2020 8:57:48 AM,252 Event OK
12/08/2020 8:57:50 AM,EVENT 52810 1597208130 0/0/0/0/10 INPUT 3 0 31 v:124
12/08/2020 8:57:50 AM,252 Event OK
12/08/2020 8:57:50 AM,EVENT 52811 1597208133 0/0/0/0/4 INPUT 7 1 0 v:124
12/08/2020 8:57:50 AM,252 Event OK
12/08/2020 8:57:51 AM,EVENT 52812 1597208133 0/0/0/0/4 INPUT 8 0 133 v:124
12/08/2020 8:57:51 AM,252 Event OK
12/08/2020 8:57:51 AM,EVENT 52813 1597208134 0/0/0/0/0 INPUT 1 1 0 v:124
12/08/2020 8:57:51 AM,252 Event OK
12/08/2020 8:57:51 AM,EVENT 52814 1597208135 0/0/0/0/0 INPUT 4 0 90 v:124
12/08/2020 8:57:51 AM,252 Event OK
12/08/2020 8:57:52 AM,EVENT 52815 1597208137 0/0/0/0/0 TRIP 52798 62 55 9 7 126 v:124
12/08/2020 8:57:52 AM,252 Event OK
12/08/2020 8:57:52 AM,EVENT 52816 1597220605 0/0/0/0/0 SWSTART OpusFC 5.0.58.518 R v:124
12/08/2020 8:57:52 AM,252 Event OK
12/08/2020 8:57:53 AM,EVENT 52817 1597208137 0/0/0/0/0 POWERDOWN v:124
12/08/2020 8:57:53 AM,252 Event OK
12/08/2020 8:57:53 AM,EVENT 52818 1597220605 0/0/0/0/0 INPUT 1 1 0 v:123
12/08/2020 8:57:53 AM,252 Event OK
12/08/2020 8:57:53 AM,EVENT 52819 1597220605 0/0/0/0/0 INPUT 2 0 0 v:123
12/08/2020 8:57:53 AM,252 Event OK
12/08/2020 8:57:54 AM,EVENT 52820 1597220605 0/0/0/0/0 INPUT 3 0 0 v:123
12/08/2020 8:57:54 AM,252 Event OK
12/08/2020 8:57:54 AM,EVENT 52821 1597220605 0/0/0/0/0 INPUT 4 0 0 v:123
12/08/2020 8:57:54 AM,252 Event OK
12/08/2020 8:57:54 AM,EVENT 52822 1597220605 0/0/0/0/0 INPUT 7 0 0 v:123
12/08/2020 8:57:54 AM,252 Event OK
12/08/2020 8:57:54 AM,EVENT 52823 1597220605 0/0/0/0/0 INPUT 8 1 0 v:123
12/08/2020 8:57:54 AM,252 Event OK
12/08/2020 8:57:55 AM,EVENT 52824 1597220607 0/0/0/0/0 ZONE_OK 2 100 FW=NO VERSION v:123
12/08/2020 8:57:55 AM,252 Event OK
12/08/2020 8:57:55 AM,EVENT 52825 1597220615 0/0/0/0/0 SIGNON 2463 01b1def3 OK 26 271086 0 v:123
12/08/2020 8:57:55 AM,252 Event OK
12/08/2020 8:57:55 AM,EVENT 52826 1597220621 0/0/0/99/0 INPUT 1 0 16 v:123
12/08/2020 8:57:55 AM,252 Event OK
12/08/2020 8:57:55 AM,EVENT 52827 1597220621 0/0/0/99/0 INPUT 4 1 0 v:124
12/08/2020 8:57:55 AM,252 Event OK
12/08/2020 8:57:56 AM,EVENT 52828 1597220639 0/0/0/0/4 INPUT 4 0 18 v:124
12/08/2020 8:57:56 AM,252 Event OK
12/08/2020 8:57:56 AM,EVENT 52829 1597220639 0/0/0/0/4 INPUT 4 1 0 v:124
12/08/2020 8:57:56 AM,252 Event OK
12/08/2020 8:57:56 AM,EVENT 52830 1597220657 0/0/0/0/8 INPUT 3 1 0 v:124
12/08/2020 8:57:56 AM,252 Event OK
12/08/2020 8:57:56 AM,EVENT 52831 1597220663 0/0/0/0/13 INPUT 3 0 6 v:124
12/08/2020 8:57:56 AM,252 Event OK
12/08/2020 8:57:57 AM,EVENT 52832 1597220664 0/0/0/0/10 INPUT 3 1 0 v:124
12/08/2020 8:57:57 AM,252 Event OK
12/08/2020 8:57:57 AM,EVENT 52833 1597220728 0/0/0/0/10 INPUT 3 0 64 v:124
12/08/2020 8:57:57 AM,252 Event OK
12/08/2020 8:57:57 AM,EVENT 52834 1597220731 0/0/0/0/8 INPUT 3 1 0 v:124
12/08/2020 8:57:57 AM,252 Event OK
12/08/2020 8:57:58 AM,EVENT 52835 1597220737 0/0/0/0/13 INPUT 3 0 6 v:124
12/08/2020 8:57:58 AM,252 Event OK
12/08/2020 8:57:59 AM,EVENT 52836 1597220785 0/0/0/0/7 INPUT 3 1 0 v:124
12/08/2020 8:57:59 AM,252 Event OK
12/08/2020 8:57:59 AM,EVENT 52837 1597220787 0/0/0/0/10 INPUT 3 0 1 v:124
12/08/2020 8:57:59 AM,252 Event OK
12/08/2020 8:57:59 AM,EVENT 52838 1597220801 0/0/0/0/8 INPUT 3 1 0 v:124
12/08/2020 8:57:59 AM,252 Event OK
12/08/2020 8:57:59 AM,EVENT 52839 1597220813 0/0/0/0/14 INPUT 3 0 13 v:124
12/08/2020 8:57:59 AM,252 Event OK
12/08/2020 8:58:00 AM,EVENT 52840 1597220826 0/0/0/0/5 INPUT 3 1 0 v:124
12/08/2020 8:58:00 AM,252 Event OK
12/08/2020 8:58:00 AM,EVENT 52841 1597220840 0/0/0/0/12 INPUT 3 0 14 v:124
12/08/2020 8:58:00 AM,252 Event OK
12/08/2020 8:58:00 AM,EVENT 52842 1597220874 0/0/0/0/7 INPUT 3 1 0 v:124
12/08/2020 8:58:00 AM,252 Event OK
12/08/2020 8:58:00 AM,EVENT 52843 1597220875 0/0/0/0/9 INPUT 3 0 2 v:124
12/08/2020 8:58:00 AM,252 Event OK
12/08/2020 8:58:01 AM,EVENT 52844 1597220877 0/0/0/0/8 INPUT 3 1 0 v:124
12/08/2020 8:58:01 AM,252 Event OK
12/08/2020 8:58:01 AM,EVENT 52845 1597220884 0/0/0/0/9 INPUT 3 0 7 v:124
12/08/2020 8:58:01 AM,252 Event OK
12/08/2020 8:58:01 AM,EVENT 52846 1597220888 0/0/0/0/0 INPUT 4 0 249 v:124
12/08/2020 8:58:01 AM,252 Event OK
12/08/2020 8:58:01 AM,EVENT 52847 1597220888 0/0/0/0/0 INPUT 4 1 0 v:124
12/08/2020 8:58:01 AM,252 Event OK
12/08/2020 8:58:02 AM,EVENT 52848 1597220911 0/0/0/0/7 INPUT 3 1 0 v:124
12/08/2020 8:58:02 AM,252 Event OK
12/08/2020 8:58:02 AM,EVENT 52849 1597220930 0/0/0/0/10 INPUT 3 0 19 v:124
12/08/2020 8:58:02 AM,252 Event OK
12/08/2020 8:58:02 AM,EVENT 52850 1597220957 0/0/0/99/0 INPUT 4 0 69 v:124
12/08/2020 8:58:02 AM,252 Event OK
12/08/2020 8:58:03 AM,EVENT 52851 1597220957 0/0/0/99/0 INPUT 4 1 0 v:124
12/08/2020 8:58:03 AM,252 Event OK
12/08/2020 8:58:03 AM,EVENT 52852 1597220969 0/0/0/99/7 INPUT 3 1 0 v:124
12/08/2020 8:58:03 AM,252 Event OK
12/08/2020 8:58:03 AM,EVENT 52853 1597220971 0/0/0/0/11 INPUT 3 0 2 v:124
12/08/2020 8:58:03 AM,252 Event OK
12/08/2020 8:58:03 AM,EVENT 52854 1597220988 0/0/0/0/5 INPUT 4 0 31 v:124
12/08/2020 8:58:03 AM,252 Event OK
12/08/2020 8:58:04 AM,EVENT 52855 1597220989 0/0/0/0/4 INPUT 4 1 0 v:124
12/08/2020 8:58:04 AM,252 Event OK
12/08/2020 8:58:05 AM,EVENT 52856 1597221007 0/0/0/0/0 INPUT 4 0 19 v:124
12/08/2020 8:58:05 AM,252 Event OK
12/08/2020 8:58:06 AM,EVENT 52857 1597221008 0/0/0/0/0 INPUT 4 1 0 v:124
12/08/2020 8:58:06 AM,252 Event OK
12/08/2020 8:58:06 AM,EVENT 52858 1597221010 0/0/0/0/0 INPUT 4 0 3 v:124
12/08/2020 8:58:06 AM,252 Event OK
12/08/2020 8:58:07 AM,EVENT 52859 1597221011 0/0/0/0/0 INPUT 4 1 0 v:124
12/08/2020 8:58:07 AM,252 Event OK
12/08/2020 8:58:07 AM,EVENT 52860 1597221028 0/0/0/0/7 INPUT 3 1 0 v:124
12/08/2020 8:58:07 AM,252 Event OK
12/08/2020 8:58:07 AM,EVENT 52861 1597221038 0/0/0/0/10 INPUT 3 0 10 v:124
12/08/2020 8:58:07 AM,252 Event OK
12/08/2020 8:58:08 AM,EVENT 52862 1597221133 0/0/0/0/6 INPUT 3 1 0 v:124
12/08/2020 8:58:08 AM,252 Event OK
12/08/2020 8:58:11 AM,EVENT 52863 1597221193 0/0/0/0/11 INPUT 3 0 60 v:124
12/08/2020 8:58:11 AM,252 Event OK
12/08/2020 8:58:11 AM,EVENT 52864 1597221205 0/0/0/0/4 INPUT 3 1 0 v:124
12/08/2020 8:58:11 AM,252 Event OK
12/08/2020 8:58:13 AM,EVENT 52865 1597221250 0/0/0/0/10 INPUT 3 0 46 v:124
12/08/2020 8:58:13 AM,252 Event OK
12/08/2020 8:58:16 AM,EVENT 52866 1597221263 0/0/0/0/4 INPUT 3 1 0 v:124
12/08/2020 8:58:16 AM,252 Event OK
12/08/2020 8:58:17 AM,EVENT 52867 1597221318 0/0/0/0/10 INPUT 3 0 55 v:124
12/08/2020 8:58:17 AM,252 Event OK
12/08/2020 8:58:23 AM,EVENT 52868 1597221351 0/0/0/0/4 INPUT 3 1 0 v:124
12/08/2020 8:58:23 AM,252 Event OK
12/08/2020 8:58:24 AM,EVENT 52869 1597221466 0/0/0/0/11 INPUT 3 0 114 v:124
12/08/2020 8:58:24 AM,252 Event OK
12/08/2020 8:58:24 AM,EVENT 52870 1597221476 0/0/0/0/0 INPUT 4 0 466 v:124
12/08/2020 8:58:24 AM,252 Event OK
12/08/2020 8:58:44 AM,EVENT 52871 1597221476 0/0/0/0/0 INPUT 4 1 0 v:124
12/08/2020 8:58:44 AM,252 Event OK
12/08/2020 8:58:45 AM,EVENT 52872 1597221518 0/0/0/0/6 INPUT 3 1 0 v:124
12/08/2020 8:58:45 AM,252 Event OK
12/08/2020 8:58:45 AM,EVENT 52873 1597222397 0/0/0/0/9 INPUT 3 0 878 v:124
12/08/2020 8:58:45 AM,252 Event OK
12/08/2020 8:58:54 AM,EVENT 52874 1597222403 -310120916/1219229822/6821/0/0 INPUT 7 1 0 v:124
12/08/2020 8:58:54 AM,252 Event OK
12/08/2020 8:58:55 AM,EVENT 52875 1597222403 -310120916/1219229822/6821/0/0 INPUT 8 0 1797 v:124
12/08/2020 8:58:55 AM,252 Event OK
12/08/2020 8:58:56 AM,EVENT 52876 1597222404 -310120866/1219229767/4498/0/0 INPUT 1 1 0 v:124
12/08/2020 8:58:56 AM,252 Event OK
12/08/2020 8:58:58 AM,EVENT 52877 1597222405 -310120882/1219229781/3300/0/0 INPUT 4 0 929 v:123
12/08/2020 8:58:58 AM,252 Event OK
12/08/2020 8:58:59 AM,EVENT 52878 1597222407 -310120915/1219229796/2655/0/0 TRIP 52825 1297 487 9 7 1793 v:123
12/08/2020 8:58:59 AM,252 Event OK
12/08/2020 8:58:59 AM,EVENT 52879 1597222437 -310120983/1219229814/1168/0/0 REPORT * 0 60 v:124
12/08/2020 8:58:59 AM,252 Event OK
12/08/2020 8:59:00 AM,EVENT 52880 1597222487 -310120955/1219229899/971/0/0 INPUT 8 1 0 v:124
12/08/2020 8:59:00 AM,252 Event OK
12/08/2020 8:59:00 AM,EVENT 52881 1597222488 -310120957/1219229897/971/0/0 INPUT 7 0 85 v:124
12/08/2020 8:59:00 AM,252 Event OK
12/08/2020 8:59:01 AM,EVENT 52882 1597222497 -310120951/1219229928/1003/0/0 SIGNON 2463 01b1def3 OK 26 271086 0 v:124
12/08/2020 8:59:01 AM,252 Event OK
12/08/2020 8:59:30 AM,UNIT 9279
12/08/2020 8:59:30 AM,333 CHAL 2B004590
12/08/2020 8:59:30 AM,RESP 3D5D1EF2
12/08/2020 8:59:30 AM,230 Auth OK
12/08/2020 8:59:31 AM,TIME
12/08/2020 8:59:31 AM,211 TIME 1597222771
12/08/2020 8:59:31 AM,EVCOUNT 10
12/08/2020 8:59:31 AM,252 Event OK
12/08/2020 9:01:12 AM,UNIT 9279
12/08/2020 9:01:12 AM,333 CHAL 7C023F44
12/08/2020 9:01:12 AM,RESP 704204DB
12/08/2020 9:01:12 AM,230 Auth OK
12/08/2020 9:01:12 AM,TIME
12/08/2020 9:01:12 AM,211 TIME 1597222872
12/08/2020 9:01:13 AM,EVCOUNT 10
12/08/2020 9:01:13 AM,252 Event OK
12/08/2020 9:01:13 AM,TODO
12/08/2020 9:01:13 AM,226 Nothing to do
12/08/2020 9:01:14 AM,EVENT 52882 1597222497 -310120951/1219229928/1003/0/0 SIGNON 2463 01b1def3 OK 26 271086 0 v:124
12/08/2020 9:01:14 AM,253 Event OK - Duplicate
12/08/2020 9:01:15 AM,EVENT 52883 1597222503 -310120940/1219229944/1000/0/0 INPUT 1 0 100 v:124
12/08/2020 9:01:15 AM,252 Event OK
12/08/2020 9:01:15 AM,EVENT 52884 1597222504 -310120939/1219229946/999/0/0 INPUT 4 1 0 v:124
12/08/2020 9:01:15 AM,252 Event OK
12/08/2020 9:01:16 AM,EVENT 52885 1597222514 -310120577/1219230482/1054/0/5 INPUT 3 1 0 v:124
12/08/2020 9:01:16 AM,252 Event OK
12/08/2020 9:01:17 AM,EVENT 52886 1597222665 -310121899/1219228063/1008/3/11 INPUT 3 0 151 v:124
12/08/2020 9:01:17 AM,252 Event OK
12/08/2020 9:01:17 AM,EVENT 52887 1597222668 -310121767/1219228262/1013/3/3 INPUT 7 1 0 v:124
12/08/2020 9:01:17 AM,252 Event OK
12/08/2020 9:01:18 AM,EVENT 52888 1597222668 -310121767/1219228262/1013/3/3 INPUT 8 0 180 v:124
12/08/2020 9:01:18 AM,252 Event OK
12/08/2020 9:01:19 AM,EVENT 52889 1597222669 -310121761/1219228271/1016/3/2 INPUT 1 1 0 v:124
12/08/2020 9:01:19 AM,252 Event OK
12/08/2020 9:01:19 AM,EVENT 52890 1597222670 -310121755/1219228282/1016/3/0 INPUT 4 0 167 v:123
12/08/2020 9:01:19 AM,252 Event OK
12/08/2020 9:01:20 AM,EVENT 52891 1597222672 -310121748/1219228295/1014/3/0 TRIP 52882 151 16 9 7 176 v:123
12/08/2020 9:01:20 AM,252 Event OK
12/08/2020 9:01:21 AM,QUIT
12/08/2020 9:01:21 AM,221 Session ended - goodbye
12/08/2020 9:16:35 AM,UNIT 9279
12/08/2020 9:16:35 AM,333 CHAL 78883749
12/08/2020 9:16:35 AM,RESP 67CD292B
12/08/2020 9:16:35 AM,230 Auth OK
12/08/2020 9:16:35 AM,TIME
12/08/2020 9:16:35 AM,211 TIME 1597223795
12/08/2020 9:16:36 AM,EVCOUNT 3
12/08/2020 9:16:36 AM,252 Event OK
12/08/2020 9:16:36 AM,TODO
12/08/2020 9:16:36 AM,226 Nothing to do
12/08/2020 9:16:37 AM,EVENT 52892 1597223790 -310121905/1219228416/1030/1/0 INPUT 8 1 0 v:124
12/08/2020 9:16:37 AM,252 Event OK
12/08/2020 9:16:38 AM,EVENT 52893 1597223791 -310121905/1219228415/1030/1/0 INPUT 7 0 1123 v:124
12/08/2020 9:16:38 AM,252 Event OK
12/08/2020 9:16:38 AM,EVENT 52894 1597223792 -310121905/1219228411/1031/1/0 DEBUG Time(BAD):1597223792->4294967295 v:124
12/08/2020 9:16:38 AM,252 Event OK
12/08/2020 9:16:39 AM,QUIT
12/08/2020 9:16:39 AM,221 Session ended - goodbye
12/08/2020 9:16:49 AM,UNIT 9279
12/08/2020 9:16:49 AM,333 CHAL DEA4C6D
12/08/2020 9:16:49 AM,RESP 9ADC0224
12/08/2020 9:16:49 AM,230 Auth OK
12/08/2020 9:16:50 AM,TIME
12/08/2020 9:16:50 AM,211 TIME 1597223810
12/08/2020 9:16:50 AM,EVCOUNT 3
12/08/2020 9:16:50 AM,252 Event OK
12/08/2020 9:16:52 AM,TODO
12/08/2020 9:16:52 AM,226 Nothing to do
12/08/2020 9:17:11 AM,EVENT 52895 1597223799 -310121869/1219228388/1023/2/0 SIGNON 2463 01b1def3 OK 26 271086 0 v:124
12/08/2020 9:17:11 AM,252 Event OK
12/08/2020 9:17:58 AM,UNIT 9279
12/08/2020 9:17:58 AM,333 CHAL 3F992DC5
12/08/2020 9:17:59 AM,RESP E8D0A072
12/08/2020 9:17:59 AM,230 Auth OK
12/08/2020 9:18:00 AM,TIME
12/08/2020 9:18:00 AM,211 TIME 1597223880
12/08/2020 9:18:00 AM,EVCOUNT 4
12/08/2020 9:18:00 AM,252 Event OK
12/08/2020 9:18:00 AM,TODO
12/08/2020 9:18:00 AM,226 Nothing to do
12/08/2020 9:18:00 AM,EVENT 52895 1597223799 -310121869/1219228388/1023/2/0 SIGNON 2463 01b1def3 OK 26 271086 0 v:124
12/08/2020 9:18:00 AM,253 Event OK - Duplicate
12/08/2020 9:18:01 AM,EVENT 52896 1597223805 -310121815/1219228397/1003/2/0 INPUT 4 1 0 v:124
12/08/2020 9:18:01 AM,252 Event OK
12/08/2020 9:18:01 AM,EVENT 52897 1597223806 -310121811/1219228401/1000/2/0 INPUT 1 0 1137 v:124
12/08/2020 9:18:01 AM,252 Event OK
12/08/2020 9:18:01 AM,EVENT 52898 1597223814 -310121338/1219229265/998/2/8 INPUT 3 1 0 v:124
12/08/2020 9:18:01 AM,252 Event OK
12/08/2020 9:18:02 AM,QUIT
12/08/2020 9:18:02 AM,221 Session ended - goodbye
12/08/2020 9:18:28 AM,UNIT 9279
12/08/2020 9:18:28 AM,333 CHAL 6BC17ADD
12/08/2020 9:18:28 AM,RESP 1CC6F77F
12/08/2020 9:18:28 AM,230 Auth OK
12/08/2020 9:18:29 AM,TIME
12/08/2020 9:18:29 AM,211 TIME 1597223909
12/08/2020 9:18:29 AM,EVCOUNT 1
12/08/2020 9:18:29 AM,252 Event OK
12/08/2020 9:18:30 AM,TODO
12/08/2020 9:18:30 AM,226 Nothing to do
12/08/2020 9:18:30 AM,EVENT 52899 1597223904 -310143007/1219230854/987/2/11 INPUT 3 0 90 v:124
12/08/2020 9:18:30 AM,252 Event OK
12/08/2020 9:18:31 AM,QUIT
12/08/2020 9:18:31 AM,221 Session ended - goodbye
12/08/2020 9:18:42 AM,UNIT 9279
12/08/2020 9:18:42 AM,333 CHAL 60643BD
12/08/2020 9:18:42 AM,RESP B78308D4
12/08/2020 9:18:42 AM,230 Auth OK
12/08/2020 9:18:43 AM,TIME
12/08/2020 9:18:43 AM,211 TIME 1597223923
12/08/2020 9:18:43 AM,EVCOUNT 5
12/08/2020 9:18:43 AM,252 Event OK
12/08/2020 9:18:44 AM,TODO
12/08/2020 9:18:44 AM,226 Nothing to do
12/08/2020 9:18:45 AM,EVENT 52900 1597223910 -310143449/1219230746/1023/2/0 INPUT 7 1 0 v:124
12/08/2020 9:18:45 AM,252 Event OK
12/08/2020 9:18:46 AM,EVENT 52901 1597223910 -310143449/1219230746/1023/2/0 INPUT 8 0 119 v:124
12/08/2020 9:18:46 AM,252 Event OK
12/08/2020 9:18:47 AM,EVENT 52902 1597223911 -310143457/1219230749/1023/2/0 INPUT 1 1 0 v:124
12/08/2020 9:18:47 AM,252 Event OK
12/08/2020 9:18:47 AM,EVENT 52903 1597223911 -310143465/1219230752/1021/2/0 INPUT 4 0 106 v:124
12/08/2020 9:18:47 AM,252 Event OK
12/08/2020 9:18:48 AM,EVENT 52904 1597223914 -310143517/1219230761/1017/2/0 TRIP 52895 90 16 10 7 116 v:124
12/08/2020 9:18:48 AM,252 Event OK
12/08/2020 9:18:49 AM,QUIT
12/08/2020 9:18:49 AM,221 Session ended - goodbye
12/08/2020 10:15:27 AM,UNIT 9279
12/08/2020 10:15:27 AM,333 CHAL 681B99B8
12/08/2020 10:15:28 AM,RESP 401402E7
12/08/2020 10:15:28 AM,230 Auth OK
12/08/2020 10:15:28 AM,TIME
12/08/2020 10:15:28 AM,211 TIME 1597227328
12/08/2020 10:15:28 AM,EVCOUNT 15
12/08/2020 10:15:28 AM,252 Event OK
12/08/2020 10:15:28 AM,TODO
12/08/2020 10:15:28 AM,226 Nothing to do
12/08/2020 10:15:29 AM,EVENT 52905 1597227285 0/0/0/0/0 SWSTART OpusFC 5.0.58.518 R v:123
12/08/2020 10:15:29 AM,252 Event OK
12/08/2020 10:15:29 AM,EVENT 52906 1597223914 0/0/0/0/0 POWERDOWN v:124
12/08/2020 10:15:29 AM,252 Event OK
12/08/2020 10:15:29 AM,EVENT 52907 1597227285 0/0/0/0/0 INPUT 1 1 0 v:123
12/08/2020 10:15:29 AM,252 Event OK
12/08/2020 10:15:30 AM,EVENT 52908 1597227285 0/0/0/0/0 INPUT 2 0 0 v:123
12/08/2020 10:15:30 AM,252 Event OK
12/08/2020 10:15:30 AM,EVENT 52909 1597227285 0/0/0/0/0 INPUT 3 0 0 v:123
12/08/2020 10:15:30 AM,252 Event OK
12/08/2020 10:15:30 AM,EVENT 52910 1597227285 0/0/0/0/0 INPUT 4 0 0 v:123
12/08/2020 10:15:30 AM,252 Event OK
12/08/2020 10:15:31 AM,EVENT 52911 1597227285 0/0/0/0/0 INPUT 7 0 0 v:123
12/08/2020 10:15:31 AM,252 Event OK
12/08/2020 10:15:31 AM,EVENT 52912 1597227285 0/0/0/0/0 INPUT 8 1 0 v:123
12/08/2020 10:15:31 AM,252 Event OK
12/08/2020 10:15:31 AM,EVENT 52913 1597227287 0/0/0/0/0 ZONE_OK 2 100 FW=NO VERSION v:123
12/08/2020 10:15:31 AM,252 Event OK
12/08/2020 10:15:32 AM,EVENT 52914 1597227296 0/0/0/0/0 SIGNON 2544 03d5def0 OK_CL 26 151087 0 v:123
12/08/2020 10:15:32 AM,252 Event OK
12/08/2020 10:15:32 AM,EVENT 52915 1597227301 0/0/0/99/0 CHECKLIST 52914 OK 0 6 432 F v:123
12/08/2020 10:15:32 AM,252 Event OK
12/08/2020 10:15:32 AM,EVENT 52916 1597227308 0/0/0/5/0 INPUT 4 1 0 v:123
12/08/2020 10:15:32 AM,252 Event OK
12/08/2020 10:15:32 AM,EVENT 52917 1597227308 0/0/0/5/0 INPUT 1 0 22 v:123
12/08/2020 10:15:32 AM,252 Event OK
12/08/2020 10:15:33 AM,EVENT 52918 1597227314 0/0/0/4/0 INPUT 4 0 7 v:123
12/08/2020 10:15:33 AM,252 Event OK
12/08/2020 10:15:33 AM,EVENT 52919 1597227314 0/0/0/4/0 INPUT 4 1 0 v:123
12/08/2020 10:15:33 AM,252 Event OK
12/08/2020 10:15:33 AM,QUIT
12/08/2020 10:15:33 AM,221 Session ended - goodbye
12/08/2020 10:15:43 AM,UNIT 9279
12/08/2020 10:15:43 AM,333 CHAL 65E60168
12/08/2020 10:15:44 AM,RESP 30E896E7
12/08/2020 10:15:44 AM,230 Auth OK
12/08/2020 10:15:45 AM,TIME
12/08/2020 10:15:45 AM,211 TIME 1597227345
12/08/2020 10:15:46 AM,EVCOUNT 5
12/08/2020 10:15:46 AM,252 Event OK
12/08/2020 10:15:46 AM,TODO
12/08/2020 10:15:46 AM,226 Nothing to do
12/08/2020 10:15:47 AM,EVENT 52920 1597227334 -310142614/1219230109/2002/4/1 INPUT 4 0 20 v:123
12/08/2020 10:15:47 AM,252 Event OK
12/08/2020 10:15:48 AM,EVENT 52921 1597227334 -310142629/1219230159/1937/4/1 INPUT 4 1 0 v:123
12/08/2020 10:15:48 AM,252 Event OK
12/08/2020 10:15:49 AM,EVENT 52922 1597227337 -310142771/1219230613/1685/4/6 INPUT 3 1 0 v:123
12/08/2020 10:15:49 AM,252 Event OK
12/08/2020 10:15:52 AM,EVENT 52923 1597227338 -310142861/1219231026/1575/4/9 INPUT 3 0 2 v:123
12/08/2020 10:15:52 AM,252 Event OK
12/08/2020 10:15:53 AM,EVENT 52924 1597227340 -310142918/1219231393/1478/2/8 INPUT 3 1 0 v:123
12/08/2020 10:15:53 AM,252 Event OK
12/08/2020 10:15:53 AM,QUIT
12/08/2020 10:15:53 AM,221 Session ended - goodbye
12/08/2020 10:16:48 AM,UNIT 9279
12/08/2020 10:16:48 AM,333 CHAL 73D699C4
12/08/2020 10:16:49 AM,RESP 318A8A85
12/08/2020 10:16:49 AM,230 Auth OK
12/08/2020 10:16:49 AM,TIME
12/08/2020 10:16:49 AM,211 TIME 1597227409
12/08/2020 10:16:50 AM,EVCOUNT 1
12/08/2020 10:16:50 AM,252 Event OK
12/08/2020 10:16:50 AM,TODO
12/08/2020 10:16:50 AM,226 Nothing to do
12/08/2020 10:16:51 AM,EVENT 52925 1597227403 -310122002/1219236754/955/8/13 INPUT 3 0 62 v:124
12/08/2020 10:16:51 AM,252 Event OK
12/08/2020 10:16:52 AM,QUIT
12/08/2020 10:16:52 AM,221 Session ended - goodbye
12/08/2020 10:17:02 AM,UNIT 9279
12/08/2020 10:17:02 AM,333 CHAL 4DE54929
12/08/2020 10:17:03 AM,RESP 4F4921F9
12/08/2020 10:17:03 AM,230 Auth OK
12/08/2020 10:17:03 AM,TIME
12/08/2020 10:17:03 AM,211 TIME 1597227423
12/08/2020 10:17:04 AM,EVCOUNT 5
12/08/2020 10:17:04 AM,252 Event OK
12/08/2020 10:17:04 AM,TODO
12/08/2020 10:17:04 AM,226 Nothing to do
12/08/2020 10:17:05 AM,EVENT 52926 1597227410 -310121267/1219236286/974/8/2 INPUT 7 1 0 v:124
12/08/2020 10:17:05 AM,252 Event OK
12/08/2020 10:17:06 AM,EVENT 52927 1597227410 -310121267/1219236286/974/8/2 INPUT 8 0 124 v:124
12/08/2020 10:17:06 AM,252 Event OK
12/08/2020 10:17:07 AM,EVENT 52928 1597227411 -310121260/1219236278/979/8/0 INPUT 1 1 0 v:123
12/08/2020 10:17:07 AM,252 Event OK
12/08/2020 10:17:07 AM,EVENT 52929 1597227411 -310121260/1219236278/979/8/0 INPUT 4 0 77 v:123
12/08/2020 10:17:07 AM,252 Event OK
12/08/2020 10:17:08 AM,EVENT 52930 1597227415 -310121241/1219236241/998/8/0 TRIP 52914 64 40 12 8 116 v:123
12/08/2020 10:17:08 AM,252 Event OK
12/08/2020 10:17:09 AM,QUIT
12/08/2020 10:17:09 AM,221 Session ended - goodbye
12/08/2020 10:17:54 AM,UNIT 9279
12/08/2020 10:17:54 AM,333 CHAL 519FE75D
12/08/2020 10:17:55 AM,RESP B3ADCF2F
12/08/2020 10:17:55 AM,230 Auth OK
12/08/2020 10:17:55 AM,TIME
12/08/2020 10:17:55 AM,211 TIME 1597227475
12/08/2020 10:17:56 AM,EVCOUNT 1
12/08/2020 10:17:56 AM,252 Event OK
12/08/2020 10:17:56 AM,TODO
12/08/2020 10:17:56 AM,226 Nothing to do
12/08/2020 10:17:57 AM,EVENT 52931 1597227470 -310121383/1219236265/884/5/0 REPORT * 0 140 v:123
12/08/2020 10:17:57 AM,252 Event OK
12/08/2020 10:17:58 AM,QUIT
12/08/2020 10:17:58 AM,221 Session ended - goodbye
12/08/2020 10:18:10 AM,UNIT 9279
12/08/2020 10:18:10 AM,333 CHAL 63EF9E8B
12/08/2020 10:18:11 AM,RESP EC39E3E0
12/08/2020 10:18:11 AM,230 Auth OK
12/08/2020 10:18:11 AM,TIME
12/08/2020 10:18:11 AM,211 TIME 1597227491
12/08/2020 10:18:12 AM,EVCOUNT 2
12/08/2020 10:18:12 AM,252 Event OK
12/08/2020 10:18:12 AM,TODO
12/08/2020 10:18:12 AM,226 Nothing to do
12/08/2020 10:18:13 AM,EVENT 52932 1597227485 -310121385/1219236203/890/5/0 INPUT 8 1 0 v:123
12/08/2020 10:18:13 AM,252 Event OK
12/08/2020 10:18:13 AM,EVENT 52933 1597227486 -310121385/1219236203/890/5/0 INPUT 7 0 76 v:123
12/08/2020 10:18:13 AM,252 Event OK
12/08/2020 10:18:14 AM,QUIT
12/08/2020 10:18:14 AM,221 Session ended - goodbye
12/08/2020 10:18:24 AM,UNIT 9279
12/08/2020 10:18:24 AM,333 CHAL 173037B0
12/08/2020 10:18:25 AM,RESP 32C41B5A
12/08/2020 10:18:25 AM,230 Auth OK
12/08/2020 10:18:25 AM,TIME
12/08/2020 10:18:25 AM,211 TIME 1597227505
12/08/2020 10:18:26 AM,EVCOUNT 3
12/08/2020 10:18:26 AM,252 Event OK
12/08/2020 10:18:26 AM,TODO
12/08/2020 10:18:26 AM,226 Nothing to do
12/08/2020 10:18:27 AM,EVENT 52934 1597227495 -310121388/1219236165/893/5/0 SIGNON 2544 03d5def0 OK 26 151087 0 v:124
12/08/2020 10:18:27 AM,252 Event OK
12/08/2020 10:18:28 AM,EVENT 52935 1597227501 -310121383/1219236146/904/5/0 INPUT 1 0 89 v:124
12/08/2020 10:18:28 AM,252 Event OK
12/08/2020 10:18:28 AM,EVENT 52936 1597227502 -310121381/1219236146/906/5/0 INPUT 4 1 0 v:124
12/08/2020 10:18:28 AM,252 Event OK
12/08/2020 10:18:29 AM,QUIT
12/08/2020 10:18:29 AM,221 Session ended - goodbye
12/08/2020 10:18:39 AM,UNIT 9279
12/08/2020 10:18:39 AM,333 CHAL 714177C5
12/08/2020 10:18:40 AM,RESP 42F085B0
12/08/2020 10:18:40 AM,230 Auth OK
12/08/2020 10:18:41 AM,TIME
12/08/2020 10:18:41 AM,211 TIME 1597227521
12/08/2020 10:18:41 AM,EVCOUNT 3
12/08/2020 10:18:41 AM,252 Event OK
12/08/2020 10:18:42 AM,TODO
12/08/2020 10:18:42 AM,226 Nothing to do
12/08/2020 10:18:43 AM,EVENT 52937 1597227508 -310120959/1219235873/907/5/7 INPUT 3 1 0 v:123
12/08/2020 10:18:43 AM,252 Event OK
12/08/2020 10:18:43 AM,EVENT 52938 1597227515 -310119276/1219234580/922/5/11 INPUT 3 0 8 v:124
12/08/2020 10:18:43 AM,252 Event OK
12/08/2020 10:18:44 AM,EVENT 52939 1597227517 -310119020/1219234310/925/5/7 INPUT 3 1 0 v:124
12/08/2020 10:18:44 AM,252 Event OK
12/08/2020 10:18:45 AM,QUIT
12/08/2020 10:18:45 AM,221 Session ended - goodbye
12/08/2020 8:51:50 PM,UNIT 9279
12/08/2020 8:51:50 PM,333 CHAL 7CD9C200
12/08/2020 8:51:51 PM,RESP 35EDBA4F
12/08/2020 8:51:51 PM,230 Auth OK
12/08/2020 8:51:51 PM,TIME
12/08/2020 8:51:51 PM,211 TIME 1597265511
12/08/2020 8:51:52 PM,EVCOUNT 221
12/08/2020 8:51:52 PM,252 Event OK
12/08/2020 8:51:52 PM,TODO
12/08/2020 8:51:52 PM,226 Nothing to do
12/08/2020 8:51:53 PM,EVENT 52940 1597227530 -310121156/1219229945/935/4/10 INPUT 3 0 14 v:124
12/08/2020 8:51:53 PM,252 Event OK
12/08/2020 8:51:54 PM,EVENT 52941 1597227650 -310121378/1219229931/939/0/0 INPUT 4 0 149 v:124
12/08/2020 8:51:54 PM,252 Event OK
12/08/2020 8:51:55 PM,EVENT 52942 1597227650 -310121378/1219229929/940/0/0 INPUT 4 1 0 v:124
12/08/2020 8:51:55 PM,252 Event OK
12/08/2020 8:51:56 PM,EVENT 52943 1597227683 -310121341/1219229843/905/0/0 INPUT 4 0 33 v:124
12/08/2020 8:51:56 PM,252 Event OK
12/08/2020 8:51:57 PM,EVENT 52944 1597227683 -310121341/1219229843/905/0/0 INPUT 4 1 0 v:124
12/08/2020 8:51:57 PM,252 Event OK
12/08/2020 8:51:58 PM,EVENT 52945 1597227721 -310121823/1219229152/919/0/6 INPUT 4 0 38 v:124
12/08/2020 8:51:58 PM,252 Event OK
12/08/2020 8:51:58 PM,EVENT 52946 1597227721 -310121841/1219229124/921/0/5 INPUT 4 1 0 v:124
12/08/2020 8:51:58 PM,252 Event OK
12/08/2020 8:51:59 PM,EVENT 52947 1597227722 -310121847/1219229121/924/0/1 INPUT 7 1 0 v:124
12/08/2020 8:51:59 PM,252 Event OK
12/08/2020 8:52:00 PM,EVENT 52948 1597227723 -310121847/1219229121/924/0/1 INPUT 8 0 237 v:124
12/08/2020 8:52:00 PM,252 Event OK
12/08/2020 8:52:01 PM,EVENT 52949 1597227724 -310121848/1219229119/927/0/0 INPUT 1 1 0 v:124
12/08/2020 8:52:01 PM,252 Event OK
12/08/2020 8:52:01 PM,EVENT 52950 1597227724 -310121849/1219229118/928/0/0 INPUT 4 0 3 v:124
12/08/2020 8:52:01 PM,252 Event OK
12/08/2020 8:52:02 PM,EVENT 52951 1597227725 -310121851/1219229114/931/0/0 INPUT 4 1 0 v:123
12/08/2020 8:52:02 PM,252 Event OK
12/08/2020 8:52:03 PM,EVENT 52952 1597227727 -310121855/1219229109/937/0/0 TRIP 52934 22 203 8 7 233 v:124
12/08/2020 8:52:03 PM,252 Event OK
12/08/2020 8:52:04 PM,EVENT 52953 1597227728 -310121855/1219229109/937/0/0 INPUT 4 0 2 v:124
12/08/2020 8:52:04 PM,252 Event OK
12/08/2020 8:52:05 PM,EVENT 52954 1597227954 -310121712/1219229197/927/0/0 INPUT 8 1 0 v:124
12/08/2020 8:52:05 PM,252 Event OK
12/08/2020 8:52:06 PM,EVENT 52955 1597227954 -310121712/1219229199/927/0/0 INPUT 7 0 231 v:124
12/08/2020 8:52:06 PM,252 Event OK
12/08/2020 8:52:07 PM,EVENT 52956 1597227965 -310121762/1219229324/920/99/0 SIGNON 2544 03d5def0 OK 26 151087 0 v:124
12/08/2020 8:52:07 PM,252 Event OK
12/08/2020 8:52:08 PM,EVENT 52957 1597227972 -310121804/1219229391/915/99/0 INPUT 1 0 248 v:124
12/08/2020 8:52:08 PM,252 Event OK
12/08/2020 8:52:08 PM,EVENT 52958 1597227973 -310121811/1219229398/918/99/0 INPUT 4 1 0 v:124
12/08/2020 8:52:08 PM,252 Event OK
12/08/2020 8:52:09 PM,EVENT 52959 1597228005 -310122044/1219229170/880/0/5 INPUT 3 1 0 v:124
12/08/2020 8:52:09 PM,252 Event OK
12/08/2020 8:52:10 PM,EVENT 52960 1597228668 0/0/0/0/11 INPUT 3 0 663 v:124
12/08/2020 8:52:10 PM,252 Event OK
12/08/2020 8:52:10 PM,EVENT 52961 1597228685 0/0/0/0/0 INPUT 4 0 713 v:124
12/08/2020 8:52:10 PM,252 Event OK
12/08/2020 8:52:11 PM,EVENT 52962 1597228685 0/0/0/0/0 INPUT 4 1 0 v:124
12/08/2020 8:52:11 PM,252 Event OK
12/08/2020 8:52:12 PM,EVENT 52963 1597228817 0/0/0/0/0 INPUT 4 0 132 v:124
12/08/2020 8:52:12 PM,252 Event OK
12/08/2020 8:52:12 PM,EVENT 52964 1597228817 0/0/0/0/0 INPUT 4 1 0 v:124
12/08/2020 8:52:12 PM,252 Event OK
12/08/2020 8:52:13 PM,EVENT 52965 1597228850 0/0/0/0/0 INPUT 4 0 33 v:124
12/08/2020 8:52:13 PM,252 Event OK
12/08/2020 8:52:14 PM,EVENT 52966 1597228850 0/0/0/0/0 INPUT 4 1 0 v:124
12/08/2020 8:52:14 PM,252 Event OK
12/08/2020 8:52:14 PM,EVENT 52967 1597228883 0/0/0/0/0 INPUT 4 0 33 v:124
12/08/2020 8:52:14 PM,252 Event OK
12/08/2020 8:52:15 PM,EVENT 52968 1597228883 0/0/0/0/0 INPUT 4 1 0 v:124
12/08/2020 8:52:15 PM,252 Event OK
12/08/2020 8:52:16 PM,EVENT 52969 1597228928 0/0/0/0/0 INPUT 4 0 45 v:124
12/08/2020 8:52:16 PM,252 Event OK
12/08/2020 8:52:16 PM,EVENT 52970 1597228928 0/0/0/0/0 INPUT 4 1 0 v:124
12/08/2020 8:52:16 PM,252 Event OK
12/08/2020 8:52:17 PM,EVENT 52971 1597228961 0/0/0/0/0 INPUT 4 0 33 v:124
12/08/2020 8:52:17 PM,252 Event OK
12/08/2020 8:52:18 PM,EVENT 52972 1597228961 0/0/0/0/0 INPUT 4 1 0 v:124
12/08/2020 8:52:18 PM,252 Event OK
12/08/2020 8:52:18 PM,EVENT 52973 1597229027 0/0/0/0/0 INPUT 4 0 66 v:124
12/08/2020 8:52:18 PM,252 Event OK
12/08/2020 8:52:19 PM,EVENT 52974 1597229027 0/0/0/0/0 INPUT 4 1 0 v:124
12/08/2020 8:52:19 PM,252 Event OK
12/08/2020 8:52:19 PM,EVENT 52975 1597229060 0/0/0/0/0 INPUT 4 0 33 v:124
12/08/2020 8:52:19 PM,252 Event OK
12/08/2020 8:52:20 PM,EVENT 52976 1597229060 0/0/0/0/0 INPUT 4 1 0 v:124
12/08/2020 8:52:20 PM,252 Event OK
12/08/2020 8:52:21 PM,EVENT 52977 1597229093 0/0/0/0/0 INPUT 4 0 33 v:124
12/08/2020 8:52:21 PM,252 Event OK
12/08/2020 8:52:21 PM,EVENT 52978 1597229093 0/0/0/0/0 INPUT 4 1 0 v:124
12/08/2020 8:52:21 PM,252 Event OK
12/08/2020 8:52:22 PM,EVENT 52979 1597229249 0/0/0/0/0 INPUT 4 0 156 v:124
12/08/2020 8:52:22 PM,252 Event OK
12/08/2020 8:52:23 PM,EVENT 52980 1597229249 0/0/0/0/0 INPUT 4 1 0 v:124
12/08/2020 8:52:23 PM,252 Event OK
12/08/2020 8:52:23 PM,EVENT 52981 1597229300 0/0/0/0/0 REPORT 52956 0 0 v:124
12/08/2020 8:52:23 PM,252 Event OK
12/08/2020 8:52:24 PM,EVENT 52982 1597229327 0/0/0/0/0 INPUT 4 0 78 v:124
12/08/2020 8:52:24 PM,252 Event OK
12/08/2020 8:52:24 PM,EVENT 52983 1597229327 0/0/0/0/0 INPUT 4 1 0 v:124
12/08/2020 8:52:24 PM,252 Event OK
12/08/2020 8:52:25 PM,EVENT 52984 1597229360 0/0/0/0/0 INPUT 4 0 33 v:124
12/08/2020 8:52:25 PM,252 Event OK
12/08/2020 8:52:26 PM,EVENT 52985 1597229360 0/0/0/0/0 INPUT 4 1 0 v:124
12/08/2020 8:52:26 PM,252 Event OK
12/08/2020 8:52:27 PM,EVENT 52986 1597229368 0/0/0/0/0 INPUT 4 0 8 v:124
12/08/2020 8:52:27 PM,252 Event OK
12/08/2020 8:52:27 PM,EVENT 52987 1597229368 0/0/0/0/0 INPUT 4 1 0 v:124
12/08/2020 8:52:27 PM,252 Event OK
12/08/2020 8:52:28 PM,EVENT 52988 1597229370 0/0/0/0/3 INPUT 3 1 0 v:124
12/08/2020 8:52:28 PM,252 Event OK
12/08/2020 8:52:29 PM,EVENT 52989 1597229654 0/0/0/0/10 INPUT 3 0 284 v:124
12/08/2020 8:52:29 PM,252 Event OK
12/08/2020 8:52:30 PM,EVENT 52990 1597229657 0/0/0/0/6 INPUT 4 0 289 v:124
12/08/2020 8:52:30 PM,252 Event OK
12/08/2020 8:52:31 PM,EVENT 52991 1597229657 0/0/0/0/5 INPUT 4 1 0 v:124
12/08/2020 8:52:31 PM,252 Event OK
12/08/2020 8:52:32 PM,EVENT 52992 1597229678 0/0/0/99/0 INPUT 4 0 21 v:124
12/08/2020 8:52:32 PM,252 Event OK
12/08/2020 8:52:33 PM,EVENT 52993 1597229678 0/0/0/99/0 INPUT 4 1 0 v:124
12/08/2020 8:52:33 PM,252 Event OK
12/08/2020 8:52:34 PM,EVENT 52994 1597229711 0/0/0/0/0 INPUT 4 0 33 v:124
12/08/2020 8:52:34 PM,252 Event OK
12/08/2020 8:52:35 PM,EVENT 52995 1597229711 0/0/0/0/0 INPUT 4 1 0 v:124
12/08/2020 8:52:35 PM,252 Event OK
12/08/2020 8:52:36 PM,EVENT 52996 1597229756 0/0/0/0/0 INPUT 4 0 45 v:124
12/08/2020 8:52:36 PM,252 Event OK
12/08/2020 8:52:37 PM,EVENT 52997 1597229756 0/0/0/0/0 INPUT 4 1 0 v:124
12/08/2020 8:52:37 PM,252 Event OK
12/08/2020 8:52:38 PM,EVENT 52998 1597229867 0/0/0/0/0 INPUT 4 0 111 v:124
12/08/2020 8:52:38 PM,252 Event OK
12/08/2020 8:52:39 PM,EVENT 52999 1597229867 0/0/0/0/0 INPUT 4 1 0 v:124
12/08/2020 8:52:39 PM,252 Event OK
12/08/2020 8:52:40 PM,EVENT 53000 1597229990 0/0/0/0/0 INPUT 4 0 123 v:124
12/08/2020 8:52:40 PM,252 Event OK
12/08/2020 8:52:41 PM,EVENT 53001 1597229990 0/0/0/0/0 INPUT 4 1 0 v:124
12/08/2020 8:52:41 PM,252 Event OK
12/08/2020 8:52:42 PM,EVENT 53002 1597230056 0/0/0/0/0 INPUT 4 0 66 v:124
12/08/2020 8:52:42 PM,252 Event OK
12/08/2020 8:52:42 PM,EVENT 53003 1597230056 0/0/0/0/0 INPUT 4 1 0 v:124
12/08/2020 8:52:42 PM,252 Event OK
12/08/2020 8:52:43 PM,EVENT 53004 1597230089 0/0/0/0/0 INPUT 4 0 33 v:124
12/08/2020 8:52:43 PM,252 Event OK
12/08/2020 8:52:44 PM,EVENT 53005 1597230089 0/0/0/0/0 INPUT 4 1 0 v:124
12/08/2020 8:52:44 PM,252 Event OK
12/08/2020 8:52:45 PM,EVENT 53006 1597230146 0/0/0/0/0 INPUT 4 0 57 v:124
12/08/2020 8:52:45 PM,252 Event OK
12/08/2020 8:52:45 PM,EVENT 53007 1597230146 0/0/0/0/0 INPUT 4 1 0 v:124
12/08/2020 8:52:45 PM,252 Event OK
12/08/2020 8:52:46 PM,EVENT 53008 1597230200 0/0/0/0/0 INPUT 4 0 54 v:124
12/08/2020 8:52:46 PM,252 Event OK
12/08/2020 8:52:47 PM,EVENT 53009 1597230200 0/0/0/0/0 INPUT 4 1 0 v:124
12/08/2020 8:52:47 PM,252 Event OK
12/08/2020 8:52:48 PM,EVENT 53010 1597230233 0/0/0/0/0 INPUT 4 0 33 v:124
12/08/2020 8:52:48 PM,252 Event OK
12/08/2020 8:52:48 PM,EVENT 53011 1597230233 0/0/0/0/0 INPUT 4 1 0 v:124
12/08/2020 8:52:48 PM,252 Event OK
12/08/2020 8:52:49 PM,EVENT 53012 1597230356 0/0/0/0/0 INPUT 4 0 123 v:124
12/08/2020 8:52:49 PM,252 Event OK
12/08/2020 8:52:50 PM,EVENT 53013 1597230356 0/0/0/0/0 INPUT 4 1 0 v:124
12/08/2020 8:52:50 PM,252 Event OK
12/08/2020 8:52:51 PM,EVENT 53014 1597230521 0/0/0/0/0 INPUT 4 0 165 v:124
12/08/2020 8:52:51 PM,252 Event OK
12/08/2020 8:52:52 PM,EVENT 53015 1597230521 0/0/0/0/0 INPUT 4 1 0 v:124
12/08/2020 8:52:52 PM,252 Event OK
12/08/2020 8:52:53 PM,EVENT 53016 1597230554 0/0/0/0/0 INPUT 4 0 33 v:124
12/08/2020 8:52:53 PM,252 Event OK
12/08/2020 8:52:53 PM,EVENT 53017 1597230554 0/0/0/0/0 INPUT 4 1 0 v:124
12/08/2020 8:52:53 PM,252 Event OK
12/08/2020 8:52:54 PM,EVENT 53018 1597230740 0/0/0/0/0 INPUT 4 0 186 v:124
12/08/2020 8:52:54 PM,252 Event OK
12/08/2020 8:52:55 PM,EVENT 53019 1597230740 0/0/0/0/0 INPUT 4 1 0 v:124
12/08/2020 8:52:55 PM,252 Event OK
12/08/2020 8:52:56 PM,EVENT 53020 1597230839 0/0/0/0/0 INPUT 4 0 99 v:124
12/08/2020 8:52:56 PM,252 Event OK
12/08/2020 8:52:57 PM,EVENT 53021 1597230839 0/0/0/0/0 INPUT 4 1 0 v:124
12/08/2020 8:52:57 PM,252 Event OK
12/08/2020 8:52:57 PM,EVENT 53022 1597231025 0/0/0/0/0 INPUT 4 0 186 v:124
12/08/2020 8:52:57 PM,252 Event OK
12/08/2020 8:52:58 PM,EVENT 53023 1597231025 0/0/0/0/0 INPUT 4 1 0 v:124
12/08/2020 8:52:58 PM,252 Event OK
12/08/2020 8:52:58 PM,EVENT 53024 1597231124 0/0/0/0/0 INPUT 4 0 99 v:124
12/08/2020 8:52:58 PM,252 Event OK
12/08/2020 8:52:59 PM,EVENT 53025 1597231124 0/0/0/0/0 INPUT 4 1 0 v:124
12/08/2020 8:52:59 PM,252 Event OK
12/08/2020 8:53:00 PM,EVENT 53026 1597231130 0/0/0/0/0 REPORT 52956 0 0 v:124
12/08/2020 8:53:00 PM,252 Event OK
12/08/2020 8:53:01 PM,EVENT 53027 1597231190 0/0/0/0/0 INPUT 4 0 66 v:124
12/08/2020 8:53:01 PM,252 Event OK
12/08/2020 8:53:01 PM,EVENT 53028 1597231190 0/0/0/0/0 INPUT 4 1 0 v:124
12/08/2020 8:53:01 PM,252 Event OK
12/08/2020 8:53:02 PM,EVENT 53029 1597231256 0/0/0/0/0 INPUT 4 0 66 v:124
12/08/2020 8:53:02 PM,252 Event OK
12/08/2020 8:53:03 PM,EVENT 53030 1597231256 0/0/0/0/0 INPUT 4 1 0 v:124
12/08/2020 8:53:03 PM,252 Event OK
12/08/2020 8:53:04 PM,EVENT 53031 1597231307 0/0/0/0/5 INPUT 3 1 0 v:124
12/08/2020 8:53:04 PM,252 Event OK
12/08/2020 8:53:05 PM,EVENT 53032 1597231445 0/0/0/0/11 INPUT 3 0 138 v:124
12/08/2020 8:53:05 PM,252 Event OK
12/08/2020 8:53:09 PM,EVENT 53033 1597231446 0/0/0/0/6 INPUT 4 0 190 v:124
12/08/2020 8:53:09 PM,252 Event OK
12/08/2020 8:53:10 PM,EVENT 53034 1597231446 0/0/0/0/6 INPUT 4 1 0 v:124
12/08/2020 8:53:10 PM,252 Event OK
12/08/2020 8:53:11 PM,EVENT 53035 1597231454 0/0/0/0/0 INPUT 4 0 8 v:124
12/08/2020 8:53:11 PM,252 Event OK
12/08/2020 8:53:12 PM,EVENT 53036 1597231454 0/0/0/0/0 INPUT 4 1 0 v:124
12/08/2020 8:53:12 PM,252 Event OK
12/08/2020 8:53:14 PM,EVENT 53037 1597231487 0/0/0/0/0 INPUT 4 0 33 v:124
12/08/2020 8:53:14 PM,252 Event OK
12/08/2020 8:55:36 PM,UNIT 9279
12/08/2020 8:55:36 PM,333 CHAL 12D5DDB
12/08/2020 8:55:37 PM,RESP DC159771
12/08/2020 8:55:37 PM,230 Auth OK
12/08/2020 8:55:37 PM,TIME
12/08/2020 8:55:37 PM,211 TIME 1597265737
12/08/2020 8:55:38 PM,EVCOUNT 123
12/08/2020 8:55:38 PM,252 Event OK
12/08/2020 8:55:39 PM,TODO
12/08/2020 8:55:39 PM,226 Nothing to do
12/08/2020 8:55:39 PM,EVENT 53038 1597231487 0/0/0/0/0 INPUT 4 1 0 v:124
12/08/2020 8:55:39 PM,252 Event OK
12/08/2020 8:55:40 PM,EVENT 53039 1597231506 0/0/0/0/0 INPUT 4 0 19 v:124
12/08/2020 8:55:40 PM,252 Event OK
12/08/2020 8:55:41 PM,EVENT 53040 1597231507 0/0/0/0/0 INPUT 4 1 0 v:124
12/08/2020 8:55:41 PM,252 Event OK
12/08/2020 8:55:41 PM,EVENT 53041 1597231522 0/0/0/0/8 INPUT 3 1 0 v:124
12/08/2020 8:55:41 PM,252 Event OK
12/08/2020 8:55:42 PM,EVENT 53042 1597231548 0/0/0/0/18 INPUT 3 0 26 v:124
12/08/2020 8:55:42 PM,252 Event OK
12/08/2020 8:55:43 PM,EVENT 53043 1597231551 0/0/0/0/2 INPUT 4 0 45 v:124
12/08/2020 8:55:43 PM,252 Event OK
12/08/2020 8:55:44 PM,EVENT 53044 1597231552 0/0/0/0/2 INPUT 4 1 0 v:124
12/08/2020 8:55:44 PM,252 Event OK
12/08/2020 8:55:44 PM,EVENT 53045 1597231557 0/0/0/0/2 INPUT 4 0 6 v:124
12/08/2020 8:55:44 PM,252 Event OK
12/08/2020 8:55:45 PM,EVENT 53046 1597231558 0/0/0/0/1 INPUT 4 1 0 v:124
12/08/2020 8:55:45 PM,252 Event OK
12/08/2020 8:55:46 PM,EVENT 53047 1597231561 0/0/0/0/2 INPUT 4 0 4 v:124
12/08/2020 8:55:46 PM,252 Event OK
12/08/2020 8:55:46 PM,EVENT 53048 1597231561 0/0/0/0/2 INPUT 4 1 0 v:124
12/08/2020 8:55:46 PM,252 Event OK
12/08/2020 8:55:47 PM,EVENT 53049 1597231568 0/0/0/0/3 INPUT 4 0 7 v:124
12/08/2020 8:55:47 PM,252 Event OK
12/08/2020 8:55:48 PM,EVENT 53050 1597231568 0/0/0/0/3 INPUT 4 1 0 v:124
12/08/2020 8:55:48 PM,252 Event OK
12/08/2020 8:55:48 PM,EVENT 53051 1597231580 0/0/0/0/4 INPUT 3 1 0 v:124
12/08/2020 8:55:48 PM,252 Event OK
12/08/2020 8:55:49 PM,EVENT 53052 1597231859 0/0/0/0/10 INPUT 3 0 278 v:124
12/08/2020 8:55:49 PM,252 Event OK
12/08/2020 8:55:49 PM,EVENT 53053 1597231875 0/0/0/0/0 INPUT 7 1 0 v:124
12/08/2020 8:55:49 PM,252 Event OK
12/08/2020 8:55:50 PM,EVENT 53054 1597231875 0/0/0/0/0 INPUT 8 0 3922 v:124
12/08/2020 8:55:50 PM,252 Event OK
12/08/2020 8:55:51 PM,EVENT 53055 1597231876 0/0/0/0/0 INPUT 1 1 0 v:124
12/08/2020 8:55:51 PM,252 Event OK
12/08/2020 8:55:51 PM,EVENT 53056 1597231877 0/0/0/0/0 INPUT 4 0 308 v:124
12/08/2020 8:55:51 PM,252 Event OK
12/08/2020 8:55:52 PM,EVENT 53057 1597231877 0/0/0/0/0 INPUT 8 1 0 v:124
12/08/2020 8:55:52 PM,252 Event OK
12/08/2020 8:55:53 PM,EVENT 53058 1597231877 0/0/0/0/0 INPUT 7 0 2 v:124
12/08/2020 8:55:53 PM,252 Event OK
12/08/2020 8:55:54 PM,EVENT 53059 1597231878 0/0/0/0/0 INPUT 4 1 0 v:124
12/08/2020 8:55:54 PM,252 Event OK
12/08/2020 8:57:02 PM,UNIT 9279
12/08/2020 8:57:02 PM,333 CHAL 3AFA5BF4
12/08/2020 8:57:02 PM,RESP ADA74CAE
12/08/2020 8:57:02 PM,230 Auth OK
12/08/2020 8:57:03 PM,TIME
12/08/2020 8:57:03 PM,211 TIME 1597265823
12/08/2020 8:57:03 PM,EVCOUNT 101
12/08/2020 8:57:03 PM,252 Event OK
12/08/2020 8:57:04 PM,TODO
12/08/2020 8:57:04 PM,226 Nothing to do
12/08/2020 8:57:05 PM,EVENT 53060 1597231883 0/0/0/0/0 INPUT 4 0 6 v:124
12/08/2020 8:57:05 PM,252 Event OK
12/08/2020 8:57:06 PM,EVENT 53061 1597231883 0/0/0/0/0 OILPRESSURE 52956 1 v:124
12/08/2020 8:57:06 PM,252 Event OK
12/08/2020 8:57:07 PM,EVENT 53062 1597231883 0/0/0/0/0 INPUT 1 0 8 v:124
12/08/2020 8:57:07 PM,252 Event OK
12/08/2020 8:57:08 PM,EVENT 53063 1597231884 0/0/0/0/0 INPUT 4 1 0 v:124
12/08/2020 8:57:08 PM,252 Event OK
12/08/2020 8:57:09 PM,EVENT 53064 1597231897 0/0/0/0/2 INPUT 3 1 0 v:124
12/08/2020 8:57:09 PM,252 Event OK
12/08/2020 8:57:09 PM,EVENT 53065 1597231902 0/0/0/0/13 INPUT 3 0 5 v:124
12/08/2020 8:57:09 PM,252 Event OK
12/08/2020 8:57:10 PM,EVENT 53066 1597231912 0/0/0/0/5 INPUT 7 1 0 v:124
12/08/2020 8:57:10 PM,252 Event OK
12/08/2020 8:57:11 PM,EVENT 53067 1597231912 0/0/0/0/5 INPUT 8 0 34 v:124
12/08/2020 8:57:11 PM,252 Event OK
12/08/2020 8:57:11 PM,EVENT 53068 1597231912 0/0/0/0/1 INPUT 1 1 0 v:124
12/08/2020 8:57:11 PM,252 Event OK
12/08/2020 8:57:12 PM,EVENT 53069 1597231914 0/0/0/0/0 INPUT 4 0 30 v:124
12/08/2020 8:57:12 PM,252 Event OK
12/08/2020 8:57:13 PM,EVENT 53070 1597231916 0/0/0/0/0 TRIP 52956 1394 2546 11 7 3951 v:124
12/08/2020 8:57:13 PM,252 Event OK
12/08/2020 8:57:14 PM,EVENT 53071 1597231916 0/0/0/0/0 TRIPSUMMARY 52956 v:124
12/08/2020 8:57:14 PM,252 Event OK
12/08/2020 8:57:15 PM,EVENT 53072 1597261533 0/0/0/0/0 SWSTART OpusFC 5.0.58.518 R v:123
12/08/2020 8:57:15 PM,252 Event OK
12/08/2020 8:57:16 PM,EVENT 53073 1597231916 0/0/0/0/0 POWERDOWN v:124
12/08/2020 8:57:16 PM,252 Event OK
12/08/2020 8:57:17 PM,EVENT 53074 1597261533 0/0/0/0/0 INPUT 1 1 0 v:123
12/08/2020 8:57:17 PM,252 Event OK
12/08/2020 8:57:17 PM,EVENT 53075 1597261533 0/0/0/0/0 INPUT 2 0 0 v:123
12/08/2020 8:57:17 PM,252 Event OK
12/08/2020 8:57:18 PM,EVENT 53076 1597261533 0/0/0/0/0 INPUT 3 0 0 v:123
12/08/2020 8:57:18 PM,252 Event OK
12/08/2020 8:57:19 PM,EVENT 53077 1597261533 0/0/0/0/0 INPUT 4 0 0 v:123
12/08/2020 8:57:19 PM,252 Event OK
12/08/2020 8:57:19 PM,EVENT 53078 1597261533 0/0/0/0/0 INPUT 7 0 0 v:123
12/08/2020 8:57:19 PM,252 Event OK
12/08/2020 8:57:20 PM,EVENT 53079 1597261533 0/0/0/0/0 INPUT 8 1 0 v:123
12/08/2020 8:57:20 PM,252 Event OK
12/08/2020 8:57:21 PM,EVENT 53080 1597261535 0/0/0/0/0 ZONE_OK 2 100 FW=NO VERSION v:123
12/08/2020 8:57:21 PM,252 Event OK
12/08/2020 8:57:21 PM,EVENT 53081 1597261553 0/0/0/99/0 SIGNON 2487 03d1f4d1 OK 26 170597 0 v:123
12/08/2020 8:57:21 PM,252 Event OK
12/08/2020 8:57:22 PM,EVENT 53082 1597261559 0/0/0/0/0 INPUT 7 1 0 v:123
12/08/2020 8:57:22 PM,252 Event OK
12/08/2020 8:57:23 PM,EVENT 53083 1597261559 0/0/0/0/0 INPUT 7 0 0 v:123
12/08/2020 8:57:23 PM,252 Event OK
12/08/2020 8:57:23 PM,EVENT 53084 1597261560 0/0/0/0/0 INPUT 1 0 26 v:124
12/08/2020 8:57:23 PM,252 Event OK
12/08/2020 8:57:24 PM,EVENT 53085 1597261560 0/0/0/0/0 INPUT 4 1 0 v:124
12/08/2020 8:57:24 PM,252 Event OK
12/08/2020 8:57:25 PM,EVENT 53086 1597261567 0/0/0/0/0 INPUT 4 0 8 v:123
12/08/2020 8:57:25 PM,252 Event OK
12/08/2020 8:57:26 PM,EVENT 53087 1597261567 0/0/0/0/0 INPUT 4 1 0 v:123
12/08/2020 8:57:26 PM,252 Event OK
12/08/2020 8:57:26 PM,EVENT 53088 1597261574 0/0/0/0/0 INPUT 4 0 7 v:123
12/08/2020 8:57:26 PM,252 Event OK
12/08/2020 8:57:27 PM,EVENT 53089 1597261574 0/0/0/0/0 INPUT 4 1 0 v:123
12/08/2020 8:57:27 PM,252 Event OK
12/08/2020 8:57:28 PM,EVENT 53090 1597261581 0/0/0/0/0 INPUT 4 0 7 v:124
12/08/2020 8:57:28 PM,252 Event OK
12/08/2020 8:57:28 PM,EVENT 53091 1597261581 0/0/0/0/0 INPUT 4 1 0 v:124
12/08/2020 8:57:28 PM,252 Event OK
12/08/2020 8:57:29 PM,EVENT 53092 1597261587 0/0/0/0/7 INPUT 3 1 0 v:124
12/08/2020 8:57:29 PM,252 Event OK
12/08/2020 8:57:30 PM,EVENT 53093 1597261656 0/0/0/0/10 INPUT 3 0 70 v:124
12/08/2020 8:57:30 PM,252 Event OK
12/08/2020 8:57:30 PM,EVENT 53094 1597261665 0/0/0/0/0 INPUT 4 0 84 v:124
12/08/2020 8:57:30 PM,252 Event OK
12/08/2020 8:57:31 PM,EVENT 53095 1597261665 0/0/0/0/0 INPUT 4 1 0 v:124
12/08/2020 8:57:31 PM,252 Event OK
12/08/2020 8:57:32 PM,EVENT 53096 1597261674 0/0/0/0/0 INPUT 4 0 9 v:124
12/08/2020 8:57:32 PM,252 Event OK
12/08/2020 8:57:32 PM,EVENT 53097 1597261674 0/0/0/0/0 INPUT 4 1 0 v:124
12/08/2020 8:57:32 PM,252 Event OK
12/08/2020 8:57:33 PM,EVENT 53098 1597261695 0/0/0/0/3 INPUT 4 0 21 v:124
12/08/2020 8:57:33 PM,252 Event OK
12/08/2020 8:57:34 PM,EVENT 53099 1597261695 0/0/0/0/3 INPUT 4 1 0 v:124
12/08/2020 8:57:34 PM,252 Event OK
12/08/2020 8:57:34 PM,EVENT 53100 1597261699 0/0/0/0/1 INPUT 4 0 4 v:123
12/08/2020 8:57:34 PM,252 Event OK
12/08/2020 8:57:35 PM,EVENT 53101 1597261699 0/0/0/0/1 INPUT 4 1 0 v:123
12/08/2020 8:57:35 PM,252 Event OK
12/08/2020 8:57:36 PM,EVENT 53102 1597261703 0/0/0/0/7 INPUT 3 1 0 v:124
12/08/2020 8:57:36 PM,252 Event OK
12/08/2020 8:57:37 PM,EVENT 53103 1597262078 0/0/0/0/9 INPUT 3 0 375 v:124
12/08/2020 8:57:37 PM,252 Event OK
12/08/2020 8:57:37 PM,EVENT 53104 1597262083 0/0/0/0/8 INPUT 3 1 0 v:124
12/08/2020 8:57:37 PM,252 Event OK
12/08/2020 8:57:38 PM,EVENT 53105 1597262103 0/0/0/0/9 INPUT 3 0 20 v:124
12/08/2020 8:57:38 PM,252 Event OK
12/08/2020 8:57:39 PM,EVENT 53106 1597262107 0/0/0/0/8 INPUT 3 1 0 v:124
12/08/2020 8:57:39 PM,252 Event OK
12/08/2020 8:57:40 PM,EVENT 53107 1597262120 0/0/0/0/10 INPUT 3 0 14 v:124
12/08/2020 8:57:40 PM,252 Event OK
12/08/2020 8:57:41 PM,EVENT 53108 1597262124 0/0/0/0/6 INPUT 3 1 0 v:124
12/08/2020 8:57:41 PM,252 Event OK
12/08/2020 8:57:42 PM,EVENT 53109 1597262177 0/0/0/0/10 INPUT 3 0 52 v:124
12/08/2020 8:57:42 PM,252 Event OK
12/08/2020 8:57:43 PM,EVENT 53110 1597262199 0/0/0/0/3 INPUT 3 1 0 v:124
12/08/2020 8:57:43 PM,252 Event OK
12/08/2020 8:57:44 PM,EVENT 53111 1597262252 0/0/0/0/11 INPUT 3 0 54 v:124
12/08/2020 8:57:44 PM,252 Event OK
12/08/2020 8:57:45 PM,EVENT 53112 1597262262 0/0/0/0/2 INPUT 7 1 0 v:124
12/08/2020 8:57:45 PM,252 Event OK
12/08/2020 8:57:46 PM,EVENT 53113 1597262262 0/0/0/0/2 INPUT 8 0 729 v:124
12/08/2020 8:57:46 PM,252 Event OK
12/08/2020 8:57:46 PM,EVENT 53114 1597262263 0/0/0/0/0 INPUT 1 1 0 v:124
12/08/2020 8:57:46 PM,252 Event OK
12/08/2020 8:57:47 PM,EVENT 53115 1597262264 0/0/0/0/0 INPUT 4 0 565 v:124
12/08/2020 8:57:47 PM,252 Event OK
12/08/2020 8:57:47 PM,EVENT 53116 1597262267 0/0/0/0/0 REPORT 53081 0 0 v:124
12/08/2020 8:57:47 PM,252 Event OK
12/08/2020 8:57:48 PM,EVENT 53117 1597262267 0/0/0/0/0 TRIP 53081 585 120 9 6 714 v:124
12/08/2020 8:57:48 PM,252 Event OK
12/08/2020 8:57:49 PM,EVENT 53118 1597263896 0/0/0/0/0 INPUT 8 1 0 v:124
12/08/2020 8:57:49 PM,252 Event OK
12/08/2020 8:57:50 PM,EVENT 53119 1597263896 0/0/0/0/0 INPUT 7 0 1633 v:124
12/08/2020 8:57:50 PM,252 Event OK
12/08/2020 8:57:50 PM,EVENT 53120 1597263898 0/0/0/0/0 INPUT 7 1 0 v:124
12/08/2020 8:57:50 PM,252 Event OK
12/08/2020 8:57:51 PM,EVENT 53121 1597263898 0/0/0/0/0 INPUT 8 0 3 v:124
12/08/2020 8:57:51 PM,252 Event OK
12/08/2020 8:57:52 PM,EVENT 53122 1597263928 0/0/0/99/0 INPUT 8 1 0 v:124
12/08/2020 8:57:52 PM,252 Event OK
12/08/2020 8:57:52 PM,EVENT 53123 1597263928 0/0/0/99/0 INPUT 7 0 29 v:124
12/08/2020 8:57:52 PM,252 Event OK
12/08/2020 8:57:53 PM,EVENT 53124 1597263941 0/0/0/0/0 SIGNON 2497 039ff32f OK 26 300668 0 v:124
12/08/2020 8:57:53 PM,252 Event OK
12/08/2020 8:57:54 PM,EVENT 53125 1597263949 0/0/0/0/0 INPUT 4 1 0 v:124
12/08/2020 8:57:54 PM,252 Event OK
12/08/2020 8:57:55 PM,EVENT 53126 1597263949 0/0/0/0/0 INPUT 1 0 1685 v:124
12/08/2020 8:57:55 PM,252 Event OK
12/08/2020 8:57:55 PM,EVENT 53127 1597263965 0/0/0/0/0 INPUT 4 0 17 v:124
12/08/2020 8:57:55 PM,252 Event OK
12/08/2020 8:57:56 PM,EVENT 53128 1597263965 0/0/0/0/0 INPUT 4 1 0 v:124
12/08/2020 8:57:56 PM,252 Event OK
12/08/2020 8:57:57 PM,EVENT 53129 1597263988 0/0/0/0/0 INPUT 4 0 23 v:124
12/08/2020 8:57:57 PM,252 Event OK
12/08/2020 8:57:57 PM,EVENT 53130 1597263988 0/0/0/0/0 INPUT 4 1 0 v:124
12/08/2020 8:57:57 PM,252 Event OK
12/08/2020 8:57:58 PM,EVENT 53131 1597263997 0/0/0/0/1 INPUT 4 0 9 v:124
12/08/2020 8:57:58 PM,252 Event OK
12/08/2020 8:57:59 PM,EVENT 53132 1597263997 0/0/0/0/1 INPUT 4 1 0 v:124
12/08/2020 8:57:59 PM,252 Event OK
12/08/2020 8:58:00 PM,EVENT 53133 1597264000 0/0/0/0/0 INPUT 4 0 3 v:124
12/08/2020 8:58:00 PM,252 Event OK
12/08/2020 8:58:00 PM,EVENT 53134 1597264000 0/0/0/0/0 INPUT 4 1 0 v:124
12/08/2020 8:58:00 PM,252 Event OK
12/08/2020 8:58:01 PM,EVENT 53135 1597264004 0/0/0/0/0 INPUT 4 0 4 v:124
12/08/2020 8:58:01 PM,252 Event OK
12/08/2020 8:58:02 PM,EVENT 53136 1597264005 0/0/0/0/0 INPUT 4 1 0 v:124
12/08/2020 8:58:02 PM,252 Event OK
12/08/2020 8:58:02 PM,EVENT 53137 1597264015 0/0/0/0/3 INPUT 3 1 0 v:124
12/08/2020 8:58:02 PM,252 Event OK
12/08/2020 8:58:03 PM,EVENT 53138 1597264084 0/0/0/0/13 INPUT 3 0 68 v:124
12/08/2020 8:58:03 PM,252 Event OK
12/08/2020 8:58:04 PM,EVENT 53139 1597264097 0/0/0/0/2 REPORT 53124 0 0 v:124
12/08/2020 8:58:04 PM,252 Event OK
12/08/2020 8:58:04 PM,EVENT 53140 1597264103 0/0/0/0/7 INPUT 3 1 0 v:124
12/08/2020 8:58:04 PM,252 Event OK
12/08/2020 8:58:05 PM,EVENT 53141 1597264321 0/0/0/0/10 INPUT 3 0 217 v:124
12/08/2020 8:58:05 PM,252 Event OK
12/08/2020 8:58:06 PM,EVENT 53142 1597264322 0/0/0/0/8 INPUT 4 0 318 v:124
12/08/2020 8:58:06 PM,252 Event OK
12/08/2020 8:58:06 PM,EVENT 53143 1597264322 0/0/0/0/7 INPUT 4 1 0 v:124
12/08/2020 8:58:06 PM,252 Event OK
12/08/2020 8:58:07 PM,EVENT 53144 1597264357 0/0/0/0/5 INPUT 3 1 0 v:124
12/08/2020 8:58:07 PM,252 Event OK
12/08/2020 8:58:08 PM,EVENT 53145 1597264421 0/0/0/0/11 INPUT 3 0 64 v:124
12/08/2020 8:58:08 PM,252 Event OK
12/08/2020 8:58:09 PM,EVENT 53146 1597264423 0/0/0/0/8 INPUT 3 1 0 v:124
12/08/2020 8:58:09 PM,252 Event OK
12/08/2020 8:58:09 PM,EVENT 53147 1597264425 0/0/0/0/9 INPUT 3 0 3 v:124
12/08/2020 8:58:09 PM,252 Event OK
12/08/2020 8:58:10 PM,EVENT 53148 1597264427 0/0/0/0/8 INPUT 3 1 0 v:124
12/08/2020 8:58:10 PM,252 Event OK
12/08/2020 8:58:11 PM,EVENT 53149 1597264606 0/0/0/0/10 INPUT 3 0 179 v:124
12/08/2020 8:58:11 PM,252 Event OK
12/08/2020 8:58:11 PM,EVENT 53150 1597264632 0/0/0/0/0 INPUT 4 0 310 v:124
12/08/2020 8:58:11 PM,252 Event OK
12/08/2020 8:58:12 PM,EVENT 53151 1597264632 0/0/0/0/0 INPUT 4 1 0 v:124
12/08/2020 8:58:12 PM,252 Event OK
12/08/2020 8:58:13 PM,EVENT 53152 1597264640 0/0/0/0/7 INPUT 3 1 0 v:124
12/08/2020 8:58:13 PM,252 Event OK
12/08/2020 8:58:13 PM,EVENT 53153 1597265483 0/0/0/0/10 INPUT 3 0 843 v:124
12/08/2020 8:58:13 PM,252 Event OK
12/08/2020 8:58:14 PM,EVENT 53154 1597265487 0/0/0/0/5 INPUT 4 0 855 v:124
12/08/2020 8:58:14 PM,252 Event OK
12/08/2020 8:58:15 PM,EVENT 53155 1597265487 0/0/0/0/4 INPUT 4 1 0 v:124
12/08/2020 8:58:15 PM,252 Event OK
12/08/2020 8:58:16 PM,EVENT 53156 1597265490 -310121661/1219228818/6460/0/0 INPUT 7 1 0 v:124
12/08/2020 8:58:16 PM,252 Event OK
12/08/2020 8:58:16 PM,EVENT 53157 1597265490 -310121661/1219228818/6460/0/0 INPUT 8 0 1563 v:124
12/08/2020 8:58:16 PM,252 Event OK
12/08/2020 8:58:17 PM,EVENT 53158 1597265491 -310121654/1219228813/4873/0/0 INPUT 1 1 0 v:124
12/08/2020 8:58:17 PM,252 Event OK
12/08/2020 8:58:18 PM,EVENT 53159 1597265492 -310121649/1219228805/4099/0/0 INPUT 4 0 5 v:124
12/08/2020 8:58:18 PM,252 Event OK
12/08/2020 8:58:19 PM,EVENT 53160 1597265495 -310121651/1219228800/3007/0/0 TRIP 53124 1374 170 11 8 1555 v:124
12/08/2020 8:58:19 PM,252 Event OK
12/08/2020 8:58:19 PM,QUIT
12/08/2020 8:58:19 PM,221 Session ended - goodbye
12/08/2020 9:16:44 PM,UNIT 9279
12/08/2020 9:16:44 PM,333 CHAL 59C2E55D
12/08/2020 9:16:45 PM,RESP FF1AE72B
12/08/2020 9:16:45 PM,230 Auth OK
12/08/2020 9:16:45 PM,TIME
12/08/2020 9:16:45 PM,211 TIME 1597267005
12/08/2020 9:16:46 PM,EVCOUNT 2
12/08/2020 9:16:46 PM,252 Event OK
12/08/2020 9:16:46 PM,TODO
12/08/2020 9:16:46 PM,226 Nothing to do
12/08/2020 9:16:47 PM,EVENT 53161 1597266996 -310121910/1219228870/808/2/0 INPUT 8 1 0 v:124
12/08/2020 9:16:47 PM,252 Event OK
12/08/2020 9:16:48 PM,EVENT 53162 1597266996 -310121910/1219228870/808/2/0 INPUT 7 0 1505 v:124
12/08/2020 9:16:48 PM,252 Event OK
12/08/2020 9:16:49 PM,QUIT
12/08/2020 9:16:49 PM,221 Session ended - goodbye
12/08/2020 9:17:00 PM,UNIT 9279
12/08/2020 9:17:00 PM,333 CHAL 3A1AFC01
12/08/2020 9:17:00 PM,RESP C807B0A9
12/08/2020 9:17:00 PM,230 Auth OK
12/08/2020 9:17:01 PM,TIME
12/08/2020 9:17:01 PM,211 TIME 1597267021
12/08/2020 9:17:01 PM,EVCOUNT 3
12/08/2020 9:17:01 PM,252 Event OK
12/08/2020 9:17:02 PM,TODO
12/08/2020 9:17:02 PM,226 Nothing to do
12/08/2020 9:17:03 PM,EVENT 53163 1597267011 -310121946/1219228876/777/2/0 SIGNON 2497 039ff32f OK 26 300668 0 v:124
12/08/2020 9:17:03 PM,252 Event OK
12/08/2020 9:17:04 PM,EVENT 53164 1597267019 -310121974/1219228802/785/2/0 INPUT 1 0 1529 v:124
12/08/2020 9:17:04 PM,252 Event OK
12/08/2020 9:17:05 PM,EVENT 53165 1597267019 -310121974/1219228802/785/2/0 INPUT 4 1 0 v:124
12/08/2020 9:17:05 PM,252 Event OK
12/08/2020 9:17:06 PM,QUIT
12/08/2020 9:17:06 PM,221 Session ended - goodbye
12/08/2020 9:17:16 PM,UNIT 9279
12/08/2020 9:17:16 PM,333 CHAL 20B9E933
12/08/2020 9:17:17 PM,RESP 120F657A
12/08/2020 9:17:17 PM,230 Auth OK
12/08/2020 9:17:17 PM,TIME
12/08/2020 9:17:17 PM,211 TIME 1597267037
12/08/2020 9:17:18 PM,EVCOUNT 1
12/08/2020 9:17:18 PM,252 Event OK
12/08/2020 9:17:18 PM,TODO
12/08/2020 9:17:18 PM,226 Nothing to do
12/08/2020 9:17:19 PM,EVENT 53166 1597267025 -310121987/1219228747/788/2/0 REPORT 53163 0 59 v:123
12/08/2020 9:17:19 PM,252 Event OK
12/08/2020 9:17:20 PM,QUIT
12/08/2020 9:17:20 PM,221 Session ended - goodbye
12/08/2020 9:17:49 PM,UNIT 9279
12/08/2020 9:17:49 PM,333 CHAL 3C6C5601
12/08/2020 9:17:50 PM,RESP 8B4891F8
12/08/2020 9:17:50 PM,230 Auth OK
12/08/2020 9:17:52 PM,TIME
12/08/2020 9:17:52 PM,211 TIME 1597267072
12/08/2020 9:17:53 PM,EVCOUNT 3
12/08/2020 9:17:53 PM,252 Event OK
12/08/2020 9:17:54 PM,TODO
12/08/2020 9:17:54 PM,226 Nothing to do
12/08/2020 9:17:55 PM,EVENT 53167 1597267063 -310121770/1219228866/770/1/0 INPUT 4 0 44 v:124
12/08/2020 9:17:55 PM,252 Event OK
12/08/2020 9:17:56 PM,EVENT 53168 1597267063 -310121770/1219228866/770/1/0 INPUT 4 1 0 v:124
12/08/2020 9:17:56 PM,252 Event OK
12/08/2020 9:17:57 PM,EVENT 53169 1597267069 -310121042/1219229634/776/0/7 INPUT 3 1 0 v:124
12/08/2020 9:17:57 PM,252 Event OK
12/08/2020 9:17:58 PM,QUIT
12/08/2020 9:17:58 PM,221 Session ended - goodbye
12/08/2020 9:19:35 PM,UNIT 9279
12/08/2020 9:19:35 PM,333 CHAL 26970C1
12/08/2020 9:19:36 PM,RESP 53461889
12/08/2020 9:19:36 PM,230 Auth OK
12/08/2020 9:19:36 PM,TIME
12/08/2020 9:19:36 PM,211 TIME 1597267176
12/08/2020 9:19:37 PM,EVCOUNT 1
12/08/2020 9:19:37 PM,252 Event OK
12/08/2020 9:19:37 PM,TODO
12/08/2020 9:19:37 PM,226 Nothing to do
12/08/2020 9:19:38 PM,EVENT 53170 1597267169 -310142947/1219230769/794/4/10 INPUT 3 0 99 v:124
12/08/2020 9:19:38 PM,252 Event OK
12/08/2020 9:19:39 PM,QUIT
12/08/2020 9:19:39 PM,221 Session ended - goodbye
12/08/2020 9:19:50 PM,UNIT 9279
12/08/2020 9:19:50 PM,333 CHAL 20BB1823
12/08/2020 9:19:51 PM,RESP 4317D1C5
12/08/2020 9:19:51 PM,230 Auth OK
12/08/2020 9:19:52 PM,TIME
12/08/2020 9:19:52 PM,211 TIME 1597267192
12/08/2020 9:19:54 PM,EVCOUNT 7
12/08/2020 9:19:54 PM,252 Event OK
12/08/2020 9:19:54 PM,TODO
12/08/2020 9:19:54 PM,226 Nothing to do
12/08/2020 9:19:55 PM,EVENT 53171 1597267180 -310143511/1219230548/839/4/0 INPUT 3 1 0 v:124
12/08/2020 9:19:55 PM,252 Event OK
12/08/2020 9:19:56 PM,EVENT 53172 1597267180 -310143511/1219230548/839/4/0 INPUT 7 1 0 v:124
12/08/2020 9:19:56 PM,252 Event OK
12/08/2020 9:19:57 PM,EVENT 53173 1597267180 -310143511/1219230548/839/4/0 INPUT 8 0 185 v:124
12/08/2020 9:19:57 PM,252 Event OK
12/08/2020 9:19:58 PM,EVENT 53174 1597267181 -310143511/1219230550/839/4/12 INPUT 1 1 0 v:124
12/08/2020 9:19:58 PM,252 Event OK
12/08/2020 9:20:00 PM,EVENT 53175 1597267182 -310143509/1219230553/840/4/34 INPUT 3 0 2 v:124
12/08/2020 9:20:00 PM,252 Event OK
12/08/2020 9:20:01 PM,EVENT 53176 1597267182 -310143509/1219230553/840/4/34 INPUT 4 0 119 v:124
12/08/2020 9:20:01 PM,252 Event OK
12/08/2020 9:20:02 PM,EVENT 53177 1597267185 -310143501/1219230552/848/4/0 TRIP 53163 101 62 11 8 174 v:124
12/08/2020 9:20:02 PM,252 Event OK
12/08/2020 9:20:03 PM,QUIT
12/08/2020 9:20:03 PM,221 Session ended - goodbye
12/08/2020 10:05:44 PM,UNIT 9279
12/08/2020 10:05:44 PM,333 CHAL 2992632
12/08/2020 10:05:44 PM,RESP C5DEC56E
12/08/2020 10:05:44 PM,230 Auth OK
12/08/2020 10:05:44 PM,TIME
12/08/2020 10:05:44 PM,211 TIME 1597269944
12/08/2020 10:05:44 PM,EVCOUNT 8
12/08/2020 10:05:44 PM,252 Event OK
12/08/2020 10:05:45 PM,TODO
12/08/2020 10:05:45 PM,226 Nothing to do
12/08/2020 10:05:45 PM,EVENT 53178 1597269919 0/0/0/0/0 INPUT 1 1 0 v:122
12/08/2020 10:05:45 PM,252 Event OK
12/08/2020 10:05:45 PM,EVENT 53179 1597269919 0/0/0/0/0 INPUT 2 0 0 v:122
12/08/2020 10:05:45 PM,252 Event OK
12/08/2020 10:05:45 PM,EVENT 53180 1597269919 0/0/0/0/0 INPUT 3 0 0 v:122
12/08/2020 10:05:45 PM,252 Event OK
12/08/2020 10:05:45 PM,EVENT 53181 1597269919 0/0/0/0/0 INPUT 4 0 0 v:122
12/08/2020 10:05:45 PM,252 Event OK
12/08/2020 10:05:46 PM,EVENT 53182 1597269919 0/0/0/0/0 INPUT 7 1 0 v:122
12/08/2020 10:05:46 PM,252 Event OK
12/08/2020 10:05:46 PM,EVENT 53183 1597269919 0/0/0/0/0 INPUT 8 0 0 v:122
12/08/2020 10:05:46 PM,252 Event OK
12/08/2020 10:05:46 PM,EVENT 53184 1597269921 0/0/0/0/0 ZONE_OK 2 100 FW=NO VERSION v:122
12/08/2020 10:05:46 PM,252 Event OK
12/08/2020 10:05:46 PM,EVENT 53185 1597269921 0/0/0/0/0 REPORT * 0 0 v:122
12/08/2020 10:05:46 PM,252 Event OK
12/08/2020 10:05:47 PM,QUIT
12/08/2020 10:05:47 PM,221 Session ended - goodbye
12/08/2020 10:19:46 PM,UNIT 9279
12/08/2020 10:19:46 PM,333 CHAL 3EC3C1EF
12/08/2020 10:19:46 PM,RESP 682B3EC4
12/08/2020 10:19:46 PM,230 Auth OK
12/08/2020 10:19:47 PM,TIME
12/08/2020 10:19:47 PM,211 TIME 1597270787
12/08/2020 10:19:47 PM,EVCOUNT 2
12/08/2020 10:19:47 PM,252 Event OK
12/08/2020 10:19:48 PM,TODO
12/08/2020 10:19:48 PM,226 Nothing to do
12/08/2020 10:19:48 PM,EVENT 53186 1597270782 -310143611/1219230705/721/3/1 INPUT 8 1 0 v:122
12/08/2020 10:19:48 PM,252 Event OK
12/08/2020 10:19:49 PM,EVENT 53187 1597270782 -310143611/1219230705/721/3/1 INPUT 7 0 862 v:123
12/08/2020 10:19:49 PM,252 Event OK
12/08/2020 10:19:50 PM,QUIT
12/08/2020 10:19:50 PM,221 Session ended - goodbye
12/08/2020 10:20:00 PM,UNIT 9279
12/08/2020 10:20:00 PM,333 CHAL 323A748E
12/08/2020 10:20:00 PM,RESP F85F3C0B
12/08/2020 10:20:00 PM,230 Auth OK
12/08/2020 10:20:01 PM,TIME
12/08/2020 10:20:01 PM,211 TIME 1597270801
12/08/2020 10:20:01 PM,EVCOUNT 2
12/08/2020 10:20:01 PM,252 Event OK
12/08/2020 10:20:02 PM,TODO
12/08/2020 10:20:02 PM,226 Nothing to do
12/08/2020 10:20:02 PM,EVENT 53188 1597270791 -310143595/1219230710/716/3/0 SIGNON 2463 01b1def3 OK_CL 26 271086 0 v:123
12/08/2020 10:20:02 PM,252 Event OK
12/08/2020 10:20:03 PM,EVENT 53189 1597270797 -310143568/1219230688/706/3/1 CHECKLIST 53188 OK 0 6 432 F v:123
12/08/2020 10:20:03 PM,252 Event OK
12/08/2020 10:20:04 PM,QUIT
12/08/2020 10:20:04 PM,221 Session ended - goodbye
12/08/2020 10:20:14 PM,UNIT 9279
12/08/2020 10:20:14 PM,333 CHAL 657B0DB2
12/08/2020 10:20:14 PM,RESP BA785192
12/08/2020 10:20:14 PM,230 Auth OK
12/08/2020 10:20:15 PM,TIME
12/08/2020 10:20:15 PM,211 TIME 1597270815
12/08/2020 10:20:15 PM,EVCOUNT 4
12/08/2020 10:20:15 PM,252 Event OK
12/08/2020 10:20:16 PM,TODO
12/08/2020 10:20:16 PM,226 Nothing to do
12/08/2020 10:20:16 PM,EVENT 53190 1597270804 -310143562/1219230630/714/3/0 INPUT 1 0 884 v:124
12/08/2020 10:20:16 PM,252 Event OK
12/08/2020 10:20:17 PM,EVENT 53191 1597270804 -310143562/1219230627/716/3/0 INPUT 4 1 0 v:123
12/08/2020 10:20:17 PM,252 Event OK
12/08/2020 10:20:17 PM,EVENT 53192 1597270807 -310143563/1219230617/728/3/0 INPUT 4 0 4 v:123
12/08/2020 10:20:17 PM,252 Event OK
12/08/2020 10:20:18 PM,EVENT 53193 1597270807 -310143563/1219230617/728/3/0 INPUT 4 1 0 v:123
12/08/2020 10:20:18 PM,252 Event OK
12/08/2020 10:20:19 PM,QUIT
12/08/2020 10:20:19 PM,221 Session ended - goodbye
12/08/2020 10:20:29 PM,UNIT 9279
12/08/2020 10:20:29 PM,333 CHAL 480D1C61
12/08/2020 10:20:29 PM,RESP FF939675
12/08/2020 10:20:29 PM,230 Auth OK
12/08/2020 10:20:31 PM,TIME
12/08/2020 10:20:31 PM,211 TIME 1597270831
12/08/2020 10:20:31 PM,EVCOUNT 1
12/08/2020 10:20:31 PM,252 Event OK
12/08/2020 10:20:32 PM,TODO
12/08/2020 10:20:32 PM,226 Nothing to do
12/08/2020 10:20:32 PM,EVENT 53194 1597270821 -310143339/1219230681/802/3/7 INPUT 3 1 0 v:124
12/08/2020 10:20:32 PM,252 Event OK
12/08/2020 10:20:34 PM,QUIT
12/08/2020 10:20:34 PM,221 Session ended - goodbye
12/08/2020 10:21:35 PM,UNIT 9279
12/08/2020 10:21:35 PM,333 CHAL 6E8FE2BE
12/08/2020 10:21:36 PM,RESP CD3BA915
12/08/2020 10:21:36 PM,230 Auth OK
12/08/2020 10:21:36 PM,TIME
12/08/2020 10:21:36 PM,211 TIME 1597270896
12/08/2020 10:21:37 PM,EVCOUNT 7
12/08/2020 10:21:37 PM,252 Event OK
12/08/2020 10:21:38 PM,TODO
12/08/2020 10:21:38 PM,226 Nothing to do
12/08/2020 10:21:38 PM,EVENT 53195 1597270891 -310121637/1219236220/805/7/10 INPUT 3 0 70 v:124
12/08/2020 10:21:38 PM,252 Event OK
12/08/2020 10:21:39 PM,EVENT 53196 1597270892 -310121480/1219236114/813/7/8 INPUT 3 1 0 v:124
12/08/2020 10:21:39 PM,252 Event OK
12/08/2020 10:21:40 PM,EVENT 53197 1597270892 -310121480/1219236114/813/7/8 INPUT 7 1 0 v:124
12/08/2020 10:21:40 PM,252 Event OK
12/08/2020 10:21:41 PM,EVENT 53198 1597270892 -310121480/1219236114/813/7/8 INPUT 8 0 111 v:124
12/08/2020 10:21:41 PM,252 Event OK
12/08/2020 10:21:42 PM,EVENT 53199 1597270893 -310121391/1219236056/823/7/9 INPUT 1 1 0 v:124
12/08/2020 10:21:42 PM,252 Event OK
12/08/2020 10:21:42 PM,EVENT 53200 1597270894 -310121385/1219236053/829/7/9 INPUT 4 0 86 v:124
12/08/2020 10:21:42 PM,252 Event OK
12/08/2020 10:21:43 PM,EVENT 53201 1597270894 -310121384/1219236052/834/7/9 INPUT 3 0 2 v:123
12/08/2020 10:21:43 PM,252 Event OK
12/08/2020 10:21:44 PM,EVENT 53202 1597270895 -310121385/1219236051/845/7/4 INPUT 4 1 0 v:123
12/08/2020 10:21:44 PM,252 Event OK
12/08/2020 10:21:45 PM,EVENT 53203 1597270896 -310121388/1219236051/852/7/0 INPUT 4 0 2 v:123
12/08/2020 10:21:45 PM,252 Event OK
12/08/2020 10:21:45 PM,EVENT 53204 1597270897 -310121390/1219236052/858/7/0 TRIP 53188 72 21 10 9 103 v:123
12/08/2020 10:21:45 PM,252 Event OK
12/08/2020 10:21:46 PM,QUIT
12/08/2020 10:21:46 PM,221 Session ended - goodbye
12/08/2020 10:22:34 PM,UNIT 9279
12/08/2020 10:22:34 PM,333 CHAL 162AE493
12/08/2020 10:22:34 PM,RESP 258E7441
12/08/2020 10:22:34 PM,230 Auth OK
12/08/2020 10:22:35 PM,TIME
12/08/2020 10:22:35 PM,211 TIME 1597270955
12/08/2020 10:22:36 PM,EVCOUNT 2
12/08/2020 10:22:36 PM,252 Event OK
12/08/2020 10:22:36 PM,TODO
12/08/2020 10:22:36 PM,226 Nothing to do
12/08/2020 10:22:37 PM,EVENT 53205 1597270950 -310121420/1219236022/907/2/0 INPUT 8 1 0 v:124
12/08/2020 10:22:37 PM,252 Event OK
12/08/2020 10:22:38 PM,EVENT 53206 1597270950 -310121420/1219236022/907/2/0 INPUT 7 0 57 v:124
12/08/2020 10:22:38 PM,252 Event OK
12/08/2020 10:22:38 PM,QUIT
12/08/2020 10:22:38 PM,221 Session ended - goodbye
12/08/2020 10:22:49 PM,UNIT 9279
12/08/2020 10:22:49 PM,333 CHAL 74B2A56F
12/08/2020 10:22:50 PM,RESP A7700645
12/08/2020 10:22:50 PM,230 Auth OK
12/08/2020 10:22:50 PM,TIME
12/08/2020 10:22:50 PM,211 TIME 1597270970
12/08/2020 10:22:51 PM,EVCOUNT 3
12/08/2020 10:22:51 PM,252 Event OK
12/08/2020 10:22:51 PM,TODO
12/08/2020 10:22:51 PM,226 Nothing to do
12/08/2020 10:22:52 PM,EVENT 53207 1597270958 -310121376/1219236016/883/2/0 SIGNON 2463 01b1def3 OK 26 271086 0 v:124
12/08/2020 10:22:52 PM,252 Event OK
12/08/2020 10:22:52 PM,EVENT 53208 1597270964 -310121378/1219236032/884/2/0 INPUT 1 0 70 v:124
12/08/2020 10:22:52 PM,252 Event OK
12/08/2020 10:22:53 PM,EVENT 53209 1597270964 -310121377/1219236032/886/2/0 INPUT 4 1 0 v:124
12/08/2020 10:22:53 PM,252 Event OK
12/08/2020 10:22:54 PM,EVENT 53210 1597270970 -310120877/1219235716/888/3/7 INPUT 3 1 0 v:124
12/08/2020 10:22:54 PM,252 Event OK
12/08/2020 10:22:55 PM,QUIT
12/08/2020 10:22:55 PM,221 Session ended - goodbye
13/08/2020 9:10:23 AM,UNIT 9279
13/08/2020 9:10:23 AM,333 CHAL 4B4E63BF
13/08/2020 9:16:19 AM,UNIT 9279
13/08/2020 9:16:19 AM,333 CHAL 62002F17
13/08/2020 9:19:57 AM,UNIT 9279
13/08/2020 9:19:57 AM,333 CHAL 275D28F4
13/08/2020 9:19:57 AM,RESP 24891720
13/08/2020 9:19:57 AM,230 Auth OK
13/08/2020 9:19:58 AM,TIME
13/08/2020 9:19:58 AM,211 TIME 1597310398
13/08/2020 9:19:59 AM,EVCOUNT 650
13/08/2020 9:19:59 AM,252 Event OK
13/08/2020 9:19:59 AM,TODO
13/08/2020 9:19:59 AM,226 Nothing to do
13/08/2020 9:20:00 AM,EVENT 53211 1597270995 -310121411/1219228997/888/3/10 INPUT 3 0 26 v:124
13/08/2020 9:20:00 AM,252 Event OK
13/08/2020 9:20:01 AM,EVENT 53212 1597270998 -310121672/1219228840/866/0/4 INPUT 7 1 0 v:124
13/08/2020 9:20:01 AM,252 Event OK
13/08/2020 9:20:02 AM,EVENT 53213 1597270998 -310121672/1219228840/866/0/4 INPUT 8 0 48 v:124
13/08/2020 9:20:02 AM,252 Event OK
13/08/2020 9:20:03 AM,EVENT 53214 1597270999 -310121671/1219228835/858/0/0 INPUT 1 1 0 v:124
13/08/2020 9:20:03 AM,252 Event OK
13/08/2020 9:20:04 AM,EVENT 53215 1597271000 -310121663/1219228833/849/0/0 INPUT 4 0 36 v:123
13/08/2020 9:20:04 AM,252 Event OK
13/08/2020 9:20:05 AM,EVENT 53216 1597271002 -310121650/1219228829/836/0/0 TRIP 53207 26 10 9 7 45 v:123
13/08/2020 9:20:05 AM,252 Event OK
13/08/2020 9:20:05 AM,EVENT 53217 1597271053 -310121578/1219228880/748/0/0 INPUT 8 1 0 v:123
13/08/2020 9:20:05 AM,252 Event OK
13/08/2020 9:20:06 AM,EVENT 53218 1597271053 -310121578/1219228880/748/0/0 INPUT 7 0 55 v:123
13/08/2020 9:20:06 AM,252 Event OK
13/08/2020 9:20:07 AM,EVENT 53219 1597271053 -310121577/1219228882/747/0/0 DEBUG Time(BAD):1597271053->4294967295 v:124
13/08/2020 9:20:07 AM,252 Event OK
13/08/2020 9:20:08 AM,EVENT 53220 1597271063 -310121561/1219228902/736/0/0 SIGNON 2463 01b1def3 OK 26 271086 0 v:124
13/08/2020 9:20:08 AM,252 Event OK
13/08/2020 9:20:10 AM,EVENT 53221 1597271069 -310121559/1219228934/733/0/0 INPUT 1 0 70 v:124
13/08/2020 9:20:10 AM,252 Event OK
13/08/2020 9:20:11 AM,EVENT 53222 1597271069 -310121559/1219228934/733/0/0 INPUT 4 1 0 v:124
13/08/2020 9:20:11 AM,252 Event OK
13/08/2020 9:20:12 AM,EVENT 53223 1597271074 -310121796/1219228576/731/0/7 INPUT 3 1 0 v:123
13/08/2020 9:20:12 AM,252 Event OK
13/08/2020 9:20:12 AM,EVENT 53224 1597271574 0/0/0/0/11 INPUT 3 0 499 v:123
13/08/2020 9:20:12 AM,252 Event OK
13/08/2020 9:20:13 AM,EVENT 53225 1597271592 0/0/0/0/2 INPUT 7 1 0 v:124
13/08/2020 9:20:13 AM,252 Event OK
13/08/2020 9:20:13 AM,EVENT 53226 1597271592 0/0/0/0/2 INPUT 8 0 539 v:123
13/08/2020 9:20:13 AM,252 Event OK
13/08/2020 9:20:14 AM,EVENT 53227 1597271593 0/0/0/0/0 INPUT 1 1 0 v:123
13/08/2020 9:20:14 AM,252 Event OK
13/08/2020 9:20:15 AM,EVENT 53228 1597271593 0/0/0/0/0 INPUT 4 0 525 v:123
13/08/2020 9:20:15 AM,252 Event OK
13/08/2020 9:20:15 AM,EVENT 53229 1597271595 0/0/0/0/0 INPUT 4 1 0 v:123
13/08/2020 9:20:15 AM,252 Event OK
13/08/2020 9:20:16 AM,EVENT 53230 1597271596 0/0/0/0/0 TRIP 53220 499 28 7 6 534 v:123
13/08/2020 9:20:16 AM,252 Event OK
13/08/2020 9:20:17 AM,EVENT 53231 1597271597 0/0/0/0/0 INPUT 4 0 2 v:123
13/08/2020 9:20:17 AM,252 Event OK
13/08/2020 9:20:17 AM,EVENT 53232 1597271654 0/0/0/0/0 INPUT 8 1 0 v:123
13/08/2020 9:20:17 AM,252 Event OK
13/08/2020 9:20:18 AM,EVENT 53233 1597271654 0/0/0/0/0 INPUT 7 0 63 v:124
13/08/2020 9:20:18 AM,252 Event OK
13/08/2020 9:20:18 AM,EVENT 53234 1597271662 0/0/0/0/0 SIGNON 2463 01b1def3 OK 26 271086 0 v:124
13/08/2020 9:20:18 AM,252 Event OK
13/08/2020 9:20:19 AM,EVENT 53235 1597271668 0/0/0/0/0 INPUT 1 0 76 v:124
13/08/2020 9:20:19 AM,252 Event OK
13/08/2020 9:20:20 AM,EVENT 53236 1597271668 0/0/0/0/0 INPUT 4 1 0 v:124
13/08/2020 9:20:20 AM,252 Event OK
13/08/2020 9:20:21 AM,EVENT 53237 1597271675 0/0/0/0/7 INPUT 3 1 0 v:123
13/08/2020 9:20:21 AM,252 Event OK
13/08/2020 9:20:21 AM,EVENT 53238 1597271754 0/0/0/0/21 REPORT 53234 0 0 v:124
13/08/2020 9:20:21 AM,252 Event OK
13/08/2020 9:20:22 AM,EVENT 53239 1597271923 0/0/0/0/13 INPUT 3 0 248 v:123
13/08/2020 9:20:22 AM,252 Event OK
13/08/2020 9:20:22 AM,EVENT 53240 1597271924 0/0/0/0/10 INPUT 3 1 0 v:123
13/08/2020 9:20:22 AM,252 Event OK
13/08/2020 9:20:23 AM,EVENT 53241 1597272087 0/0/0/0/10 INPUT 3 0 163 v:124
13/08/2020 9:20:23 AM,252 Event OK
13/08/2020 9:20:24 AM,EVENT 53242 1597272097 0/0/0/0/0 INPUT 4 0 429 v:124
13/08/2020 9:20:24 AM,252 Event OK
13/08/2020 9:20:25 AM,EVENT 53243 1597272097 0/0/0/0/0 INPUT 4 1 0 v:124
13/08/2020 9:20:25 AM,252 Event OK
13/08/2020 9:20:27 AM,EVENT 53244 1597272166 0/0/0/0/6 INPUT 3 1 0 v:123
13/08/2020 9:20:27 AM,252 Event OK
13/08/2020 9:20:28 AM,EVENT 53245 1597272356 0/0/0/0/10 INPUT 3 0 190 v:123
13/08/2020 9:20:28 AM,252 Event OK
13/08/2020 9:20:29 AM,EVENT 53246 1597272360 0/0/0/0/2 INPUT 3 1 0 v:124
13/08/2020 9:20:29 AM,252 Event OK
13/08/2020 9:20:29 AM,EVENT 53247 1597272360 0/0/0/0/2 INPUT 7 1 0 v:124
13/08/2020 9:20:29 AM,252 Event OK
13/08/2020 9:20:31 AM,EVENT 53248 1597272360 0/0/0/0/2 INPUT 8 0 706 v:123
13/08/2020 9:20:31 AM,252 Event OK
13/08/2020 9:20:32 AM,EVENT 53249 1597272360 0/0/0/0/14 INPUT 1 1 0 v:123
13/08/2020 9:20:32 AM,252 Event OK
13/08/2020 9:20:33 AM,EVENT 53250 1597272361 0/0/0/0/28 INPUT 3 0 2 v:123
13/08/2020 9:20:33 AM,252 Event OK
13/08/2020 9:20:34 AM,EVENT 53251 1597272361 0/0/0/0/28 INPUT 4 0 264 v:123
13/08/2020 9:20:34 AM,252 Event OK
13/08/2020 9:20:35 AM,EVENT 53252 1597272363 0/0/0/0/4 INPUT 4 1 0 v:123
13/08/2020 9:20:35 AM,252 Event OK
13/08/2020 9:20:36 AM,EVENT 53253 1597272364 0/0/0/0/0 TRIP 53234 603 92 7 6 702 v:123
13/08/2020 9:20:36 AM,252 Event OK
13/08/2020 9:20:36 AM,EVENT 53254 1597272365 0/0/0/0/0 INPUT 4 0 2 v:123
13/08/2020 9:20:36 AM,252 Event OK
13/08/2020 9:20:37 AM,EVENT 53255 1597272778 0/0/0/0/0 INPUT 8 1 0 v:123
13/08/2020 9:20:37 AM,252 Event OK
13/08/2020 9:20:38 AM,EVENT 53256 1597272778 0/0/0/0/0 INPUT 7 0 419 v:123
13/08/2020 9:20:38 AM,252 Event OK
13/08/2020 9:20:39 AM,EVENT 53257 1597272788 0/0/0/0/0 SIGNON 2463 01b1def3 OK 26 271086 0 v:123
13/08/2020 9:20:39 AM,252 Event OK
13/08/2020 9:20:39 AM,EVENT 53258 1597272794 0/0/0/0/0 INPUT 1 0 433 v:124
13/08/2020 9:20:39 AM,252 Event OK
13/08/2020 9:20:40 AM,EVENT 53259 1597272795 0/0/0/0/0 INPUT 4 1 0 v:124
13/08/2020 9:20:40 AM,252 Event OK
13/08/2020 9:20:41 AM,EVENT 53260 1597272804 0/0/0/0/0 INPUT 4 0 10 v:124
13/08/2020 9:20:41 AM,252 Event OK
13/08/2020 9:20:42 AM,EVENT 53261 1597272805 0/0/0/0/0 INPUT 4 1 0 v:124
13/08/2020 9:20:42 AM,252 Event OK
13/08/2020 9:20:42 AM,EVENT 53262 1597272808 0/0/0/99/7 INPUT 3 1 0 v:124
13/08/2020 9:20:42 AM,252 Event OK
13/08/2020 9:20:43 AM,EVENT 53263 1597272844 0/0/0/0/11 INPUT 3 0 36 v:124
13/08/2020 9:20:43 AM,252 Event OK
13/08/2020 9:20:44 AM,EVENT 53264 1597272845 0/0/0/0/5 INPUT 4 0 41 v:124
13/08/2020 9:20:44 AM,252 Event OK
13/08/2020 9:20:45 AM,EVENT 53265 1597272845 0/0/0/0/4 INPUT 4 1 0 v:124
13/08/2020 9:20:45 AM,252 Event OK
13/08/2020 9:20:46 AM,EVENT 53266 1597272855 0/0/0/0/0 INPUT 4 0 10 v:124
13/08/2020 9:20:46 AM,252 Event OK
13/08/2020 9:20:47 AM,EVENT 53267 1597272855 0/0/0/0/0 INPUT 4 1 0 v:124
13/08/2020 9:20:47 AM,252 Event OK
13/08/2020 9:20:47 AM,EVENT 53268 1597272890 0/0/0/0/3 INPUT 4 0 35 v:124
13/08/2020 9:20:47 AM,252 Event OK
13/08/2020 9:20:48 AM,EVENT 53269 1597272890 0/0/0/0/3 INPUT 4 1 0 v:124
13/08/2020 9:20:48 AM,252 Event OK
13/08/2020 9:20:49 AM,EVENT 53270 1597272892 0/0/0/0/6 INPUT 3 1 0 v:124
13/08/2020 9:20:49 AM,252 Event OK
13/08/2020 9:20:50 AM,EVENT 53271 1597273045 0/0/0/0/12 INPUT 3 0 153 v:124
13/08/2020 9:20:50 AM,252 Event OK
13/08/2020 9:20:51 AM,EVENT 53272 1597273048 0/0/0/0/7 INPUT 3 1 0 v:124
13/08/2020 9:20:51 AM,252 Event OK
13/08/2020 9:20:52 AM,EVENT 53273 1597273103 0/0/0/0/10 INPUT 3 0 55 v:124
13/08/2020 9:20:52 AM,252 Event OK
13/08/2020 9:20:53 AM,EVENT 53274 1597273173 0/0/0/99/7 INPUT 3 1 0 v:124
13/08/2020 9:20:53 AM,252 Event OK
13/08/2020 9:20:54 AM,EVENT 53275 1597273303 0/0/0/0/12 INPUT 3 0 129 v:124
13/08/2020 9:20:54 AM,252 Event OK
13/08/2020 9:20:56 AM,EVENT 53276 1597273304 0/0/0/0/8 INPUT 3 1 0 v:124
13/08/2020 9:20:56 AM,252 Event OK
13/08/2020 9:20:57 AM,EVENT 53277 1597273311 0/0/0/0/11 INPUT 3 0 8 v:124
13/08/2020 9:20:57 AM,252 Event OK
13/08/2020 9:20:58 AM,EVENT 53278 1597273312 0/0/0/0/8 INPUT 3 1 0 v:124
13/08/2020 9:20:58 AM,252 Event OK
13/08/2020 9:20:59 AM,EVENT 53279 1597273312 0/0/0/0/8 INPUT 7 1 0 v:124
13/08/2020 9:20:59 AM,252 Event OK
13/08/2020 9:20:59 AM,EVENT 53280 1597273312 0/0/0/0/8 INPUT 8 0 534 v:124
13/08/2020 9:20:59 AM,252 Event OK
13/08/2020 9:21:00 AM,EVENT 53281 1597273313 0/0/0/0/8 INPUT 1 1 0 v:124
13/08/2020 9:21:00 AM,252 Event OK
13/08/2020 9:21:01 AM,EVENT 53282 1597273313 0/0/0/0/9 INPUT 3 0 2 v:124
13/08/2020 9:21:01 AM,252 Event OK
13/08/2020 9:21:02 AM,EVENT 53283 1597273313 0/0/0/0/9 INPUT 4 0 423 v:124
13/08/2020 9:21:02 AM,252 Event OK
13/08/2020 9:21:03 AM,EVENT 53284 1597273316 0/0/0/0/0 TRIP 53257 383 136 10 7 529 v:124
13/08/2020 9:21:03 AM,252 Event OK
13/08/2020 9:21:03 AM,EVENT 53285 1597273492 0/0/0/0/0 INPUT 8 1 0 v:124
13/08/2020 9:21:03 AM,252 Event OK
13/08/2020 9:21:04 AM,EVENT 53286 1597273493 0/0/0/0/0 INPUT 7 0 181 v:124
13/08/2020 9:21:04 AM,252 Event OK
13/08/2020 9:21:05 AM,EVENT 53287 1597273501 0/0/0/99/0 SIGNON 2463 01b1def3 OK 26 271086 0 v:124
13/08/2020 9:21:05 AM,252 Event OK
13/08/2020 9:21:06 AM,EVENT 53288 1597273507 0/0/0/99/0 INPUT 1 0 194 v:124
13/08/2020 9:21:06 AM,252 Event OK
13/08/2020 9:21:07 AM,EVENT 53289 1597273507 0/0/0/99/0 INPUT 4 1 0 v:124
13/08/2020 9:21:07 AM,252 Event OK
13/08/2020 9:21:07 AM,EVENT 53290 1597273568 0/0/0/0/2 INPUT 3 1 0 v:124
13/08/2020 9:21:07 AM,252 Event OK
13/08/2020 9:21:08 AM,EVENT 53291 1597273585 0/0/0/0/20 REPORT 53287 0 0 v:124
13/08/2020 9:21:08 AM,252 Event OK
13/08/2020 9:21:09 AM,EVENT 53292 1597273810 0/0/0/0/9 INPUT 3 0 241 v:124
13/08/2020 9:21:09 AM,252 Event OK
13/08/2020 9:21:09 AM,EVENT 53293 1597273875 0/0/0/0/4 INPUT 3 1 0 v:124
13/08/2020 9:21:09 AM,252 Event OK
13/08/2020 9:21:10 AM,EVENT 53294 1597274337 0/0/0/0/9 INPUT 3 0 463 v:124
13/08/2020 9:21:10 AM,252 Event OK
13/08/2020 9:21:11 AM,EVENT 53295 1597274354 0/0/0/0/7 INPUT 3 1 0 v:124
13/08/2020 9:21:11 AM,252 Event OK
13/08/2020 9:21:12 AM,EVENT 53296 1597274382 0/0/0/0/16 INPUT 3 0 28 v:124
13/08/2020 9:21:12 AM,252 Event OK
13/08/2020 9:21:12 AM,EVENT 53297 1597274391 0/0/0/0/8 INPUT 3 1 0 v:124
13/08/2020 9:21:12 AM,252 Event OK
13/08/2020 9:21:14 AM,EVENT 53298 1597274539 0/0/0/99/9 INPUT 3 0 149 v:124
13/08/2020 9:21:14 AM,252 Event OK
13/08/2020 9:21:15 AM,EVENT 53299 1597274543 0/0/0/99/8 INPUT 3 1 0 v:124
13/08/2020 9:21:15 AM,252 Event OK
13/08/2020 9:21:16 AM,EVENT 53300 1597274549 0/0/0/99/9 INPUT 3 0 6 v:124
13/08/2020 9:21:16 AM,252 Event OK
13/08/2020 9:21:17 AM,EVENT 53301 1597274550 0/0/0/99/8 INPUT 3 1 0 v:124
13/08/2020 9:21:17 AM,252 Event OK
13/08/2020 9:21:18 AM,EVENT 53302 1597274555 0/0/0/0/9 INPUT 3 0 6 v:124
13/08/2020 9:21:18 AM,252 Event OK
13/08/2020 9:21:20 AM,EVENT 53303 1597274556 0/0/0/0/8 INPUT 3 1 0 v:124
13/08/2020 9:21:20 AM,252 Event OK
13/08/2020 9:21:22 AM,EVENT 53304 1597274558 0/0/0/0/9 INPUT 3 0 2 v:124
13/08/2020 9:21:22 AM,252 Event OK
13/08/2020 9:21:22 AM,EVENT 53305 1597274559 0/0/0/0/8 INPUT 3 1 0 v:124
13/08/2020 9:21:22 AM,252 Event OK
13/08/2020 9:21:23 AM,EVENT 53306 1597274564 0/0/0/0/11 INPUT 3 0 5 v:124
13/08/2020 9:21:23 AM,252 Event OK
13/08/2020 9:21:23 AM,EVENT 53307 1597274578 0/0/0/0/8 INPUT 3 1 0 v:124
13/08/2020 9:21:23 AM,252 Event OK
13/08/2020 9:21:23 AM,EVENT 53308 1597274579 0/0/0/0/8 INPUT 3 0 1 v:124
13/08/2020 9:21:23 AM,252 Event OK
13/08/2020 9:21:24 AM,EVENT 53309 1597274581 0/0/0/0/8 INPUT 3 1 0 v:124
13/08/2020 9:21:24 AM,252 Event OK
13/08/2020 9:21:24 AM,EVENT 53310 1597274608 0/0/0/0/9 INPUT 3 0 28 v:124
13/08/2020 9:21:24 AM,252 Event OK
13/08/2020 9:21:24 AM,EVENT 53311 1597274609 0/0/0/0/8 INPUT 3 1 0 v:124
13/08/2020 9:21:24 AM,252 Event OK
13/08/2020 9:21:25 AM,EVENT 53312 1597274611 0/0/0/0/9 INPUT 3 0 1 v:124
13/08/2020 9:21:25 AM,252 Event OK
13/08/2020 9:21:25 AM,EVENT 53313 1597274612 0/0/0/0/8 INPUT 3 1 0 v:124
13/08/2020 9:21:25 AM,252 Event OK
13/08/2020 9:21:25 AM,EVENT 53314 1597274627 0/0/0/0/9 INPUT 3 0 15 v:124
13/08/2020 9:21:25 AM,252 Event OK
13/08/2020 9:21:26 AM,EVENT 53315 1597274629 0/0/0/0/8 INPUT 3 1 0 v:124
13/08/2020 9:21:26 AM,252 Event OK
13/08/2020 9:21:26 AM,EVENT 53316 1597274642 0/0/0/0/9 INPUT 3 0 14 v:124
13/08/2020 9:21:26 AM,252 Event OK
13/08/2020 9:21:26 AM,EVENT 53317 1597274647 0/0/0/0/8 INPUT 3 1 0 v:124
13/08/2020 9:21:26 AM,252 Event OK
13/08/2020 9:21:26 AM,EVENT 53318 1597274662 0/0/0/0/9 INPUT 3 0 15 v:124
13/08/2020 9:21:26 AM,252 Event OK
13/08/2020 9:21:27 AM,EVENT 53319 1597274663 0/0/0/0/8 INPUT 3 1 0 v:124
13/08/2020 9:21:27 AM,252 Event OK
13/08/2020 9:21:30 AM,EVENT 53320 1597274688 0/0/0/0/9 INPUT 3 0 25 v:124
13/08/2020 9:21:30 AM,252 Event OK
13/08/2020 9:21:30 AM,EVENT 53321 1597274691 0/0/0/0/7 INPUT 3 1 0 v:124
13/08/2020 9:21:30 AM,252 Event OK
13/08/2020 9:21:30 AM,EVENT 53322 1597274706 0/0/0/0/10 INPUT 3 0 14 v:124
13/08/2020 9:21:30 AM,252 Event OK
13/08/2020 9:21:31 AM,EVENT 53323 1597274707 0/0/0/0/8 INPUT 3 1 0 v:124
13/08/2020 9:21:31 AM,252 Event OK
13/08/2020 9:21:31 AM,EVENT 53324 1597274745 0/0/0/0/10 INPUT 3 0 38 v:124
13/08/2020 9:21:31 AM,252 Event OK
13/08/2020 9:21:32 AM,EVENT 53325 1597274751 0/0/0/0/7 INPUT 3 1 0 v:124
13/08/2020 9:21:32 AM,252 Event OK
13/08/2020 9:21:32 AM,EVENT 53326 1597274777 0/0/0/0/10 INPUT 3 0 25 v:124
13/08/2020 9:21:32 AM,252 Event OK
13/08/2020 9:21:32 AM,EVENT 53327 1597274780 0/0/0/0/8 INPUT 3 1 0 v:124
13/08/2020 9:21:32 AM,252 Event OK
13/08/2020 9:21:33 AM,EVENT 53328 1597274831 0/0/0/0/11 INPUT 3 0 50 v:124
13/08/2020 9:21:33 AM,252 Event OK
13/08/2020 9:21:33 AM,EVENT 53329 1597274857 0/0/0/0/0 INPUT 4 0 1350 v:124
13/08/2020 9:21:33 AM,252 Event OK
13/08/2020 9:21:34 AM,EVENT 53330 1597274857 0/0/0/0/0 INPUT 4 1 0 v:124
13/08/2020 9:21:34 AM,252 Event OK
13/08/2020 9:21:34 AM,EVENT 53331 1597274867 0/0/0/0/7 INPUT 3 1 0 v:124
13/08/2020 9:21:34 AM,252 Event OK
13/08/2020 9:21:34 AM,EVENT 53332 1597274888 0/0/0/99/10 INPUT 3 0 20 v:124
13/08/2020 9:21:34 AM,252 Event OK
13/08/2020 9:21:35 AM,EVENT 53333 1597274889 0/0/0/99/8 INPUT 3 1 0 v:124
13/08/2020 9:21:35 AM,252 Event OK
13/08/2020 9:21:35 AM,EVENT 53334 1597274892 0/0/0/99/10 INPUT 3 0 3 v:124
13/08/2020 9:21:35 AM,252 Event OK
13/08/2020 9:21:35 AM,EVENT 53335 1597274895 0/0/0/99/5 INPUT 4 0 38 v:124
13/08/2020 9:21:35 AM,252 Event OK
13/08/2020 9:21:35 AM,EVENT 53336 1597274895 0/0/0/99/4 INPUT 4 1 0 v:124
13/08/2020 9:21:35 AM,252 Event OK
13/08/2020 9:21:36 AM,EVENT 53337 1597274912 0/0/0/0/4 INPUT 3 1 0 v:124
13/08/2020 9:21:36 AM,252 Event OK
13/08/2020 9:21:36 AM,EVENT 53338 1597274948 0/0/0/0/10 INPUT 3 0 37 v:124
13/08/2020 9:21:36 AM,252 Event OK
13/08/2020 9:21:36 AM,EVENT 53339 1597274986 0/0/0/0/0 INPUT 4 0 91 v:124
13/08/2020 9:21:36 AM,252 Event OK
13/08/2020 9:21:37 AM,EVENT 53340 1597274986 0/0/0/0/0 INPUT 4 1 0 v:124
13/08/2020 9:21:37 AM,252 Event OK
13/08/2020 9:21:37 AM,EVENT 53341 1597274995 0/0/0/0/0 INPUT 4 0 9 v:124
13/08/2020 9:21:37 AM,252 Event OK
13/08/2020 9:21:38 AM,EVENT 53342 1597274995 0/0/0/0/0 INPUT 4 1 0 v:124
13/08/2020 9:21:38 AM,252 Event OK
13/08/2020 9:21:38 AM,EVENT 53343 1597274997 0/0/0/0/6 INPUT 3 1 0 v:124
13/08/2020 9:21:38 AM,252 Event OK
13/08/2020 9:21:38 AM,EVENT 53344 1597275000 0/0/0/0/9 INPUT 3 0 3 v:124
13/08/2020 9:21:38 AM,252 Event OK
13/08/2020 9:21:38 AM,EVENT 53345 1597275002 0/0/0/0/5 INPUT 4 0 7 v:124
13/08/2020 9:21:38 AM,252 Event OK
13/08/2020 9:21:39 AM,EVENT 53346 1597275002 0/0/0/0/4 INPUT 4 1 0 v:124
13/08/2020 9:21:39 AM,252 Event OK
13/08/2020 9:21:54 AM,EVENT 53347 1597275004 0/0/0/0/0 INPUT 1 1 0 v:124
13/08/2020 9:21:54 AM,252 Event OK
13/08/2020 9:21:54 AM,EVENT 53348 1597275005 0/0/0/0/0 INPUT 4 0 2 v:124
13/08/2020 9:21:54 AM,252 Event OK
13/08/2020 9:21:54 AM,EVENT 53349 1597275006 0/0/0/0/0 INPUT 4 1 0 v:124
13/08/2020 9:21:54 AM,252 Event OK
13/08/2020 9:21:54 AM,EVENT 53350 1597275043 0/0/0/0/0 INPUT 1 0 38 v:124
13/08/2020 9:21:54 AM,252 Event OK
13/08/2020 9:21:55 AM,EVENT 53351 1597275046 0/0/0/0/0 OILPRESSURE 53287 36 v:124
13/08/2020 9:21:55 AM,252 Event OK
13/08/2020 9:21:55 AM,EVENT 53352 1597275050 0/0/0/0/0 ENGINEOVERSPEED 53287 36 11327 v:124
13/08/2020 9:21:55 AM,252 Event OK
13/08/2020 9:21:55 AM,EVENT 53353 1597275053 0/0/0/0/7 INPUT 3 1 0 v:124
13/08/2020 9:21:55 AM,252 Event OK
13/08/2020 9:21:55 AM,EVENT 53354 1597275064 0/0/0/0/11 INPUT 3 0 10 v:124
13/08/2020 9:21:55 AM,252 Event OK
13/08/2020 9:21:55 AM,EVENT 53355 1597275069 0/0/0/0/4 INPUT 7 1 0 v:124
13/08/2020 9:21:55 AM,252 Event OK
13/08/2020 9:21:56 AM,EVENT 53356 1597275069 0/0/0/0/4 INPUT 8 0 1576 v:124
13/08/2020 9:21:56 AM,252 Event OK
13/08/2020 9:21:56 AM,EVENT 53357 1597275070 0/0/0/0/2 INPUT 1 1 0 v:124
13/08/2020 9:21:56 AM,252 Event OK
13/08/2020 9:21:56 AM,EVENT 53358 1597275073 0/0/0/0/0 TRIP 53287 1199 366 8 7 1573 v:124
13/08/2020 9:21:56 AM,252 Event OK
13/08/2020 9:21:56 AM,EVENT 53359 1597275073 0/0/0/0/0 TRIPSUMMARY 53287 v:124
13/08/2020 9:21:56 AM,252 Event OK
13/08/2020 9:21:56 AM,EVENT 53360 1597275074 0/0/0/0/0 INPUT 4 0 68 v:124
13/08/2020 9:21:56 AM,252 Event OK
13/08/2020 9:21:57 AM,EVENT 53361 1597275283 0/0/0/0/0 INPUT 8 1 0 v:124
13/08/2020 9:21:57 AM,252 Event OK
13/08/2020 9:21:57 AM,EVENT 53362 1597275284 0/0/0/0/0 INPUT 7 0 215 v:124
13/08/2020 9:21:57 AM,252 Event OK
13/08/2020 9:21:57 AM,EVENT 53363 1597275291 0/0/0/0/0 SIGNON 2463 01b1def3 OK 26 271086 0 v:124
13/08/2020 9:21:57 AM,252 Event OK
13/08/2020 9:21:57 AM,EVENT 53364 1597275297 0/0/0/0/0 INPUT 4 1 0 v:124
13/08/2020 9:21:57 AM,252 Event OK
13/08/2020 9:21:58 AM,EVENT 53365 1597275298 0/0/0/0/0 INPUT 1 0 228 v:124
13/08/2020 9:21:58 AM,252 Event OK
13/08/2020 9:21:58 AM,EVENT 53366 1597275337 0/0/0/0/0 INPUT 4 0 40 v:124
13/08/2020 9:21:58 AM,252 Event OK
13/08/2020 9:21:58 AM,EVENT 53367 1597275337 0/0/0/0/0 INPUT 4 1 0 v:124
13/08/2020 9:21:58 AM,252 Event OK
13/08/2020 9:21:58 AM,EVENT 53368 1597275415 0/0/0/0/3 INPUT 4 0 78 v:124
13/08/2020 9:21:58 AM,252 Event OK
13/08/2020 9:21:59 AM,EVENT 53369 1597275415 0/0/0/0/2 INPUT 4 1 0 v:124
13/08/2020 9:21:59 AM,252 Event OK
13/08/2020 9:21:59 AM,EVENT 53370 1597275417 0/0/0/0/0 REPORT 53363 0 0 v:124
13/08/2020 9:21:59 AM,252 Event OK
13/08/2020 9:21:59 AM,EVENT 53371 1597275425 0/0/0/0/0 INPUT 7 1 0 v:124
13/08/2020 9:21:59 AM,252 Event OK
13/08/2020 9:21:59 AM,EVENT 53372 1597275425 0/0/0/0/0 INPUT 8 0 143 v:124
13/08/2020 9:21:59 AM,252 Event OK
13/08/2020 9:22:00 AM,EVENT 53373 1597275426 0/0/0/0/0 INPUT 1 1 0 v:124
13/08/2020 9:22:00 AM,252 Event OK
13/08/2020 9:22:00 AM,EVENT 53374 1597275427 0/0/0/0/0 INPUT 4 0 12 v:124
13/08/2020 9:22:00 AM,252 Event OK
13/08/2020 9:22:00 AM,EVENT 53375 1597275430 0/0/0/0/0 TRIP 53363 0 130 10 7 140 v:124
13/08/2020 9:22:00 AM,252 Event OK
13/08/2020 9:22:00 AM,EVENT 53376 1597275683 0/0/0/0/0 INPUT 8 1 0 v:124
13/08/2020 9:22:00 AM,252 Event OK
13/08/2020 9:22:00 AM,EVENT 53377 1597275684 0/0/0/0/0 INPUT 7 0 258 v:124
13/08/2020 9:22:00 AM,252 Event OK
13/08/2020 9:22:01 AM,EVENT 53378 1597275692 0/0/0/0/0 SIGNON 2463 01b1def3 OK 26 271086 0 v:124
13/08/2020 9:22:01 AM,252 Event OK
13/08/2020 9:22:01 AM,EVENT 53379 1597275698 0/0/0/0/0 INPUT 3 1 0 v:124
13/08/2020 9:22:01 AM,252 Event OK
13/08/2020 9:22:01 AM,EVENT 53380 1597275699 0/0/0/0/14 INPUT 1 0 272 v:124
13/08/2020 9:22:01 AM,252 Event OK
13/08/2020 9:22:02 AM,EVENT 53381 1597275699 0/0/0/0/26 INPUT 3 0 2 v:124
13/08/2020 9:22:02 AM,252 Event OK
13/08/2020 9:22:02 AM,EVENT 53382 1597275699 0/0/0/0/26 INPUT 4 1 0 v:124
13/08/2020 9:22:02 AM,252 Event OK
13/08/2020 9:22:02 AM,EVENT 53383 1597275807 0/0/0/0/4 INPUT 4 0 108 v:124
13/08/2020 9:22:02 AM,252 Event OK
13/08/2020 9:22:02 AM,EVENT 53384 1597275807 0/0/0/0/3 INPUT 4 1 0 v:124
13/08/2020 9:22:02 AM,252 Event OK
13/08/2020 9:22:02 AM,EVENT 53385 1597275812 0/0/0/0/7 INPUT 3 1 0 v:124
13/08/2020 9:22:02 AM,252 Event OK
13/08/2020 9:22:03 AM,EVENT 53386 1597275816 0/0/0/0/9 INPUT 3 0 5 v:124
13/08/2020 9:22:03 AM,252 Event OK
13/08/2020 9:22:03 AM,EVENT 53387 1597275817 0/0/0/0/9 INPUT 7 1 0 v:124
13/08/2020 9:22:03 AM,252 Event OK
13/08/2020 9:22:03 AM,EVENT 53388 1597275817 0/0/0/0/9 INPUT 8 0 133 v:124
13/08/2020 9:22:03 AM,252 Event OK
13/08/2020 9:22:03 AM,EVENT 53389 1597275818 0/0/0/0/8 INPUT 1 1 0 v:124
13/08/2020 9:22:03 AM,252 Event OK
13/08/2020 9:22:03 AM,EVENT 53390 1597275819 0/0/0/0/3 INPUT 4 0 12 v:124
13/08/2020 9:22:03 AM,252 Event OK
13/08/2020 9:22:04 AM,EVENT 53391 1597275821 0/0/0/0/0 TRIP 53378 7 115 8 6 130 v:124
13/08/2020 9:22:04 AM,252 Event OK
13/08/2020 9:22:04 AM,EVENT 53392 1597278282 0/0/0/0/0 SWSTART OpusFC 5.0.58.518 R v:124
13/08/2020 9:22:04 AM,252 Event OK
13/08/2020 9:22:05 AM,EVENT 53393 1597275821 0/0/0/0/0 POWERDOWN v:124
13/08/2020 9:22:05 AM,252 Event OK
13/08/2020 9:22:05 AM,EVENT 53394 1597278282 0/0/0/0/0 INPUT 1 1 0 v:124
13/08/2020 9:22:05 AM,252 Event OK
13/08/2020 9:22:05 AM,EVENT 53395 1597278282 0/0/0/0/0 INPUT 2 0 0 v:123
13/08/2020 9:22:05 AM,252 Event OK
13/08/2020 9:22:05 AM,EVENT 53396 1597278282 0/0/0/0/0 INPUT 3 0 0 v:124
13/08/2020 9:22:05 AM,252 Event OK
13/08/2020 9:22:06 AM,EVENT 53397 1597278282 0/0/0/0/0 INPUT 4 0 0 v:124
13/08/2020 9:22:06 AM,252 Event OK
13/08/2020 9:22:06 AM,EVENT 53398 1597278282 0/0/0/0/0 INPUT 7 0 0 v:124
13/08/2020 9:22:06 AM,252 Event OK
13/08/2020 9:22:06 AM,EVENT 53399 1597278282 0/0/0/0/0 INPUT 8 1 0 v:124
13/08/2020 9:22:06 AM,252 Event OK
13/08/2020 9:22:06 AM,EVENT 53400 1597278284 0/0/0/0/0 ZONE_OK 2 100 FW=NO VERSION v:124
13/08/2020 9:22:06 AM,252 Event OK
13/08/2020 9:22:06 AM,EVENT 53401 1597278292 0/0/0/0/0 SIGNON 2463 01b1def3 OK 26 271086 0 v:124
13/08/2020 9:22:06 AM,252 Event OK
13/08/2020 9:22:07 AM,EVENT 53402 1597278314 0/0/0/0/0 INPUT 1 0 31 v:124
13/08/2020 9:22:07 AM,252 Event OK
13/08/2020 9:22:07 AM,EVENT 53403 1597278314 0/0/0/0/0 INPUT 4 1 0 v:124
13/08/2020 9:22:07 AM,252 Event OK
13/08/2020 9:22:07 AM,EVENT 53404 1597278320 0/0/0/0/0 INPUT 4 0 7 v:124
13/08/2020 9:22:07 AM,252 Event OK
13/08/2020 9:22:07 AM,EVENT 53405 1597278321 0/0/0/0/0 INPUT 4 1 0 v:124
13/08/2020 9:22:07 AM,252 Event OK
13/08/2020 9:22:08 AM,EVENT 53406 1597278359 0/0/0/0/6 INPUT 3 1 0 v:124
13/08/2020 9:22:08 AM,252 Event OK
13/08/2020 9:22:08 AM,EVENT 53407 1597278445 0/0/0/0/9 INPUT 3 0 86 v:124
13/08/2020 9:22:08 AM,252 Event OK
13/08/2020 9:22:08 AM,EVENT 53408 1597278453 0/0/0/0/4 INPUT 4 0 133 v:124
13/08/2020 9:22:08 AM,252 Event OK
13/08/2020 9:22:09 AM,EVENT 53409 1597278453 0/0/0/0/2 INPUT 4 1 0 v:124
13/08/2020 9:22:09 AM,252 Event OK
13/08/2020 9:22:09 AM,EVENT 53410 1597278455 0/0/0/0/2 INPUT 3 1 0 v:124
13/08/2020 9:22:09 AM,252 Event OK
13/08/2020 9:22:09 AM,EVENT 53411 1597278505 0/0/0/0/10 INPUT 3 0 50 v:124
13/08/2020 9:22:09 AM,252 Event OK
13/08/2020 9:22:09 AM,EVENT 53412 1597278552 0/0/0/0/4 INPUT 3 1 0 v:124
13/08/2020 9:22:09 AM,252 Event OK
13/08/2020 9:22:10 AM,EVENT 53413 1597278566 0/0/0/0/13 INPUT 3 0 14 v:124
13/08/2020 9:22:10 AM,252 Event OK
13/08/2020 9:22:10 AM,EVENT 53414 1597278576 0/0/0/0/3 INPUT 4 0 123 v:124
13/08/2020 9:22:10 AM,252 Event OK
13/08/2020 9:22:10 AM,EVENT 53415 1597278577 0/0/0/0/2 INPUT 4 1 0 v:124
13/08/2020 9:22:10 AM,252 Event OK
13/08/2020 9:22:11 AM,EVENT 53416 1597278579 0/0/0/0/3 INPUT 4 0 3 v:124
13/08/2020 9:22:11 AM,252 Event OK
13/08/2020 9:22:11 AM,EVENT 53417 1597278579 0/0/0/0/2 INPUT 4 1 0 v:124
13/08/2020 9:22:11 AM,252 Event OK
13/08/2020 9:22:11 AM,EVENT 53418 1597278584 0/0/0/0/1 INPUT 7 1 0 v:124
13/08/2020 9:22:11 AM,252 Event OK
13/08/2020 9:22:11 AM,EVENT 53419 1597278584 0/0/0/0/1 INPUT 8 0 302 v:124
13/08/2020 9:22:11 AM,252 Event OK
13/08/2020 9:22:12 AM,EVENT 53420 1597278585 0/0/0/0/0 INPUT 1 1 0 v:124
13/08/2020 9:22:12 AM,252 Event OK
13/08/2020 9:22:12 AM,EVENT 53421 1597278586 0/0/0/0/0 INPUT 4 0 6 v:124
13/08/2020 9:22:12 AM,252 Event OK
13/08/2020 9:22:12 AM,EVENT 53422 1597278589 0/0/0/0/0 REPORT 53401 0 0 v:123
13/08/2020 9:22:12 AM,252 Event OK
13/08/2020 9:22:12 AM,EVENT 53423 1597278589 0/0/0/0/0 TRIP 53401 150 122 26 22 298 v:123
13/08/2020 9:22:12 AM,252 Event OK
13/08/2020 9:22:13 AM,EVENT 53424 1597278701 0/0/0/0/0 INPUT 8 1 0 v:124
13/08/2020 9:22:13 AM,252 Event OK
13/08/2020 9:22:13 AM,EVENT 53425 1597278702 0/0/0/0/0 INPUT 7 0 117 v:124
13/08/2020 9:22:13 AM,252 Event OK
13/08/2020 9:22:13 AM,EVENT 53426 1597278710 0/0/0/0/0 SIGNON 2463 01b1def3 OK 26 271086 0 v:124
13/08/2020 9:22:13 AM,252 Event OK
13/08/2020 9:22:13 AM,EVENT 53427 1597278715 0/0/0/0/0 INPUT 4 1 0 v:124
13/08/2020 9:22:13 AM,252 Event OK
13/08/2020 9:22:14 AM,EVENT 53428 1597278716 0/0/0/0/0 INPUT 1 0 130 v:124
13/08/2020 9:22:14 AM,252 Event OK
13/08/2020 9:22:14 AM,EVENT 53429 1597278728 0/0/0/0/8 INPUT 3 1 0 v:124
13/08/2020 9:22:14 AM,252 Event OK
13/08/2020 9:22:14 AM,EVENT 53430 1597278769 0/0/0/0/11 INPUT 3 0 41 v:124
13/08/2020 9:22:14 AM,252 Event OK
13/08/2020 9:22:14 AM,EVENT 53431 1597278780 0/0/0/0/3 INPUT 4 0 65 v:124
13/08/2020 9:22:14 AM,252 Event OK
13/08/2020 9:22:15 AM,EVENT 53432 1597278781 0/0/0/0/3 INPUT 4 1 0 v:124
13/08/2020 9:22:15 AM,252 Event OK
13/08/2020 9:22:15 AM,EVENT 53433 1597278785 0/0/0/0/6 INPUT 3 1 0 v:124
13/08/2020 9:22:15 AM,252 Event OK
13/08/2020 9:22:15 AM,EVENT 53434 1597278908 0/0/0/0/12 INPUT 3 0 123 v:124
13/08/2020 9:22:15 AM,252 Event OK
13/08/2020 9:22:15 AM,EVENT 53435 1597278911 0/0/0/0/4 INPUT 7 1 0 v:124
13/08/2020 9:22:15 AM,252 Event OK
13/08/2020 9:22:15 AM,EVENT 53436 1597278911 0/0/0/0/4 INPUT 8 0 210 v:124
13/08/2020 9:22:15 AM,252 Event OK
13/08/2020 9:22:16 AM,EVENT 53437 1597278912 0/0/0/0/0 INPUT 1 1 0 v:124
13/08/2020 9:22:16 AM,252 Event OK
13/08/2020 9:22:16 AM,EVENT 53438 1597278913 0/0/0/0/0 INPUT 4 0 133 v:124
13/08/2020 9:22:16 AM,252 Event OK
13/08/2020 9:22:16 AM,EVENT 53439 1597278915 0/0/0/0/0 TRIP 53426 164 34 8 6 206 v:124
13/08/2020 9:22:16 AM,252 Event OK
13/08/2020 9:22:16 AM,EVENT 53440 1597281474 0/0/0/0/0 SWSTART OpusFC 5.0.58.518 R v:124
13/08/2020 9:22:16 AM,252 Event OK
13/08/2020 9:22:17 AM,EVENT 53441 1597278915 0/0/0/0/0 POWERDOWN v:124
13/08/2020 9:22:17 AM,252 Event OK
13/08/2020 9:22:17 AM,EVENT 53442 1597281474 0/0/0/0/0 INPUT 1 1 0 v:124
13/08/2020 9:22:17 AM,252 Event OK
13/08/2020 9:22:18 AM,EVENT 53443 1597281474 0/0/0/0/0 INPUT 2 0 0 v:124
13/08/2020 9:22:18 AM,252 Event OK
13/08/2020 9:22:18 AM,EVENT 53444 1597281474 0/0/0/0/0 INPUT 3 0 0 v:124
13/08/2020 9:22:18 AM,252 Event OK
13/08/2020 9:22:18 AM,EVENT 53445 1597281474 0/0/0/0/0 INPUT 4 0 0 v:124
13/08/2020 9:22:18 AM,252 Event OK
13/08/2020 9:22:18 AM,EVENT 53446 1597281474 0/0/0/0/0 INPUT 7 0 0 v:124
13/08/2020 9:22:18 AM,252 Event OK
13/08/2020 9:22:19 AM,EVENT 53447 1597281474 0/0/0/0/0 INPUT 8 1 0 v:124
13/08/2020 9:22:19 AM,252 Event OK
13/08/2020 9:22:19 AM,EVENT 53448 1597281476 0/0/0/0/0 ZONE_OK 2 100 FW=NO VERSION v:124
13/08/2020 9:22:19 AM,252 Event OK
13/08/2020 9:22:19 AM,EVENT 53449 1597281484 0/0/0/0/0 SIGNON 2463 01b1def3 OK 26 271086 0 v:124
13/08/2020 9:22:19 AM,252 Event OK
13/08/2020 9:22:19 AM,EVENT 53450 1597281490 0/0/0/99/0 INPUT 1 0 16 v:124
13/08/2020 9:22:19 AM,252 Event OK
13/08/2020 9:22:19 AM,EVENT 53451 1597281491 0/0/0/99/0 INPUT 4 1 0 v:124
13/08/2020 9:22:19 AM,252 Event OK
13/08/2020 9:22:20 AM,EVENT 53452 1597281498 0/0/0/0/0 INPUT 4 0 8 v:124
13/08/2020 9:22:20 AM,252 Event OK
13/08/2020 9:22:20 AM,EVENT 53453 1597281498 0/0/0/0/0 INPUT 4 1 0 v:124
13/08/2020 9:22:20 AM,252 Event OK
13/08/2020 9:22:20 AM,EVENT 53454 1597281534 0/0/0/0/5 INPUT 4 0 36 v:124
13/08/2020 9:22:20 AM,252 Event OK
13/08/2020 9:22:20 AM,EVENT 53455 1597281534 0/0/0/0/4 INPUT 4 1 0 v:124
13/08/2020 9:22:20 AM,252 Event OK
13/08/2020 9:22:21 AM,EVENT 53456 1597281542 0/0/0/0/3 INPUT 3 1 0 v:124
13/08/2020 9:22:21 AM,252 Event OK
13/08/2020 9:22:21 AM,EVENT 53457 1597281695 0/0/0/0/11 INPUT 3 0 154 v:124
13/08/2020 9:22:21 AM,252 Event OK
13/08/2020 9:22:21 AM,EVENT 53458 1597281695 0/0/0/0/11 INPUT 4 0 161 v:124
13/08/2020 9:22:21 AM,252 Event OK
13/08/2020 9:22:21 AM,EVENT 53459 1597281695 0/0/0/0/10 INPUT 4 1 0 v:124
13/08/2020 9:22:21 AM,252 Event OK
13/08/2020 9:22:22 AM,EVENT 53460 1597281712 0/0/0/0/0 INPUT 7 1 0 v:124
13/08/2020 9:22:22 AM,252 Event OK
13/08/2020 9:22:22 AM,EVENT 53461 1597281712 0/0/0/0/0 INPUT 8 0 237 v:124
13/08/2020 9:22:22 AM,252 Event OK
13/08/2020 9:22:22 AM,EVENT 53462 1597281713 0/0/0/0/0 INPUT 1 1 0 v:124
13/08/2020 9:22:22 AM,252 Event OK
13/08/2020 9:22:22 AM,EVENT 53463 1597281713 0/0/0/0/0 INPUT 4 0 18 v:124
13/08/2020 9:22:22 AM,252 Event OK
13/08/2020 9:22:23 AM,EVENT 53464 1597281715 0/0/0/0/0 INPUT 4 1 0 v:124
13/08/2020 9:22:23 AM,252 Event OK
13/08/2020 9:22:23 AM,EVENT 53465 1597281716 0/0/0/0/0 TRIP 53449 154 71 8 7 233 v:124
13/08/2020 9:22:23 AM,252 Event OK
13/08/2020 9:22:23 AM,EVENT 53466 1597281717 0/0/0/0/0 INPUT 4 0 2 v:124
13/08/2020 9:22:23 AM,252 Event OK
13/08/2020 9:22:23 AM,EVENT 53467 1597281720 0/0/0/0/0 REPORT * 0 0 v:124
13/08/2020 9:22:23 AM,252 Event OK
13/08/2020 9:22:23 AM,EVENT 53468 1597281828 0/0/0/0/0 INPUT 7 0 116 v:124
13/08/2020 9:22:23 AM,252 Event OK
13/08/2020 9:22:24 AM,EVENT 53469 1597281828 0/0/0/0/0 INPUT 8 1 0 v:124
13/08/2020 9:22:24 AM,252 Event OK
13/08/2020 9:22:24 AM,EVENT 53470 1597281835 0/0/0/0/0 SIGNON 2463 01b1def3 OK 26 271086 0 v:124
13/08/2020 9:22:24 AM,252 Event OK
13/08/2020 9:22:24 AM,EVENT 53471 1597281843 0/0/0/0/0 INPUT 1 0 130 v:124
13/08/2020 9:22:24 AM,252 Event OK
13/08/2020 9:22:25 AM,EVENT 53472 1597281843 0/0/0/0/0 INPUT 4 1 0 v:124
13/08/2020 9:22:25 AM,252 Event OK
13/08/2020 9:22:25 AM,EVENT 53473 1597281847 0/0/0/0/0 INPUT 4 0 4 v:124
13/08/2020 9:22:25 AM,252 Event OK
13/08/2020 9:22:25 AM,EVENT 53474 1597281847 0/0/0/0/0 INPUT 4 1 0 v:124
13/08/2020 9:22:25 AM,252 Event OK
13/08/2020 9:22:25 AM,EVENT 53475 1597281854 0/0/0/0/6 INPUT 3 1 0 v:124
13/08/2020 9:22:25 AM,252 Event OK
13/08/2020 9:22:25 AM,EVENT 53476 1597282021 0/0/0/0/10 INPUT 3 0 167 v:124
13/08/2020 9:22:25 AM,252 Event OK
13/08/2020 9:22:26 AM,EVENT 53477 1597282026 0/0/0/0/2 INPUT 7 1 0 v:124
13/08/2020 9:22:26 AM,252 Event OK
13/08/2020 9:22:26 AM,EVENT 53478 1597282026 0/0/0/0/2 INPUT 8 0 198 v:124
13/08/2020 9:22:26 AM,252 Event OK
13/08/2020 9:22:26 AM,EVENT 53479 1597282026 0/0/0/0/1 INPUT 4 0 179 v:124
13/08/2020 9:22:26 AM,252 Event OK
13/08/2020 9:22:26 AM,EVENT 53480 1597282027 0/0/0/0/0 INPUT 4 1 0 v:124
13/08/2020 9:22:26 AM,252 Event OK
13/08/2020 9:22:27 AM,EVENT 53481 1597282027 0/0/0/0/0 INPUT 1 1 0 v:124
13/08/2020 9:22:27 AM,252 Event OK
13/08/2020 9:22:27 AM,EVENT 53482 1597282030 0/0/0/0/0 TRIP 53470 167 20 8 8 195 v:123
13/08/2020 9:22:27 AM,252 Event OK
13/08/2020 9:22:27 AM,EVENT 53483 1597282031 0/0/0/0/0 INPUT 4 0 4 v:124
13/08/2020 9:22:27 AM,252 Event OK
13/08/2020 9:22:27 AM,EVENT 53484 1597283103 0/0/0/0/0 INPUT 7 0 1077 v:124
13/08/2020 9:22:27 AM,252 Event OK
13/08/2020 9:22:28 AM,EVENT 53485 1597283103 0/0/0/0/0 INPUT 8 1 0 v:124
13/08/2020 9:22:28 AM,252 Event OK
13/08/2020 9:22:28 AM,EVENT 53486 1597283114 0/0/0/0/0 SIGNON 2463 01b1def3 OK 26 271086 0 v:124
13/08/2020 9:22:28 AM,252 Event OK
13/08/2020 9:22:28 AM,EVENT 53487 1597283120 0/0/0/0/0 INPUT 4 1 0 v:124
13/08/2020 9:22:28 AM,252 Event OK
13/08/2020 9:22:28 AM,EVENT 53488 1597283121 0/0/0/0/0 INPUT 1 0 1094 v:124
13/08/2020 9:22:28 AM,252 Event OK
13/08/2020 9:22:28 AM,EVENT 53489 1597283124 0/0/0/0/0 INPUT 4 0 4 v:124
13/08/2020 9:22:28 AM,252 Event OK
13/08/2020 9:22:29 AM,EVENT 53490 1597283124 0/0/0/0/0 INPUT 4 1 0 v:124
13/08/2020 9:22:29 AM,252 Event OK
13/08/2020 9:22:29 AM,EVENT 53491 1597283153 0/0/0/99/7 INPUT 3 1 0 v:124
13/08/2020 9:22:29 AM,252 Event OK
13/08/2020 9:22:29 AM,EVENT 53492 1597283385 0/0/0/0/12 INPUT 3 0 231 v:124
13/08/2020 9:22:29 AM,252 Event OK
13/08/2020 9:22:29 AM,EVENT 53493 1597283401 0/0/0/0/5 INPUT 3 1 0 v:124
13/08/2020 9:22:29 AM,252 Event OK
13/08/2020 9:22:30 AM,EVENT 53494 1597283411 0/0/0/0/12 INPUT 3 0 9 v:124
13/08/2020 9:22:30 AM,252 Event OK
13/08/2020 9:22:30 AM,EVENT 53495 1597283418 0/0/0/0/0 INPUT 4 0 294 v:124
13/08/2020 9:22:30 AM,252 Event OK
13/08/2020 9:22:30 AM,EVENT 53496 1597283418 0/0/0/0/0 INPUT 4 1 0 v:124
13/08/2020 9:22:30 AM,252 Event OK
13/08/2020 9:22:30 AM,EVENT 53497 1597283461 0/0/0/0/3 INPUT 4 0 43 v:124
13/08/2020 9:22:30 AM,252 Event OK
13/08/2020 9:22:30 AM,EVENT 53498 1597283462 0/0/0/0/2 INPUT 4 1 0 v:124
13/08/2020 9:22:30 AM,252 Event OK
13/08/2020 9:22:31 AM,EVENT 53499 1597283466 0/0/0/0/5 INPUT 3 1 0 v:124
13/08/2020 9:22:31 AM,252 Event OK
13/08/2020 9:22:31 AM,EVENT 53500 1597283550 0/0/0/0/21 REPORT 53486 0 0 v:124
13/08/2020 9:22:31 AM,252 Event OK
13/08/2020 9:22:31 AM,EVENT 53501 1597283595 0/0/0/0/9 INPUT 3 0 129 v:124
13/08/2020 9:22:31 AM,252 Event OK
13/08/2020 9:22:31 AM,EVENT 53502 1597283597 0/0/0/0/8 INPUT 3 1 0 v:124
13/08/2020 9:22:31 AM,252 Event OK
13/08/2020 9:22:32 AM,EVENT 53503 1597283774 0/0/0/0/14 INPUT 3 0 177 v:124
13/08/2020 9:22:32 AM,252 Event OK
13/08/2020 9:22:32 AM,EVENT 53504 1597283775 0/0/0/0/9 INPUT 4 0 314 v:124
13/08/2020 9:22:32 AM,252 Event OK
13/08/2020 9:22:32 AM,EVENT 53505 1597283775 0/0/0/0/8 INPUT 4 1 0 v:124
13/08/2020 9:22:32 AM,252 Event OK
13/08/2020 9:22:32 AM,EVENT 53506 1597283780 0/0/0/0/8 INPUT 3 1 0 v:124
13/08/2020 9:22:32 AM,252 Event OK
13/08/2020 9:22:33 AM,EVENT 53507 1597283781 0/0/0/0/9 INPUT 3 0 2 v:124
13/08/2020 9:22:33 AM,252 Event OK
13/08/2020 9:22:33 AM,EVENT 53508 1597283784 0/0/0/0/4 INPUT 3 1 0 v:124
13/08/2020 9:22:33 AM,252 Event OK
13/08/2020 9:22:33 AM,EVENT 53509 1597283787 0/0/0/0/14 INPUT 3 0 4 v:124
13/08/2020 9:22:33 AM,252 Event OK
13/08/2020 9:22:34 AM,EVENT 53510 1597283792 0/0/0/0/7 INPUT 3 1 0 v:124
13/08/2020 9:22:34 AM,252 Event OK
13/08/2020 9:22:34 AM,EVENT 53511 1597283795 0/0/0/0/9 INPUT 3 0 2 v:124
13/08/2020 9:22:34 AM,252 Event OK
13/08/2020 9:22:34 AM,EVENT 53512 1597283800 0/0/0/0/5 INPUT 7 1 0 v:124
13/08/2020 9:22:34 AM,252 Event OK
13/08/2020 9:22:34 AM,EVENT 53513 1597283800 0/0/0/0/5 INPUT 8 0 698 v:124
13/08/2020 9:22:34 AM,252 Event OK
13/08/2020 9:22:35 AM,EVENT 53514 1597283801 0/0/0/0/2 INPUT 1 1 0 v:124
13/08/2020 9:22:35 AM,252 Event OK
13/08/2020 9:22:35 AM,EVENT 53515 1597283805 0/0/0/0/0 TRIP 53486 554 131 6 6 691 v:124
13/08/2020 9:22:35 AM,252 Event OK
13/08/2020 9:22:35 AM,EVENT 53516 1597283806 0/0/0/0/0 INPUT 4 0 30 v:124
13/08/2020 9:22:35 AM,252 Event OK
13/08/2020 9:22:36 AM,EVENT 53517 1597283865 0/0/0/0/0 INPUT 8 1 0 v:124
13/08/2020 9:22:36 AM,252 Event OK
13/08/2020 9:22:36 AM,EVENT 53518 1597283866 0/0/0/0/0 INPUT 7 0 65 v:124
13/08/2020 9:22:36 AM,252 Event OK
13/08/2020 9:22:36 AM,EVENT 53519 1597283867 0/0/0/0/0 INPUT 7 1 0 v:124
13/08/2020 9:22:36 AM,252 Event OK
13/08/2020 9:22:37 AM,EVENT 53520 1597283867 0/0/0/0/0 INPUT 8 0 1 v:124
13/08/2020 9:22:37 AM,252 Event OK
13/08/2020 9:22:37 AM,EVENT 53521 1597283871 0/0/0/0/0 INPUT 8 1 0 v:124
13/08/2020 9:22:37 AM,252 Event OK
13/08/2020 9:22:37 AM,EVENT 53522 1597283872 0/0/0/0/0 INPUT 7 0 5 v:124
13/08/2020 9:22:37 AM,252 Event OK
13/08/2020 9:22:38 AM,EVENT 53523 1597283883 0/0/0/0/0 SIGNON 2532 03f7deff OK 26 41080 0 v:124
13/08/2020 9:22:38 AM,252 Event OK
13/08/2020 9:22:38 AM,EVENT 53524 1597283889 0/0/0/0/0 INPUT 1 0 89 v:124
13/08/2020 9:22:38 AM,252 Event OK
13/08/2020 9:22:38 AM,EVENT 53525 1597283889 0/0/0/0/0 INPUT 4 1 0 v:124
13/08/2020 9:22:38 AM,252 Event OK
13/08/2020 9:22:38 AM,EVENT 53526 1597283899 0/0/0/0/0 INPUT 4 0 10 v:124
13/08/2020 9:22:38 AM,252 Event OK
13/08/2020 9:22:39 AM,EVENT 53527 1597283899 0/0/0/0/0 INPUT 4 1 0 v:124
13/08/2020 9:22:39 AM,252 Event OK
13/08/2020 9:22:39 AM,EVENT 53528 1597283905 0/0/0/0/7 INPUT 3 1 0 v:124
13/08/2020 9:22:39 AM,252 Event OK
13/08/2020 9:22:39 AM,EVENT 53529 1597284396 0/0/0/0/11 INPUT 3 0 491 v:124
13/08/2020 9:22:39 AM,252 Event OK
13/08/2020 9:22:39 AM,EVENT 53530 1597284412 0/0/0/0/8 INPUT 3 1 0 v:124
13/08/2020 9:22:39 AM,252 Event OK
13/08/2020 9:22:40 AM,EVENT 53531 1597284457 0/0/0/0/10 INPUT 3 0 44 v:124
13/08/2020 9:22:40 AM,252 Event OK
13/08/2020 9:22:40 AM,EVENT 53532 1597284457 0/0/0/0/8 INPUT 3 1 0 v:124
13/08/2020 9:22:40 AM,252 Event OK
13/08/2020 9:22:40 AM,EVENT 53533 1597284460 0/0/0/0/9 INPUT 3 0 3 v:124
13/08/2020 9:22:40 AM,252 Event OK
13/08/2020 9:22:40 AM,EVENT 53534 1597284466 0/0/0/0/5 INPUT 4 0 567 v:124
13/08/2020 9:22:40 AM,252 Event OK
13/08/2020 9:22:41 AM,EVENT 53535 1597284466 0/0/0/0/4 INPUT 4 1 0 v:124
13/08/2020 9:22:41 AM,252 Event OK
13/08/2020 9:22:41 AM,EVENT 53536 1597284472 0/0/0/0/0 INPUT 7 1 0 v:124
13/08/2020 9:22:41 AM,252 Event OK
13/08/2020 9:22:41 AM,EVENT 53537 1597284472 0/0/0/0/0 INPUT 8 0 601 v:124
13/08/2020 9:22:41 AM,252 Event OK
13/08/2020 9:22:41 AM,EVENT 53538 1597284473 0/0/0/0/0 INPUT 1 1 0 v:124
13/08/2020 9:22:41 AM,252 Event OK
13/08/2020 9:22:41 AM,EVENT 53539 1597284475 0/0/0/0/0 INPUT 4 0 9 v:123
13/08/2020 9:22:41 AM,252 Event OK
13/08/2020 9:22:42 AM,EVENT 53540 1597284477 0/0/0/0/0 TRIP 53523 538 48 9 7 595 v:123
13/08/2020 9:22:42 AM,252 Event OK
13/08/2020 9:22:42 AM,EVENT 53541 1597290972 0/0/0/0/0 SWSTART OpusFC 5.0.58.518 R v:123
13/08/2020 9:22:42 AM,252 Event OK
13/08/2020 9:22:43 AM,EVENT 53542 1597284477 0/0/0/0/0 POWERDOWN v:124
13/08/2020 9:22:43 AM,252 Event OK
13/08/2020 9:22:43 AM,EVENT 53543 1597290972 0/0/0/0/0 INPUT 1 1 0 v:124
13/08/2020 9:22:43 AM,252 Event OK
13/08/2020 9:22:43 AM,EVENT 53544 1597290972 0/0/0/0/0 INPUT 2 0 0 v:123
13/08/2020 9:22:43 AM,252 Event OK
13/08/2020 9:22:43 AM,EVENT 53545 1597290972 0/0/0/0/0 INPUT 3 0 0 v:123
13/08/2020 9:22:43 AM,252 Event OK
13/08/2020 9:22:44 AM,EVENT 53546 1597290972 0/0/0/0/0 INPUT 4 0 0 v:123
13/08/2020 9:22:44 AM,252 Event OK
13/08/2020 9:22:44 AM,EVENT 53547 1597290972 0/0/0/0/0 INPUT 7 0 0 v:123
13/08/2020 9:22:44 AM,252 Event OK
13/08/2020 9:22:44 AM,EVENT 53548 1597290972 0/0/0/0/0 INPUT 8 1 0 v:123
13/08/2020 9:22:44 AM,252 Event OK
13/08/2020 9:22:44 AM,EVENT 53549 1597290974 0/0/0/0/0 ZONE_OK 2 100 FW=NO VERSION v:123
13/08/2020 9:22:44 AM,252 Event OK
13/08/2020 9:22:45 AM,EVENT 53550 1597290985 0/0/0/0/0 SIGNON 2532 03f7deff OK 26 41080 0 v:123
13/08/2020 9:22:45 AM,252 Event OK
13/08/2020 9:22:45 AM,EVENT 53551 1597290992 0/0/0/99/0 INPUT 1 0 19 v:123
13/08/2020 9:22:45 AM,252 Event OK
13/08/2020 9:22:45 AM,EVENT 53552 1597290992 0/0/0/99/0 INPUT 4 1 0 v:123
13/08/2020 9:22:45 AM,252 Event OK
13/08/2020 9:22:45 AM,EVENT 53553 1597291013 0/0/0/0/0 INPUT 4 0 22 v:123
13/08/2020 9:22:45 AM,252 Event OK
13/08/2020 9:22:45 AM,EVENT 53554 1597291014 0/0/0/0/0 INPUT 4 1 0 v:123
13/08/2020 9:22:45 AM,252 Event OK
13/08/2020 9:22:46 AM,EVENT 53555 1597291016 0/0/0/0/0 INPUT 4 0 3 v:123
13/08/2020 9:22:46 AM,252 Event OK
13/08/2020 9:22:46 AM,EVENT 53556 1597291017 0/0/0/0/0 INPUT 4 1 0 v:123
13/08/2020 9:22:46 AM,252 Event OK
13/08/2020 9:22:46 AM,EVENT 53557 1597291028 0/0/0/0/0 INPUT 4 0 12 v:123
13/08/2020 9:22:46 AM,252 Event OK
13/08/2020 9:22:46 AM,EVENT 53558 1597291028 0/0/0/0/0 INPUT 4 1 0 v:123
13/08/2020 9:22:46 AM,252 Event OK
13/08/2020 9:22:47 AM,EVENT 53559 1597291041 0/0/0/0/7 INPUT 3 1 0 v:124
13/08/2020 9:22:47 AM,252 Event OK
13/08/2020 9:22:47 AM,EVENT 53560 1597291043 0/0/0/0/9 INPUT 3 0 2 v:124
13/08/2020 9:22:47 AM,252 Event OK
13/08/2020 9:22:47 AM,EVENT 53561 1597291054 0/0/0/0/2 INPUT 4 0 26 v:124
13/08/2020 9:22:47 AM,252 Event OK
13/08/2020 9:22:47 AM,EVENT 53562 1597291054 0/0/0/0/3 INPUT 4 1 0 v:124
13/08/2020 9:22:47 AM,252 Event OK
13/08/2020 9:22:47 AM,EVENT 53563 1597291073 0/0/0/0/0 INPUT 7 1 0 v:124
13/08/2020 9:22:47 AM,252 Event OK
13/08/2020 9:22:48 AM,EVENT 53564 1597291073 0/0/0/0/0 INPUT 8 0 100 v:124
13/08/2020 9:22:48 AM,252 Event OK
13/08/2020 9:22:48 AM,EVENT 53565 1597291074 0/0/0/0/0 INPUT 1 1 0 v:124
13/08/2020 9:22:48 AM,252 Event OK
13/08/2020 9:22:48 AM,EVENT 53566 1597291074 0/0/0/0/0 INPUT 4 0 20 v:124
13/08/2020 9:22:48 AM,252 Event OK
13/08/2020 9:22:48 AM,EVENT 53567 1597291077 0/0/0/0/0 TRIP 53550 2 81 10 7 93 v:124
13/08/2020 9:22:48 AM,252 Event OK
13/08/2020 9:22:49 AM,EVENT 53568 1597291096 0/0/0/0/0 REPORT * 0 0 v:124
13/08/2020 9:22:49 AM,252 Event OK
13/08/2020 9:22:49 AM,EVENT 53569 1597292531 0/0/0/0/0 INPUT 8 1 0 v:124
13/08/2020 9:22:49 AM,252 Event OK
13/08/2020 9:22:49 AM,EVENT 53570 1597292531 0/0/0/0/0 INPUT 7 0 1458 v:124
13/08/2020 9:22:49 AM,252 Event OK
13/08/2020 9:22:49 AM,EVENT 53571 1597292532 0/0/0/0/0 INPUT 7 1 0 v:124
13/08/2020 9:22:49 AM,252 Event OK
13/08/2020 9:22:49 AM,EVENT 53572 1597292532 0/0/0/0/0 INPUT 8 0 1 v:124
13/08/2020 9:22:49 AM,252 Event OK
13/08/2020 9:22:50 AM,EVENT 53573 1597292534 0/0/0/0/0 INPUT 8 1 0 v:124
13/08/2020 9:22:50 AM,252 Event OK
13/08/2020 9:22:50 AM,EVENT 53574 1597292535 0/0/0/0/0 INPUT 7 0 3 v:124
13/08/2020 9:22:50 AM,252 Event OK
13/08/2020 9:22:50 AM,EVENT 53575 1597292544 0/0/0/0/0 SIGNON 2532 03f7deff OK 26 41080 0 v:124
13/08/2020 9:22:50 AM,252 Event OK
13/08/2020 9:22:50 AM,EVENT 53576 1597292550 0/0/0/0/0 INPUT 1 0 1476 v:124
13/08/2020 9:22:50 AM,252 Event OK
13/08/2020 9:22:50 AM,EVENT 53577 1597292551 0/0/0/0/0 INPUT 4 1 0 v:124
13/08/2020 9:22:50 AM,252 Event OK
13/08/2020 9:22:51 AM,EVENT 53578 1597292557 0/0/0/0/0 INPUT 4 0 7 v:124
13/08/2020 9:22:51 AM,252 Event OK
13/08/2020 9:22:51 AM,EVENT 53579 1597292557 0/0/0/0/0 INPUT 4 1 0 v:124
13/08/2020 9:22:51 AM,252 Event OK
13/08/2020 9:22:51 AM,EVENT 53580 1597292577 0/0/0/0/1 INPUT 4 0 20 v:124
13/08/2020 9:22:51 AM,252 Event OK
13/08/2020 9:22:51 AM,EVENT 53581 1597292577 0/0/0/0/1 INPUT 4 1 0 v:124
13/08/2020 9:22:51 AM,252 Event OK
13/08/2020 9:22:52 AM,EVENT 53582 1597292580 0/0/0/0/7 INPUT 3 1 0 v:124
13/08/2020 9:22:52 AM,252 Event OK
13/08/2020 9:22:52 AM,EVENT 53583 1597292586 0/0/0/0/9 INPUT 3 0 7 v:124
13/08/2020 9:22:52 AM,252 Event OK
13/08/2020 9:22:52 AM,EVENT 53584 1597292600 0/0/0/0/0 INPUT 7 1 0 v:124
13/08/2020 9:22:52 AM,252 Event OK
13/08/2020 9:22:52 AM,EVENT 53585 1597292600 0/0/0/0/0 INPUT 8 0 65 v:124
13/08/2020 9:22:52 AM,252 Event OK
13/08/2020 9:22:52 AM,EVENT 53586 1597292601 0/0/0/0/0 INPUT 1 1 0 v:124
13/08/2020 9:22:52 AM,252 Event OK
13/08/2020 9:22:53 AM,EVENT 53587 1597292601 0/0/0/0/0 INPUT 4 0 23 v:124
13/08/2020 9:22:53 AM,252 Event OK
13/08/2020 9:22:53 AM,EVENT 53588 1597292602 0/0/0/0/0 INPUT 4 1 0 v:124
13/08/2020 9:22:53 AM,252 Event OK
13/08/2020 9:22:53 AM,EVENT 53589 1597292604 0/0/0/0/0 TRIP 53575 7 45 9 7 61 v:124
13/08/2020 9:22:53 AM,252 Event OK
13/08/2020 9:22:53 AM,EVENT 53590 1597292605 0/0/0/0/0 INPUT 4 0 2 v:124
13/08/2020 9:22:53 AM,252 Event OK
13/08/2020 9:22:54 AM,EVENT 53591 1597297072 0/0/0/0/0 SWSTART OpusFC 5.0.58.518 R v:124
13/08/2020 9:22:54 AM,252 Event OK
13/08/2020 9:22:54 AM,EVENT 53592 1597292604 0/0/0/0/0 POWERDOWN v:124
13/08/2020 9:22:54 AM,252 Event OK
13/08/2020 9:22:55 AM,EVENT 53593 1597297072 0/0/0/0/0 INPUT 1 1 0 v:123
13/08/2020 9:22:55 AM,252 Event OK
13/08/2020 9:22:55 AM,EVENT 53594 1597297072 0/0/0/0/0 INPUT 2 0 0 v:123
13/08/2020 9:22:55 AM,252 Event OK
13/08/2020 9:22:55 AM,EVENT 53595 1597297072 0/0/0/0/0 INPUT 3 0 0 v:124
13/08/2020 9:22:55 AM,252 Event OK
13/08/2020 9:22:55 AM,EVENT 53596 1597297072 0/0/0/0/0 INPUT 4 0 0 v:124
13/08/2020 9:22:55 AM,252 Event OK
13/08/2020 9:22:55 AM,EVENT 53597 1597297072 0/0/0/0/0 INPUT 7 0 0 v:124
13/08/2020 9:22:55 AM,252 Event OK
13/08/2020 9:22:56 AM,EVENT 53598 1597297072 0/0/0/0/0 INPUT 8 1 0 v:124
13/08/2020 9:22:56 AM,252 Event OK
13/08/2020 9:22:56 AM,EVENT 53599 1597297074 0/0/0/0/0 ZONE_OK 2 100 FW=NO VERSION v:124
13/08/2020 9:22:56 AM,252 Event OK
13/08/2020 9:22:56 AM,EVENT 53600 1597297081 0/0/0/0/0 SIGNON 2463 01b1def3 OK 26 271086 0 v:124
13/08/2020 9:22:56 AM,252 Event OK
13/08/2020 9:22:56 AM,EVENT 53601 1597297088 0/0/0/0/0 INPUT 1 0 16 v:124
13/08/2020 9:22:56 AM,252 Event OK
13/08/2020 9:22:56 AM,EVENT 53602 1597297088 0/0/0/0/0 INPUT 4 1 0 v:124
13/08/2020 9:22:56 AM,252 Event OK
13/08/2020 9:22:57 AM,EVENT 53603 1597297094 0/0/0/99/2 INPUT 4 0 6 v:124
13/08/2020 9:22:57 AM,252 Event OK
13/08/2020 9:22:57 AM,EVENT 53604 1597297094 0/0/0/99/3 INPUT 4 1 0 v:124
13/08/2020 9:22:57 AM,252 Event OK
13/08/2020 9:22:57 AM,EVENT 53605 1597297113 0/0/0/0/0 INPUT 7 1 0 v:124
13/08/2020 9:22:57 AM,252 Event OK
13/08/2020 9:22:57 AM,EVENT 53606 1597297113 0/0/0/0/0 INPUT 8 0 40 v:124
13/08/2020 9:22:57 AM,252 Event OK
13/08/2020 9:22:58 AM,EVENT 53607 1597297113 0/0/0/0/0 INPUT 4 0 19 v:124
13/08/2020 9:22:58 AM,252 Event OK
13/08/2020 9:22:58 AM,EVENT 53608 1597297113 0/0/0/0/0 INPUT 4 1 0 v:123
13/08/2020 9:22:58 AM,252 Event OK
13/08/2020 9:22:58 AM,EVENT 53609 1597297114 0/0/0/0/0 INPUT 1 1 0 v:123
13/08/2020 9:22:58 AM,252 Event OK
13/08/2020 9:22:58 AM,EVENT 53610 1597297116 0/0/0/0/0 INPUT 4 0 2 v:123
13/08/2020 9:22:58 AM,252 Event OK
13/08/2020 9:22:59 AM,EVENT 53611 1597297117 0/0/0/0/0 TRIP 53600 0 27 9 7 36 v:123
13/08/2020 9:22:59 AM,252 Event OK
13/08/2020 9:22:59 AM,EVENT 53612 1597297135 0/0/0/0/0 REPORT * 0 0 v:123
13/08/2020 9:22:59 AM,252 Event OK
13/08/2020 9:22:59 AM,EVENT 53613 1597297225 0/0/0/0/0 INPUT 8 1 0 v:124
13/08/2020 9:22:59 AM,252 Event OK
13/08/2020 9:22:59 AM,EVENT 53614 1597297225 0/0/0/0/0 INPUT 7 0 113 v:124
13/08/2020 9:22:59 AM,252 Event OK
13/08/2020 9:22:59 AM,EVENT 53615 1597297233 0/0/0/0/0 SIGNON 2463 01b1def3 OK 26 271086 0 v:124
13/08/2020 9:22:59 AM,252 Event OK
13/08/2020 9:23:00 AM,EVENT 53616 1597297239 0/0/0/0/0 INPUT 4 1 0 v:124
13/08/2020 9:23:00 AM,252 Event OK
13/08/2020 9:23:00 AM,EVENT 53617 1597297239 0/0/0/0/0 INPUT 1 0 126 v:124
13/08/2020 9:23:00 AM,252 Event OK
13/08/2020 9:23:00 AM,EVENT 53618 1597297251 0/0/0/0/1 INPUT 4 0 12 v:124
13/08/2020 9:23:00 AM,252 Event OK
13/08/2020 9:23:00 AM,EVENT 53619 1597297251 0/0/0/0/1 INPUT 4 1 0 v:124
13/08/2020 9:23:00 AM,252 Event OK
13/08/2020 9:23:01 AM,EVENT 53620 1597297252 0/0/0/0/0 INPUT 7 1 0 v:124
13/08/2020 9:23:01 AM,252 Event OK
13/08/2020 9:23:01 AM,EVENT 53621 1597297252 0/0/0/0/0 INPUT 8 0 27 v:124
13/08/2020 9:23:01 AM,252 Event OK
13/08/2020 9:23:01 AM,EVENT 53622 1597297253 0/0/0/0/0 INPUT 1 1 0 v:124
13/08/2020 9:23:01 AM,252 Event OK
13/08/2020 9:23:01 AM,EVENT 53623 1597297253 0/0/0/0/0 INPUT 4 0 1 v:124
13/08/2020 9:23:01 AM,252 Event OK
13/08/2020 9:23:02 AM,EVENT 53624 1597297256 0/0/0/0/0 TRIP 53615 0 13 10 6 23 v:124
13/08/2020 9:23:02 AM,252 Event OK
13/08/2020 9:23:02 AM,EVENT 53625 1597298854 0/0/0/0/0 INPUT 8 1 0 v:124
13/08/2020 9:23:02 AM,252 Event OK
13/08/2020 9:23:02 AM,EVENT 53626 1597298854 0/0/0/0/0 INPUT 7 0 1602 v:124
13/08/2020 9:23:02 AM,252 Event OK
13/08/2020 9:23:02 AM,EVENT 53627 1597298876 0/0/0/0/0 INPUT 1 0 1623 v:124
13/08/2020 9:23:02 AM,252 Event OK
13/08/2020 9:23:03 AM,EVENT 53628 1597298876 0/0/0/0/0 INPUT 4 1 0 v:124
13/08/2020 9:23:03 AM,252 Event OK
13/08/2020 9:23:03 AM,EVENT 53629 1597298879 0/0/0/0/0 INPUT 4 0 4 v:124
13/08/2020 9:23:03 AM,252 Event OK
13/08/2020 9:23:03 AM,EVENT 53630 1597298879 0/0/0/0/0 INPUT 4 1 0 v:124
13/08/2020 9:23:03 AM,252 Event OK
13/08/2020 9:23:03 AM,EVENT 53631 1597298888 0/0/0/0/0 INPUT 4 0 9 v:124
13/08/2020 9:23:03 AM,252 Event OK
13/08/2020 9:23:04 AM,EVENT 53632 1597298889 0/0/0/0/0 INPUT 4 1 0 v:124
13/08/2020 9:23:04 AM,252 Event OK
13/08/2020 9:23:05 AM,EVENT 53633 1597298894 0/0/0/0/0 SIGNON -12 00000000 OK 1 0 0 v:124
13/08/2020 9:23:05 AM,252 Event OK
13/08/2020 9:23:05 AM,EVENT 53634 1597298906 0/0/0/0/0 INPUT 4 0 18 v:124
13/08/2020 9:23:05 AM,252 Event OK
13/08/2020 9:23:05 AM,EVENT 53635 1597298907 0/0/0/0/0 INPUT 4 1 0 v:124
13/08/2020 9:23:05 AM,252 Event OK
13/08/2020 9:23:06 AM,EVENT 53636 1597298915 0/0/0/0/3 INPUT 4 0 9 v:124
13/08/2020 9:23:06 AM,252 Event OK
13/08/2020 9:23:06 AM,EVENT 53637 1597298915 0/0/0/0/3 INPUT 4 1 0 v:124
13/08/2020 9:23:06 AM,252 Event OK
13/08/2020 9:23:06 AM,EVENT 53638 1597298918 0/0/0/0/0 INPUT 4 0 3 v:124
13/08/2020 9:23:06 AM,252 Event OK
13/08/2020 9:23:06 AM,EVENT 53639 1597298918 0/0/0/0/0 INPUT 4 1 0 v:124
13/08/2020 9:23:06 AM,252 Event OK
13/08/2020 9:23:07 AM,EVENT 53640 1597298935 0/0/0/0/3 INPUT 3 1 0 v:124
13/08/2020 9:23:07 AM,252 Event OK
13/08/2020 9:23:07 AM,EVENT 53641 1597298965 0/0/0/0/27 REPORT 53633 0 0 v:124
13/08/2020 9:23:07 AM,252 Event OK
13/08/2020 9:23:07 AM,EVENT 53642 1597299090 0/0/0/0/25 ZONEOVERSPEED 53633 12 35 1 v:124
13/08/2020 9:23:07 AM,252 Event OK
13/08/2020 9:23:07 AM,EVENT 53643 1597299113 0/0/0/0/24 ZONEOVERSPEED 53633 7 32 1 v:124
13/08/2020 9:23:07 AM,252 Event OK
13/08/2020 9:23:07 AM,EVENT 53644 1597299219 0/0/0/0/29 ZONEOVERSPEED 53633 7 34 1 v:124
13/08/2020 9:23:07 AM,252 Event OK
13/08/2020 9:23:08 AM,EVENT 53645 1597299363 0/0/0/0/12 INPUT 3 0 428 v:124
13/08/2020 9:23:08 AM,252 Event OK
13/08/2020 9:23:08 AM,EVENT 53646 1597299379 0/0/0/0/6 INPUT 4 0 461 v:124
13/08/2020 9:23:08 AM,252 Event OK
13/08/2020 9:23:08 AM,EVENT 53647 1597299379 0/0/0/0/6 INPUT 4 1 0 v:124
13/08/2020 9:23:08 AM,252 Event OK
13/08/2020 9:23:08 AM,EVENT 53648 1597299384 0/0/0/0/4 INPUT 3 1 0 v:124
13/08/2020 9:23:08 AM,252 Event OK
13/08/2020 9:23:09 AM,EVENT 53649 1597299423 0/0/0/0/12 INPUT 3 0 39 v:124
13/08/2020 9:23:09 AM,252 Event OK
13/08/2020 9:23:09 AM,EVENT 53650 1597299424 0/0/0/0/6 INPUT 7 1 0 v:124
13/08/2020 9:23:09 AM,252 Event OK
13/08/2020 9:23:09 AM,EVENT 53651 1597299424 0/0/0/0/6 INPUT 8 0 571 v:124
13/08/2020 9:23:09 AM,252 Event OK
13/08/2020 9:23:09 AM,EVENT 53652 1597299425 0/0/0/0/2 INPUT 1 1 0 v:124
13/08/2020 9:23:09 AM,252 Event OK
13/08/2020 9:23:10 AM,EVENT 53653 1597299426 0/0/0/0/0 INPUT 4 0 47 v:124
13/08/2020 9:23:10 AM,252 Event OK
13/08/2020 9:23:10 AM,EVENT 53654 1597299429 0/0/0/0/0 TRIP 53633 467 65 3 3 535 v:124
13/08/2020 9:23:10 AM,252 Event OK
13/08/2020 9:23:10 AM,EVENT 53655 1597299429 0/0/0/0/0 TRIPSUMMARY 53633 v:124
13/08/2020 9:23:10 AM,252 Event OK
13/08/2020 9:23:10 AM,EVENT 53656 1597299645 0/0/0/0/0 INPUT 8 1 0 v:124
13/08/2020 9:23:10 AM,252 Event OK
13/08/2020 9:23:11 AM,EVENT 53657 1597299645 0/0/0/0/0 INPUT 7 0 220 v:124
13/08/2020 9:23:11 AM,252 Event OK
13/08/2020 9:23:11 AM,EVENT 53658 1597299651 0/0/0/0/0 INPUT 1 0 226 v:124
13/08/2020 9:23:11 AM,252 Event OK
13/08/2020 9:23:11 AM,EVENT 53659 1597299651 0/0/0/0/0 INPUT 4 1 0 v:124
13/08/2020 9:23:11 AM,252 Event OK
13/08/2020 9:23:11 AM,EVENT 53660 1597299658 0/0/0/0/0 INPUT 4 0 7 v:124
13/08/2020 9:23:11 AM,252 Event OK
13/08/2020 9:23:11 AM,EVENT 53661 1597299658 0/0/0/0/0 INPUT 4 1 0 v:124
13/08/2020 9:23:11 AM,252 Event OK
13/08/2020 9:23:12 AM,EVENT 53662 1597299690 0/0/0/0/0 INPUT 4 0 32 v:124
13/08/2020 9:23:12 AM,252 Event OK
13/08/2020 9:23:12 AM,EVENT 53663 1597299691 0/0/0/0/0 INPUT 4 1 0 v:124
13/08/2020 9:23:12 AM,252 Event OK
13/08/2020 9:23:12 AM,EVENT 53664 1597299693 0/0/0/0/0 INPUT 4 0 3 v:124
13/08/2020 9:23:12 AM,252 Event OK
13/08/2020 9:23:12 AM,EVENT 53665 1597299694 0/0/0/0/0 INPUT 4 1 0 v:124
13/08/2020 9:23:12 AM,252 Event OK
13/08/2020 9:23:13 AM,EVENT 53666 1597299699 0/0/0/0/0 SIGNON -12 00000000 OK 1 0 0 v:124
13/08/2020 9:23:13 AM,252 Event OK
13/08/2020 9:23:13 AM,EVENT 53667 1597299721 0/0/0/0/0 INPUT 4 0 28 v:124
13/08/2020 9:23:13 AM,252 Event OK
13/08/2020 9:23:13 AM,EVENT 53668 1597299721 0/0/0/0/0 INPUT 4 1 0 v:124
13/08/2020 9:23:13 AM,252 Event OK
13/08/2020 9:23:13 AM,EVENT 53669 1597299736 0/0/0/0/7 INPUT 3 1 0 v:124
13/08/2020 9:23:13 AM,252 Event OK
13/08/2020 9:23:14 AM,EVENT 53670 1597299743 0/0/0/0/10 INPUT 3 0 7 v:124
13/08/2020 9:23:14 AM,252 Event OK
13/08/2020 9:23:14 AM,EVENT 53671 1597299747 0/0/0/0/3 INPUT 7 1 0 v:124
13/08/2020 9:23:14 AM,252 Event OK
13/08/2020 9:23:14 AM,EVENT 53672 1597299747 0/0/0/0/3 INPUT 8 0 102 v:124
13/08/2020 9:23:14 AM,252 Event OK
13/08/2020 9:23:14 AM,EVENT 53673 1597299748 0/0/0/0/0 INPUT 1 1 0 v:124
13/08/2020 9:23:14 AM,252 Event OK
13/08/2020 9:23:15 AM,EVENT 53674 1597299748 0/0/0/0/0 INPUT 4 0 27 v:124
13/08/2020 9:23:15 AM,252 Event OK
13/08/2020 9:23:15 AM,EVENT 53675 1597299751 0/0/0/0/0 TRIP 53666 7 42 3 3 52 v:124
13/08/2020 9:23:15 AM,252 Event OK
13/08/2020 9:23:15 AM,EVENT 53676 1597300208 0/0/0/0/0 INPUT 8 1 0 v:124
13/08/2020 9:23:15 AM,252 Event OK
13/08/2020 9:23:15 AM,EVENT 53677 1597300209 0/0/0/0/0 INPUT 7 0 462 v:124
13/08/2020 9:23:15 AM,252 Event OK
13/08/2020 9:23:16 AM,EVENT 53678 1597300214 0/0/0/0/0 INPUT 1 0 467 v:124
13/08/2020 9:23:16 AM,252 Event OK
13/08/2020 9:23:16 AM,EVENT 53679 1597300214 0/0/0/0/0 INPUT 4 1 0 v:124
13/08/2020 9:23:16 AM,252 Event OK
13/08/2020 9:23:16 AM,EVENT 53680 1597300226 0/0/0/0/0 INPUT 3 1 0 v:124
13/08/2020 9:23:16 AM,252 Event OK
13/08/2020 9:23:16 AM,EVENT 53681 1597300233 0/0/0/0/0 INPUT 3 0 7 v:124
13/08/2020 9:23:16 AM,252 Event OK
13/08/2020 9:23:17 AM,EVENT 53682 1597300239 0/0/0/0/0 SIGNON -12 00000000 OK 1 0 0 v:124
13/08/2020 9:23:17 AM,252 Event OK
13/08/2020 9:23:17 AM,EVENT 53683 1597300239 0/0/0/0/0 INPUT 3 1 0 v:124
13/08/2020 9:23:17 AM,252 Event OK
13/08/2020 9:23:17 AM,EVENT 53684 1597300267 0/0/0/0/12 INPUT 3 0 29 v:124
13/08/2020 9:23:17 AM,252 Event OK
13/08/2020 9:23:17 AM,EVENT 53685 1597300287 0/0/0/0/3 INPUT 4 0 73 v:124
13/08/2020 9:23:17 AM,252 Event OK
13/08/2020 9:23:18 AM,EVENT 53686 1597300288 0/0/0/0/2 INPUT 4 1 0 v:124
13/08/2020 9:23:18 AM,252 Event OK
13/08/2020 9:23:18 AM,EVENT 53687 1597300318 0/0/0/0/2 INPUT 3 1 0 v:124
13/08/2020 9:23:18 AM,252 Event OK
13/08/2020 9:23:18 AM,EVENT 53688 1597300509 0/0/0/99/13 INPUT 3 0 191 v:124
13/08/2020 9:23:18 AM,252 Event OK
13/08/2020 9:23:18 AM,EVENT 53689 1597300527 0/0/0/99/5 INPUT 3 1 0 v:124
13/08/2020 9:23:18 AM,252 Event OK
13/08/2020 9:23:19 AM,EVENT 53690 1597300790 0/0/0/0/12 INPUT 3 0 263 v:124
13/08/2020 9:23:19 AM,252 Event OK
13/08/2020 9:23:19 AM,EVENT 53691 1597300792 0/0/0/0/3 INPUT 7 1 0 v:124
13/08/2020 9:23:19 AM,252 Event OK
13/08/2020 9:23:19 AM,EVENT 53692 1597300792 0/0/0/0/3 INPUT 8 0 584 v:124
13/08/2020 9:23:19 AM,252 Event OK
13/08/2020 9:23:19 AM,EVENT 53693 1597300793 0/0/0/0/0 INPUT 1 1 0 v:124
13/08/2020 9:23:19 AM,252 Event OK
13/08/2020 9:23:19 AM,EVENT 53694 1597300796 0/0/0/0/0 TRIP 53682 483 75 0 0 558 v:124
13/08/2020 9:23:19 AM,252 Event OK
13/08/2020 9:23:20 AM,EVENT 53695 1597300797 0/0/0/0/0 INPUT 4 0 509 v:124
13/08/2020 9:23:20 AM,252 Event OK
13/08/2020 9:23:20 AM,EVENT 53696 1597302223 0/0/0/0/0 INPUT 8 1 0 v:124
13/08/2020 9:23:20 AM,252 Event OK
13/08/2020 9:23:20 AM,EVENT 53697 1597302224 0/0/0/0/0 INPUT 7 0 1432 v:124
13/08/2020 9:23:20 AM,252 Event OK
13/08/2020 9:23:20 AM,EVENT 53698 1597302230 0/0/0/0/0 INPUT 4 1 0 v:124
13/08/2020 9:23:20 AM,252 Event OK
13/08/2020 9:23:21 AM,EVENT 53699 1597302231 0/0/0/0/0 INPUT 1 0 1438 v:124
13/08/2020 9:23:21 AM,252 Event OK
13/08/2020 9:23:21 AM,EVENT 53700 1597302231 0/0/0/0/0 INPUT 4 0 2 v:124
13/08/2020 9:23:21 AM,252 Event OK
13/08/2020 9:23:21 AM,EVENT 53701 1597302231 0/0/0/0/0 INPUT 4 1 0 v:124
13/08/2020 9:23:21 AM,252 Event OK
13/08/2020 9:23:21 AM,EVENT 53702 1597302261 0/0/0/0/0 INPUT 7 1 0 v:124
13/08/2020 9:23:21 AM,252 Event OK
13/08/2020 9:23:21 AM,EVENT 53703 1597302261 0/0/0/0/0 INPUT 8 0 37 v:124
13/08/2020 9:23:21 AM,252 Event OK
13/08/2020 9:23:22 AM,EVENT 53704 1597302261 0/0/0/0/0 INPUT 4 0 30 v:124
13/08/2020 9:23:22 AM,252 Event OK
13/08/2020 9:23:22 AM,EVENT 53705 1597302261 0/0/0/0/0 INPUT 4 1 0 v:124
13/08/2020 9:23:22 AM,252 Event OK
13/08/2020 9:23:22 AM,EVENT 53706 1597302262 0/0/0/0/0 INPUT 1 1 0 v:124
13/08/2020 9:23:22 AM,252 Event OK
13/08/2020 9:23:22 AM,EVENT 53707 1597302263 0/0/0/0/0 INPUT 4 0 2 v:124
13/08/2020 9:23:22 AM,252 Event OK
13/08/2020 9:23:22 AM,EVENT 53708 1597302357 0/0/0/0/0 INPUT 8 1 0 v:124
13/08/2020 9:23:22 AM,252 Event OK
13/08/2020 9:23:23 AM,EVENT 53709 1597302358 0/0/0/0/0 INPUT 7 0 97 v:124
13/08/2020 9:23:23 AM,252 Event OK
13/08/2020 9:23:23 AM,EVENT 53710 1597302368 0/0/0/0/0 SIGNON 2463 01b1def3 OK 26 271086 0 v:124
13/08/2020 9:23:23 AM,252 Event OK
13/08/2020 9:23:23 AM,EVENT 53711 1597302374 0/0/0/0/0 INPUT 3 1 0 v:124
13/08/2020 9:23:23 AM,252 Event OK
13/08/2020 9:23:23 AM,EVENT 53712 1597302375 0/0/0/0/17 INPUT 1 0 113 v:124
13/08/2020 9:23:23 AM,252 Event OK
13/08/2020 9:23:24 AM,EVENT 53713 1597302375 0/0/0/0/24 INPUT 4 1 0 v:124
13/08/2020 9:23:24 AM,252 Event OK
13/08/2020 9:23:24 AM,EVENT 53714 1597302375 0/0/0/0/26 INPUT 3 0 2 v:124
13/08/2020 9:23:24 AM,252 Event OK
13/08/2020 9:23:24 AM,EVENT 53715 1597302380 0/0/0/0/0 INPUT 4 0 6 v:124
13/08/2020 9:23:24 AM,252 Event OK
13/08/2020 9:23:24 AM,EVENT 53716 1597302380 0/0/0/0/0 INPUT 4 1 0 v:124
13/08/2020 9:23:24 AM,252 Event OK
13/08/2020 9:23:25 AM,EVENT 53717 1597302383 0/0/0/0/0 INPUT 4 0 3 v:124
13/08/2020 9:23:25 AM,252 Event OK
13/08/2020 9:23:25 AM,EVENT 53718 1597302384 0/0/0/0/0 INPUT 4 1 0 v:124
13/08/2020 9:23:25 AM,252 Event OK
13/08/2020 9:23:25 AM,EVENT 53719 1597302384 0/0/0/0/0 REPORT 53710 0 0 v:124
13/08/2020 9:23:25 AM,252 Event OK
13/08/2020 9:23:25 AM,EVENT 53720 1597302385 0/0/0/0/0 INPUT 3 1 0 v:124
13/08/2020 9:23:25 AM,252 Event OK
13/08/2020 9:23:25 AM,EVENT 53721 1597302386 0/0/0/0/6 INPUT 3 0 1 v:124
13/08/2020 9:23:25 AM,252 Event OK
13/08/2020 9:23:26 AM,EVENT 53722 1597302392 0/0/0/0/4 INPUT 7 1 0 v:124
13/08/2020 9:23:26 AM,252 Event OK
13/08/2020 9:23:26 AM,EVENT 53723 1597302392 0/0/0/0/4 INPUT 8 0 34 v:124
13/08/2020 9:23:26 AM,252 Event OK
13/08/2020 9:23:26 AM,EVENT 53724 1597302393 0/0/0/0/3 INPUT 1 1 0 v:124
13/08/2020 9:23:26 AM,252 Event OK
13/08/2020 9:23:26 AM,EVENT 53725 1597302396 0/0/0/0/0 TRIP 53710 3 20 5 5 28 v:124
13/08/2020 9:23:26 AM,252 Event OK
13/08/2020 9:23:26 AM,EVENT 53726 1597302397 0/0/0/0/0 INPUT 4 0 13 v:124
13/08/2020 9:23:26 AM,252 Event OK
13/08/2020 9:23:27 AM,EVENT 53727 1597302638 0/0/0/0/0 INPUT 8 1 0 v:124
13/08/2020 9:23:27 AM,252 Event OK
13/08/2020 9:23:27 AM,EVENT 53728 1597302638 0/0/0/0/0 INPUT 7 0 246 v:124
13/08/2020 9:23:27 AM,252 Event OK
13/08/2020 9:23:27 AM,EVENT 53729 1597302642 0/0/0/0/0 INPUT 7 1 0 v:124
13/08/2020 9:23:27 AM,252 Event OK
13/08/2020 9:23:27 AM,EVENT 53730 1597302642 0/0/0/0/0 INPUT 8 0 5 v:124
13/08/2020 9:23:27 AM,252 Event OK
13/08/2020 9:23:27 AM,EVENT 53731 1597305813 0/0/0/0/0 SWSTART OpusFC 5.0.58.518 R v:124
13/08/2020 9:23:27 AM,252 Event OK
13/08/2020 9:23:28 AM,EVENT 53732 1597302396 0/0/0/0/0 POWERDOWN v:124
13/08/2020 9:23:28 AM,252 Event OK
13/08/2020 9:23:28 AM,EVENT 53733 1597305813 0/0/0/0/0 INPUT 1 1 0 v:124
13/08/2020 9:23:28 AM,252 Event OK
13/08/2020 9:23:29 AM,EVENT 53734 1597305813 0/0/0/0/0 INPUT 2 0 0 v:124
13/08/2020 9:23:29 AM,252 Event OK
13/08/2020 9:23:29 AM,EVENT 53735 1597305813 0/0/0/0/0 INPUT 3 0 0 v:124
13/08/2020 9:23:29 AM,252 Event OK
13/08/2020 9:23:29 AM,EVENT 53736 1597305813 0/0/0/0/0 INPUT 4 0 0 v:124
13/08/2020 9:23:29 AM,252 Event OK
13/08/2020 9:23:30 AM,EVENT 53737 1597305813 0/0/0/0/0 INPUT 7 0 0 v:124
13/08/2020 9:23:30 AM,252 Event OK
13/08/2020 9:23:30 AM,EVENT 53738 1597305813 0/0/0/0/0 INPUT 8 1 0 v:124
13/08/2020 9:23:30 AM,252 Event OK
13/08/2020 9:23:30 AM,EVENT 53739 1597305815 0/0/0/0/0 ZONE_OK 2 100 FW=NO VERSION v:124
13/08/2020 9:23:30 AM,252 Event OK
13/08/2020 9:23:30 AM,EVENT 53740 1597305823 0/0/0/0/0 SIGNON 2463 01b1def3 OK 26 271086 0 v:124
13/08/2020 9:23:30 AM,252 Event OK
13/08/2020 9:23:31 AM,EVENT 53741 1597305829 0/0/0/0/0 INPUT 1 0 16 v:124
13/08/2020 9:23:31 AM,252 Event OK
13/08/2020 9:23:31 AM,EVENT 53742 1597305830 0/0/0/0/0 INPUT 4 1 0 v:124
13/08/2020 9:23:31 AM,252 Event OK
13/08/2020 9:23:31 AM,EVENT 53743 1597305837 0/0/0/0/0 INPUT 4 0 8 v:124
13/08/2020 9:23:31 AM,252 Event OK
13/08/2020 9:23:32 AM,EVENT 53744 1597305837 0/0/0/0/0 INPUT 4 1 0 v:124
13/08/2020 9:23:32 AM,252 Event OK
13/08/2020 9:23:32 AM,EVENT 53745 1597305840 0/0/0/0/0 INPUT 4 0 3 v:124
13/08/2020 9:23:32 AM,252 Event OK
13/08/2020 9:23:32 AM,EVENT 53746 1597305841 0/0/0/0/0 INPUT 4 1 0 v:124
13/08/2020 9:23:32 AM,252 Event OK
13/08/2020 9:23:32 AM,EVENT 53747 1597305843 0/0/0/0/0 INPUT 4 0 3 v:124
13/08/2020 9:23:32 AM,252 Event OK
13/08/2020 9:23:33 AM,EVENT 53748 1597305844 0/0/0/0/0 INPUT 4 1 0 v:124
13/08/2020 9:23:33 AM,252 Event OK
13/08/2020 9:23:33 AM,EVENT 53749 1597305846 0/0/0/0/0 INPUT 4 0 3 v:124
13/08/2020 9:23:33 AM,252 Event OK
13/08/2020 9:23:33 AM,EVENT 53750 1597305847 0/0/0/0/0 INPUT 4 1 0 v:124
13/08/2020 9:23:33 AM,252 Event OK
13/08/2020 9:23:34 AM,EVENT 53751 1597305853 0/0/0/0/1 INPUT 4 0 7 v:124
13/08/2020 9:23:34 AM,252 Event OK
13/08/2020 9:23:34 AM,EVENT 53752 1597305853 0/0/0/0/1 INPUT 4 1 0 v:124
13/08/2020 9:23:34 AM,252 Event OK
13/08/2020 9:23:34 AM,EVENT 53753 1597305862 0/0/0/0/3 INPUT 4 0 9 v:124
13/08/2020 9:23:34 AM,252 Event OK
13/08/2020 9:23:34 AM,EVENT 53754 1597305863 0/0/0/0/2 INPUT 4 1 0 v:124
13/08/2020 9:23:34 AM,252 Event OK
13/08/2020 9:23:35 AM,EVENT 53755 1597305877 0/0/0/0/4 INPUT 3 1 0 v:124
13/08/2020 9:23:35 AM,252 Event OK
13/08/2020 9:23:35 AM,EVENT 53756 1597305880 0/0/0/0/9 INPUT 3 0 4 v:124
13/08/2020 9:23:35 AM,252 Event OK
13/08/2020 9:23:35 AM,EVENT 53757 1597305892 0/0/0/0/5 INPUT 4 0 30 v:124
13/08/2020 9:23:35 AM,252 Event OK
13/08/2020 9:23:36 AM,EVENT 53758 1597305893 0/0/0/0/4 INPUT 4 1 0 v:124
13/08/2020 9:23:36 AM,252 Event OK
13/08/2020 9:23:36 AM,EVENT 53759 1597305910 0/0/0/0/1 INPUT 4 0 18 v:124
13/08/2020 9:23:36 AM,252 Event OK
13/08/2020 9:23:36 AM,EVENT 53760 1597305911 0/0/0/0/1 INPUT 4 1 0 v:124
13/08/2020 9:23:36 AM,252 Event OK
13/08/2020 9:23:36 AM,EVENT 53761 1597305913 0/0/0/0/0 INPUT 4 0 3 v:124
13/08/2020 9:23:36 AM,252 Event OK
13/08/2020 9:23:37 AM,EVENT 53762 1597305914 0/0/0/0/0 INPUT 4 1 0 v:124
13/08/2020 9:23:37 AM,252 Event OK
13/08/2020 9:23:37 AM,EVENT 53763 1597305931 0/0/0/0/3 INPUT 4 0 18 v:124
13/08/2020 9:23:37 AM,252 Event OK
13/08/2020 9:23:37 AM,EVENT 53764 1597305931 0/0/0/0/3 INPUT 4 1 0 v:124
13/08/2020 9:23:37 AM,252 Event OK
13/08/2020 9:23:38 AM,EVENT 53765 1597305964 0/0/0/0/0 INPUT 7 1 0 v:124
13/08/2020 9:23:38 AM,252 Event OK
13/08/2020 9:23:38 AM,EVENT 53766 1597305964 0/0/0/0/0 INPUT 8 0 151 v:124
13/08/2020 9:23:38 AM,252 Event OK
13/08/2020 9:23:38 AM,EVENT 53767 1597305965 0/0/0/0/0 INPUT 1 1 0 v:124
13/08/2020 9:23:38 AM,252 Event OK
13/08/2020 9:23:39 AM,EVENT 53768 1597305966 0/0/0/0/0 INPUT 4 0 35 v:124
13/08/2020 9:23:39 AM,252 Event OK
13/08/2020 9:23:39 AM,EVENT 53769 1597305969 0/0/0/0/0 TRIP 53740 4 133 10 7 147 v:124
13/08/2020 9:23:39 AM,252 Event OK
13/08/2020 9:23:39 AM,EVENT 53770 1597305998 0/0/0/0/0 REPORT * 0 0 v:124
13/08/2020 9:23:39 AM,252 Event OK
13/08/2020 9:23:39 AM,EVENT 53771 1597306313 0/0/0/0/0 INPUT 8 1 0 v:124
13/08/2020 9:23:39 AM,252 Event OK
13/08/2020 9:23:40 AM,EVENT 53772 1597306314 0/0/0/0/0 INPUT 7 0 349 v:124
13/08/2020 9:23:40 AM,252 Event OK
13/08/2020 9:23:40 AM,EVENT 53773 1597306322 0/0/0/0/0 SIGNON 2463 01b1def3 OK 26 271086 0 v:124
13/08/2020 9:23:40 AM,252 Event OK
13/08/2020 9:23:40 AM,EVENT 53774 1597306328 0/0/0/0/0 INPUT 4 1 0 v:124
13/08/2020 9:23:40 AM,252 Event OK
13/08/2020 9:23:40 AM,EVENT 53775 1597306329 0/0/0/0/0 INPUT 1 0 364 v:124
13/08/2020 9:23:40 AM,252 Event OK
13/08/2020 9:23:41 AM,EVENT 53776 1597306337 0/0/0/0/8 INPUT 3 1 0 v:124
13/08/2020 9:23:41 AM,252 Event OK
13/08/2020 9:23:41 AM,EVENT 53777 1597306529 0/0/0/99/9 INPUT 3 0 192 v:124
13/08/2020 9:23:41 AM,252 Event OK
13/08/2020 9:23:41 AM,EVENT 53778 1597306532 0/0/0/99/7 INPUT 3 1 0 v:124
13/08/2020 9:23:41 AM,252 Event OK
13/08/2020 9:23:41 AM,EVENT 53779 1597306707 0/0/0/0/11 INPUT 3 0 175 v:124
13/08/2020 9:23:41 AM,252 Event OK
13/08/2020 9:23:41 AM,EVENT 53780 1597306729 0/0/0/0/3 INPUT 3 1 0 v:124
13/08/2020 9:23:41 AM,252 Event OK
13/08/2020 9:23:42 AM,EVENT 53781 1597307183 0/0/0/0/15 INPUT 3 0 454 v:124
13/08/2020 9:23:42 AM,252 Event OK
13/08/2020 9:23:42 AM,EVENT 53782 1597307231 0/0/0/99/8 INPUT 3 1 0 v:124
13/08/2020 9:23:42 AM,252 Event OK
13/08/2020 9:23:42 AM,EVENT 53783 1597307247 0/0/0/0/10 INPUT 3 0 17 v:124
13/08/2020 9:23:42 AM,252 Event OK
13/08/2020 9:23:42 AM,EVENT 53784 1597307254 0/0/0/0/3 INPUT 3 1 0 v:124
13/08/2020 9:23:42 AM,252 Event OK
13/08/2020 9:23:42 AM,EVENT 53785 1597307259 0/0/0/0/9 INPUT 3 0 6 v:124
13/08/2020 9:23:42 AM,252 Event OK
13/08/2020 9:23:43 AM,EVENT 53786 1597307260 0/0/0/0/7 INPUT 4 0 932 v:124
13/08/2020 9:23:43 AM,252 Event OK
13/08/2020 9:23:43 AM,EVENT 53787 1597307261 0/0/0/0/5 INPUT 4 1 0 v:124
13/08/2020 9:23:43 AM,252 Event OK
13/08/2020 9:23:43 AM,EVENT 53788 1597307271 0/0/0/0/7 INPUT 3 1 0 v:124
13/08/2020 9:23:43 AM,252 Event OK
13/08/2020 9:23:43 AM,EVENT 53789 1597307272 0/0/0/0/9 INPUT 3 0 2 v:124
13/08/2020 9:23:43 AM,252 Event OK
13/08/2020 9:23:44 AM,EVENT 53790 1597307306 0/0/0/0/4 INPUT 3 1 0 v:124
13/08/2020 9:23:44 AM,252 Event OK
13/08/2020 9:23:44 AM,EVENT 53791 1597307316 0/0/0/0/10 INPUT 3 0 11 v:124
13/08/2020 9:23:44 AM,252 Event OK
13/08/2020 9:23:44 AM,EVENT 53792 1597307317 0/0/0/0/8 INPUT 3 1 0 v:124
13/08/2020 9:23:44 AM,252 Event OK
13/08/2020 9:23:45 AM,EVENT 53793 1597307371 0/0/0/0/11 INPUT 3 0 54 v:124
13/08/2020 9:23:45 AM,252 Event OK
13/08/2020 9:23:45 AM,EVENT 53794 1597307376 0/0/0/0/8 INPUT 3 1 0 v:124
13/08/2020 9:23:45 AM,252 Event OK
13/08/2020 9:23:45 AM,EVENT 53795 1597307432 0/0/0/0/15 INPUT 3 0 56 v:124
13/08/2020 9:23:45 AM,252 Event OK
13/08/2020 9:23:45 AM,EVENT 53796 1597307449 0/0/0/0/0 INPUT 4 0 189 v:124
13/08/2020 9:23:45 AM,252 Event OK
13/08/2020 9:23:46 AM,EVENT 53797 1597307450 0/0/0/0/0 INPUT 4 1 0 v:124
13/08/2020 9:23:46 AM,252 Event OK
13/08/2020 9:23:46 AM,EVENT 53798 1597307457 0/0/0/0/0 INPUT 3 1 0 v:124
13/08/2020 9:23:46 AM,252 Event OK
13/08/2020 9:23:46 AM,EVENT 53799 1597307478 0/0/0/0/14 INPUT 3 0 22 v:124
13/08/2020 9:23:46 AM,252 Event OK
13/08/2020 9:23:47 AM,EVENT 53800 1597307485 0/0/0/0/6 INPUT 3 1 0 v:124
13/08/2020 9:23:47 AM,252 Event OK
13/08/2020 9:23:47 AM,EVENT 53801 1597307632 0/0/0/0/10 INPUT 3 0 147 v:124
13/08/2020 9:23:47 AM,252 Event OK
13/08/2020 9:23:47 AM,EVENT 53802 1597307634 0/0/0/0/8 INPUT 3 1 0 v:124
13/08/2020 9:23:47 AM,252 Event OK
13/08/2020 9:23:47 AM,EVENT 53803 1597307639 0/0/0/0/9 INPUT 3 0 4 v:124
13/08/2020 9:23:47 AM,252 Event OK
13/08/2020 9:23:48 AM,EVENT 53804 1597307641 0/0/0/0/8 INPUT 3 1 0 v:124
13/08/2020 9:23:48 AM,252 Event OK
13/08/2020 9:23:48 AM,EVENT 53805 1597307660 0/0/0/0/9 INPUT 3 0 20 v:124
13/08/2020 9:23:48 AM,252 Event OK
13/08/2020 9:23:48 AM,EVENT 53806 1597307666 0/0/0/0/8 INPUT 3 1 0 v:124
13/08/2020 9:23:48 AM,252 Event OK
13/08/2020 9:23:48 AM,EVENT 53807 1597307670 0/0/0/0/9 INPUT 3 0 4 v:124
13/08/2020 9:23:48 AM,252 Event OK
13/08/2020 9:23:49 AM,EVENT 53808 1597307674 0/0/0/0/8 INPUT 4 0 225 v:124
13/08/2020 9:23:49 AM,252 Event OK
13/08/2020 9:23:49 AM,EVENT 53809 1597307674 0/0/0/0/7 INPUT 4 1 0 v:124
13/08/2020 9:23:49 AM,252 Event OK
13/08/2020 9:23:49 AM,EVENT 53810 1597307682 0/0/0/0/1 INPUT 4 0 8 v:124
13/08/2020 9:23:49 AM,252 Event OK
13/08/2020 9:23:50 AM,EVENT 53811 1597307682 0/0/0/0/1 INPUT 4 1 0 v:124
13/08/2020 9:23:50 AM,252 Event OK
13/08/2020 9:23:50 AM,EVENT 53812 1597307828 0/0/0/0/0 REPORT 53773 0 0 v:124
13/08/2020 9:23:50 AM,252 Event OK
13/08/2020 9:23:50 AM,EVENT 53813 1597307850 0/0/0/0/6 INPUT 3 1 0 v:124
13/08/2020 9:23:50 AM,252 Event OK
13/08/2020 9:23:50 AM,EVENT 53814 1597308016 0/0/0/0/9 INPUT 3 0 165 v:124
13/08/2020 9:23:50 AM,252 Event OK
13/08/2020 9:23:51 AM,EVENT 53815 1597308021 0/0/0/0/4 INPUT 3 1 0 v:124
13/08/2020 9:23:51 AM,252 Event OK
13/08/2020 9:23:51 AM,EVENT 53816 1597308299 0/0/0/0/9 INPUT 3 0 278 v:124
13/08/2020 9:23:51 AM,252 Event OK
13/08/2020 9:23:51 AM,EVENT 53817 1597308312 0/0/0/0/8 INPUT 3 1 0 v:124
13/08/2020 9:23:51 AM,252 Event OK
13/08/2020 9:23:51 AM,EVENT 53818 1597308315 0/0/0/0/9 INPUT 3 0 2 v:124
13/08/2020 9:23:51 AM,252 Event OK
13/08/2020 9:23:52 AM,EVENT 53819 1597308315 0/0/0/0/8 INPUT 3 1 0 v:124
13/08/2020 9:23:52 AM,252 Event OK
13/08/2020 9:23:52 AM,EVENT 53820 1597308323 0/0/0/0/9 INPUT 3 0 7 v:124
13/08/2020 9:23:52 AM,252 Event OK
13/08/2020 9:23:52 AM,EVENT 53821 1597308323 0/0/0/0/8 INPUT 3 1 0 v:124
13/08/2020 9:23:52 AM,252 Event OK
13/08/2020 9:23:53 AM,EVENT 53822 1597308327 0/0/0/0/9 INPUT 3 0 4 v:124
13/08/2020 9:23:53 AM,252 Event OK
13/08/2020 9:23:53 AM,EVENT 53823 1597308351 0/0/0/0/0 INPUT 1 1 0 v:124
13/08/2020 9:23:53 AM,252 Event OK
13/08/2020 9:23:53 AM,EVENT 53824 1597308447 0/0/0/0/0 INPUT 1 0 96 v:124
13/08/2020 9:23:53 AM,252 Event OK
13/08/2020 9:23:53 AM,EVENT 53825 1597308448 0/0/0/0/0 OILPRESSURE 53773 92 v:124
13/08/2020 9:23:53 AM,252 Event OK
13/08/2020 9:23:54 AM,EVENT 53826 1597308454 0/0/0/0/0 ENGINEOVERSPEED 53773 95 12764 v:124
13/08/2020 9:23:54 AM,252 Event OK
13/08/2020 9:23:54 AM,EVENT 53827 1597308465 0/0/0/0/0 INPUT 4 0 783 v:124
13/08/2020 9:23:54 AM,252 Event OK
13/08/2020 9:23:54 AM,EVENT 53828 1597308465 0/0/0/0/0 INPUT 4 1 0 v:124
13/08/2020 9:23:54 AM,252 Event OK
13/08/2020 9:23:54 AM,EVENT 53829 1597308469 0/0/0/0/3 INPUT 3 1 0 v:124
13/08/2020 9:23:54 AM,252 Event OK
13/08/2020 9:23:55 AM,EVENT 53830 1597308475 0/0/0/0/10 INPUT 3 0 5 v:124
13/08/2020 9:23:55 AM,252 Event OK
13/08/2020 9:23:55 AM,EVENT 53831 1597308479 0/0/0/0/4 INPUT 3 1 0 v:124
13/08/2020 9:23:55 AM,252 Event OK
13/08/2020 9:23:55 AM,EVENT 53832 1597308485 0/0/0/0/9 INPUT 3 0 6 v:124
13/08/2020 9:23:55 AM,252 Event OK
13/08/2020 9:23:56 AM,EVENT 53833 1597308491 0/0/0/0/0 INPUT 4 0 26 v:124
13/08/2020 9:23:56 AM,252 Event OK
13/08/2020 9:23:56 AM,EVENT 53834 1597308491 0/0/0/0/0 INPUT 4 1 0 v:124
13/08/2020 9:23:56 AM,252 Event OK
13/08/2020 9:23:56 AM,EVENT 53835 1597308740 0/0/0/0/0 INPUT 4 0 249 v:124
13/08/2020 9:23:56 AM,252 Event OK
13/08/2020 9:23:56 AM,EVENT 53836 1597308740 0/0/0/0/0 INPUT 4 1 0 v:124
13/08/2020 9:23:56 AM,252 Event OK
13/08/2020 9:23:56 AM,EVENT 53837 1597308803 0/0/0/0/6 INPUT 3 1 0 v:124
13/08/2020 9:23:56 AM,252 Event OK
13/08/2020 9:23:57 AM,EVENT 53838 1597308814 0/0/0/0/9 INPUT 3 0 12 v:124
13/08/2020 9:23:57 AM,252 Event OK
13/08/2020 9:23:57 AM,EVENT 53839 1597308845 0/0/0/0/0 INPUT 4 0 105 v:124
13/08/2020 9:23:57 AM,252 Event OK
13/08/2020 9:23:57 AM,EVENT 53840 1597308845 0/0/0/0/0 INPUT 4 1 0 v:124
13/08/2020 9:23:57 AM,252 Event OK
13/08/2020 9:23:57 AM,EVENT 53841 1597308888 0/0/0/0/3 INPUT 3 1 0 v:124
13/08/2020 9:23:57 AM,252 Event OK
13/08/2020 9:23:58 AM,EVENT 53842 1597308982 0/0/0/0/10 INPUT 3 0 95 v:124
13/08/2020 9:23:58 AM,252 Event OK
13/08/2020 9:23:58 AM,EVENT 53843 1597308998 0/0/0/0/2 INPUT 3 1 0 v:124
13/08/2020 9:23:58 AM,252 Event OK
13/08/2020 9:23:58 AM,EVENT 53844 1597309497 0/0/0/0/10 INPUT 3 0 499 v:124
13/08/2020 9:23:58 AM,252 Event OK
13/08/2020 9:23:58 AM,EVENT 53845 1597309499 -310121224/1219229274/6622/0/6 INPUT 4 0 654 v:124
13/08/2020 9:23:58 AM,252 Event OK
13/08/2020 9:23:59 AM,EVENT 53846 1597309500 -310121232/1219229286/5454/0/5 INPUT 4 1 0 v:124
13/08/2020 9:23:59 AM,252 Event OK
13/08/2020 9:23:59 AM,EVENT 53847 1597309500 -310121240/1219229292/4805/0/4 INPUT 7 1 0 v:124
13/08/2020 9:23:59 AM,252 Event OK
13/08/2020 9:23:59 AM,EVENT 53848 1597309500 -310121240/1219229292/4805/0/4 INPUT 8 0 3186 v:124
13/08/2020 9:23:59 AM,252 Event OK
13/08/2020 9:23:59 AM,EVENT 53849 1597309500 -310121241/1219229296/4374/0/1 INPUT 1 1 0 v:124
13/08/2020 9:23:59 AM,252 Event OK
13/08/2020 9:24:00 AM,EVENT 53850 1597309502 -310121243/1219229297/3598/0/0 INPUT 4 0 3 v:124
13/08/2020 9:24:00 AM,252 Event OK
13/08/2020 9:24:00 AM,EVENT 53851 1597309504 -310121246/1219229282/2897/0/0 TRIP 53773 2236 938 8 6 3182 v:124
13/08/2020 9:24:00 AM,252 Event OK
13/08/2020 9:24:00 AM,EVENT 53852 1597309504 -310121246/1219229282/2897/0/0 TRIPSUMMARY 53773 v:124
13/08/2020 9:24:00 AM,252 Event OK
13/08/2020 9:24:00 AM,EVENT 53853 1597310362 -310121457/1219229290/822/0/0 INPUT 8 1 0 v:124
13/08/2020 9:24:00 AM,252 Event OK
13/08/2020 9:24:01 AM,EVENT 53854 1597310362 -310121458/1219229285/820/0/0 INPUT 7 0 863 v:124
13/08/2020 9:24:01 AM,252 Event OK
13/08/2020 9:24:01 AM,EVENT 53855 1597310371 -310121439/1219229247/810/0/0 SIGNON 2463 01b1def3 OK 26 271086 0 v:124
13/08/2020 9:24:01 AM,252 Event OK
13/08/2020 9:24:01 AM,EVENT 53856 1597310377 -310121419/1219229220/821/0/0 INPUT 4 1 0 v:124
13/08/2020 9:24:01 AM,252 Event OK
13/08/2020 9:24:02 AM,EVENT 53857 1597310378 -310121416/1219229216/828/0/0 INPUT 1 0 877 v:124
13/08/2020 9:24:02 AM,252 Event OK
13/08/2020 9:24:02 AM,EVENT 53858 1597310383 -310121428/1219229090/851/0/0 INPUT 4 0 6 v:124
13/08/2020 9:24:02 AM,252 Event OK
13/08/2020 9:24:02 AM,EVENT 53859 1597310384 -310121428/1219229090/851/0/0 INPUT 4 1 0 v:124
13/08/2020 9:24:02 AM,252 Event OK
13/08/2020 9:24:03 AM,EVENT 53860 1597310390 -310121671/1219228715/850/0/3 REPORT 53855 3 224 v:124
13/08/2020 9:24:03 AM,252 Event OK
13/08/2020 9:24:03 AM,EVENT 53861 1597310405 -310122479/1219227967/857/0/0 INPUT 4 0 22 v:124
13/08/2020 9:24:03 AM,252 Event OK
13/08/2020 9:24:03 AM,EVENT 53862 1597310405 -310122477/1219227973/860/0/0 INPUT 4 1 0 v:124
13/08/2020 9:24:03 AM,252 Event OK
13/08/2020 9:24:03 AM,EVENT 53863 1597310421 -310122024/1219228308/879/2/8 INPUT 3 1 0 v:124
13/08/2020 9:24:03 AM,252 Event OK
13/08/2020 9:24:04 AM,EVENT 53864 1597310509 -310143552/1219230246/929/4/10 INPUT 3 0 89 v:124
13/08/2020 9:24:04 AM,252 Event OK
13/08/2020 9:24:04 AM,EVENT 53865 1597310511 -310143617/1219230247/930/4/5 INPUT 7 1 0 v:124
13/08/2020 9:24:04 AM,252 Event OK
13/08/2020 9:24:04 AM,EVENT 53866 1597310511 -310143618/1219230251/929/4/5 INPUT 8 0 148 v:124
13/08/2020 9:24:04 AM,252 Event OK
13/08/2020 9:24:04 AM,EVENT 53867 1597310511 -310143619/1219230252/928/0/4 INPUT 1 1 0 v:124
13/08/2020 9:24:04 AM,252 Event OK
13/08/2020 9:24:04 AM,EVENT 53868 1597310512 -310143623/1219230253/929/0/1 INPUT 4 0 107 v:123
13/08/2020 9:24:04 AM,252 Event OK
13/08/2020 9:24:05 AM,EVENT 53869 1597310515 -310143620/1219230254/942/0/0 TRIP 53855 89 47 9 5 145 v:124
13/08/2020 9:24:05 AM,252 Event OK
13/08/2020 9:24:05 AM,QUIT
13/08/2020 9:24:05 AM,221 Session ended - goodbye
13/08/2020 9:25:14 AM,UNIT 9279
13/08/2020 9:25:14 AM,333 CHAL 7BF81381
13/08/2020 9:25:14 AM,RESP C1B1EB79
13/08/2020 9:25:14 AM,230 Auth OK
13/08/2020 9:25:15 AM,TIME
13/08/2020 9:25:15 AM,211 TIME 1597310715
13/08/2020 9:25:15 AM,EVCOUNT 2
13/08/2020 9:25:15 AM,252 Event OK
13/08/2020 9:25:16 AM,TODO
13/08/2020 9:25:16 AM,226 Nothing to do
13/08/2020 9:25:16 AM,EVENT 53870 1597310709 -310143518/1219230379/959/4/0 INPUT 8 1 0 v:124
13/08/2020 9:25:16 AM,252 Event OK
13/08/2020 9:25:17 AM,EVENT 53871 1597310710 -310143518/1219230379/959/4/0 INPUT 7 0 199 v:124
13/08/2020 9:25:17 AM,252 Event OK
13/08/2020 9:25:17 AM,QUIT
13/08/2020 9:25:17 AM,221 Session ended - goodbye
13/08/2020 9:25:42 AM,UNIT 9279
13/08/2020 9:25:42 AM,333 CHAL 10669883
13/08/2020 9:25:42 AM,RESP F5CCCF8E
13/08/2020 9:25:42 AM,230 Auth OK
13/08/2020 9:25:43 AM,TIME
13/08/2020 9:25:43 AM,211 TIME 1597310743
13/08/2020 9:25:43 AM,EVCOUNT 2
13/08/2020 9:25:43 AM,252 Event OK
13/08/2020 9:25:44 AM,TODO
13/08/2020 9:25:44 AM,226 Nothing to do
13/08/2020 9:25:44 AM,EVENT 53872 1597310738 -310143489/1219230532/944/3/0 INPUT 7 1 0 v:124
13/08/2020 9:25:44 AM,252 Event OK
13/08/2020 9:25:45 AM,EVENT 53873 1597310738 -310143489/1219230532/944/3/0 INPUT 8 0 28 v:124
13/08/2020 9:25:45 AM,252 Event OK
13/08/2020 9:25:45 AM,QUIT
13/08/2020 9:25:45 AM,221 Session ended - goodbye
13/08/2020 10:23:57 AM,UNIT 9279
13/08/2020 10:23:57 AM,333 CHAL 5AC71D9A
13/08/2020 10:23:57 AM,RESP FD23E7BC
13/08/2020 10:23:57 AM,230 Auth OK
13/08/2020 10:23:57 AM,TIME
13/08/2020 10:23:57 AM,211 TIME 1597314237
13/08/2020 10:23:57 AM,EVCOUNT 13
13/08/2020 10:23:57 AM,252 Event OK
13/08/2020 10:23:58 AM,TODO
13/08/2020 10:23:58 AM,226 Nothing to do
13/08/2020 10:23:58 AM,EVENT 53874 1597314212 0/0/0/0/0 SWSTART OpusFC 5.0.58.518 R v:124
13/08/2020 10:23:58 AM,252 Event OK
13/08/2020 10:23:59 AM,EVENT 53875 1597310515 0/0/0/0/0 POWERDOWN v:124
13/08/2020 10:23:59 AM,252 Event OK
13/08/2020 10:23:59 AM,EVENT 53876 1597314212 0/0/0/0/0 INPUT 1 1 0 v:123
13/08/2020 10:23:59 AM,252 Event OK
13/08/2020 10:23:59 AM,EVENT 53877 1597314212 0/0/0/0/0 INPUT 2 0 0 v:124
13/08/2020 10:23:59 AM,252 Event OK
13/08/2020 10:23:59 AM,EVENT 53878 1597314212 0/0/0/0/0 INPUT 3 0 0 v:123
13/08/2020 10:23:59 AM,252 Event OK
13/08/2020 10:23:59 AM,EVENT 53879 1597314212 0/0/0/0/0 INPUT 4 0 0 v:123
13/08/2020 10:23:59 AM,252 Event OK
13/08/2020 10:24:00 AM,EVENT 53880 1597314212 0/0/0/0/0 INPUT 7 0 0 v:123
13/08/2020 10:24:00 AM,252 Event OK
13/08/2020 10:24:00 AM,EVENT 53881 1597314212 0/0/0/0/0 INPUT 8 1 0 v:123
13/08/2020 10:24:00 AM,252 Event OK
13/08/2020 10:24:00 AM,EVENT 53882 1597314214 0/0/0/0/0 ZONE_OK 2 100 FW=NO VERSION v:123
13/08/2020 10:24:00 AM,252 Event OK
13/08/2020 10:24:00 AM,EVENT 53883 1597314223 0/0/0/0/0 SIGNON 2544 03d5def0 OK_CL 26 151087 0 v:123
13/08/2020 10:24:00 AM,252 Event OK
13/08/2020 10:24:01 AM,EVENT 53884 1597314228 0/0/0/5/0 CHECKLIST 53883 OK 0 5 432 F v:123
13/08/2020 10:24:01 AM,252 Event OK
13/08/2020 10:24:01 AM,EVENT 53885 1597314234 0/0/0/4/0 INPUT 4 1 0 v:124
13/08/2020 10:24:01 AM,252 Event OK
13/08/2020 10:24:01 AM,EVENT 53886 1597314235 0/0/0/4/0 INPUT 1 0 22 v:124
13/08/2020 10:24:01 AM,252 Event OK
13/08/2020 10:24:02 AM,QUIT
13/08/2020 10:24:02 AM,221 Session ended - goodbye
13/08/2020 10:24:36 AM,UNIT 9279
13/08/2020 10:24:36 AM,333 CHAL 7A4171FC
13/08/2020 10:24:37 AM,RESP 6F18236F
13/08/2020 10:24:37 AM,230 Auth OK
13/08/2020 10:24:38 AM,TIME
13/08/2020 10:24:38 AM,211 TIME 1597314278
13/08/2020 10:24:38 AM,EVCOUNT 1
13/08/2020 10:24:38 AM,252 Event OK
13/08/2020 10:24:39 AM,TODO
13/08/2020 10:24:39 AM,226 Nothing to do
13/08/2020 10:24:40 AM,EVENT 53887 1597314271 -310143220/1219230974/2103/5/7 INPUT 3 1 0 v:124
13/08/2020 10:24:40 AM,252 Event OK
13/08/2020 10:24:40 AM,QUIT
13/08/2020 10:24:40 AM,221 Session ended - goodbye
13/08/2020 10:25:50 AM,UNIT 9279
13/08/2020 10:25:50 AM,333 CHAL B904FA9
13/08/2020 10:25:51 AM,RESP D131D603
13/08/2020 10:25:51 AM,230 Auth OK
13/08/2020 10:25:52 AM,TIME
13/08/2020 10:25:52 AM,211 TIME 1597314352
13/08/2020 10:25:52 AM,EVCOUNT 2
13/08/2020 10:25:52 AM,252 Event OK
13/08/2020 10:25:53 AM,TODO
13/08/2020 10:25:53 AM,226 Nothing to do
13/08/2020 10:25:54 AM,EVENT 53888 1597314345 -310119129/1219234546/981/9/11 INPUT 3 0 74 v:124
13/08/2020 10:25:54 AM,252 Event OK
13/08/2020 10:25:54 AM,EVENT 53889 1597314347 -310118891/1219234359/992/9/8 INPUT 3 1 0 v:124
13/08/2020 10:25:54 AM,252 Event OK
13/08/2020 10:25:55 AM,QUIT
13/08/2020 10:25:55 AM,221 Session ended - goodbye
13/08/2020 10:26:07 AM,UNIT 9279
13/08/2020 10:26:07 AM,333 CHAL 124A4998
13/08/2020 10:26:09 AM,RESP 9B94C340
13/08/2020 10:26:09 AM,230 Auth OK
13/08/2020 10:26:09 AM,TIME
13/08/2020 10:26:09 AM,211 TIME 1597314369
13/08/2020 10:26:10 AM,EVCOUNT 3
13/08/2020 10:26:10 AM,252 Event OK
13/08/2020 10:26:11 AM,TODO
13/08/2020 10:26:11 AM,226 Nothing to do
13/08/2020 10:26:11 AM,EVENT 53890 1597314361 -310121565/1219229378/964/0/12 INPUT 3 0 15 v:124
13/08/2020 10:26:11 AM,252 Event OK
13/08/2020 10:26:13 AM,EVENT 53891 1597314363 -310121770/1219229065/964/0/5 INPUT 4 0 129 v:124
13/08/2020 10:26:13 AM,252 Event OK
13/08/2020 10:26:14 AM,EVENT 53892 1597314363 -310121770/1219229065/964/0/4 INPUT 4 1 0 v:124
13/08/2020 10:26:14 AM,252 Event OK
13/08/2020 10:26:15 AM,EVENT 53893 1597314370 -310121777/1219229097/955/0/0 INPUT 7 1 0 v:124
13/08/2020 10:26:15 AM,252 Event OK
13/08/2020 10:26:16 AM,EVENT 53894 1597314370 -310121777/1219229097/955/0/0 INPUT 8 0 158 v:124
13/08/2020 10:26:16 AM,252 Event OK
13/08/2020 10:26:17 AM,EVENT 53895 1597314371 -310121777/1219229102/952/0/0 INPUT 1 1 0 v:123
13/08/2020 10:26:17 AM,252 Event OK
13/08/2020 10:26:18 AM,EVENT 53896 1597314372 -310121778/1219229101/950/0/0 INPUT 4 0 8 v:123
13/08/2020 10:26:18 AM,252 Event OK
13/08/2020 10:26:19 AM,EVENT 53897 1597314373 -310121784/1219229103/948/0/0 INPUT 4 1 0 v:123
13/08/2020 10:26:19 AM,252 Event OK
13/08/2020 10:26:20 AM,EVENT 53898 1597314374 -310121779/1219229093/945/0/0 INPUT 4 0 2 v:123
13/08/2020 10:26:20 AM,252 Event OK
13/08/2020 10:26:21 AM,EVENT 53899 1597314375 -310121777/1219229088/944/0/0 TRIP 53883 89 50 11 9 150 v:123
13/08/2020 10:26:21 AM,252 Event OK
13/08/2020 10:26:22 AM,QUIT
13/08/2020 10:26:22 AM,221 Session ended - goodbye
13/08/2020 10:26:41 AM,UNIT 9279
13/08/2020 10:26:41 AM,333 CHAL 3B29FED
13/08/2020 10:26:42 AM,RESP 79229962
13/08/2020 10:26:42 AM,230 Auth OK
13/08/2020 10:26:43 AM,TIME
13/08/2020 10:26:43 AM,211 TIME 1597314403
13/08/2020 10:26:43 AM,EVCOUNT 1
13/08/2020 10:26:43 AM,252 Event OK
13/08/2020 10:26:45 AM,TODO
13/08/2020 10:26:45 AM,226 Nothing to do
13/08/2020 10:26:46 AM,EVENT 53900 1597314397 -310121815/1219229032/959/0/0 REPORT * 0 163 v:123
13/08/2020 10:26:46 AM,252 Event OK
13/08/2020 10:26:46 AM,QUIT
13/08/2020 10:26:46 AM,221 Session ended - goodbye
13/08/2020 10:32:02 AM,UNIT 9279
13/08/2020 10:32:02 AM,333 CHAL A4A4C67
13/08/2020 10:32:03 AM,RESP 36CF0A5D
13/08/2020 10:32:03 AM,230 Auth OK
13/08/2020 10:32:03 AM,TIME
13/08/2020 10:32:03 AM,211 TIME 1597314723
13/08/2020 10:32:06 AM,EVCOUNT 2
13/08/2020 10:32:06 AM,252 Event OK
13/08/2020 10:32:17 AM,TODO
13/08/2020 10:32:17 AM,226 Nothing to do
13/08/2020 10:33:27 AM,UNIT 9279
13/08/2020 10:33:27 AM,333 CHAL 71986A43
13/08/2020 10:33:27 AM,RESP 8E378626
13/08/2020 10:33:27 AM,230 Auth OK
13/08/2020 10:33:28 AM,TIME
13/08/2020 10:33:28 AM,211 TIME 1597314808
13/08/2020 10:33:28 AM,EVCOUNT 8
13/08/2020 10:33:28 AM,252 Event OK
13/08/2020 10:33:28 AM,TODO
13/08/2020 10:33:28 AM,226 Nothing to do
13/08/2020 10:33:29 AM,EVENT 53901 1597314706 -310121661/1219228976/958/0/0 INPUT 8 1 0 v:124
13/08/2020 10:33:29 AM,252 Event OK
13/08/2020 10:33:30 AM,EVENT 53902 1597314706 -310121661/1219228976/958/0/0 INPUT 7 0 335 v:124
13/08/2020 10:33:30 AM,252 Event OK
13/08/2020 10:33:30 AM,EVENT 53903 1597314773 -310121714/1219228929/986/0/0 SIGNON 2544 03d5def0 OK 26 151087 0 v:124
13/08/2020 10:33:30 AM,252 Event OK
13/08/2020 10:33:31 AM,EVENT 53904 1597314779 -310121734/1219228932/955/0/0 INPUT 1 0 407 v:124
13/08/2020 10:33:31 AM,252 Event OK
13/08/2020 10:33:31 AM,EVENT 53905 1597314780 -310121737/1219228930/949/0/0 INPUT 4 1 0 v:124
13/08/2020 10:33:31 AM,252 Event OK
13/08/2020 10:33:32 AM,EVENT 53906 1597314785 -310121746/1219228926/929/0/0 INPUT 4 0 6 v:124
13/08/2020 10:33:32 AM,252 Event OK
13/08/2020 10:33:32 AM,EVENT 53907 1597314785 -310121746/1219228926/929/0/0 INPUT 4 1 0 v:124
13/08/2020 10:33:32 AM,252 Event OK
13/08/2020 10:33:33 AM,EVENT 53908 1597314801 -310121911/1219228543/940/0/6 INPUT 3 1 0 v:124
13/08/2020 10:33:33 AM,252 Event OK
13/08/2020 10:33:33 AM,QUIT
13/08/2020 10:33:33 AM,221 Session ended - goodbye
13/08/2020 8:52:59 PM,UNIT 9279
13/08/2020 8:52:59 PM,333 CHAL C2CD765
13/08/2020 8:53:01 PM,RESP B1806DFF
13/08/2020 8:53:01 PM,230 Auth OK
13/08/2020 8:53:01 PM,TIME
13/08/2020 8:53:01 PM,211 TIME 1597351981
13/08/2020 8:53:02 PM,EVCOUNT 195
13/08/2020 8:53:02 PM,252 Event OK
13/08/2020 8:53:03 PM,TODO
13/08/2020 8:53:03 PM,226 Nothing to do
13/08/2020 8:53:03 PM,EVENT 53909 1597315333 0/0/0/0/16 INPUT 3 0 531 v:124
13/08/2020 8:53:03 PM,252 Event OK
13/08/2020 8:53:04 PM,EVENT 53910 1597315343 0/0/0/0/2 INPUT 4 0 558 v:124
13/08/2020 8:53:04 PM,252 Event OK
13/08/2020 8:53:05 PM,EVENT 53911 1597315343 0/0/0/0/2 INPUT 4 1 0 v:124
13/08/2020 8:53:05 PM,252 Event OK
13/08/2020 8:53:06 PM,EVENT 53912 1597315406 0/0/0/0/5 INPUT 3 1 0 v:124
13/08/2020 8:53:06 PM,252 Event OK
13/08/2020 8:53:06 PM,EVENT 53913 1597315454 0/0/0/0/9 INPUT 3 0 48 v:124
13/08/2020 8:53:06 PM,252 Event OK
13/08/2020 8:53:07 PM,EVENT 53914 1597315454 0/0/0/0/9 INPUT 4 0 111 v:124
13/08/2020 8:53:07 PM,252 Event OK
13/08/2020 8:53:08 PM,EVENT 53915 1597315454 0/0/0/0/8 INPUT 4 1 0 v:124
13/08/2020 8:53:08 PM,252 Event OK
13/08/2020 8:53:09 PM,EVENT 53916 1597315486 0/0/0/0/0 INPUT 4 0 32 v:124
13/08/2020 8:53:09 PM,252 Event OK
13/08/2020 8:53:09 PM,EVENT 53917 1597315486 0/0/0/0/0 INPUT 4 1 0 v:124
13/08/2020 8:53:09 PM,252 Event OK
13/08/2020 8:53:10 PM,EVENT 53918 1597315495 0/0/0/0/0 INPUT 4 0 9 v:124
13/08/2020 8:53:10 PM,252 Event OK
13/08/2020 8:53:11 PM,EVENT 53919 1597315496 0/0/0/0/0 INPUT 4 1 0 v:124
13/08/2020 8:53:11 PM,252 Event OK
13/08/2020 8:53:11 PM,EVENT 53920 1597315531 0/0/0/0/4 INPUT 4 0 36 v:124
13/08/2020 8:53:11 PM,252 Event OK
13/08/2020 8:53:12 PM,EVENT 53921 1597315531 0/0/0/0/4 INPUT 4 1 0 v:124
13/08/2020 8:53:12 PM,252 Event OK
13/08/2020 8:53:13 PM,EVENT 53922 1597315533 0/0/0/0/3 INPUT 3 1 0 v:124
13/08/2020 8:53:13 PM,252 Event OK
13/08/2020 8:53:14 PM,EVENT 53923 1597315750 0/0/0/0/13 INPUT 3 0 216 v:124
13/08/2020 8:53:14 PM,252 Event OK
13/08/2020 8:53:14 PM,EVENT 53924 1597315764 0/0/0/0/6 INPUT 3 1 0 v:124
13/08/2020 8:53:14 PM,252 Event OK
13/08/2020 8:53:15 PM,EVENT 53925 1597315765 0/0/0/0/9 INPUT 3 0 1 v:124
13/08/2020 8:53:15 PM,252 Event OK
13/08/2020 8:53:16 PM,EVENT 53926 1597315804 0/0/0/0/3 INPUT 3 1 0 v:124
13/08/2020 8:53:16 PM,252 Event OK
13/08/2020 8:54:25 PM,UNIT 9279
13/08/2020 8:54:25 PM,333 CHAL 3AD04B34
13/08/2020 8:54:26 PM,RESP 9059B247
13/08/2020 8:54:26 PM,230 Auth OK
13/08/2020 8:54:27 PM,TIME
13/08/2020 8:54:27 PM,211 TIME 1597352067
13/08/2020 8:54:28 PM,EVCOUNT 177
13/08/2020 8:54:28 PM,252 Event OK
13/08/2020 8:54:30 PM,TODO
13/08/2020 8:54:30 PM,226 Nothing to do
13/08/2020 8:54:31 PM,EVENT 53927 1597316008 0/0/0/0/11 INPUT 3 0 204 v:124
13/08/2020 8:54:31 PM,252 Event OK
13/08/2020 8:54:32 PM,EVENT 53928 1597316018 0/0/0/0/0 INPUT 7 1 0 v:124
13/08/2020 8:54:32 PM,252 Event OK
13/08/2020 8:54:33 PM,EVENT 53929 1597316018 0/0/0/0/0 INPUT 8 0 1312 v:124
13/08/2020 8:54:33 PM,252 Event OK
13/08/2020 8:54:34 PM,EVENT 53930 1597316019 0/0/0/0/0 INPUT 1 1 0 v:124
13/08/2020 8:54:34 PM,252 Event OK
13/08/2020 8:54:35 PM,EVENT 53931 1597316022 0/0/0/0/0 TRIP 53903 1001 242 7 7 1250 v:124
13/08/2020 8:54:35 PM,252 Event OK
13/08/2020 8:54:35 PM,EVENT 53932 1597316023 0/0/0/0/0 INPUT 4 0 491 v:124
13/08/2020 8:54:35 PM,252 Event OK
13/08/2020 8:54:37 PM,EVENT 53933 1597348612 0/0/0/0/0 SWSTART OpusFC 5.0.58.518 R v:124
13/08/2020 8:54:37 PM,252 Event OK
13/08/2020 8:54:38 PM,EVENT 53934 1597316022 0/0/0/0/0 POWERDOWN v:124
13/08/2020 8:54:38 PM,252 Event OK
13/08/2020 8:54:38 PM,EVENT 53935 1597348612 0/0/0/0/0 INPUT 1 1 0 v:123
13/08/2020 8:54:38 PM,252 Event OK
13/08/2020 8:54:39 PM,EVENT 53936 1597348612 0/0/0/0/0 INPUT 2 0 0 v:123
13/08/2020 8:54:39 PM,252 Event OK
13/08/2020 8:54:41 PM,EVENT 53937 1597348612 0/0/0/0/0 INPUT 3 0 0 v:124
13/08/2020 8:54:41 PM,252 Event OK
13/08/2020 8:54:42 PM,EVENT 53938 1597348612 0/0/0/0/0 INPUT 4 0 0 v:124
13/08/2020 8:54:42 PM,252 Event OK
13/08/2020 8:54:42 PM,EVENT 53939 1597348612 0/0/0/0/0 INPUT 7 0 0 v:124
13/08/2020 8:54:42 PM,252 Event OK
13/08/2020 8:54:43 PM,EVENT 53940 1597348612 0/0/0/0/0 INPUT 8 1 0 v:123
13/08/2020 8:54:43 PM,252 Event OK
13/08/2020 8:54:44 PM,EVENT 53941 1597348614 0/0/0/0/0 ZONE_OK 2 100 FW=NO VERSION v:124
13/08/2020 8:54:44 PM,252 Event OK
13/08/2020 8:54:45 PM,EVENT 53942 1597348623 0/0/0/0/0 SIGNON 2485 03f9ef12 OK 26 30876 0 v:124
13/08/2020 8:54:45 PM,252 Event OK
13/08/2020 8:54:46 PM,EVENT 53943 1597348637 0/0/0/0/0 INPUT 7 1 0 v:124
13/08/2020 8:54:46 PM,252 Event OK
13/08/2020 8:54:47 PM,EVENT 53944 1597348638 0/0/0/0/0 INPUT 7 0 0 v:124
13/08/2020 8:54:47 PM,252 Event OK
13/08/2020 8:54:47 PM,EVENT 53945 1597348639 0/0/0/0/0 INPUT 1 0 26 v:124
13/08/2020 8:54:47 PM,252 Event OK
13/08/2020 8:54:48 PM,EVENT 53946 1597348639 0/0/0/0/0 INPUT 4 1 0 v:124
13/08/2020 8:54:48 PM,252 Event OK
13/08/2020 8:54:49 PM,EVENT 53947 1597348655 0/0/0/0/0 INPUT 4 0 17 v:124
13/08/2020 8:54:49 PM,252 Event OK
13/08/2020 8:54:50 PM,EVENT 53948 1597348655 0/0/0/0/0 INPUT 4 1 0 v:124
13/08/2020 8:54:50 PM,252 Event OK
13/08/2020 8:54:51 PM,EVENT 53949 1597348659 0/0/0/0/3 INPUT 4 0 4 v:124
13/08/2020 8:54:51 PM,252 Event OK
13/08/2020 8:54:53 PM,EVENT 53950 1597348659 0/0/0/0/3 INPUT 4 1 0 v:124
13/08/2020 8:54:53 PM,252 Event OK
13/08/2020 8:54:54 PM,EVENT 53951 1597348664 0/0/0/0/0 INPUT 4 0 5 v:124
13/08/2020 8:54:54 PM,252 Event OK
13/08/2020 8:54:55 PM,EVENT 53952 1597348664 0/0/0/0/0 INPUT 4 1 0 v:124
13/08/2020 8:54:55 PM,252 Event OK
13/08/2020 8:54:56 PM,EVENT 53953 1597348669 0/0/0/0/1 INPUT 4 0 5 v:124
13/08/2020 8:54:56 PM,252 Event OK
13/08/2020 8:54:56 PM,EVENT 53954 1597348670 0/0/0/0/0 INPUT 4 1 0 v:124
13/08/2020 8:54:56 PM,252 Event OK
13/08/2020 8:54:57 PM,EVENT 53955 1597348685 0/0/0/0/3 INPUT 4 0 16 v:124
13/08/2020 8:54:57 PM,252 Event OK
13/08/2020 8:54:58 PM,EVENT 53956 1597348686 0/0/0/0/2 INPUT 4 1 0 v:124
13/08/2020 8:54:58 PM,252 Event OK
13/08/2020 8:54:59 PM,EVENT 53957 1597348740 0/0/0/0/6 INPUT 3 1 0 v:124
13/08/2020 8:54:59 PM,252 Event OK
13/08/2020 8:55:00 PM,EVENT 53958 1597348760 0/0/0/0/11 INPUT 3 0 20 v:124
13/08/2020 8:55:00 PM,252 Event OK
13/08/2020 8:55:01 PM,EVENT 53959 1597348771 0/0/0/0/0 INPUT 7 1 0 v:124
13/08/2020 8:55:01 PM,252 Event OK
13/08/2020 8:55:01 PM,EVENT 53960 1597348771 0/0/0/0/0 INPUT 8 0 158 v:124
13/08/2020 8:55:01 PM,252 Event OK
13/08/2020 8:55:02 PM,EVENT 53961 1597348772 0/0/0/0/0 INPUT 1 1 0 v:124
13/08/2020 8:55:02 PM,252 Event OK
13/08/2020 8:55:03 PM,EVENT 53962 1597348774 0/0/0/0/0 INPUT 4 0 88 v:123
13/08/2020 8:55:03 PM,252 Event OK
13/08/2020 8:55:04 PM,EVENT 53963 1597348775 0/0/0/0/0 TRIP 53942 20 115 18 16 153 v:123
13/08/2020 8:55:04 PM,252 Event OK
13/08/2020 8:55:05 PM,EVENT 53964 1597348797 0/0/0/0/0 REPORT * 0 0 v:124
13/08/2020 8:55:05 PM,252 Event OK
13/08/2020 8:55:07 PM,EVENT 53965 1597349201 0/0/0/0/0 INPUT 8 1 0 v:124
13/08/2020 8:55:07 PM,252 Event OK
13/08/2020 8:57:49 PM,UNIT 9279
13/08/2020 8:57:49 PM,333 CHAL A555E61
13/08/2020 8:57:50 PM,RESP 3B4E1AF6
13/08/2020 8:57:50 PM,230 Auth OK
13/08/2020 8:57:51 PM,TIME
13/08/2020 8:57:51 PM,211 TIME 1597352271
13/08/2020 8:57:52 PM,EVCOUNT 139
13/08/2020 8:57:52 PM,252 Event OK
13/08/2020 8:57:52 PM,TODO
13/08/2020 8:57:52 PM,226 Nothing to do
13/08/2020 8:57:53 PM,EVENT 53966 1597349201 0/0/0/0/0 INPUT 7 0 430 v:124
13/08/2020 8:57:53 PM,252 Event OK
13/08/2020 8:57:53 PM,EVENT 53967 1597349209 0/0/0/0/0 SIGNON 2485 03f9ef12 OK 26 30876 0 v:124
13/08/2020 8:57:53 PM,252 Event OK
13/08/2020 8:57:55 PM,EVENT 53968 1597349215 0/0/0/0/0 INPUT 4 1 0 v:124
13/08/2020 8:57:55 PM,252 Event OK
13/08/2020 8:57:55 PM,EVENT 53969 1597349215 0/0/0/0/0 INPUT 1 0 444 v:124
13/08/2020 8:57:55 PM,252 Event OK
13/08/2020 8:57:55 PM,EVENT 53970 1597349232 0/0/0/0/0 INPUT 4 0 17 v:124
13/08/2020 8:57:55 PM,252 Event OK
13/08/2020 8:57:56 PM,EVENT 53971 1597349232 0/0/0/0/0 INPUT 4 1 0 v:124
13/08/2020 8:57:56 PM,252 Event OK
13/08/2020 8:57:58 PM,EVENT 53972 1597349241 0/0/0/0/0 INPUT 4 0 9 v:124
13/08/2020 8:57:58 PM,252 Event OK
13/08/2020 8:57:58 PM,EVENT 53973 1597349241 0/0/0/0/0 INPUT 4 1 0 v:124
13/08/2020 8:57:58 PM,252 Event OK
13/08/2020 8:57:58 PM,EVENT 53974 1597349250 0/0/0/0/0 INPUT 4 0 9 v:124
13/08/2020 8:57:58 PM,252 Event OK
13/08/2020 8:57:59 PM,EVENT 53975 1597349250 0/0/0/0/0 INPUT 4 1 0 v:124
13/08/2020 8:57:59 PM,252 Event OK
13/08/2020 8:58:01 PM,EVENT 53976 1597349259 0/0/0/0/0 INPUT 4 0 9 v:124
13/08/2020 8:58:01 PM,252 Event OK
13/08/2020 8:58:01 PM,EVENT 53977 1597349259 0/0/0/0/0 INPUT 4 1 0 v:124
13/08/2020 8:58:01 PM,252 Event OK
13/08/2020 8:58:02 PM,EVENT 53978 1597349268 0/0/0/0/0 INPUT 4 0 9 v:124
13/08/2020 8:58:02 PM,252 Event OK
13/08/2020 8:58:02 PM,EVENT 53979 1597349268 0/0/0/0/0 INPUT 4 1 0 v:124
13/08/2020 8:58:02 PM,252 Event OK
13/08/2020 8:58:03 PM,EVENT 53980 1597349277 0/0/0/0/0 INPUT 4 0 9 v:124
13/08/2020 8:58:03 PM,252 Event OK
13/08/2020 8:58:04 PM,EVENT 53981 1597349277 0/0/0/0/0 INPUT 4 1 0 v:124
13/08/2020 8:58:04 PM,252 Event OK
13/08/2020 8:58:04 PM,EVENT 53982 1597349286 0/0/0/0/0 INPUT 4 0 9 v:124
13/08/2020 8:58:04 PM,252 Event OK
13/08/2020 8:58:05 PM,EVENT 53983 1597349286 0/0/0/0/0 INPUT 4 1 0 v:124
13/08/2020 8:58:05 PM,252 Event OK
13/08/2020 8:58:06 PM,EVENT 53984 1597349295 0/0/0/0/0 INPUT 4 0 9 v:124
13/08/2020 8:58:06 PM,252 Event OK
13/08/2020 8:58:06 PM,EVENT 53985 1597349295 0/0/0/0/0 INPUT 4 1 0 v:124
13/08/2020 8:58:06 PM,252 Event OK
13/08/2020 8:58:06 PM,EVENT 53986 1597349361 0/0/0/0/2 INPUT 3 1 0 v:124
13/08/2020 8:58:06 PM,252 Event OK
13/08/2020 8:58:07 PM,EVENT 53987 1597349393 0/0/0/0/10 INPUT 3 0 32 v:124
13/08/2020 8:58:07 PM,252 Event OK
13/08/2020 8:58:07 PM,EVENT 53988 1597349406 0/0/0/0/4 INPUT 4 0 111 v:124
13/08/2020 8:58:07 PM,252 Event OK
13/08/2020 8:58:08 PM,EVENT 53989 1597349406 0/0/0/0/3 INPUT 4 1 0 v:124
13/08/2020 8:58:08 PM,252 Event OK
13/08/2020 8:58:08 PM,EVENT 53990 1597349414 0/0/0/0/7 INPUT 3 1 0 v:124
13/08/2020 8:58:08 PM,252 Event OK
13/08/2020 8:58:09 PM,EVENT 53991 1597349425 0/0/0/0/9 INPUT 3 0 11 v:124
13/08/2020 8:58:09 PM,252 Event OK
13/08/2020 8:58:11 PM,EVENT 53992 1597349428 0/0/0/0/7 INPUT 3 1 0 v:124
13/08/2020 8:58:11 PM,252 Event OK
13/08/2020 8:58:14 PM,EVENT 53993 1597349505 0/0/0/0/10 INPUT 3 0 77 v:124
13/08/2020 8:58:14 PM,252 Event OK
13/08/2020 8:58:22 PM,EVENT 53994 1597349505 0/0/0/0/8 INPUT 3 1 0 v:124
13/08/2020 8:58:22 PM,252 Event OK
13/08/2020 8:58:22 PM,EVENT 53995 1597349558 0/0/0/0/9 INPUT 3 0 52 v:124
13/08/2020 8:58:22 PM,252 Event OK
13/08/2020 8:58:23 PM,EVENT 53996 1597349559 0/0/0/0/8 INPUT 3 1 0 v:124
13/08/2020 8:58:23 PM,252 Event OK
13/08/2020 8:58:23 PM,EVENT 53997 1597349562 0/0/0/0/9 INPUT 3 0 4 v:124
13/08/2020 8:58:23 PM,252 Event OK
13/08/2020 8:58:23 PM,EVENT 53998 1597349564 0/0/0/0/8 INPUT 3 1 0 v:124
13/08/2020 8:58:23 PM,252 Event OK
13/08/2020 8:58:23 PM,EVENT 53999 1597349645 0/0/0/99/10 INPUT 3 0 82 v:124
13/08/2020 8:58:23 PM,252 Event OK
13/08/2020 8:58:24 PM,EVENT 54000 1597349676 0/0/0/0/0 INPUT 3 1 0 v:124
13/08/2020 8:58:24 PM,252 Event OK
13/08/2020 8:58:24 PM,EVENT 54001 1597349788 0/0/0/0/10 INPUT 3 0 112 v:124
13/08/2020 8:58:24 PM,252 Event OK
13/08/2020 8:58:24 PM,EVENT 54002 1597349811 0/0/0/0/0 INPUT 4 0 405 v:124
13/08/2020 8:58:24 PM,252 Event OK
13/08/2020 8:58:24 PM,EVENT 54003 1597349811 0/0/0/0/0 INPUT 4 1 0 v:124
13/08/2020 8:58:24 PM,252 Event OK
13/08/2020 8:58:24 PM,EVENT 54004 1597349824 0/0/0/0/2 INPUT 3 1 0 v:124
13/08/2020 8:58:24 PM,252 Event OK
13/08/2020 8:58:25 PM,EVENT 54005 1597349839 0/0/0/0/11 INPUT 3 0 14 v:124
13/08/2020 8:58:25 PM,252 Event OK
13/08/2020 8:58:25 PM,EVENT 54006 1597349843 0/0/0/0/6 INPUT 3 1 0 v:124
13/08/2020 8:58:25 PM,252 Event OK
13/08/2020 8:58:25 PM,EVENT 54007 1597350132 0/0/0/0/11 INPUT 3 0 289 v:124
13/08/2020 8:58:25 PM,252 Event OK
13/08/2020 8:58:25 PM,EVENT 54008 1597350147 0/0/0/0/0 INPUT 4 0 336 v:124
13/08/2020 8:58:25 PM,252 Event OK
13/08/2020 8:58:25 PM,EVENT 54009 1597350148 0/0/0/0/0 INPUT 4 1 0 v:124
13/08/2020 8:58:25 PM,252 Event OK
13/08/2020 8:58:26 PM,EVENT 54010 1597350156 0/0/0/0/0 INPUT 4 0 9 v:124
13/08/2020 8:58:26 PM,252 Event OK
13/08/2020 8:58:26 PM,EVENT 54011 1597350156 0/0/0/0/0 INPUT 4 1 0 v:124
13/08/2020 8:58:26 PM,252 Event OK
13/08/2020 8:58:26 PM,EVENT 54012 1597350169 0/0/0/0/3 INPUT 4 0 13 v:124
13/08/2020 8:58:26 PM,252 Event OK
13/08/2020 8:58:26 PM,EVENT 54013 1597350169 0/0/0/0/3 INPUT 4 1 0 v:124
13/08/2020 8:58:26 PM,252 Event OK
13/08/2020 8:58:27 PM,EVENT 54014 1597350174 0/0/0/0/1 INPUT 4 0 5 v:124
13/08/2020 8:58:27 PM,252 Event OK
13/08/2020 8:58:27 PM,EVENT 54015 1597350174 0/0/0/0/1 INPUT 4 1 0 v:124
13/08/2020 8:58:27 PM,252 Event OK
13/08/2020 8:58:27 PM,EVENT 54016 1597350178 0/0/0/0/3 INPUT 4 0 4 v:124
13/08/2020 8:58:27 PM,252 Event OK
13/08/2020 8:58:27 PM,EVENT 54017 1597350179 0/0/0/0/2 INPUT 4 1 0 v:124
13/08/2020 8:58:27 PM,252 Event OK
13/08/2020 8:58:27 PM,EVENT 54018 1597350192 0/0/0/0/0 INPUT 4 0 14 v:124
13/08/2020 8:58:27 PM,252 Event OK
13/08/2020 8:58:28 PM,EVENT 54019 1597350192 0/0/0/0/0 INPUT 4 1 0 v:124
13/08/2020 8:58:28 PM,252 Event OK
13/08/2020 8:58:28 PM,EVENT 54020 1597350202 0/0/0/0/0 INPUT 4 0 10 v:124
13/08/2020 8:58:28 PM,252 Event OK
13/08/2020 8:58:28 PM,EVENT 54021 1597350202 0/0/0/0/0 INPUT 4 1 0 v:124
13/08/2020 8:58:28 PM,252 Event OK
13/08/2020 8:58:28 PM,EVENT 54022 1597350205 0/0/0/0/7 INPUT 3 1 0 v:124
13/08/2020 8:58:28 PM,252 Event OK
13/08/2020 8:58:28 PM,EVENT 54023 1597350246 0/0/0/0/12 INPUT 3 0 41 v:124
13/08/2020 8:58:28 PM,252 Event OK
13/08/2020 8:58:29 PM,EVENT 54024 1597350311 0/0/0/0/6 INPUT 3 1 0 v:124
13/08/2020 8:58:29 PM,252 Event OK
13/08/2020 8:58:29 PM,EVENT 54025 1597350363 0/0/0/0/14 INPUT 3 0 52 v:124
13/08/2020 8:58:29 PM,252 Event OK
13/08/2020 8:58:29 PM,EVENT 54026 1597350375 0/0/0/0/0 INPUT 4 0 173 v:124
13/08/2020 8:58:29 PM,252 Event OK
13/08/2020 8:58:29 PM,EVENT 54027 1597350375 0/0/0/0/0 INPUT 4 1 0 v:124
13/08/2020 8:58:29 PM,252 Event OK
13/08/2020 8:58:30 PM,EVENT 54028 1597350393 0/0/0/0/4 INPUT 3 1 0 v:124
13/08/2020 8:58:30 PM,252 Event OK
13/08/2020 8:58:30 PM,EVENT 54029 1597350404 0/0/0/0/13 INPUT 3 0 10 v:124
13/08/2020 8:58:30 PM,252 Event OK
13/08/2020 8:58:30 PM,EVENT 54030 1597350420 0/0/0/0/2 INPUT 4 0 45 v:124
13/08/2020 8:58:30 PM,252 Event OK
13/08/2020 8:58:30 PM,EVENT 54031 1597350420 0/0/0/0/2 INPUT 4 1 0 v:124
13/08/2020 8:58:30 PM,252 Event OK
13/08/2020 8:58:31 PM,EVENT 54032 1597350426 0/0/0/0/6 INPUT 3 1 0 v:124
13/08/2020 8:58:31 PM,252 Event OK
13/08/2020 8:58:31 PM,EVENT 54033 1597350516 0/0/0/0/12 INPUT 3 0 90 v:124
13/08/2020 8:58:31 PM,252 Event OK
13/08/2020 8:58:31 PM,EVENT 54034 1597350520 0/0/0/0/4 INPUT 3 1 0 v:124
13/08/2020 8:58:31 PM,252 Event OK
13/08/2020 8:58:31 PM,EVENT 54035 1597350528 0/0/0/0/9 INPUT 3 0 9 v:124
13/08/2020 8:58:31 PM,252 Event OK
13/08/2020 8:58:32 PM,EVENT 54036 1597350533 0/0/0/0/7 INPUT 3 1 0 v:124
13/08/2020 8:58:32 PM,252 Event OK
13/08/2020 8:58:32 PM,EVENT 54037 1597350541 0/0/0/0/9 INPUT 3 0 9 v:124
13/08/2020 8:58:32 PM,252 Event OK
13/08/2020 8:58:32 PM,EVENT 54038 1597350542 0/0/0/0/8 INPUT 3 1 0 v:124
13/08/2020 8:58:32 PM,252 Event OK
13/08/2020 8:58:33 PM,EVENT 54039 1597350543 0/0/0/0/9 INPUT 3 0 1 v:124
13/08/2020 8:58:33 PM,252 Event OK
13/08/2020 8:58:33 PM,EVENT 54040 1597350548 0/0/0/0/8 INPUT 3 1 0 v:124
13/08/2020 8:58:33 PM,252 Event OK
13/08/2020 8:58:33 PM,EVENT 54041 1597350562 0/0/0/0/9 INPUT 3 0 14 v:124
13/08/2020 8:58:33 PM,252 Event OK
13/08/2020 8:58:33 PM,EVENT 54042 1597350582 0/0/0/0/7 INPUT 3 1 0 v:124
13/08/2020 8:58:33 PM,252 Event OK
13/08/2020 8:58:34 PM,EVENT 54043 1597350589 0/0/0/0/9 INPUT 3 0 6 v:124
13/08/2020 8:58:34 PM,252 Event OK
13/08/2020 8:58:34 PM,EVENT 54044 1597350627 0/0/0/0/0 REPORT 53967 0 0 v:124
13/08/2020 8:58:34 PM,252 Event OK
13/08/2020 8:58:34 PM,EVENT 54045 1597350661 0/0/0/0/0 INPUT 4 0 241 v:124
13/08/2020 8:58:34 PM,252 Event OK
13/08/2020 8:58:35 PM,EVENT 54046 1597350662 0/0/0/0/0 INPUT 4 1 0 v:124
13/08/2020 8:58:35 PM,252 Event OK
13/08/2020 8:58:35 PM,EVENT 54047 1597350673 0/0/0/0/0 INPUT 4 0 12 v:124
13/08/2020 8:58:35 PM,252 Event OK
13/08/2020 8:58:35 PM,EVENT 54048 1597350674 0/0/0/0/0 INPUT 4 1 0 v:124
13/08/2020 8:58:35 PM,252 Event OK
13/08/2020 8:58:36 PM,EVENT 54049 1597350679 0/0/0/0/0 INPUT 4 0 6 v:124
13/08/2020 8:58:36 PM,252 Event OK
13/08/2020 8:58:36 PM,EVENT 54050 1597350679 0/0/0/0/0 INPUT 4 1 0 v:124
13/08/2020 8:58:36 PM,252 Event OK
13/08/2020 8:58:37 PM,EVENT 54051 1597350693 0/0/0/99/3 INPUT 4 0 14 v:124
13/08/2020 8:58:37 PM,252 Event OK
13/08/2020 8:58:37 PM,EVENT 54052 1597350693 0/0/0/99/2 INPUT 4 1 0 v:124
13/08/2020 8:58:37 PM,252 Event OK
13/08/2020 8:58:37 PM,EVENT 54053 1597350696 0/0/0/99/3 INPUT 4 0 3 v:124
13/08/2020 8:58:37 PM,252 Event OK
13/08/2020 8:58:38 PM,EVENT 54054 1597350696 0/0/0/99/3 INPUT 4 1 0 v:124
13/08/2020 8:58:38 PM,252 Event OK
13/08/2020 8:58:38 PM,EVENT 54055 1597350709 0/0/0/0/3 INPUT 4 0 13 v:124
13/08/2020 8:58:38 PM,252 Event OK
13/08/2020 8:58:38 PM,EVENT 54056 1597350709 0/0/0/0/3 INPUT 4 1 0 v:124
13/08/2020 8:58:38 PM,252 Event OK
13/08/2020 8:58:38 PM,EVENT 54057 1597350713 0/0/0/0/0 INPUT 4 0 4 v:124
13/08/2020 8:58:38 PM,252 Event OK
13/08/2020 8:58:39 PM,EVENT 54058 1597350713 0/0/0/0/0 INPUT 4 1 0 v:124
13/08/2020 8:58:39 PM,252 Event OK
13/08/2020 8:58:39 PM,EVENT 54059 1597350724 0/0/0/0/0 INPUT 4 0 11 v:124
13/08/2020 8:58:39 PM,252 Event OK
13/08/2020 8:58:39 PM,EVENT 54060 1597350725 0/0/0/0/0 INPUT 4 1 0 v:124
13/08/2020 8:58:39 PM,252 Event OK
13/08/2020 8:58:40 PM,EVENT 54061 1597350738 0/0/0/0/0 INPUT 4 0 14 v:124
13/08/2020 8:58:40 PM,252 Event OK
13/08/2020 8:58:40 PM,EVENT 54062 1597350738 0/0/0/0/0 INPUT 4 1 0 v:124
13/08/2020 8:58:40 PM,252 Event OK
13/08/2020 8:58:40 PM,EVENT 54063 1597350755 0/0/0/0/3 INPUT 4 0 17 v:124
13/08/2020 8:58:40 PM,252 Event OK
13/08/2020 8:58:41 PM,EVENT 54064 1597350755 0/0/0/0/3 INPUT 4 1 0 v:124
13/08/2020 8:58:41 PM,252 Event OK
13/08/2020 8:58:41 PM,EVENT 54065 1597350798 0/0/0/0/3 INPUT 4 0 43 v:124
13/08/2020 8:58:41 PM,252 Event OK
13/08/2020 8:58:41 PM,EVENT 54066 1597350798 0/0/0/0/3 INPUT 4 1 0 v:124
13/08/2020 8:58:41 PM,252 Event OK
13/08/2020 8:58:41 PM,EVENT 54067 1597350803 0/0/0/0/3 INPUT 4 0 5 v:123
13/08/2020 8:58:41 PM,252 Event OK
13/08/2020 8:58:42 PM,EVENT 54068 1597350803 0/0/0/0/3 INPUT 4 1 0 v:123
13/08/2020 8:58:42 PM,252 Event OK
13/08/2020 8:58:42 PM,EVENT 54069 1597350806 0/0/0/0/1 INPUT 4 0 3 v:123
13/08/2020 8:58:42 PM,252 Event OK
13/08/2020 8:58:42 PM,EVENT 54070 1597350806 0/0/0/0/1 INPUT 4 1 0 v:123
13/08/2020 8:58:42 PM,252 Event OK
13/08/2020 8:58:42 PM,EVENT 54071 1597350809 0/0/0/0/2 INPUT 4 0 3 v:124
13/08/2020 8:58:42 PM,252 Event OK
13/08/2020 8:58:42 PM,EVENT 54072 1597350810 0/0/0/0/1 INPUT 4 1 0 v:124
13/08/2020 8:58:42 PM,252 Event OK
13/08/2020 8:58:43 PM,EVENT 54073 1597350819 0/0/0/0/0 INPUT 4 0 10 v:124
13/08/2020 8:58:43 PM,252 Event OK
13/08/2020 8:58:43 PM,EVENT 54074 1597350819 0/0/0/0/0 INPUT 4 1 0 v:124
13/08/2020 8:58:43 PM,252 Event OK
13/08/2020 8:58:43 PM,EVENT 54075 1597350822 0/0/0/0/0 INPUT 4 0 3 v:123
13/08/2020 8:58:43 PM,252 Event OK
13/08/2020 8:58:43 PM,EVENT 54076 1597350822 0/0/0/0/0 INPUT 4 1 0 v:123
13/08/2020 8:58:43 PM,252 Event OK
13/08/2020 8:58:43 PM,EVENT 54077 1597350827 0/0/0/0/0 INPUT 4 0 5 v:124
13/08/2020 8:58:43 PM,252 Event OK
13/08/2020 8:58:44 PM,EVENT 54078 1597350827 0/0/0/0/0 INPUT 4 1 0 v:124
13/08/2020 8:58:44 PM,252 Event OK
13/08/2020 8:58:44 PM,EVENT 54079 1597350831 0/0/0/0/3 INPUT 4 0 4 v:124
13/08/2020 8:58:44 PM,252 Event OK
13/08/2020 8:58:44 PM,EVENT 54080 1597350831 0/0/0/0/3 INPUT 4 1 0 v:124
13/08/2020 8:58:44 PM,252 Event OK
13/08/2020 8:58:44 PM,EVENT 54081 1597350857 0/0/0/0/3 INPUT 4 0 26 v:124
13/08/2020 8:58:44 PM,252 Event OK
13/08/2020 8:58:45 PM,EVENT 54082 1597350858 0/0/0/0/2 INPUT 4 1 0 v:124
13/08/2020 8:58:45 PM,252 Event OK
13/08/2020 8:58:45 PM,EVENT 54083 1597350866 0/0/0/0/1 INPUT 4 0 9 v:124
13/08/2020 8:58:45 PM,252 Event OK
13/08/2020 8:58:45 PM,EVENT 54084 1597350866 0/0/0/0/2 INPUT 4 1 0 v:124
13/08/2020 8:58:45 PM,252 Event OK
13/08/2020 8:58:45 PM,EVENT 54085 1597350870 0/0/0/0/1 INPUT 4 0 4 v:124
13/08/2020 8:58:45 PM,252 Event OK
13/08/2020 8:58:45 PM,EVENT 54086 1597350871 0/0/0/0/1 INPUT 4 1 0 v:124
13/08/2020 8:58:45 PM,252 Event OK
13/08/2020 8:58:46 PM,EVENT 54087 1597350887 0/0/0/0/0 INPUT 4 0 17 v:124
13/08/2020 8:58:46 PM,252 Event OK
13/08/2020 8:58:46 PM,EVENT 54088 1597350888 0/0/0/0/0 INPUT 4 1 0 v:124
13/08/2020 8:58:46 PM,252 Event OK
13/08/2020 8:58:46 PM,EVENT 54089 1597350910 0/0/0/0/3 INPUT 4 0 23 v:124
13/08/2020 8:58:46 PM,252 Event OK
13/08/2020 8:58:46 PM,EVENT 54090 1597350910 0/0/0/0/3 INPUT 4 1 0 v:124
13/08/2020 8:58:46 PM,252 Event OK
13/08/2020 8:58:47 PM,EVENT 54091 1597350932 0/0/0/0/3 INPUT 3 1 0 v:124
13/08/2020 8:58:47 PM,252 Event OK
13/08/2020 8:58:47 PM,EVENT 54092 1597351198 0/0/0/0/10 INPUT 3 0 266 v:124
13/08/2020 8:58:47 PM,252 Event OK
13/08/2020 8:58:47 PM,EVENT 54093 1597351244 0/0/0/0/1 INPUT 4 0 334 v:124
13/08/2020 8:58:47 PM,252 Event OK
13/08/2020 8:58:47 PM,EVENT 54094 1597351244 0/0/0/0/1 INPUT 4 1 0 v:124
13/08/2020 8:58:47 PM,252 Event OK
13/08/2020 8:58:47 PM,EVENT 54095 1597351248 0/0/0/0/8 INPUT 3 1 0 v:124
13/08/2020 8:58:47 PM,252 Event OK
13/08/2020 8:58:48 PM,EVENT 54096 1597351249 0/0/0/0/8 INPUT 3 0 0 v:124
13/08/2020 8:58:48 PM,252 Event OK
13/08/2020 8:58:48 PM,EVENT 54097 1597351250 0/0/0/0/8 INPUT 3 1 0 v:124
13/08/2020 8:58:48 PM,252 Event OK
13/08/2020 8:58:48 PM,EVENT 54098 1597351929 -310122030/1219228185/15998/0/10 INPUT 3 0 680 v:124
13/08/2020 8:58:48 PM,252 Event OK
13/08/2020 8:58:48 PM,EVENT 54099 1597351935 -310121921/1219228314/6779/0/0 INPUT 7 1 0 v:124
13/08/2020 8:58:48 PM,252 Event OK
13/08/2020 8:58:49 PM,EVENT 54100 1597351935 -310121921/1219228314/6779/0/0 INPUT 8 0 2735 v:124
13/08/2020 8:58:49 PM,252 Event OK
13/08/2020 8:58:49 PM,EVENT 54101 1597351936 -310121700/1219228242/4229/0/0 INPUT 1 1 0 v:124
13/08/2020 8:58:49 PM,252 Event OK
13/08/2020 8:58:49 PM,EVENT 54102 1597351937 -310121729/1219228276/3299/0/0 INPUT 4 0 693 v:124
13/08/2020 8:58:49 PM,252 Event OK
13/08/2020 8:58:49 PM,EVENT 54103 1597351940 -310121799/1219228337/2238/0/0 TRIP 53967 1851 871 9 6 2731 v:124
13/08/2020 8:58:49 PM,252 Event OK
13/08/2020 8:58:50 PM,EVENT 54104 1597352270 -310121642/1219228390/865/1/0 INPUT 8 1 0 v:124
13/08/2020 8:58:50 PM,252 Event OK
13/08/2020 8:58:50 PM,EVENT 54105 1597352270 -310121642/1219228390/867/1/0 INPUT 7 0 334 v:124
13/08/2020 8:58:50 PM,252 Event OK
13/08/2020 8:58:50 PM,EVENT 54106 1597352278 -310121653/1219228411/883/1/0 SIGNON 2485 03f9ef12 OK 26 30876 0 v:124
13/08/2020 8:58:50 PM,252 Event OK
13/08/2020 8:58:51 PM,EVENT 54107 1597352284 -310121678/1219228411/882/1/0 INPUT 4 1 0 v:124
13/08/2020 8:58:51 PM,252 Event OK
13/08/2020 8:58:51 PM,EVENT 54108 1597352285 -310121681/1219228409/880/1/0 INPUT 1 0 349 v:124
13/08/2020 8:58:51 PM,252 Event OK
13/08/2020 8:58:51 PM,EVENT 54109 1597352294 -310121542/1219228787/873/1/7 INPUT 3 1 0 v:124
13/08/2020 8:58:51 PM,252 Event OK
13/08/2020 8:58:51 PM,QUIT
13/08/2020 8:58:51 PM,221 Session ended - goodbye
13/08/2020 8:59:09 PM,UNIT 9279
13/08/2020 8:59:09 PM,333 CHAL 789B7CAF
13/08/2020 8:59:10 PM,RESP 0F8AEB02
13/08/2020 8:59:10 PM,230 Auth OK
13/08/2020 8:59:10 PM,TIME
13/08/2020 8:59:10 PM,211 TIME 1597352350
13/08/2020 8:59:11 PM,EVCOUNT 1
13/08/2020 8:59:11 PM,252 Event OK
13/08/2020 8:59:11 PM,TODO
13/08/2020 8:59:11 PM,226 Nothing to do
13/08/2020 8:59:12 PM,EVENT 54110 1597352345 -310128538/1219228928/894/3/10 INPUT 3 0 51 v:124
13/08/2020 8:59:12 PM,252 Event OK
13/08/2020 8:59:12 PM,EVENT 54111 1597352349 -310128280/1219228665/885/2/0 INPUT 7 1 0 v:124
13/08/2020 8:59:12 PM,252 Event OK
13/08/2020 8:59:13 PM,EVENT 54112 1597352349 -310128280/1219228665/885/2/0 INPUT 8 0 80 v:124
13/08/2020 8:59:13 PM,252 Event OK
13/08/2020 8:59:14 PM,EVENT 54113 1597352350 -310128283/1219228663/885/2/0 INPUT 1 1 0 v:124
13/08/2020 8:59:14 PM,252 Event OK
13/08/2020 8:59:14 PM,EVENT 54114 1597352352 -310128290/1219228651/880/2/0 INPUT 4 0 69 v:124
13/08/2020 8:59:14 PM,252 Event OK
13/08/2020 8:59:15 PM,QUIT
13/08/2020 8:59:15 PM,221 Session ended - goodbye
13/08/2020 8:59:25 PM,UNIT 9279
13/08/2020 8:59:25 PM,333 CHAL 1FDCB651
13/08/2020 8:59:26 PM,RESP 82152487
13/08/2020 8:59:26 PM,230 Auth OK
13/08/2020 8:59:26 PM,TIME
13/08/2020 8:59:26 PM,211 TIME 1597352366
13/08/2020 8:59:26 PM,EVCOUNT 1
13/08/2020 8:59:26 PM,252 Event OK
13/08/2020 8:59:27 PM,TODO
13/08/2020 8:59:27 PM,226 Nothing to do
13/08/2020 8:59:28 PM,EVENT 54115 1597352354 -310128296/1219228642/878/2/0 TRIP 54106 51 18 8 6 77 v:124
13/08/2020 8:59:28 PM,252 Event OK
13/08/2020 8:59:28 PM,QUIT
13/08/2020 8:59:28 PM,221 Session ended - goodbye
13/08/2020 9:02:52 PM,UNIT 9279
13/08/2020 9:02:52 PM,333 CHAL 4BCABC87
13/08/2020 9:02:53 PM,RESP 192A5B3F
13/08/2020 9:02:53 PM,230 Auth OK
13/08/2020 9:02:53 PM,TIME
13/08/2020 9:02:53 PM,211 TIME 1597352573
13/08/2020 9:02:54 PM,EVCOUNT 2
13/08/2020 9:02:54 PM,252 Event OK
13/08/2020 9:02:54 PM,TODO
13/08/2020 9:02:54 PM,226 Nothing to do
13/08/2020 9:02:55 PM,EVENT 54116 1597352568 -310128325/1219228758/816/2/0 INPUT 8 1 0 v:124
13/08/2020 9:02:55 PM,252 Event OK
13/08/2020 9:02:55 PM,EVENT 54117 1597352569 -310128324/1219228760/816/2/0 INPUT 7 0 219 v:124
13/08/2020 9:02:55 PM,252 Event OK
13/08/2020 9:02:56 PM,QUIT
13/08/2020 9:02:56 PM,221 Session ended - goodbye
13/08/2020 9:03:06 PM,UNIT 9279
13/08/2020 9:03:06 PM,333 CHAL 660F8566
13/08/2020 9:03:07 PM,RESP 35D47B85
13/08/2020 9:03:07 PM,230 Auth OK
13/08/2020 9:03:07 PM,TIME
13/08/2020 9:03:07 PM,211 TIME 1597352587
13/08/2020 9:03:08 PM,EVCOUNT 1
13/08/2020 9:03:08 PM,252 Event OK
13/08/2020 9:03:08 PM,TODO
13/08/2020 9:03:08 PM,226 Nothing to do
13/08/2020 9:03:09 PM,EVENT 54118 1597352575 -310128325/1219228761/814/2/0 SIGNON * 0 NOCARD 26 0 399999 v:124
13/08/2020 9:03:09 PM,252 Event OK
13/08/2020 9:03:10 PM,EVENT 54119 1597352587 -310128378/1219228738/807/2/0 SIGNON 2485 03f9ef12 OK 26 30876 0 v:124
13/08/2020 9:03:10 PM,252 Event OK
13/08/2020 9:03:10 PM,QUIT
13/08/2020 9:03:10 PM,221 Session ended - goodbye
13/08/2020 9:03:20 PM,UNIT 9279
13/08/2020 9:03:20 PM,333 CHAL 401E34CB
13/08/2020 9:03:21 PM,RESP 1B9F0022
13/08/2020 9:03:21 PM,230 Auth OK
13/08/2020 9:03:21 PM,TIME
13/08/2020 9:03:21 PM,211 TIME 1597352601
13/08/2020 9:03:22 PM,EVCOUNT 2
13/08/2020 9:03:22 PM,252 Event OK
13/08/2020 9:03:22 PM,TODO
13/08/2020 9:03:22 PM,125 TODO GETXML 2000 Operators 
225 Work list complete
13/08/2020 9:03:23 PM,GETXML
13/08/2020 9:03:23 PM,Binary data 4241 bytes
13/08/2020 9:03:40 PM,GOT Operators 4193 B22E2A56
13/08/2020 9:03:40 PM,250 Download OK
13/08/2020 9:03:40 PM,EVENT 54120 1597352594 -310128383/1219228731/815/2/0 INPUT 1 0 243 v:124
13/08/2020 9:03:40 PM,252 Event OK
13/08/2020 9:03:41 PM,EVENT 54121 1597352594 -310128384/1219228731/815/2/0 INPUT 4 1 0 v:124
13/08/2020 9:03:41 PM,252 Event OK
13/08/2020 9:03:41 PM,EVENT 54122 1597352600 -310128561/1219228800/808/3/0 INPUT 4 0 7 v:124
13/08/2020 9:03:41 PM,252 Event OK
13/08/2020 9:03:41 PM,EVENT 54123 1597352600 -310128593/1219228803/808/3/0 INPUT 4 1 0 v:124
13/08/2020 9:03:41 PM,252 Event OK
13/08/2020 9:03:41 PM,EVENT 54124 1597352612 -310128354/1219229221/787/3/7 INPUT 3 1 0 v:124
13/08/2020 9:03:41 PM,252 Event OK
13/08/2020 9:03:41 PM,QUIT
13/08/2020 9:03:41 PM,221 Session ended - goodbye
13/08/2020 9:03:51 PM,UNIT 9279
13/08/2020 9:03:51 PM,333 CHAL 3748D13
13/08/2020 9:03:51 PM,RESP F4156244
13/08/2020 9:03:51 PM,230 Auth OK
13/08/2020 9:03:52 PM,TIME
13/08/2020 9:03:52 PM,211 TIME 1597352632
13/08/2020 9:03:52 PM,EVCOUNT 3
13/08/2020 9:03:52 PM,252 Event OK
13/08/2020 9:03:53 PM,TODO
13/08/2020 9:03:53 PM,226 Nothing to do
13/08/2020 9:03:54 PM,EVENT 54125 1597352625 -310125677/1219231915/798/3/9 INPUT 3 0 13 v:124
13/08/2020 9:03:54 PM,252 Event OK
13/08/2020 9:03:54 PM,EVENT 54126 1597352626 -310125507/1219231792/798/3/8 INPUT 3 1 0 v:124
13/08/2020 9:03:54 PM,252 Event OK
13/08/2020 9:03:55 PM,EVENT 54127 1597352627 -310125384/1219231619/805/3/9 INPUT 3 0 1 v:124
13/08/2020 9:03:55 PM,252 Event OK
13/08/2020 9:03:56 PM,QUIT
13/08/2020 9:03:56 PM,221 Session ended - goodbye
13/08/2020 9:04:06 PM,UNIT 9279
13/08/2020 9:04:06 PM,333 CHAL 13EF4C3
13/08/2020 9:04:07 PM,RESP FC1A2FF8
13/08/2020 9:04:07 PM,230 Auth OK
13/08/2020 9:04:07 PM,TIME
13/08/2020 9:04:07 PM,211 TIME 1597352647
13/08/2020 9:04:08 PM,EVCOUNT 1
13/08/2020 9:04:08 PM,252 Event OK
13/08/2020 9:04:08 PM,TODO
13/08/2020 9:04:08 PM,226 Nothing to do
13/08/2020 9:04:09 PM,EVENT 54128 1597352640 -310125497/1219230138/887/9/0 REPORT 54119 0 247 v:124
13/08/2020 9:04:09 PM,252 Event OK
13/08/2020 9:04:10 PM,EVENT 54129 1597352646 -310125500/1219230200/958/9/0 INPUT 4 0 46 v:124
13/08/2020 9:04:10 PM,252 Event OK
13/08/2020 9:04:11 PM,EVENT 54130 1597352646 -310125500/1219230200/958/9/0 INPUT 4 1 0 v:124
13/08/2020 9:04:11 PM,252 Event OK
13/08/2020 9:04:11 PM,QUIT
13/08/2020 9:04:11 PM,221 Session ended - goodbye
13/08/2020 9:04:21 PM,UNIT 9279
13/08/2020 9:04:21 PM,333 CHAL 38F89F5F
13/08/2020 9:04:22 PM,RESP B1C1895F
13/08/2020 9:04:22 PM,230 Auth OK
13/08/2020 9:04:22 PM,TIME
13/08/2020 9:04:22 PM,211 TIME 1597352662
13/08/2020 9:04:23 PM,EVCOUNT 4
13/08/2020 9:04:23 PM,252 Event OK
13/08/2020 9:04:23 PM,TODO
13/08/2020 9:04:23 PM,226 Nothing to do
13/08/2020 9:04:24 PM,EVENT 54131 1597352657 -310125324/1219230950/943/9/3 INPUT 4 0 11 v:124
13/08/2020 9:04:24 PM,252 Event OK
13/08/2020 9:04:25 PM,EVENT 54132 1597352658 -310125323/1219230992/934/9/2 INPUT 4 1 0 v:124
13/08/2020 9:04:25 PM,252 Event OK
13/08/2020 9:04:26 PM,EVENT 54133 1597352660 -310125323/1219231211/902/6/3 INPUT 4 0 3 v:124
13/08/2020 9:04:26 PM,252 Event OK
13/08/2020 9:04:27 PM,EVENT 54134 1597352660 -310125323/1219231211/902/6/3 INPUT 4 1 0 v:124
13/08/2020 9:04:27 PM,252 Event OK
13/08/2020 9:04:27 PM,QUIT
13/08/2020 9:04:27 PM,221 Session ended - goodbye
13/08/2020 9:04:37 PM,UNIT 9279
13/08/2020 9:04:37 PM,333 CHAL 591A9C88
13/08/2020 9:04:38 PM,RESP 3064023D
13/08/2020 9:04:38 PM,230 Auth OK
13/08/2020 9:04:38 PM,TIME
13/08/2020 9:04:38 PM,211 TIME 1597352678
13/08/2020 9:04:39 PM,EVCOUNT 2
13/08/2020 9:04:39 PM,252 Event OK
13/08/2020 9:04:39 PM,TODO
13/08/2020 9:04:39 PM,226 Nothing to do
13/08/2020 9:04:40 PM,EVENT 54135 1597352673 -310125200/1219231512/869/6/8 INPUT 3 1 0 v:124
13/08/2020 9:04:40 PM,252 Event OK
13/08/2020 9:04:41 PM,EVENT 54136 1597352674 -310124999/1219231425/863/6/9 INPUT 3 0 1 v:124
13/08/2020 9:04:41 PM,252 Event OK
13/08/2020 9:04:41 PM,QUIT
13/08/2020 9:04:41 PM,221 Session ended - goodbye
13/08/2020 9:05:04 PM,UNIT 9279
13/08/2020 9:05:04 PM,333 CHAL 4B49C08
13/08/2020 9:05:05 PM,RESP 12FB319B
13/08/2020 9:05:05 PM,230 Auth OK
13/08/2020 9:05:05 PM,TIME
13/08/2020 9:05:05 PM,211 TIME 1597352705
13/08/2020 9:05:06 PM,EVCOUNT 2
13/08/2020 9:05:06 PM,252 Event OK
13/08/2020 9:05:07 PM,TODO
13/08/2020 9:05:07 PM,226 Nothing to do
13/08/2020 9:05:07 PM,EVENT 54137 1597352700 -310123610/1219231239/855/5/0 INPUT 4 0 40 v:124
13/08/2020 9:05:07 PM,252 Event OK
13/08/2020 9:05:08 PM,EVENT 54138 1597352700 -310123622/1219231207/855/5/0 INPUT 4 1 0 v:124
13/08/2020 9:05:08 PM,252 Event OK
13/08/2020 9:05:09 PM,QUIT
13/08/2020 9:05:09 PM,221 Session ended - goodbye
13/08/2020 9:05:27 PM,UNIT 9279
13/08/2020 9:05:27 PM,333 CHAL 4FD8C9FA
13/08/2020 9:05:28 PM,RESP A8E96F76
13/08/2020 9:05:28 PM,230 Auth OK
13/08/2020 9:05:28 PM,TIME
13/08/2020 9:05:28 PM,211 TIME 1597352728
13/08/2020 9:05:29 PM,EVCOUNT 4
13/08/2020 9:05:29 PM,252 Event OK
13/08/2020 9:05:30 PM,TODO
13/08/2020 9:05:30 PM,226 Nothing to do
13/08/2020 9:05:30 PM,EVENT 54139 1597352723 -310125180/1219232326/896/5/3 INPUT 4 0 23 v:124
13/08/2020 9:05:30 PM,252 Event OK
13/08/2020 9:05:31 PM,EVENT 54140 1597352723 -310125222/1219232314/897/5/3 INPUT 4 1 0 v:124
13/08/2020 9:05:31 PM,252 Event OK
13/08/2020 9:05:32 PM,EVENT 54141 1597352727 -310125508/1219232192/901/5/3 INPUT 4 0 4 v:124
13/08/2020 9:05:32 PM,252 Event OK
13/08/2020 9:05:33 PM,EVENT 54142 1597352727 -310125508/1219232192/901/5/3 INPUT 4 1 0 v:124
13/08/2020 9:05:33 PM,252 Event OK
13/08/2020 9:05:34 PM,QUIT
13/08/2020 9:05:34 PM,221 Session ended - goodbye
13/08/2020 9:05:44 PM,UNIT 9279
13/08/2020 9:05:44 PM,333 CHAL 787E266D
13/08/2020 9:05:45 PM,RESP B203312B
13/08/2020 9:05:45 PM,230 Auth OK
13/08/2020 9:05:45 PM,TIME
13/08/2020 9:05:45 PM,211 TIME 1597352745
13/08/2020 9:05:46 PM,EVCOUNT 2
13/08/2020 9:05:46 PM,252 Event OK
13/08/2020 9:05:46 PM,TODO
13/08/2020 9:05:46 PM,226 Nothing to do
13/08/2020 9:05:47 PM,EVENT 54143 1597352736 -310126213/1219231790/911/5/3 INPUT 4 0 9 v:124
13/08/2020 9:05:47 PM,252 Event OK
13/08/2020 9:05:48 PM,EVENT 54144 1597352736 -310126213/1219231790/911/5/3 INPUT 4 1 0 v:124
13/08/2020 9:05:48 PM,252 Event OK
13/08/2020 9:05:49 PM,QUIT
13/08/2020 9:05:49 PM,221 Session ended - goodbye
13/08/2020 9:05:59 PM,UNIT 9279
13/08/2020 9:05:59 PM,333 CHAL FB09158
13/08/2020 9:06:00 PM,RESP 23582260
13/08/2020 9:06:00 PM,230 Auth OK
13/08/2020 9:06:01 PM,TIME
13/08/2020 9:06:01 PM,211 TIME 1597352761
13/08/2020 9:06:02 PM,EVCOUNT 3
13/08/2020 9:06:02 PM,252 Event OK
13/08/2020 9:06:03 PM,TODO
13/08/2020 9:06:03 PM,226 Nothing to do
13/08/2020 9:06:04 PM,EVENT 54145 1597352755 -310128335/1219229840/879/4/8 INPUT 3 1 0 v:124
13/08/2020 9:06:04 PM,252 Event OK
13/08/2020 9:06:05 PM,EVENT 54146 1597352757 -310128684/1219229355/871/4/9 INPUT 3 0 3 v:124
13/08/2020 9:06:05 PM,252 Event OK
13/08/2020 9:06:07 PM,EVENT 54147 1597352758 -310128821/1219229144/862/4/8 INPUT 3 1 0 v:124
13/08/2020 9:06:07 PM,252 Event OK
13/08/2020 9:06:08 PM,QUIT
13/08/2020 9:06:08 PM,221 Session ended - goodbye
13/08/2020 9:06:25 PM,UNIT 9279
13/08/2020 9:06:25 PM,333 CHAL 5E77FB89
13/08/2020 9:06:26 PM,RESP 440CE4AA
13/08/2020 9:06:26 PM,230 Auth OK
13/08/2020 9:06:26 PM,TIME
13/08/2020 9:06:26 PM,211 TIME 1597352786
13/08/2020 9:06:27 PM,EVCOUNT 3
13/08/2020 9:06:27 PM,252 Event OK
13/08/2020 9:06:27 PM,TODO
13/08/2020 9:06:27 PM,226 Nothing to do
13/08/2020 9:06:28 PM,EVENT 54148 1597352781 -310128998/1219223327/768/4/9 INPUT 3 0 24 v:124
13/08/2020 9:06:28 PM,252 Event OK
13/08/2020 9:06:29 PM,EVENT 54149 1597352782 -310129099/1219223113/770/4/8 INPUT 3 1 0 v:124
13/08/2020 9:06:29 PM,252 Event OK
13/08/2020 9:06:29 PM,EVENT 54150 1597352784 -310129373/1219222745/774/3/9 INPUT 3 0 1 v:124
13/08/2020 9:06:29 PM,252 Event OK
13/08/2020 9:06:31 PM,QUIT
13/08/2020 9:06:31 PM,221 Session ended - goodbye
13/08/2020 9:07:20 PM,UNIT 9279
13/08/2020 9:07:20 PM,333 CHAL 1BD7C459
13/08/2020 9:07:21 PM,RESP 666432C9
13/08/2020 9:07:21 PM,230 Auth OK
13/08/2020 9:07:21 PM,TIME
13/08/2020 9:07:21 PM,211 TIME 1597352841
13/08/2020 9:07:22 PM,EVCOUNT 2
13/08/2020 9:07:22 PM,252 Event OK
13/08/2020 9:07:22 PM,TODO
13/08/2020 9:07:22 PM,226 Nothing to do
13/08/2020 9:07:23 PM,EVENT 54151 1597352836 -310130421/1219221806/866/1/0 INPUT 4 0 100 v:124
13/08/2020 9:07:23 PM,252 Event OK
13/08/2020 9:07:24 PM,EVENT 54152 1597352836 -310130421/1219221806/866/1/0 INPUT 4 1 0 v:124
13/08/2020 9:07:24 PM,252 Event OK
13/08/2020 9:07:24 PM,QUIT
13/08/2020 9:07:24 PM,221 Session ended - goodbye
13/08/2020 9:07:53 PM,UNIT 9279
13/08/2020 9:07:53 PM,333 CHAL 7BCD2924
13/08/2020 9:07:54 PM,RESP 4073D118
13/08/2020 9:07:54 PM,230 Auth OK
13/08/2020 9:07:54 PM,TIME
13/08/2020 9:07:54 PM,211 TIME 1597352874
13/08/2020 9:07:55 PM,EVCOUNT 2
13/08/2020 9:07:55 PM,252 Event OK
13/08/2020 9:07:55 PM,TODO
13/08/2020 9:07:55 PM,226 Nothing to do
13/08/2020 9:07:56 PM,EVENT 54153 1597352869 -310130426/1219221784/837/1/0 INPUT 4 0 33 v:124
13/08/2020 9:07:56 PM,252 Event OK
13/08/2020 9:07:57 PM,EVENT 54154 1597352869 -310130426/1219221784/837/1/0 INPUT 4 1 0 v:124
13/08/2020 9:07:57 PM,252 Event OK
13/08/2020 9:07:57 PM,QUIT
13/08/2020 9:07:57 PM,221 Session ended - goodbye
13/08/2020 9:10:17 PM,UNIT 9279
13/08/2020 9:10:17 PM,333 CHAL 5B6763FC
13/08/2020 9:10:18 PM,RESP 13501271
13/08/2020 9:10:18 PM,230 Auth OK
13/08/2020 9:10:18 PM,TIME
13/08/2020 9:10:18 PM,211 TIME 1597353018
13/08/2020 9:10:19 PM,EVCOUNT 2
13/08/2020 9:10:19 PM,252 Event OK
13/08/2020 9:10:19 PM,TODO
13/08/2020 9:10:19 PM,226 Nothing to do
13/08/2020 9:10:21 PM,EVENT 54155 1597353013 -310130435/1219221804/841/1/0 INPUT 4 0 144 v:124
13/08/2020 9:10:21 PM,252 Event OK
13/08/2020 9:10:21 PM,EVENT 54156 1597353013 -310130435/1219221804/841/1/0 INPUT 4 1 0 v:124
13/08/2020 9:10:21 PM,252 Event OK
13/08/2020 9:10:22 PM,QUIT
13/08/2020 9:10:22 PM,221 Session ended - goodbye
13/08/2020 9:11:02 PM,UNIT 9279
13/08/2020 9:11:02 PM,333 CHAL AA8FF76
13/08/2020 9:11:03 PM,RESP 7A2F9127
13/08/2020 9:11:03 PM,230 Auth OK
13/08/2020 9:11:03 PM,TIME
13/08/2020 9:11:03 PM,211 TIME 1597353063
13/08/2020 9:11:04 PM,EVCOUNT 2
13/08/2020 9:11:04 PM,252 Event OK
13/08/2020 9:11:04 PM,TODO
13/08/2020 9:11:04 PM,226 Nothing to do
13/08/2020 9:11:05 PM,EVENT 54157 1597353058 -310130389/1219221707/847/1/0 INPUT 4 0 45 v:124
13/08/2020 9:11:05 PM,252 Event OK
13/08/2020 9:11:06 PM,EVENT 54158 1597353058 -310130389/1219221707/847/1/0 INPUT 4 1 0 v:124
13/08/2020 9:11:06 PM,252 Event OK
13/08/2020 9:11:06 PM,QUIT
13/08/2020 9:11:06 PM,221 Session ended - goodbye
13/08/2020 9:12:20 PM,UNIT 9279
13/08/2020 9:12:20 PM,333 CHAL 2ED1822E
13/08/2020 9:12:21 PM,RESP ADD4451C
13/08/2020 9:12:21 PM,230 Auth OK
13/08/2020 9:12:21 PM,TIME
13/08/2020 9:12:21 PM,211 TIME 1597353141
13/08/2020 9:12:22 PM,EVCOUNT 2
13/08/2020 9:12:22 PM,252 Event OK
13/08/2020 9:12:22 PM,TODO
13/08/2020 9:12:22 PM,226 Nothing to do
13/08/2020 9:12:23 PM,EVENT 54159 1597353136 -310130537/1219221738/828/1/0 INPUT 4 0 78 v:124
13/08/2020 9:12:23 PM,252 Event OK
13/08/2020 9:12:24 PM,EVENT 54160 1597353136 -310130537/1219221738/828/1/0 INPUT 4 1 0 v:124
13/08/2020 9:12:24 PM,252 Event OK
13/08/2020 9:12:24 PM,QUIT
13/08/2020 9:12:24 PM,221 Session ended - goodbye
13/08/2020 9:14:35 PM,UNIT 9279
13/08/2020 9:14:35 PM,333 CHAL 21DE577
13/08/2020 9:14:36 PM,RESP 3B48C582
13/08/2020 9:14:36 PM,230 Auth OK
13/08/2020 9:14:36 PM,TIME
13/08/2020 9:14:36 PM,211 TIME 1597353276
13/08/2020 9:15:08 PM,UNIT 9279
13/08/2020 9:15:08 PM,333 CHAL 2485EC79
13/08/2020 9:15:09 PM,RESP 32F268A1
13/08/2020 9:15:09 PM,230 Auth OK
13/08/2020 9:15:09 PM,TIME
13/08/2020 9:15:09 PM,211 TIME 1597353309
13/08/2020 9:15:10 PM,EVCOUNT 1
13/08/2020 9:15:10 PM,252 Event OK
13/08/2020 9:15:10 PM,TODO
13/08/2020 9:15:10 PM,226 Nothing to do
13/08/2020 9:15:10 PM,EVENT 54161 1597353271 -310130607/1219221597/831/1/4 INPUT 3 1 0 v:124
13/08/2020 9:15:10 PM,252 Event OK
13/08/2020 9:15:10 PM,QUIT
13/08/2020 9:15:10 PM,221 Session ended - goodbye
13/08/2020 9:15:29 PM,EVCOUNT 1
13/08/2020 9:15:29 PM,252 Event OK
13/08/2020 9:15:31 PM,UNIT 9279
13/08/2020 9:15:31 PM,333 CHAL 18B228B7
13/08/2020 9:15:31 PM,RESP 95E6B6C1
13/08/2020 9:15:31 PM,230 Auth OK
13/08/2020 9:15:32 PM,TIME
13/08/2020 9:15:32 PM,211 TIME 1597353332
13/08/2020 9:15:32 PM,EVCOUNT 1
13/08/2020 9:15:32 PM,252 Event OK
13/08/2020 9:15:33 PM,TODO
13/08/2020 9:15:33 PM,226 Nothing to do
13/08/2020 9:15:33 PM,EVENT 54162 1597353328 -310142940/1219231389/823/3/11 INPUT 3 0 57 v:124
13/08/2020 9:15:33 PM,252 Event OK
13/08/2020 9:15:34 PM,QUIT
13/08/2020 9:15:34 PM,221 Session ended - goodbye
13/08/2020 9:15:44 PM,UNIT 9279
13/08/2020 9:15:44 PM,333 CHAL 17BE9895
13/08/2020 9:15:45 PM,RESP C62C00A1
13/08/2020 9:15:45 PM,230 Auth OK
13/08/2020 9:15:45 PM,TIME
13/08/2020 9:15:45 PM,211 TIME 1597353345
13/08/2020 9:15:46 PM,EVCOUNT 7
13/08/2020 9:15:46 PM,252 Event OK
13/08/2020 9:15:46 PM,TODO
13/08/2020 9:15:46 PM,226 Nothing to do
13/08/2020 9:15:47 PM,EVENT 54163 1597353334 -310143457/1219231486/832/3/0 INPUT 4 0 198 v:124
13/08/2020 9:15:47 PM,252 Event OK
13/08/2020 9:15:48 PM,EVENT 54164 1597353334 -310143457/1219231486/832/3/0 INPUT 4 1 0 v:124
13/08/2020 9:15:48 PM,252 Event OK
13/08/2020 9:15:48 PM,EVENT 54165 1597353334 -310143456/1219231485/832/3/0 INPUT 7 1 0 v:124
13/08/2020 9:15:48 PM,252 Event OK
13/08/2020 9:15:49 PM,EVENT 54166 1597353334 -310143456/1219231485/832/3/0 INPUT 8 0 766 v:124
13/08/2020 9:15:49 PM,252 Event OK
13/08/2020 9:15:49 PM,EVENT 54167 1597353335 -310143454/1219231482/832/3/0 INPUT 1 1 0 v:124
13/08/2020 9:15:49 PM,252 Event OK
13/08/2020 9:15:50 PM,EVENT 54168 1597353336 -310143452/1219231481/830/3/0 INPUT 4 0 2 v:124
13/08/2020 9:15:50 PM,252 Event OK
13/08/2020 9:15:51 PM,EVENT 54169 1597353339 -310143443/1219231473/824/3/0 TRIP 54119 100 643 10 7 753 v:124
13/08/2020 9:15:51 PM,252 Event OK
13/08/2020 9:15:51 PM,QUIT
13/08/2020 9:15:51 PM,221 Session ended - goodbye
13/08/2020 11:00:58 PM,UNIT 9279
13/08/2020 11:00:58 PM,333 CHAL 5427BC22
13/08/2020 11:00:58 PM,RESP 9770A944
13/08/2020 11:00:58 PM,230 Auth OK
13/08/2020 11:00:58 PM,TIME
13/08/2020 11:00:58 PM,211 TIME 1597359658
13/08/2020 11:00:58 PM,EVCOUNT 9
13/08/2020 11:00:58 PM,252 Event OK
13/08/2020 11:00:58 PM,TODO
13/08/2020 11:00:58 PM,226 Nothing to do
13/08/2020 11:00:59 PM,EVENT 54170 1597359634 0/0/0/0/0 SWSTART OpusFC 5.0.58.518 R v:123
13/08/2020 11:00:59 PM,252 Event OK
13/08/2020 11:00:59 PM,EVENT 54171 1597353339 0/0/0/0/0 POWERDOWN v:124
13/08/2020 11:00:59 PM,252 Event OK
13/08/2020 11:01:00 PM,EVENT 54172 1597359634 0/0/0/0/0 INPUT 1 1 0 v:123
13/08/2020 11:01:00 PM,252 Event OK
13/08/2020 11:01:00 PM,EVENT 54173 1597359634 0/0/0/0/0 INPUT 2 0 0 v:123
13/08/2020 11:01:00 PM,252 Event OK
13/08/2020 11:01:00 PM,EVENT 54174 1597359634 0/0/0/0/0 INPUT 3 0 0 v:123
13/08/2020 11:01:00 PM,252 Event OK
13/08/2020 11:01:00 PM,EVENT 54175 1597359634 0/0/0/0/0 INPUT 4 0 0 v:123
13/08/2020 11:01:00 PM,252 Event OK
13/08/2020 11:01:00 PM,EVENT 54176 1597359634 0/0/0/0/0 INPUT 7 0 0 v:123
13/08/2020 11:01:00 PM,252 Event OK
13/08/2020 11:01:01 PM,EVENT 54177 1597359634 0/0/0/0/0 INPUT 8 1 0 v:123
13/08/2020 11:01:01 PM,252 Event OK
13/08/2020 11:01:01 PM,EVENT 54178 1597359636 0/0/0/0/0 ZONE_OK 2 100 FW=NO VERSION v:123
13/08/2020 11:01:01 PM,252 Event OK
13/08/2020 11:01:01 PM,QUIT
13/08/2020 11:01:01 PM,221 Session ended - goodbye
13/08/2020 11:01:43 PM,UNIT 9279
13/08/2020 11:01:43 PM,333 CHAL 7A7C560D
13/08/2020 11:01:43 PM,RESP 966284F5
13/08/2020 11:01:43 PM,230 Auth OK
13/08/2020 11:01:44 PM,TIME
13/08/2020 11:01:44 PM,211 TIME 1597359704
13/08/2020 11:01:44 PM,EVCOUNT 1
13/08/2020 11:01:44 PM,252 Event OK
13/08/2020 11:01:45 PM,TODO
13/08/2020 11:01:45 PM,226 Nothing to do
13/08/2020 11:01:46 PM,EVENT 54179 1597359699 -310143557/1219231744/850/5/0 SIGNON 2532 03f7deff OK_CL 26 41080 0 v:123
13/08/2020 11:01:46 PM,252 Event OK
13/08/2020 11:01:46 PM,QUIT
13/08/2020 11:01:46 PM,221 Session ended - goodbye
13/08/2020 11:01:56 PM,UNIT 9279
13/08/2020 11:01:56 PM,333 CHAL 3DC92D38
13/08/2020 11:01:57 PM,RESP 210A06A1
13/08/2020 11:01:57 PM,230 Auth OK
13/08/2020 11:01:57 PM,TIME
13/08/2020 11:01:57 PM,211 TIME 1597359717
13/08/2020 11:01:58 PM,EVCOUNT 3
13/08/2020 11:01:58 PM,252 Event OK
13/08/2020 11:01:58 PM,TODO
13/08/2020 11:01:58 PM,226 Nothing to do
13/08/2020 11:01:59 PM,EVENT 54180 1597359706 -310143551/1219231710/783/5/0 CHECKLIST 54179 OK 0 7 432 F v:123
13/08/2020 11:01:59 PM,252 Event OK
13/08/2020 11:02:00 PM,EVENT 54181 1597359714 -310143550/1219231682/757/5/0 INPUT 4 1 0 v:124
13/08/2020 11:02:00 PM,252 Event OK
13/08/2020 11:02:00 PM,EVENT 54182 1597359715 -310143550/1219231680/756/5/0 INPUT 1 0 80 v:123
13/08/2020 11:02:00 PM,252 Event OK
13/08/2020 11:02:01 PM,QUIT
13/08/2020 11:02:01 PM,221 Session ended - goodbye
13/08/2020 11:02:13 PM,UNIT 9279
13/08/2020 11:02:13 PM,333 CHAL DA8D2E1
13/08/2020 11:02:13 PM,RESP B4EE09D3
13/08/2020 11:02:13 PM,230 Auth OK
13/08/2020 11:02:14 PM,TIME
13/08/2020 11:02:14 PM,211 TIME 1597359734
13/08/2020 11:02:14 PM,EVCOUNT 2
13/08/2020 11:02:14 PM,252 Event OK
13/08/2020 11:02:15 PM,TODO
13/08/2020 11:02:15 PM,226 Nothing to do
13/08/2020 11:02:16 PM,EVENT 54183 1597359729 -310143187/1219231513/763/5/1 INPUT 4 0 15 v:123
13/08/2020 11:02:16 PM,252 Event OK
13/08/2020 11:02:16 PM,EVENT 54184 1597359729 -310143187/1219231513/763/5/2 INPUT 4 1 0 v:123
13/08/2020 11:02:16 PM,252 Event OK
13/08/2020 11:02:17 PM,QUIT
13/08/2020 11:02:17 PM,221 Session ended - goodbye
13/08/2020 11:02:31 PM,UNIT 9279
13/08/2020 11:02:31 PM,333 CHAL 2641F14E
13/08/2020 11:02:32 PM,RESP 422CB06C
13/08/2020 11:02:32 PM,230 Auth OK
13/08/2020 11:02:33 PM,TIME
13/08/2020 11:02:33 PM,211 TIME 1597359753
13/08/2020 11:02:33 PM,EVCOUNT 1
13/08/2020 11:02:33 PM,252 Event OK
13/08/2020 11:02:34 PM,TODO
13/08/2020 11:02:34 PM,226 Nothing to do
13/08/2020 11:02:36 PM,EVENT 54185 1597359737 -310143215/1219231588/754/5/6 INPUT 3 1 0 v:123
13/08/2020 11:02:36 PM,252 Event OK
13/08/2020 11:02:36 PM,QUIT
13/08/2020 11:02:36 PM,221 Session ended - goodbye
13/08/2020 11:03:25 PM,UNIT 9279
13/08/2020 11:03:25 PM,333 CHAL 7FB27908
13/08/2020 11:03:26 PM,RESP 027854A1
13/08/2020 11:03:26 PM,230 Auth OK
13/08/2020 11:03:27 PM,TIME
13/08/2020 11:03:27 PM,211 TIME 1597359807
13/08/2020 11:03:28 PM,EVCOUNT 3
13/08/2020 11:03:28 PM,252 Event OK
13/08/2020 11:03:29 PM,TODO
13/08/2020 11:03:29 PM,226 Nothing to do
13/08/2020 11:03:30 PM,EVENT 54186 1597359802 -310123670/1219237570/787/8/11 INPUT 3 0 65 v:124
13/08/2020 11:03:30 PM,252 Event OK
13/08/2020 11:03:31 PM,EVENT 54187 1597359805 -310123279/1219237336/772/8/3 INPUT 4 0 76 v:124
13/08/2020 11:03:31 PM,252 Event OK
13/08/2020 11:03:32 PM,EVENT 54188 1597359805 -310123279/1219237336/772/8/3 INPUT 4 1 0 v:123
13/08/2020 11:03:32 PM,252 Event OK
13/08/2020 11:03:33 PM,QUIT
13/08/2020 11:03:33 PM,221 Session ended - goodbye
13/08/2020 11:03:43 PM,UNIT 9279
13/08/2020 11:03:43 PM,333 CHAL 184B9776
13/08/2020 11:03:44 PM,RESP 2B24FBF9
13/08/2020 11:03:44 PM,230 Auth OK
13/08/2020 11:03:45 PM,TIME
13/08/2020 11:03:45 PM,211 TIME 1597359824
13/08/2020 11:03:45 PM,EVCOUNT 2
13/08/2020 11:03:45 PM,252 Event OK
13/08/2020 11:03:46 PM,TODO
13/08/2020 11:03:46 PM,226 Nothing to do
13/08/2020 11:03:48 PM,EVENT 54189 1597359817 -310122661/1219236953/760/9/0 INPUT 4 0 12 v:123
13/08/2020 11:03:48 PM,252 Event OK
13/08/2020 11:03:49 PM,EVENT 54190 1597359817 -310122661/1219236953/760/9/0 INPUT 4 1 0 v:123
13/08/2020 11:03:49 PM,252 Event OK
13/08/2020 11:03:50 PM,QUIT
13/08/2020 11:03:50 PM,221 Session ended - goodbye
13/08/2020 11:05:33 PM,UNIT 9279
13/08/2020 11:05:33 PM,333 CHAL 4A544101
13/08/2020 11:05:34 PM,RESP 43D7BA90
13/08/2020 11:05:34 PM,230 Auth OK
13/08/2020 11:05:34 PM,TIME
13/08/2020 11:05:34 PM,211 TIME 1597359934
13/08/2020 11:05:35 PM,EVCOUNT 2
13/08/2020 11:05:35 PM,252 Event OK
13/08/2020 11:05:35 PM,TODO
13/08/2020 11:05:35 PM,226 Nothing to do
13/08/2020 11:05:36 PM,EVENT 54191 1597359929 -310122631/1219236891/710/8/0 INPUT 4 0 112 v:124
13/08/2020 11:05:36 PM,252 Event OK
13/08/2020 11:05:37 PM,EVENT 54192 1597359929 -310122631/1219236891/710/8/0 INPUT 4 1 0 v:124
13/08/2020 11:05:37 PM,252 Event OK
13/08/2020 11:05:37 PM,QUIT
13/08/2020 11:05:37 PM,221 Session ended - goodbye
13/08/2020 11:05:48 PM,UNIT 9279
13/08/2020 11:05:48 PM,333 CHAL 3AB895AB
13/08/2020 11:05:49 PM,RESP 7AADBFE9
13/08/2020 11:05:49 PM,230 Auth OK
13/08/2020 11:05:49 PM,TIME
13/08/2020 11:05:49 PM,211 TIME 1597359949
13/08/2020 11:05:50 PM,EVCOUNT 2
13/08/2020 11:05:50 PM,252 Event OK
13/08/2020 11:05:50 PM,TODO
13/08/2020 11:05:50 PM,226 Nothing to do
13/08/2020 11:05:51 PM,EVENT 54193 1597359936 -310122072/1219236533/723/8/1 INPUT 4 0 7 v:123
13/08/2020 11:05:51 PM,252 Event OK
13/08/2020 11:05:52 PM,EVENT 54194 1597359936 -310122072/1219236533/723/8/1 INPUT 4 1 0 v:123
13/08/2020 11:05:52 PM,252 Event OK
13/08/2020 11:05:52 PM,QUIT
13/08/2020 11:05:52 PM,221 Session ended - goodbye
13/08/2020 11:07:43 PM,UNIT 9279
13/08/2020 11:07:43 PM,333 CHAL 48545D07
13/08/2020 11:07:44 PM,RESP DAE12782
13/08/2020 11:07:44 PM,230 Auth OK
13/08/2020 11:07:44 PM,TIME
13/08/2020 11:07:44 PM,211 TIME 1597360064
13/08/2020 11:07:45 PM,EVCOUNT 5
13/08/2020 11:07:45 PM,252 Event OK
13/08/2020 11:07:46 PM,TODO
13/08/2020 11:07:46 PM,226 Nothing to do
13/08/2020 11:07:47 PM,EVENT 54195 1597360058 -310121473/1219236158/734/5/0 INPUT 7 1 0 v:124
13/08/2020 11:07:47 PM,252 Event OK
13/08/2020 11:07:48 PM,EVENT 54196 1597360058 -310121473/1219236158/734/5/0 INPUT 8 0 424 v:124
13/08/2020 11:07:48 PM,252 Event OK
13/08/2020 11:07:49 PM,EVENT 54197 1597360059 -310121472/1219236157/735/5/0 INPUT 1 1 0 v:123
13/08/2020 11:07:49 PM,252 Event OK
13/08/2020 11:07:50 PM,EVENT 54198 1597360060 -310121471/1219236158/734/5/0 INPUT 4 0 124 v:123
13/08/2020 11:07:50 PM,252 Event OK
13/08/2020 11:07:51 PM,EVENT 54199 1597360063 -310121469/1219236165/735/3/0 TRIP 54179 65 281 14 11 360 v:123
13/08/2020 11:07:51 PM,252 Event OK
13/08/2020 11:07:52 PM,EVENT 54200 1597360067 -310121465/1219236178/736/3/0 REPORT * 0 73 v:123
13/08/2020 11:07:52 PM,252 Event OK
13/08/2020 11:07:53 PM,QUIT
13/08/2020 11:07:53 PM,221 Session ended - goodbye
13/08/2020 11:12:03 PM,UNIT 9279
13/08/2020 11:12:03 PM,333 CHAL 45992DF2
13/08/2020 11:12:04 PM,RESP 44ED6605
13/08/2020 11:12:04 PM,230 Auth OK
13/08/2020 11:12:04 PM,TIME
13/08/2020 11:12:04 PM,211 TIME 1597360324
13/08/2020 11:12:05 PM,EVCOUNT 2
13/08/2020 11:12:05 PM,252 Event OK
13/08/2020 11:12:05 PM,TODO
13/08/2020 11:12:05 PM,226 Nothing to do
13/08/2020 11:12:06 PM,EVENT 54201 1597360319 -310121457/1219236125/766/4/0 INPUT 8 1 0 v:123
13/08/2020 11:12:06 PM,252 Event OK
13/08/2020 11:12:07 PM,EVENT 54202 1597360319 -310121457/1219236125/766/4/0 INPUT 7 0 260 v:123
13/08/2020 11:12:07 PM,252 Event OK
13/08/2020 11:12:08 PM,QUIT
13/08/2020 11:12:08 PM,221 Session ended - goodbye
13/08/2020 11:12:18 PM,UNIT 9279
13/08/2020 11:12:18 PM,333 CHAL 6A9DDED7
13/08/2020 11:12:19 PM,RESP 4A42F7ED
13/08/2020 11:12:19 PM,230 Auth OK
13/08/2020 11:12:19 PM,TIME
13/08/2020 11:12:19 PM,211 TIME 1597360339
13/08/2020 11:12:20 PM,EVCOUNT 3
13/08/2020 11:12:20 PM,252 Event OK
13/08/2020 11:12:21 PM,TODO
13/08/2020 11:12:21 PM,226 Nothing to do
13/08/2020 11:12:21 PM,EVENT 54203 1597360330 -310121463/1219236141/744/4/0 SIGNON 2532 03f7deff OK 26 41080 0 v:123
13/08/2020 11:12:21 PM,252 Event OK
13/08/2020 11:12:22 PM,EVENT 54204 1597360337 -310121483/1219236145/744/4/0 INPUT 1 0 278 v:123
13/08/2020 11:12:22 PM,252 Event OK
13/08/2020 11:12:23 PM,EVENT 54205 1597360338 -310121484/1219236145/745/4/0 INPUT 4 1 0 v:124
13/08/2020 11:12:23 PM,252 Event OK
13/08/2020 11:12:23 PM,QUIT
13/08/2020 11:12:23 PM,221 Session ended - goodbye
13/08/2020 11:12:34 PM,UNIT 9279
13/08/2020 11:12:34 PM,333 CHAL 43D6B903
13/08/2020 11:12:35 PM,RESP D4F0A580
13/08/2020 11:12:35 PM,230 Auth OK
13/08/2020 11:12:35 PM,TIME
13/08/2020 11:12:35 PM,211 TIME 1597360355
13/08/2020 11:12:36 PM,EVCOUNT 1
13/08/2020 11:12:36 PM,252 Event OK
13/08/2020 11:12:36 PM,TODO
13/08/2020 11:12:36 PM,226 Nothing to do
13/08/2020 11:12:37 PM,EVENT 54206 1597360345 -310121108/1219235905/747/3/7 INPUT 3 1 0 v:123
13/08/2020 11:12:37 PM,252 Event OK
13/08/2020 11:12:38 PM,QUIT
13/08/2020 11:12:38 PM,221 Session ended - goodbye
14/08/2020 8:49:55 AM,UNIT 9279
14/08/2020 8:49:55 AM,333 CHAL 51F64FF8
14/08/2020 8:49:56 AM,RESP 88DA12A1
14/08/2020 8:49:56 AM,230 Auth OK
14/08/2020 8:49:56 AM,TIME
14/08/2020 8:49:56 AM,211 TIME 1597394996
14/08/2020 8:49:57 AM,EVCOUNT 125
14/08/2020 8:49:57 AM,252 Event OK
14/08/2020 8:49:57 AM,TODO
14/08/2020 8:49:57 AM,226 Nothing to do
14/08/2020 8:49:58 AM,EVENT 54207 1597360367 -310121460/1219229765/811/3/10 INPUT 3 0 23 v:123
14/08/2020 8:49:58 AM,252 Event OK
14/08/2020 8:49:59 AM,EVENT 54208 1597360371 -310121563/1219229594/791/0/1 INPUT 7 1 0 v:123
14/08/2020 8:49:59 AM,252 Event OK
14/08/2020 8:50:00 AM,EVENT 54209 1597360371 -310121563/1219229594/791/0/1 INPUT 8 0 53 v:123
14/08/2020 8:50:00 AM,252 Event OK
14/08/2020 8:50:01 AM,EVENT 54210 1597360372 -310121566/1219229590/782/0/0 INPUT 1 1 0 v:123
14/08/2020 8:50:01 AM,252 Event OK
14/08/2020 8:50:01 AM,EVENT 54211 1597360374 -310121569/1219229589/789/0/0 INPUT 4 0 37 v:123
14/08/2020 8:50:01 AM,252 Event OK
14/08/2020 8:50:02 AM,EVENT 54212 1597360376 -310121570/1219229589/800/0/0 TRIP 54203 23 14 10 8 47 v:123
14/08/2020 8:50:02 AM,252 Event OK
14/08/2020 8:50:03 AM,EVENT 54213 1597360458 -310121564/1219229511/715/0/0 INPUT 8 1 0 v:123
14/08/2020 8:50:03 AM,252 Event OK
14/08/2020 8:50:04 AM,EVENT 54214 1597360458 -310121564/1219229511/715/0/0 INPUT 7 0 86 v:123
14/08/2020 8:50:04 AM,252 Event OK
14/08/2020 8:50:05 AM,EVENT 54215 1597360468 -310121548/1219229557/696/0/0 SIGNON 2532 03f7deff OK 26 41080 0 v:123
14/08/2020 8:50:05 AM,252 Event OK
14/08/2020 8:50:06 AM,EVENT 54216 1597360474 -310121547/1219229582/712/0/0 INPUT 1 0 102 v:124
14/08/2020 8:50:06 AM,252 Event OK
14/08/2020 8:50:06 AM,EVENT 54217 1597360474 -310121547/1219229582/712/0/0 INPUT 4 1 0 v:124
14/08/2020 8:50:06 AM,252 Event OK
14/08/2020 8:50:07 AM,EVENT 54218 1597360484 -310121716/1219229303/718/0/3 INPUT 4 0 10 v:123
14/08/2020 8:50:07 AM,252 Event OK
14/08/2020 8:50:09 AM,EVENT 54219 1597360484 -310121716/1219229303/718/0/3 INPUT 4 1 0 v:123
14/08/2020 8:50:09 AM,252 Event OK
14/08/2020 8:50:10 AM,EVENT 54220 1597360544 -310122066/1219228106/756/0/8 INPUT 3 1 0 v:123
14/08/2020 8:50:10 AM,252 Event OK
14/08/2020 8:50:11 AM,EVENT 54221 1597361127 0/0/0/0/12 INPUT 3 0 583 v:124
14/08/2020 8:50:11 AM,252 Event OK
14/08/2020 8:50:12 AM,EVENT 54222 1597361136 0/0/0/0/8 INPUT 3 1 0 v:124
14/08/2020 8:50:12 AM,252 Event OK
14/08/2020 8:50:13 AM,EVENT 54223 1597361273 0/0/0/0/11 INPUT 3 0 138 v:124
14/08/2020 8:50:13 AM,252 Event OK
14/08/2020 8:50:14 AM,EVENT 54224 1597361286 0/0/0/0/0 INPUT 4 0 802 v:124
14/08/2020 8:50:14 AM,252 Event OK
14/08/2020 8:50:15 AM,EVENT 54225 1597361287 0/0/0/0/0 INPUT 4 1 0 v:124
14/08/2020 8:50:15 AM,252 Event OK
14/08/2020 8:50:16 AM,EVENT 54226 1597361294 0/0/0/0/0 INPUT 4 0 8 v:124
14/08/2020 8:50:16 AM,252 Event OK
14/08/2020 8:50:17 AM,EVENT 54227 1597361294 0/0/0/0/0 INPUT 4 1 0 v:124
14/08/2020 8:50:17 AM,252 Event OK
14/08/2020 8:50:18 AM,EVENT 54228 1597361294 0/0/0/0/0 INPUT 7 1 0 v:124
14/08/2020 8:50:18 AM,252 Event OK
14/08/2020 8:50:19 AM,EVENT 54229 1597361294 0/0/0/0/0 INPUT 8 0 837 v:123
14/08/2020 8:50:19 AM,252 Event OK
14/08/2020 8:50:20 AM,EVENT 54230 1597361295 0/0/0/0/0 INPUT 1 1 0 v:123
14/08/2020 8:50:20 AM,252 Event OK
14/08/2020 8:50:22 AM,EVENT 54231 1597361296 0/0/0/0/0 INPUT 4 0 2 v:123
14/08/2020 8:50:22 AM,252 Event OK
14/08/2020 8:50:23 AM,EVENT 54232 1597361299 0/0/0/0/0 TRIP 54215 721 102 9 6 832 v:123
14/08/2020 8:50:23 AM,252 Event OK
14/08/2020 8:50:24 AM,EVENT 54233 1597361421 0/0/0/0/0 INPUT 8 1 0 v:124
14/08/2020 8:50:24 AM,252 Event OK
14/08/2020 8:50:25 AM,EVENT 54234 1597361422 0/0/0/0/0 INPUT 7 0 127 v:124
14/08/2020 8:50:25 AM,252 Event OK
14/08/2020 8:50:26 AM,EVENT 54235 1597361431 0/0/0/0/0 SIGNON 2532 03f7deff OK 26 41080 0 v:124
14/08/2020 8:50:26 AM,252 Event OK
14/08/2020 8:50:27 AM,EVENT 54236 1597361438 0/0/0/0/0 INPUT 4 1 0 v:124
14/08/2020 8:50:27 AM,252 Event OK
14/08/2020 8:50:28 AM,EVENT 54237 1597361438 0/0/0/0/0 INPUT 1 0 142 v:124
14/08/2020 8:50:28 AM,252 Event OK
14/08/2020 8:50:28 AM,EVENT 54238 1597361440 0/0/0/0/0 INPUT 4 0 3 v:123
14/08/2020 8:50:28 AM,252 Event OK
14/08/2020 8:50:29 AM,EVENT 54239 1597361440 0/0/0/0/0 INPUT 4 1 0 v:123
14/08/2020 8:50:29 AM,252 Event OK
14/08/2020 8:50:30 AM,EVENT 54240 1597361465 0/0/0/0/0 INPUT 4 0 25 v:123
14/08/2020 8:50:30 AM,252 Event OK
14/08/2020 8:50:31 AM,EVENT 54241 1597361465 0/0/0/0/0 INPUT 4 1 0 v:123
14/08/2020 8:50:31 AM,252 Event OK
14/08/2020 8:50:31 AM,EVENT 54242 1597361485 0/0/0/0/1 INPUT 4 0 20 v:123
14/08/2020 8:50:31 AM,252 Event OK
14/08/2020 8:50:32 AM,EVENT 54243 1597361485 0/0/0/0/1 INPUT 4 1 0 v:123
14/08/2020 8:50:32 AM,252 Event OK
14/08/2020 8:50:33 AM,EVENT 54244 1597361513 0/0/0/0/0 INPUT 7 1 0 v:123
14/08/2020 8:50:33 AM,252 Event OK
14/08/2020 8:50:34 AM,EVENT 54245 1597361513 0/0/0/0/0 INPUT 8 0 91 v:123
14/08/2020 8:50:34 AM,252 Event OK
14/08/2020 8:50:34 AM,EVENT 54246 1597361513 0/0/0/0/0 INPUT 4 0 28 v:123
14/08/2020 8:50:34 AM,252 Event OK
14/08/2020 8:50:35 AM,EVENT 54247 1597361513 0/0/0/0/0 INPUT 4 1 0 v:123
14/08/2020 8:50:35 AM,252 Event OK
14/08/2020 8:50:36 AM,EVENT 54248 1597361514 0/0/0/0/0 INPUT 1 1 0 v:123
14/08/2020 8:50:36 AM,252 Event OK
14/08/2020 8:50:37 AM,EVENT 54249 1597361517 0/0/0/0/0 TRIP 54235 0 80 6 6 86 v:123
14/08/2020 8:50:37 AM,252 Event OK
14/08/2020 8:50:37 AM,EVENT 54250 1597361518 0/0/0/0/0 INPUT 4 0 4 v:123
14/08/2020 8:50:37 AM,252 Event OK
14/08/2020 8:50:38 AM,EVENT 54251 1597362243 0/0/0/0/0 INPUT 8 1 0 v:123
14/08/2020 8:50:38 AM,252 Event OK
14/08/2020 8:50:39 AM,EVENT 54252 1597362244 0/0/0/0/0 INPUT 7 0 731 v:124
14/08/2020 8:50:39 AM,252 Event OK
14/08/2020 8:50:40 AM,EVENT 54253 1597362254 0/0/0/0/0 SIGNON 2478 01d3f130 OK 26 160767 0 v:124
14/08/2020 8:50:40 AM,252 Event OK
14/08/2020 8:50:41 AM,EVENT 54254 1597362263 0/0/0/0/0 REPORT 54253 0 0 v:124
14/08/2020 8:50:41 AM,252 Event OK
14/08/2020 8:50:41 AM,EVENT 54255 1597362264 0/0/0/0/0 INPUT 1 0 750 v:124
14/08/2020 8:50:41 AM,252 Event OK
14/08/2020 8:50:42 AM,EVENT 54256 1597362265 0/0/0/0/0 INPUT 4 1 0 v:124
14/08/2020 8:50:42 AM,252 Event OK
14/08/2020 8:50:43 AM,EVENT 54257 1597362273 0/0/0/0/0 INPUT 4 0 9 v:123
14/08/2020 8:50:43 AM,252 Event OK
14/08/2020 8:50:44 AM,EVENT 54258 1597362273 0/0/0/0/0 INPUT 4 1 0 v:123
14/08/2020 8:50:44 AM,252 Event OK
14/08/2020 8:50:44 AM,EVENT 54259 1597362291 0/0/0/0/6 INPUT 3 1 0 v:124
14/08/2020 8:50:44 AM,252 Event OK
14/08/2020 8:50:45 AM,EVENT 54260 1597362327 0/0/0/0/14 INPUT 3 0 36 v:124
14/08/2020 8:50:45 AM,252 Event OK
14/08/2020 8:50:46 AM,EVENT 54261 1597362348 0/0/0/0/6 INPUT 3 1 0 v:124
14/08/2020 8:50:46 AM,252 Event OK
14/08/2020 8:50:46 AM,EVENT 54262 1597362349 0/0/0/0/9 INPUT 3 0 1 v:124
14/08/2020 8:50:46 AM,252 Event OK
14/08/2020 8:50:47 AM,EVENT 54263 1597362351 0/0/0/0/7 INPUT 3 1 0 v:124
14/08/2020 8:50:47 AM,252 Event OK
14/08/2020 8:50:48 AM,EVENT 54264 1597362367 0/0/0/0/12 INPUT 3 0 17 v:124
14/08/2020 8:50:48 AM,252 Event OK
14/08/2020 8:50:48 AM,EVENT 54265 1597362374 0/0/0/0/0 INPUT 4 0 101 v:124
14/08/2020 8:50:48 AM,252 Event OK
14/08/2020 8:50:49 AM,EVENT 54266 1597362374 0/0/0/0/0 INPUT 4 1 0 v:124
14/08/2020 8:50:49 AM,252 Event OK
14/08/2020 8:50:50 AM,EVENT 54267 1597362401 0/0/0/0/7 INPUT 3 1 0 v:124
14/08/2020 8:50:50 AM,252 Event OK
14/08/2020 8:50:51 AM,EVENT 54268 1597362412 0/0/0/0/9 INPUT 3 0 11 v:124
14/08/2020 8:50:51 AM,252 Event OK
14/08/2020 8:50:51 AM,EVENT 54269 1597362422 0/0/0/0/5 INPUT 4 0 48 v:124
14/08/2020 8:50:51 AM,252 Event OK
14/08/2020 8:50:52 AM,EVENT 54270 1597362422 0/0/0/0/4 INPUT 4 1 0 v:124
14/08/2020 8:50:52 AM,252 Event OK
14/08/2020 8:50:53 AM,EVENT 54271 1597362435 0/0/0/0/7 INPUT 3 1 0 v:124
14/08/2020 8:50:53 AM,252 Event OK
14/08/2020 8:50:53 AM,EVENT 54272 1597362632 0/0/0/0/12 INPUT 3 0 197 v:124
14/08/2020 8:50:53 AM,252 Event OK
14/08/2020 8:50:54 AM,EVENT 54273 1597362633 0/0/0/0/9 INPUT 3 1 0 v:124
14/08/2020 8:50:54 AM,252 Event OK
14/08/2020 8:50:55 AM,EVENT 54274 1597362647 0/0/0/0/14 INPUT 3 0 14 v:124
14/08/2020 8:50:55 AM,252 Event OK
14/08/2020 8:50:55 AM,EVENT 54275 1597362650 0/0/0/0/1 INPUT 4 0 228 v:124
14/08/2020 8:50:55 AM,252 Event OK
14/08/2020 8:50:56 AM,EVENT 54276 1597362651 0/0/0/0/0 INPUT 4 1 0 v:124
14/08/2020 8:50:56 AM,252 Event OK
14/08/2020 8:50:57 AM,EVENT 54277 1597362682 0/0/0/0/3 INPUT 4 0 32 v:124
14/08/2020 8:50:57 AM,252 Event OK
14/08/2020 8:50:58 AM,EVENT 54278 1597362683 0/0/0/0/3 INPUT 4 1 0 v:124
14/08/2020 8:50:58 AM,252 Event OK
14/08/2020 8:50:58 AM,EVENT 54279 1597362698 0/0/0/0/3 INPUT 4 0 16 v:124
14/08/2020 8:50:58 AM,252 Event OK
14/08/2020 8:50:59 AM,EVENT 54280 1597362698 0/0/0/0/3 INPUT 4 1 0 v:124
14/08/2020 8:50:59 AM,252 Event OK
14/08/2020 8:51:00 AM,EVENT 54281 1597362709 0/0/0/0/6 INPUT 3 1 0 v:124
14/08/2020 8:51:00 AM,252 Event OK
14/08/2020 8:51:00 AM,EVENT 54282 1597362763 0/0/0/0/9 INPUT 3 0 55 v:124
14/08/2020 8:51:00 AM,252 Event OK
14/08/2020 8:51:01 AM,EVENT 54283 1597362773 0/0/0/0/4 INPUT 4 0 75 v:123
14/08/2020 8:51:01 AM,252 Event OK
14/08/2020 8:51:02 AM,EVENT 54284 1597362773 0/0/0/0/3 INPUT 4 1 0 v:123
14/08/2020 8:51:02 AM,252 Event OK
14/08/2020 8:51:03 AM,EVENT 54285 1597362818 0/0/0/0/0 INPUT 4 0 45 v:124
14/08/2020 8:51:03 AM,252 Event OK
14/08/2020 8:51:03 AM,EVENT 54286 1597362818 0/0/0/0/0 INPUT 4 1 0 v:124
14/08/2020 8:51:03 AM,252 Event OK
14/08/2020 8:51:04 AM,EVENT 54287 1597362849 0/0/0/0/0 INPUT 4 0 31 v:124
14/08/2020 8:51:04 AM,252 Event OK
14/08/2020 8:51:05 AM,EVENT 54288 1597362850 0/0/0/0/0 INPUT 4 1 0 v:124
14/08/2020 8:51:05 AM,252 Event OK
14/08/2020 8:51:06 AM,EVENT 54289 1597362854 0/0/0/0/0 INPUT 4 0 5 v:123
14/08/2020 8:51:06 AM,252 Event OK
14/08/2020 8:51:07 AM,EVENT 54290 1597362854 0/0/0/0/0 INPUT 4 1 0 v:123
14/08/2020 8:51:07 AM,252 Event OK
14/08/2020 8:51:08 AM,EVENT 54291 1597362859 0/0/0/0/6 INPUT 3 1 0 v:124
14/08/2020 8:51:08 AM,252 Event OK
14/08/2020 8:51:08 AM,EVENT 54292 1597362990 0/0/0/0/12 INPUT 3 0 132 v:124
14/08/2020 8:51:08 AM,252 Event OK
14/08/2020 8:51:09 AM,EVENT 54293 1597362998 0/0/0/0/7 INPUT 3 1 0 v:124
14/08/2020 8:51:09 AM,252 Event OK
14/08/2020 8:51:10 AM,EVENT 54294 1597363012 0/0/0/0/16 INPUT 3 0 14 v:124
14/08/2020 8:51:10 AM,252 Event OK
14/08/2020 8:51:11 AM,EVENT 54295 1597363019 0/0/0/0/0 INPUT 4 0 165 v:123
14/08/2020 8:51:11 AM,252 Event OK
14/08/2020 8:51:11 AM,EVENT 54296 1597363019 0/0/0/0/0 INPUT 4 1 0 v:124
14/08/2020 8:51:11 AM,252 Event OK
14/08/2020 8:51:12 AM,EVENT 54297 1597363030 0/0/0/0/2 INPUT 3 1 0 v:124
14/08/2020 8:51:12 AM,252 Event OK
14/08/2020 8:51:13 AM,EVENT 54298 1597363049 0/0/0/0/11 INPUT 3 0 19 v:124
14/08/2020 8:51:13 AM,252 Event OK
14/08/2020 8:51:14 AM,EVENT 54299 1597363070 0/0/0/0/7 INPUT 3 1 0 v:124
14/08/2020 8:51:14 AM,252 Event OK
14/08/2020 8:51:14 AM,EVENT 54300 1597363101 0/0/0/0/9 INPUT 3 0 32 v:124
14/08/2020 8:51:14 AM,252 Event OK
14/08/2020 8:51:15 AM,EVENT 54301 1597363102 0/0/0/0/7 INPUT 7 1 0 v:124
14/08/2020 8:51:15 AM,252 Event OK
14/08/2020 8:51:16 AM,EVENT 54302 1597363102 0/0/0/0/7 INPUT 8 0 858 v:124
14/08/2020 8:51:16 AM,252 Event OK
14/08/2020 8:51:17 AM,EVENT 54303 1597363102 0/0/0/0/2 INPUT 1 1 0 v:124
14/08/2020 8:51:17 AM,252 Event OK
14/08/2020 8:51:18 AM,EVENT 54304 1597363103 0/0/0/0/0 INPUT 4 0 84 v:124
14/08/2020 8:51:18 AM,252 Event OK
14/08/2020 8:51:18 AM,EVENT 54305 1597363106 0/0/0/0/0 TRIP 54253 528 311 13 10 852 v:124
14/08/2020 8:51:18 AM,252 Event OK
14/08/2020 8:51:19 AM,EVENT 54306 1597393772 0/0/0/0/0 SWSTART OpusFC 5.0.58.518 R v:124
14/08/2020 8:51:19 AM,252 Event OK
14/08/2020 8:51:20 AM,EVENT 54307 1597363106 0/0/0/0/0 POWERDOWN v:124
14/08/2020 8:51:20 AM,252 Event OK
14/08/2020 8:51:21 AM,EVENT 54308 1597393772 0/0/0/0/0 INPUT 1 1 0 v:124
14/08/2020 8:51:21 AM,252 Event OK
14/08/2020 8:51:22 AM,EVENT 54309 1597393772 0/0/0/0/0 INPUT 2 0 0 v:124
14/08/2020 8:51:22 AM,252 Event OK
14/08/2020 8:51:22 AM,EVENT 54310 1597393772 0/0/0/0/0 INPUT 3 0 0 v:124
14/08/2020 8:51:22 AM,252 Event OK
14/08/2020 8:51:23 AM,EVENT 54311 1597393772 0/0/0/0/0 INPUT 4 0 0 v:124
14/08/2020 8:51:23 AM,252 Event OK
14/08/2020 8:51:24 AM,EVENT 54312 1597393772 0/0/0/0/0 INPUT 7 0 0 v:124
14/08/2020 8:51:24 AM,252 Event OK
14/08/2020 8:51:24 AM,EVENT 54313 1597393772 0/0/0/0/0 INPUT 8 1 0 v:124
14/08/2020 8:51:24 AM,252 Event OK
14/08/2020 8:51:25 AM,EVENT 54314 1597393774 0/0/0/0/0 ZONE_OK 2 100 FW=NO VERSION v:124
14/08/2020 8:51:25 AM,252 Event OK
14/08/2020 8:51:26 AM,EVENT 54315 1597393782 0/0/0/0/0 SIGNON 2539 01d5f6d3 OK 26 150496 0 v:124
14/08/2020 8:51:26 AM,252 Event OK
14/08/2020 8:51:27 AM,EVENT 54316 1597393787 0/0/0/99/0 INPUT 7 1 0 v:124
14/08/2020 8:51:27 AM,252 Event OK
14/08/2020 8:51:27 AM,EVENT 54317 1597393788 0/0/0/99/0 INPUT 7 0 1 v:124
14/08/2020 8:51:27 AM,252 Event OK
14/08/2020 8:51:28 AM,EVENT 54318 1597393789 0/0/0/99/0 INPUT 1 0 16 v:124
14/08/2020 8:51:28 AM,252 Event OK
14/08/2020 8:51:29 AM,EVENT 54319 1597393789 0/0/0/99/0 INPUT 4 1 0 v:124
14/08/2020 8:51:29 AM,252 Event OK
14/08/2020 8:51:29 AM,EVENT 54320 1597393801 0/0/0/0/4 INPUT 3 1 0 v:124
14/08/2020 8:51:29 AM,252 Event OK
14/08/2020 8:51:30 AM,EVENT 54321 1597393965 0/0/0/0/11 INPUT 3 0 164 v:124
14/08/2020 8:51:30 AM,252 Event OK
14/08/2020 8:51:31 AM,EVENT 54322 1597394090 0/0/0/0/0 INPUT 4 0 302 v:124
14/08/2020 8:51:31 AM,252 Event OK
14/08/2020 8:51:32 AM,EVENT 54323 1597394090 0/0/0/0/0 INPUT 4 1 0 v:124
14/08/2020 8:51:32 AM,252 Event OK
14/08/2020 8:51:32 AM,EVENT 54324 1597394123 0/0/0/0/0 INPUT 4 0 33 v:124
14/08/2020 8:51:32 AM,252 Event OK
14/08/2020 8:51:33 AM,EVENT 54325 1597394123 0/0/0/0/0 INPUT 4 1 0 v:124
14/08/2020 8:51:33 AM,252 Event OK
14/08/2020 8:51:34 AM,EVENT 54326 1597394159 0/0/0/0/0 INPUT 3 1 0 v:124
14/08/2020 8:51:34 AM,252 Event OK
14/08/2020 8:51:34 AM,EVENT 54327 1597394347 0/0/0/0/11 INPUT 3 0 188 v:124
14/08/2020 8:51:34 AM,252 Event OK
14/08/2020 8:51:35 AM,EVENT 54328 1597394359 0/0/0/0/7 INPUT 3 1 0 v:124
14/08/2020 8:51:35 AM,252 Event OK
14/08/2020 8:51:36 AM,EVENT 54329 1597394973 -310122106/1219226615/15066/0/9 INPUT 3 0 614 v:124
14/08/2020 8:51:36 AM,252 Event OK
14/08/2020 8:51:38 AM,EVENT 54330 1597394979 -310121849/1219227071/8956/0/1 INPUT 4 0 856 v:124
14/08/2020 8:51:38 AM,252 Event OK
14/08/2020 8:51:40 AM,EVENT 54331 1597394980 -310121849/1219227071/8956/0/0 INPUT 4 1 0 v:124
14/08/2020 8:51:40 AM,252 Event OK
14/08/2020 8:51:41 AM,EVENT 54332 1597395001 -310122103/1219228514/1450/0/1 INPUT 7 1 0 v:123
14/08/2020 8:51:41 AM,252 Event OK
14/08/2020 8:51:42 AM,EVENT 54333 1597395001 -310122103/1219228514/1450/0/1 INPUT 8 0 1228 v:124
14/08/2020 8:51:42 AM,252 Event OK
14/08/2020 8:51:43 AM,EVENT 54334 1597395001 -310122112/1219228523/1425/0/0 INPUT 1 1 0 v:124
14/08/2020 8:51:43 AM,252 Event OK
14/08/2020 8:51:44 AM,EVENT 54335 1597395003 -310122135/1219228535/1360/0/0 INPUT 4 0 24 v:124
14/08/2020 8:51:44 AM,252 Event OK
14/08/2020 8:51:45 AM,EVENT 54336 1597395005 -310122165/1219228544/1309/0/0 TRIP 54315 966 249 9 7 1224 v:124
14/08/2020 8:51:45 AM,252 Event OK
14/08/2020 8:51:46 AM,EVENT 54337 1597395055 -310122323/1219228568/950/4/0 REPORT * 0 52 v:124
14/08/2020 8:51:46 AM,252 Event OK
14/08/2020 8:51:47 AM,QUIT
14/08/2020 8:51:47 AM,221 Session ended - goodbye
14/08/2020 8:56:16 AM,UNIT 9279
14/08/2020 8:56:16 AM,333 CHAL 77CA4A51
14/08/2020 8:56:17 AM,RESP 5D175295
14/08/2020 8:56:17 AM,230 Auth OK
14/08/2020 8:56:18 AM,TIME
14/08/2020 8:56:18 AM,211 TIME 1597395378
14/08/2020 8:56:19 AM,EVCOUNT 2
14/08/2020 8:56:19 AM,252 Event OK
14/08/2020 8:56:19 AM,TODO
14/08/2020 8:56:19 AM,226 Nothing to do
14/08/2020 8:56:21 AM,EVENT 54338 1597395373 -310122159/1219228334/947/4/0 INPUT 8 1 0 v:124
14/08/2020 8:56:21 AM,252 Event OK
14/08/2020 8:56:22 AM,EVENT 54339 1597395373 -310122154/1219228334/947/4/0 INPUT 7 0 373 v:124
14/08/2020 8:56:22 AM,252 Event OK
14/08/2020 8:56:22 AM,QUIT
14/08/2020 8:56:22 AM,221 Session ended - goodbye
14/08/2020 8:56:33 AM,UNIT 9279
14/08/2020 8:56:33 AM,333 CHAL 35CD5C2D
14/08/2020 8:56:33 AM,RESP 64E104F3
14/08/2020 8:56:33 AM,230 Auth OK
14/08/2020 8:56:35 AM,TIME
14/08/2020 8:56:35 AM,211 TIME 1597395395
14/08/2020 8:56:36 AM,EVCOUNT 3
14/08/2020 8:56:36 AM,252 Event OK
14/08/2020 8:56:37 AM,TODO
14/08/2020 8:56:37 AM,226 Nothing to do
14/08/2020 8:56:38 AM,EVENT 54340 1597395387 -310122014/1219228309/954/4/0 SIGNON 2539 01d5f6d3 OK 26 150496 0 v:124
14/08/2020 8:56:38 AM,252 Event OK
14/08/2020 8:56:39 AM,EVENT 54341 1597395394 -310121965/1219228305/967/4/0 INPUT 4 1 0 v:124
14/08/2020 8:56:39 AM,252 Event OK
14/08/2020 8:56:40 AM,EVENT 54342 1597395394 -310121965/1219228305/967/4/0 INPUT 1 0 392 v:124
14/08/2020 8:56:40 AM,252 Event OK
14/08/2020 8:56:40 AM,QUIT
14/08/2020 8:56:40 AM,221 Session ended - goodbye
14/08/2020 8:56:51 AM,UNIT 9279
14/08/2020 8:56:51 AM,333 CHAL 7051DD1E
14/08/2020 8:56:52 AM,RESP 27CB6824
14/08/2020 8:56:52 AM,230 Auth OK
14/08/2020 8:56:52 AM,TIME
14/08/2020 8:56:52 AM,211 TIME 1597395412
14/08/2020 8:56:53 AM,EVCOUNT 1
14/08/2020 8:56:53 AM,252 Event OK
14/08/2020 8:56:53 AM,TODO
14/08/2020 8:56:53 AM,226 Nothing to do
14/08/2020 8:56:54 AM,EVENT 54343 1597395403 -310121716/1219228680/974/4/7 INPUT 3 1 0 v:123
14/08/2020 8:56:54 AM,252 Event OK
14/08/2020 8:56:55 AM,QUIT
14/08/2020 8:56:55 AM,221 Session ended - goodbye
14/08/2020 8:57:42 AM,UNIT 9279
14/08/2020 8:57:42 AM,333 CHAL 8FB6D15
14/08/2020 8:57:42 AM,RESP FA65BF37
14/08/2020 8:57:42 AM,230 Auth OK
14/08/2020 8:57:43 AM,TIME
14/08/2020 8:57:43 AM,211 TIME 1597395463
14/08/2020 8:57:44 AM,EVCOUNT 1
14/08/2020 8:57:44 AM,252 Event OK
14/08/2020 8:57:45 AM,TODO
14/08/2020 8:57:45 AM,226 Nothing to do
14/08/2020 8:57:46 AM,EVENT 54344 1597395457 -310128773/1219229464/1018/8/10 INPUT 3 0 53 v:124
14/08/2020 8:57:46 AM,252 Event OK
14/08/2020 8:57:46 AM,QUIT
14/08/2020 8:57:46 AM,221 Session ended - goodbye
14/08/2020 8:59:35 AM,UNIT 9279
14/08/2020 8:59:35 AM,333 CHAL 1BE38A71
14/08/2020 8:59:35 AM,RESP A8B6D10B
14/08/2020 8:59:35 AM,230 Auth OK
14/08/2020 8:59:36 AM,TIME
14/08/2020 8:59:36 AM,211 TIME 1597395576
14/08/2020 8:59:36 AM,EVCOUNT 2
14/08/2020 8:59:36 AM,252 Event OK
14/08/2020 8:59:37 AM,TODO
14/08/2020 8:59:37 AM,226 Nothing to do
14/08/2020 8:59:37 AM,EVENT 54345 1597395572 -310128391/1219228374/1155/1/0 INPUT 4 0 179 v:124
14/08/2020 8:59:37 AM,252 Event OK
14/08/2020 8:59:38 AM,EVENT 54346 1597395572 -310128390/1219228374/1155/1/0 INPUT 4 1 0 v:124
14/08/2020 8:59:38 AM,252 Event OK
14/08/2020 8:59:38 AM,QUIT
14/08/2020 8:59:38 AM,221 Session ended - goodbye
14/08/2020 8:59:56 AM,UNIT 9279
14/08/2020 8:59:56 AM,333 CHAL 7543A0A2
14/08/2020 8:59:57 AM,RESP 0D981F0D
14/08/2020 8:59:57 AM,230 Auth OK
14/08/2020 8:59:58 AM,TIME
14/08/2020 8:59:58 AM,211 TIME 1597395598
14/08/2020 8:59:59 AM,EVCOUNT 2
14/08/2020 8:59:59 AM,252 Event OK
14/08/2020 9:00:28 AM,TODO
14/08/2020 9:00:28 AM,226 Nothing to do
14/08/2020 9:00:28 AM,UNIT 9279
14/08/2020 9:00:28 AM,333 CHAL 2C2E6672
14/08/2020 9:00:28 AM,RESP 60864F71
14/08/2020 9:00:28 AM,230 Auth OK
14/08/2020 9:00:29 AM,TIME
14/08/2020 9:00:29 AM,211 TIME 1597395629
14/08/2020 9:00:29 AM,EVCOUNT 3
14/08/2020 9:00:29 AM,252 Event OK
14/08/2020 9:00:29 AM,TODO
14/08/2020 9:00:29 AM,226 Nothing to do
14/08/2020 9:00:29 AM,EVENT 54347 1597395593 -310128366/1219228488/1113/1/0 INPUT 4 0 21 v:124
14/08/2020 9:00:29 AM,252 Event OK
14/08/2020 9:00:30 AM,EVENT 54348 1597395594 -310128402/1219228519/1115/1/0 INPUT 4 1 0 v:124
14/08/2020 9:00:30 AM,252 Event OK
14/08/2020 9:00:30 AM,EVENT 54349 1597395617 -310128704/1219228886/1023/0/5 INPUT 3 1 0 v:123
14/08/2020 9:00:30 AM,252 Event OK
14/08/2020 9:00:30 AM,QUIT
14/08/2020 9:00:30 AM,221 Session ended - goodbye
14/08/2020 9:07:02 AM,UNIT 9279
14/08/2020 9:07:02 AM,333 CHAL 3EC37936
14/08/2020 9:07:05 AM,RESP 822EE4FE
14/08/2020 9:07:05 AM,230 Auth OK
14/08/2020 9:07:08 AM,TIME
14/08/2020 9:07:08 AM,211 TIME 1597396028
14/08/2020 9:07:08 AM,EVCOUNT 8
14/08/2020 9:07:08 AM,252 Event OK
14/08/2020 9:07:08 AM,TODO
14/08/2020 9:07:08 AM,226 Nothing to do
14/08/2020 9:07:09 AM,EVENT 54350 1597395682 -310121843/1219228923/999/7/9 INPUT 3 0 65 v:124
14/08/2020 9:07:09 AM,252 Event OK
14/08/2020 9:07:10 AM,EVENT 54351 1597395683 -310121786/1219229018/996/7/6 INPUT 7 1 0 v:124
14/08/2020 9:07:10 AM,252 Event OK
14/08/2020 9:07:11 AM,EVENT 54352 1597395683 -310121786/1219229018/996/7/6 INPUT 8 0 310 v:124
14/08/2020 9:07:11 AM,252 Event OK
14/08/2020 9:07:16 AM,EVENT 54353 1597395684 -310121763/1219229071/993/7/4 INPUT 1 1 0 v:124
14/08/2020 9:07:16 AM,252 Event OK
14/08/2020 9:10:23 AM,UNIT 9279
14/08/2020 9:10:23 AM,333 CHAL 221F0DA
14/08/2020 9:10:23 AM,RESP 1E965D39
14/08/2020 9:10:23 AM,230 Auth OK
14/08/2020 9:10:23 AM,TIME
14/08/2020 9:10:23 AM,211 TIME 1597396223
14/08/2020 9:10:24 AM,EVCOUNT 4
14/08/2020 9:10:24 AM,252 Event OK
14/08/2020 9:10:24 AM,TODO
14/08/2020 9:10:24 AM,226 Nothing to do
14/08/2020 9:10:25 AM,EVENT 54354 1597395684 -310121763/1219229071/993/7/3 INPUT 4 0 91 v:124
14/08/2020 9:10:25 AM,252 Event OK
14/08/2020 9:10:26 AM,EVENT 54355 1597395686 -310121756/1219229076/995/7/0 INPUT 4 1 0 v:124
14/08/2020 9:10:26 AM,252 Event OK
14/08/2020 9:10:26 AM,EVENT 54356 1597395687 -310121754/1219229076/998/7/0 TRIP 54340 118 175 7 6 300 v:124
14/08/2020 9:10:26 AM,252 Event OK
14/08/2020 9:10:27 AM,EVENT 54357 1597395688 -310121754/1219229076/998/7/0 INPUT 4 0 2 v:124
14/08/2020 9:10:27 AM,252 Event OK
14/08/2020 9:10:27 AM,QUIT
14/08/2020 9:10:27 AM,221 Session ended - goodbye
14/08/2020 9:15:30 AM,UNIT 9279
14/08/2020 9:15:30 AM,333 CHAL 70452A3B
14/08/2020 9:15:32 AM,RESP E2951412
14/08/2020 9:15:32 AM,230 Auth OK
14/08/2020 9:15:33 AM,TIME
14/08/2020 9:15:33 AM,211 TIME 1597396533
14/08/2020 9:15:35 AM,EVCOUNT 2
14/08/2020 9:15:35 AM,252 Event OK
14/08/2020 9:15:38 AM,TODO
14/08/2020 9:15:38 AM,226 Nothing to do
14/08/2020 9:16:05 AM,UNIT 9279
14/08/2020 9:16:05 AM,333 CHAL 7F22624D
14/08/2020 9:17:29 AM,EVENT 54358 1597396525 -310121703/1219229049/909/0/0 INPUT 8 1 0 v:124
14/08/2020 9:17:29 AM,252 Event OK
14/08/2020 9:18:50 AM,UNIT 9279
14/08/2020 9:18:50 AM,333 CHAL 7C5D1AA3
14/08/2020 9:18:51 AM,RESP 9427859A
14/08/2020 9:18:51 AM,230 Auth OK
14/08/2020 9:18:51 AM,TIME
14/08/2020 9:18:51 AM,211 TIME 1597396731
14/08/2020 9:18:51 AM,EVCOUNT 14
14/08/2020 9:18:51 AM,252 Event OK
14/08/2020 9:18:51 AM,TODO
14/08/2020 9:18:51 AM,226 Nothing to do
14/08/2020 9:18:52 AM,EVENT 54358 1597396525 -310121703/1219229049/909/0/0 INPUT 8 1 0 v:124
14/08/2020 9:18:52 AM,253 Event OK - Duplicate
14/08/2020 9:18:52 AM,EVENT 54359 1597396525 -310121701/1219229045/908/0/0 INPUT 7 0 843 v:124
14/08/2020 9:18:52 AM,252 Event OK
14/08/2020 9:18:52 AM,EVENT 54360 1597396534 -310121721/1219228974/910/0/0 SIGNON 2539 01d5f6d3 OK 26 150496 0 v:124
14/08/2020 9:18:52 AM,252 Event OK
14/08/2020 9:18:52 AM,EVENT 54361 1597396541 -310121728/1219228986/939/0/0 INPUT 4 1 0 v:124
14/08/2020 9:18:52 AM,252 Event OK
14/08/2020 9:18:53 AM,EVENT 54362 1597396541 -310121728/1219228986/939/0/0 INPUT 1 0 858 v:124
14/08/2020 9:18:53 AM,252 Event OK
14/08/2020 9:18:53 AM,EVENT 54363 1597396552 -310121558/1219229292/945/0/6 INPUT 3 1 0 v:124
14/08/2020 9:18:53 AM,252 Event OK
14/08/2020 9:18:53 AM,EVENT 54364 1597396644 -310142770/1219231961/935/1/11 INPUT 3 0 92 v:124
14/08/2020 9:18:53 AM,252 Event OK
14/08/2020 9:18:53 AM,EVENT 54365 1597396654 -310143405/1219231813/957/1/0 INPUT 7 1 0 v:124
14/08/2020 9:18:53 AM,252 Event OK
14/08/2020 9:18:53 AM,EVENT 54366 1597396654 -310143405/1219231813/957/1/0 INPUT 8 0 129 v:124
14/08/2020 9:18:53 AM,252 Event OK
14/08/2020 9:18:54 AM,EVENT 54367 1597396655 -310143399/1219231808/962/1/0 INPUT 1 1 0 v:124
14/08/2020 9:18:54 AM,252 Event OK
14/08/2020 9:18:54 AM,EVENT 54368 1597396655 -310143399/1219231808/962/1/0 INPUT 4 0 114 v:124
14/08/2020 9:18:54 AM,252 Event OK
14/08/2020 9:18:54 AM,EVENT 54369 1597396656 -310143392/1219231801/965/1/0 INPUT 4 1 0 v:124
14/08/2020 9:18:54 AM,252 Event OK
14/08/2020 9:18:54 AM,EVENT 54370 1597396657 -310143378/1219231792/966/1/0 INPUT 4 0 2 v:124
14/08/2020 9:18:54 AM,252 Event OK
14/08/2020 9:18:55 AM,EVENT 54371 1597396658 -310143369/1219231787/967/1/0 TRIP 54360 92 24 8 6 124 v:124
14/08/2020 9:18:55 AM,252 Event OK
14/08/2020 9:18:55 AM,QUIT
14/08/2020 9:18:55 AM,221 Session ended - goodbye
14/08/2020 10:18:05 AM,UNIT 9279
14/08/2020 10:18:05 AM,333 CHAL 4720E90B
14/08/2020 10:18:05 AM,RESP 8BC4649C
14/08/2020 10:18:05 AM,230 Auth OK
14/08/2020 10:18:05 AM,TIME
14/08/2020 10:18:05 AM,211 TIME 1597400285
14/08/2020 10:18:06 AM,EVCOUNT 11
14/08/2020 10:18:06 AM,252 Event OK
14/08/2020 10:18:06 AM,TODO
14/08/2020 10:18:06 AM,226 Nothing to do
14/08/2020 10:18:06 AM,EVENT 54372 1597400261 0/0/0/0/0 INPUT 1 1 0 v:122
14/08/2020 10:18:06 AM,252 Event OK
14/08/2020 10:18:06 AM,EVENT 54373 1597400261 0/0/0/0/0 INPUT 2 0 0 v:122
14/08/2020 10:18:06 AM,252 Event OK
14/08/2020 10:18:06 AM,EVENT 54374 1597400261 0/0/0/0/0 INPUT 3 0 0 v:123
14/08/2020 10:18:06 AM,252 Event OK
14/08/2020 10:18:07 AM,EVENT 54375 1597400261 0/0/0/0/0 INPUT 4 0 0 v:123
14/08/2020 10:18:07 AM,252 Event OK
14/08/2020 10:18:07 AM,EVENT 54376 1597400261 0/0/0/0/0 INPUT 7 1 0 v:123
14/08/2020 10:18:07 AM,252 Event OK
14/08/2020 10:18:07 AM,EVENT 54377 1597400261 0/0/0/0/0 INPUT 8 0 0 v:123
14/08/2020 10:18:07 AM,252 Event OK
14/08/2020 10:18:07 AM,EVENT 54378 1597400263 0/0/0/0/0 ZONE_OK 2 100 FW=NO VERSION v:123
14/08/2020 10:18:07 AM,252 Event OK
14/08/2020 10:18:07 AM,EVENT 54379 1597400263 0/0/0/0/0 REPORT * 0 0 v:123
14/08/2020 10:18:07 AM,252 Event OK
14/08/2020 10:18:08 AM,EVENT 54380 1597400271 0/0/0/0/0 INPUT 8 1 0 v:123
14/08/2020 10:18:08 AM,252 Event OK
14/08/2020 10:18:08 AM,EVENT 54381 1597400271 0/0/0/0/0 INPUT 7 0 10 v:123
14/08/2020 10:18:08 AM,252 Event OK
14/08/2020 10:18:08 AM,EVENT 54382 1597400282 0/0/0/99/0 SIGNON 2487 03d1f4d1 OK_CL 26 170597 0 v:123
14/08/2020 10:18:08 AM,252 Event OK
14/08/2020 10:18:08 AM,EVENT 54383 1597400287 0/0/0/6/0 CHECKLIST 54382 OK 0 6 432 F v:123
14/08/2020 10:18:08 AM,252 Event OK
14/08/2020 10:18:08 AM,QUIT
14/08/2020 10:18:08 AM,221 Session ended - goodbye
14/08/2020 10:18:17 AM,UNIT 9279
14/08/2020 10:18:17 AM,333 CHAL 4F1A5A77
14/08/2020 10:18:18 AM,RESP 147ACD72
14/08/2020 10:18:18 AM,230 Auth OK
14/08/2020 10:18:19 AM,TIME
14/08/2020 10:18:19 AM,211 TIME 1597400299
14/08/2020 10:18:19 AM,EVCOUNT 2
14/08/2020 10:18:19 AM,252 Event OK
14/08/2020 10:18:20 AM,TODO
14/08/2020 10:18:20 AM,226 Nothing to do
14/08/2020 10:18:21 AM,EVENT 54384 1597400294 -310146613/1219231966/11092/6/0 INPUT 4 1 0 v:124
14/08/2020 10:18:21 AM,252 Event OK
14/08/2020 10:18:22 AM,EVENT 54385 1597400294 -310146619/1219232007/10386/6/0 INPUT 1 0 32 v:124
14/08/2020 10:18:22 AM,252 Event OK
14/08/2020 10:18:22 AM,QUIT
14/08/2020 10:18:22 AM,221 Session ended - goodbye
14/08/2020 10:18:32 AM,UNIT 9279
14/08/2020 10:18:32 AM,333 CHAL 174C760F
14/08/2020 10:18:32 AM,RESP D12807FD
14/08/2020 10:18:32 AM,230 Auth OK
14/08/2020 10:18:33 AM,TIME
14/08/2020 10:18:33 AM,211 TIME 1597400313
14/08/2020 10:18:34 AM,EVCOUNT 4
14/08/2020 10:18:34 AM,252 Event OK
14/08/2020 10:18:35 AM,TODO
14/08/2020 10:18:35 AM,226 Nothing to do
14/08/2020 10:18:36 AM,EVENT 54386 1597400304 -310143499/1219231778/2581/6/0 INPUT 4 0 11 v:124
14/08/2020 10:18:36 AM,252 Event OK
14/08/2020 10:18:36 AM,EVENT 54387 1597400304 -310143499/1219231778/2581/6/0 INPUT 4 1 0 v:124
14/08/2020 10:18:36 AM,252 Event OK
14/08/2020 10:18:37 AM,EVENT 54388 1597400307 -310143341/1219231773/1902/6/0 INPUT 4 0 3 v:124
14/08/2020 10:18:37 AM,252 Event OK
14/08/2020 10:18:38 AM,EVENT 54389 1597400307 -310143341/1219231773/1902/6/0 INPUT 4 1 0 v:124
14/08/2020 10:18:38 AM,252 Event OK
14/08/2020 10:18:38 AM,EVENT 54390 1597400316 -310142999/1219231506/1304/6/0 INPUT 4 0 9 v:123
14/08/2020 10:18:38 AM,252 Event OK
14/08/2020 10:18:39 AM,EVENT 54391 1597400316 -310142999/1219231506/1304/3/0 INPUT 4 1 0 v:123
14/08/2020 10:18:39 AM,252 Event OK
14/08/2020 10:18:39 AM,QUIT
14/08/2020 10:18:39 AM,221 Session ended - goodbye
14/08/2020 10:18:50 AM,UNIT 9279
14/08/2020 10:18:50 AM,333 CHAL 540D7FBC
14/08/2020 10:18:51 AM,RESP 787D3EC2
14/08/2020 10:18:51 AM,230 Auth OK
14/08/2020 10:18:51 AM,TIME
14/08/2020 10:18:51 AM,211 TIME 1597400331
14/08/2020 10:18:52 AM,EVCOUNT 1
14/08/2020 10:18:52 AM,252 Event OK
14/08/2020 10:18:52 AM,TODO
14/08/2020 10:18:52 AM,226 Nothing to do
14/08/2020 10:18:53 AM,EVENT 54392 1597400322 -310143258/1219232439/1156/3/8 INPUT 3 1 0 v:124
14/08/2020 10:18:53 AM,252 Event OK
14/08/2020 10:18:53 AM,QUIT
14/08/2020 10:18:53 AM,221 Session ended - goodbye
14/08/2020 8:46:35 PM,UNIT 9279
14/08/2020 8:46:35 PM,333 CHAL 1A6193D1
14/08/2020 8:46:35 PM,RESP E844D886
14/08/2020 8:46:35 PM,230 Auth OK
14/08/2020 8:46:36 PM,TIME
14/08/2020 8:46:36 PM,211 TIME 1597437996
14/08/2020 8:46:36 PM,EVCOUNT 83
14/08/2020 8:46:36 PM,252 Event OK
14/08/2020 8:46:36 PM,TODO
14/08/2020 8:46:36 PM,226 Nothing to do
14/08/2020 8:46:36 PM,EVENT 54393 1597400419 -310121576/1219229299/900/8/11 INPUT 3 0 98 v:124
14/08/2020 8:46:36 PM,252 Event OK
14/08/2020 8:46:36 PM,EVENT 54394 1597400420 -310121656/1219229177/902/8/7 INPUT 7 1 0 v:124
14/08/2020 8:46:36 PM,252 Event OK
14/08/2020 8:46:37 PM,EVENT 54395 1597400420 -310121656/1219229177/902/8/7 INPUT 8 0 148 v:124
14/08/2020 8:46:37 PM,252 Event OK
14/08/2020 8:46:37 PM,EVENT 54396 1597400421 -310121697/1219229121/903/8/5 INPUT 1 1 0 v:123
14/08/2020 8:46:37 PM,252 Event OK
14/08/2020 8:46:37 PM,EVENT 54397 1597400422 -310121703/1219229122/904/8/2 INPUT 4 0 106 v:123
14/08/2020 8:46:37 PM,252 Event OK
14/08/2020 8:46:37 PM,EVENT 54398 1597400424 -310121711/1219229128/911/8/0 TRIP 54382 98 31 10 8 139 v:123
14/08/2020 8:46:37 PM,252 Event OK
14/08/2020 8:46:38 PM,EVENT 54399 1597401739 -310121951/1219229208/749/0/0 INPUT 8 1 0 v:123
14/08/2020 8:46:38 PM,252 Event OK
14/08/2020 8:46:38 PM,EVENT 54400 1597401739 -310121951/1219229208/749/0/0 INPUT 7 0 1319 v:123
14/08/2020 8:46:38 PM,252 Event OK
14/08/2020 8:46:38 PM,EVENT 54401 1597401748 -310121900/1219229259/757/0/0 SIGNON 2487 03d1f4d1 OK 26 170597 0 v:124
14/08/2020 8:46:38 PM,252 Event OK
14/08/2020 8:46:38 PM,EVENT 54402 1597401755 -310121857/1219229281/762/0/0 INPUT 4 1 0 v:124
14/08/2020 8:46:38 PM,252 Event OK
14/08/2020 8:46:38 PM,EVENT 54403 1597401755 -310121854/1219229282/763/0/0 INPUT 1 0 1334 v:124
14/08/2020 8:46:38 PM,252 Event OK
14/08/2020 8:46:39 PM,EVENT 54404 1597401760 -310121888/1219229196/772/0/0 INPUT 3 1 0 v:124
14/08/2020 8:46:39 PM,252 Event OK
14/08/2020 8:46:39 PM,EVENT 54405 1597401761 -310121959/1219229051/773/0/5 INPUT 3 0 1 v:124
14/08/2020 8:46:39 PM,252 Event OK
14/08/2020 8:46:39 PM,EVENT 54406 1597401762 -310122046/1219228841/770/0/8 INPUT 3 1 0 v:124
14/08/2020 8:46:39 PM,252 Event OK
14/08/2020 8:46:39 PM,EVENT 54407 1597401942 0/0/0/0/17 INPUT 3 0 179 v:124
14/08/2020 8:46:39 PM,252 Event OK
14/08/2020 8:46:40 PM,EVENT 54408 1597401955 0/0/0/0/6 INPUT 3 1 0 v:124
14/08/2020 8:46:40 PM,252 Event OK
14/08/2020 8:46:40 PM,EVENT 54409 1597402000 0/0/0/0/12 INPUT 3 0 45 v:124
14/08/2020 8:46:40 PM,252 Event OK
14/08/2020 8:46:40 PM,EVENT 54410 1597402007 0/0/0/0/0 INPUT 4 0 253 v:124
14/08/2020 8:46:40 PM,252 Event OK
14/08/2020 8:46:40 PM,EVENT 54411 1597402007 0/0/0/0/0 INPUT 4 1 0 v:124
14/08/2020 8:46:40 PM,252 Event OK
14/08/2020 8:48:08 PM,UNIT 9279
14/08/2020 8:48:08 PM,333 CHAL 61523EB2
14/08/2020 8:48:08 PM,RESP 8B133196
14/08/2020 8:48:08 PM,230 Auth OK
14/08/2020 8:48:09 PM,TIME
14/08/2020 8:48:09 PM,211 TIME 1597438089
14/08/2020 8:48:09 PM,EVCOUNT 66
14/08/2020 8:48:09 PM,252 Event OK
14/08/2020 8:48:09 PM,TODO
14/08/2020 8:48:09 PM,226 Nothing to do
14/08/2020 8:48:09 PM,EVENT 54412 1597402069 0/0/0/0/0 INPUT 4 0 62 v:124
14/08/2020 8:48:09 PM,252 Event OK
14/08/2020 8:48:09 PM,EVENT 54413 1597402070 0/0/0/0/0 INPUT 4 1 0 v:124
14/08/2020 8:48:09 PM,252 Event OK
14/08/2020 8:48:10 PM,EVENT 54414 1597402072 0/0/0/0/0 INPUT 4 0 3 v:124
14/08/2020 8:48:10 PM,252 Event OK
14/08/2020 8:48:10 PM,EVENT 54415 1597402072 0/0/0/0/0 INPUT 4 1 0 v:124
14/08/2020 8:48:10 PM,252 Event OK
14/08/2020 8:48:10 PM,EVENT 54416 1597402082 0/0/0/0/7 INPUT 3 1 0 v:124
14/08/2020 8:48:10 PM,252 Event OK
14/08/2020 8:48:10 PM,EVENT 54417 1597402093 0/0/0/0/17 REPORT 54401 0 0 v:124
14/08/2020 8:48:10 PM,252 Event OK
14/08/2020 8:48:11 PM,EVENT 54418 1597402616 0/0/0/0/10 INPUT 3 0 534 v:124
14/08/2020 8:48:11 PM,252 Event OK
14/08/2020 8:48:11 PM,EVENT 54419 1597402694 0/0/0/0/0 INPUT 4 0 622 v:124
14/08/2020 8:48:11 PM,252 Event OK
14/08/2020 8:48:11 PM,EVENT 54420 1597402694 0/0/0/0/0 INPUT 4 1 0 v:124
14/08/2020 8:48:11 PM,252 Event OK
14/08/2020 8:48:11 PM,EVENT 54421 1597402793 0/0/0/0/0 INPUT 4 0 99 v:124
14/08/2020 8:48:11 PM,252 Event OK
14/08/2020 8:48:11 PM,EVENT 54422 1597402793 0/0/0/0/0 INPUT 4 1 0 v:124
14/08/2020 8:48:11 PM,252 Event OK
14/08/2020 8:48:12 PM,EVENT 54423 1597402847 0/0/0/0/8 INPUT 3 1 0 v:124
14/08/2020 8:48:12 PM,252 Event OK
14/08/2020 8:48:12 PM,EVENT 54424 1597403087 0/0/0/0/9 INPUT 3 0 240 v:124
14/08/2020 8:48:12 PM,252 Event OK
14/08/2020 8:48:12 PM,EVENT 54425 1597403149 0/0/0/0/6 INPUT 3 1 0 v:124
14/08/2020 8:48:12 PM,252 Event OK
14/08/2020 8:48:12 PM,EVENT 54426 1597403189 0/0/0/0/9 INPUT 3 0 40 v:124
14/08/2020 8:48:12 PM,252 Event OK
14/08/2020 8:48:13 PM,EVENT 54427 1597403190 0/0/0/0/3 INPUT 4 0 397 v:124
14/08/2020 8:48:13 PM,252 Event OK
14/08/2020 8:48:13 PM,EVENT 54428 1597403190 0/0/0/0/2 INPUT 4 1 0 v:124
14/08/2020 8:48:13 PM,252 Event OK
14/08/2020 8:48:13 PM,EVENT 54429 1597403196 0/0/0/0/0 INPUT 4 0 6 v:124
14/08/2020 8:48:13 PM,252 Event OK
14/08/2020 8:48:13 PM,EVENT 54430 1597403197 0/0/0/0/0 INPUT 4 1 0 v:124
14/08/2020 8:48:13 PM,252 Event OK
14/08/2020 8:48:13 PM,EVENT 54431 1597403201 0/0/0/0/0 INPUT 4 0 5 v:124
14/08/2020 8:48:13 PM,252 Event OK
14/08/2020 8:48:14 PM,EVENT 54432 1597403202 0/0/0/0/0 INPUT 4 1 0 v:124
14/08/2020 8:48:14 PM,252 Event OK
14/08/2020 8:48:14 PM,EVENT 54433 1597403204 0/0/0/99/0 INPUT 4 0 3 v:124
14/08/2020 8:48:14 PM,252 Event OK
14/08/2020 8:48:14 PM,EVENT 54434 1597403204 0/0/0/99/0 INPUT 4 1 0 v:124
14/08/2020 8:48:14 PM,252 Event OK
14/08/2020 8:48:14 PM,EVENT 54435 1597403212 0/0/0/99/0 INPUT 7 1 0 v:124
14/08/2020 8:48:14 PM,252 Event OK
14/08/2020 8:48:14 PM,EVENT 54436 1597403212 0/0/0/99/0 INPUT 8 0 1473 v:124
14/08/2020 8:48:14 PM,252 Event OK
14/08/2020 8:48:15 PM,EVENT 54437 1597403213 0/0/0/99/0 INPUT 1 1 0 v:124
14/08/2020 8:48:15 PM,252 Event OK
14/08/2020 8:48:15 PM,EVENT 54438 1597403215 0/0/0/99/0 INPUT 4 0 10 v:124
14/08/2020 8:48:15 PM,252 Event OK
14/08/2020 8:48:15 PM,EVENT 54439 1597403216 0/0/0/99/0 TRIP 54401 1039 421 9 7 1469 v:124
14/08/2020 8:48:15 PM,252 Event OK
14/08/2020 8:48:15 PM,EVENT 54440 1597436846 0/0/0/0/0 SWSTART OpusFC 5.0.58.518 R v:124
14/08/2020 8:48:15 PM,252 Event OK
14/08/2020 8:48:16 PM,EVENT 54441 1597403216 0/0/0/0/0 POWERDOWN v:124
14/08/2020 8:48:16 PM,252 Event OK
14/08/2020 8:48:16 PM,EVENT 54442 1597436846 0/0/0/0/0 INPUT 1 1 0 v:123
14/08/2020 8:48:16 PM,252 Event OK
14/08/2020 8:48:16 PM,EVENT 54443 1597436846 0/0/0/0/0 INPUT 2 0 0 v:123
14/08/2020 8:48:16 PM,252 Event OK
14/08/2020 8:48:17 PM,EVENT 54444 1597436846 0/0/0/0/0 INPUT 3 0 0 v:123
14/08/2020 8:48:17 PM,252 Event OK
14/08/2020 8:48:17 PM,EVENT 54445 1597436846 0/0/0/0/0 INPUT 4 0 0 v:123
14/08/2020 8:48:17 PM,252 Event OK
14/08/2020 8:48:17 PM,EVENT 54446 1597436846 0/0/0/0/0 INPUT 7 0 0 v:123
14/08/2020 8:48:17 PM,252 Event OK
14/08/2020 8:48:17 PM,EVENT 54447 1597436846 0/0/0/0/0 INPUT 8 1 0 v:123
14/08/2020 8:48:17 PM,252 Event OK
14/08/2020 8:48:17 PM,EVENT 54448 1597436848 0/0/0/0/0 ZONE_OK 2 100 FW=NO VERSION v:123
14/08/2020 8:48:17 PM,252 Event OK
14/08/2020 8:48:18 PM,EVENT 54449 1597436856 0/0/0/0/0 SIGNON 2544 03d5def0 OK 26 151087 0 v:123
14/08/2020 8:48:18 PM,252 Event OK
14/08/2020 8:48:18 PM,EVENT 54450 1597436862 0/0/0/99/0 INPUT 4 1 0 v:123
14/08/2020 8:48:18 PM,252 Event OK
14/08/2020 8:48:18 PM,EVENT 54451 1597436863 0/0/0/99/0 INPUT 1 0 16 v:124
14/08/2020 8:48:18 PM,252 Event OK
14/08/2020 8:48:18 PM,EVENT 54452 1597436880 0/0/0/0/5 INPUT 4 0 18 v:123
14/08/2020 8:48:18 PM,252 Event OK
14/08/2020 8:48:19 PM,EVENT 54453 1597436880 0/0/0/0/4 INPUT 4 1 0 v:123
14/08/2020 8:48:19 PM,252 Event OK
14/08/2020 8:48:19 PM,EVENT 54454 1597436891 0/0/0/0/3 INPUT 4 0 11 v:123
14/08/2020 8:48:19 PM,252 Event OK
14/08/2020 8:48:19 PM,EVENT 54455 1597436891 0/0/0/0/3 INPUT 4 1 0 v:123
14/08/2020 8:48:19 PM,252 Event OK
14/08/2020 8:48:19 PM,EVENT 54456 1597436897 0/0/0/0/0 INPUT 4 0 6 v:124
14/08/2020 8:48:19 PM,252 Event OK
14/08/2020 8:48:19 PM,EVENT 54457 1597436897 0/0/0/0/0 INPUT 4 1 0 v:124
14/08/2020 8:48:19 PM,252 Event OK
14/08/2020 8:48:20 PM,EVENT 54458 1597436910 0/0/0/0/8 INPUT 3 1 0 v:123
14/08/2020 8:48:20 PM,252 Event OK
14/08/2020 8:48:20 PM,EVENT 54459 1597436918 0/0/0/0/11 INPUT 3 0 7 v:123
14/08/2020 8:48:20 PM,252 Event OK
14/08/2020 8:48:20 PM,EVENT 54460 1597436920 0/0/0/0/8 INPUT 3 1 0 v:123
14/08/2020 8:48:20 PM,252 Event OK
14/08/2020 8:48:20 PM,EVENT 54461 1597436984 0/0/0/0/11 INPUT 3 0 63 v:124
14/08/2020 8:48:20 PM,252 Event OK
14/08/2020 8:48:21 PM,EVENT 54462 1597437010 0/0/0/0/7 INPUT 3 1 0 v:124
14/08/2020 8:48:21 PM,252 Event OK
14/08/2020 8:48:21 PM,EVENT 54463 1597437138 0/0/0/0/12 INPUT 3 0 129 v:124
14/08/2020 8:48:21 PM,252 Event OK
14/08/2020 8:48:21 PM,EVENT 54464 1597437140 0/0/0/0/8 INPUT 3 1 0 v:124
14/08/2020 8:48:21 PM,252 Event OK
14/08/2020 8:48:21 PM,EVENT 54465 1597437155 0/0/0/0/10 INPUT 3 0 16 v:124
14/08/2020 8:48:21 PM,252 Event OK
14/08/2020 8:48:21 PM,EVENT 54466 1597437157 0/0/0/0/8 INPUT 3 1 0 v:124
14/08/2020 8:48:21 PM,252 Event OK
14/08/2020 8:48:22 PM,EVENT 54467 1597437645 0/0/0/0/12 INPUT 3 0 488 v:124
14/08/2020 8:48:22 PM,252 Event OK
14/08/2020 8:48:22 PM,EVENT 54468 1597437654 0/0/0/0/2 INPUT 3 1 0 v:124
14/08/2020 8:48:22 PM,252 Event OK
14/08/2020 8:48:22 PM,EVENT 54469 1597437657 0/0/0/0/11 INPUT 3 0 3 v:124
14/08/2020 8:48:22 PM,252 Event OK
14/08/2020 8:48:22 PM,EVENT 54470 1597437657 0/0/0/0/8 INPUT 3 1 0 v:124
14/08/2020 8:48:22 PM,252 Event OK
14/08/2020 8:48:22 PM,EVENT 54471 1597437985 -310121490/1219229031/5203/0/12 INPUT 3 0 328 v:124
14/08/2020 8:48:22 PM,252 Event OK
14/08/2020 8:48:23 PM,EVENT 54472 1597437994 -310121408/1219229276/1682/0/0 INPUT 7 1 0 v:124
14/08/2020 8:48:23 PM,252 Event OK
14/08/2020 8:48:23 PM,EVENT 54473 1597437994 -310121408/1219229276/1682/0/0 INPUT 8 0 1148 v:124
14/08/2020 8:48:23 PM,252 Event OK
14/08/2020 8:48:23 PM,EVENT 54474 1597437995 -310121415/1219229277/1637/1/0 INPUT 1 1 0 v:124
14/08/2020 8:48:23 PM,252 Event OK
14/08/2020 8:48:23 PM,EVENT 54475 1597437996 -310121431/1219229281/1547/1/0 INPUT 4 0 1099 v:124
14/08/2020 8:48:23 PM,252 Event OK
14/08/2020 8:48:24 PM,EVENT 54476 1597437999 -310121468/1219229264/1317/1/0 TRIP 54449 1034 100 9 6 1143 v:123
14/08/2020 8:48:24 PM,252 Event OK
14/08/2020 8:48:24 PM,EVENT 54477 1597438007 -310121535/1219229252/1082/3/0 REPORT * 0 28 v:123
14/08/2020 8:48:24 PM,252 Event OK
14/08/2020 8:48:24 PM,QUIT
14/08/2020 8:48:24 PM,221 Session ended - goodbye
14/08/2020 9:11:09 PM,UNIT 9279
14/08/2020 9:11:09 PM,333 CHAL ED652D3
14/08/2020 9:11:10 PM,RESP 9034D653
14/08/2020 9:11:10 PM,230 Auth OK
14/08/2020 9:11:10 PM,TIME
14/08/2020 9:11:10 PM,211 TIME 1597439470
14/08/2020 9:11:11 PM,EVCOUNT 2
14/08/2020 9:11:11 PM,252 Event OK
14/08/2020 9:11:11 PM,TODO
14/08/2020 9:11:11 PM,226 Nothing to do
14/08/2020 9:11:12 PM,EVENT 54478 1597439468 -310121789/1219228930/787/1/0 INPUT 8 1 0 v:124
14/08/2020 9:11:12 PM,252 Event OK
14/08/2020 9:11:13 PM,EVENT 54479 1597439468 -310121789/1219228931/787/1/0 INPUT 7 0 1473 v:124
14/08/2020 9:11:13 PM,252 Event OK
14/08/2020 9:11:13 PM,QUIT
14/08/2020 9:11:13 PM,221 Session ended - goodbye
14/08/2020 9:11:22 PM,UNIT 9279
14/08/2020 9:11:22 PM,333 CHAL 39938CAD
14/08/2020 9:11:22 PM,RESP 25AD45AF
14/08/2020 9:11:22 PM,230 Auth OK
14/08/2020 9:11:23 PM,TIME
14/08/2020 9:11:23 PM,211 TIME 1597439483
14/08/2020 9:11:23 PM,EVCOUNT 1
14/08/2020 9:11:23 PM,252 Event OK
14/08/2020 9:11:24 PM,TODO
14/08/2020 9:11:24 PM,226 Nothing to do
14/08/2020 9:11:25 PM,EVENT 54480 1597439480 -310121769/1219228917/801/1/0 SIGNON 2544 03d5def0 OK 26 151087 0 v:124
14/08/2020 9:11:25 PM,252 Event OK
14/08/2020 9:11:25 PM,QUIT
14/08/2020 9:11:25 PM,221 Session ended - goodbye
14/08/2020 9:11:37 PM,UNIT 9279
14/08/2020 9:11:37 PM,333 CHAL 25ED9385
14/08/2020 9:11:38 PM,RESP 62B2B9FE
14/08/2020 9:11:38 PM,230 Auth OK
14/08/2020 9:11:39 PM,TIME
14/08/2020 9:11:39 PM,211 TIME 1597439499
14/08/2020 9:11:40 PM,EVCOUNT 2
14/08/2020 9:11:40 PM,252 Event OK
14/08/2020 9:11:42 PM,TODO
14/08/2020 9:11:42 PM,226 Nothing to do
14/08/2020 9:11:51 PM,EVENT 54481 1597439487 -310121770/1219228928/796/1/0 INPUT 1 0 1492 v:124
14/08/2020 9:11:51 PM,252 Event OK
14/08/2020 9:11:51 PM,EVENT 54482 1597439487 -310121770/1219228929/796/1/0 INPUT 4 1 0 v:124
14/08/2020 9:11:51 PM,252 Event OK
14/08/2020 9:11:51 PM,EVENT 54483 1597439504 -310121319/1219229535/770/1/5 INPUT 3 1 0 v:124
14/08/2020 9:11:51 PM,252 Event OK
14/08/2020 9:11:51 PM,QUIT
14/08/2020 9:11:51 PM,221 Session ended - goodbye
14/08/2020 9:12:40 PM,UNIT 9279
14/08/2020 9:12:40 PM,333 CHAL 6DC84D6B
14/08/2020 9:12:41 PM,RESP B0BD45B2
14/08/2020 9:12:41 PM,230 Auth OK
14/08/2020 9:12:41 PM,TIME
14/08/2020 9:12:41 PM,211 TIME 1597439561
14/08/2020 9:12:42 PM,EVCOUNT 1
14/08/2020 9:12:42 PM,252 Event OK
14/08/2020 9:12:43 PM,TODO
14/08/2020 9:12:43 PM,226 Nothing to do
14/08/2020 9:12:43 PM,EVENT 54484 1597439558 -310128470/1219230125/808/0/10 INPUT 3 0 55 v:124
14/08/2020 9:12:43 PM,252 Event OK
14/08/2020 9:12:44 PM,QUIT
14/08/2020 9:12:44 PM,221 Session ended - goodbye
14/08/2020 9:12:55 PM,UNIT 9279
14/08/2020 9:12:55 PM,333 CHAL 536F4AC0
14/08/2020 9:12:55 PM,RESP 485C2608
14/08/2020 9:12:55 PM,230 Auth OK
14/08/2020 9:12:56 PM,TIME
14/08/2020 9:12:56 PM,211 TIME 1597439576
14/08/2020 9:12:56 PM,EVCOUNT 5
14/08/2020 9:12:56 PM,252 Event OK
14/08/2020 9:12:57 PM,TODO
14/08/2020 9:12:57 PM,226 Nothing to do
14/08/2020 9:12:58 PM,EVENT 54485 1597439568 -310128217/1219229175/804/4/0 INPUT 7 1 0 v:124
14/08/2020 9:12:58 PM,252 Event OK
14/08/2020 9:12:59 PM,EVENT 54486 1597439568 -310128217/1219229175/804/4/0 INPUT 8 0 100 v:124
14/08/2020 9:12:59 PM,252 Event OK
14/08/2020 9:12:59 PM,EVENT 54487 1597439569 -310128219/1219229181/802/4/0 INPUT 1 1 0 v:124
14/08/2020 9:12:59 PM,252 Event OK
14/08/2020 9:13:00 PM,EVENT 54488 1597439569 -310128218/1219229183/801/4/0 INPUT 4 0 83 v:124
14/08/2020 9:13:00 PM,252 Event OK
14/08/2020 9:13:01 PM,EVENT 54489 1597439572 -310128233/1219229205/795/4/0 TRIP 54480 55 28 10 7 93 v:124
14/08/2020 9:13:01 PM,252 Event OK
14/08/2020 9:13:02 PM,QUIT
14/08/2020 9:13:02 PM,221 Session ended - goodbye
14/08/2020 9:15:43 PM,UNIT 9279
14/08/2020 9:15:43 PM,333 CHAL 1CE5F19
14/08/2020 9:15:44 PM,RESP 37241CDF
14/08/2020 9:15:44 PM,230 Auth OK
14/08/2020 9:15:45 PM,TIME
14/08/2020 9:15:45 PM,211 TIME 1597439745
14/08/2020 9:15:46 PM,EVCOUNT 2
14/08/2020 9:15:46 PM,252 Event OK
14/08/2020 9:15:47 PM,TODO
14/08/2020 9:15:47 PM,226 Nothing to do
14/08/2020 9:15:48 PM,EVENT 54490 1597439741 -310128223/1219229209/772/5/0 INPUT 8 1 0 v:124
14/08/2020 9:15:48 PM,252 Event OK
14/08/2020 9:15:49 PM,EVENT 54491 1597439741 -310128223/1219229209/772/5/0 INPUT 7 0 174 v:124
14/08/2020 9:15:49 PM,252 Event OK
14/08/2020 9:15:50 PM,EVENT 54492 1597439750 -310128229/1219229204/758/6/0 SIGNON 2544 03d5def0 OK 26 151087 0 v:124
14/08/2020 9:15:50 PM,252 Event OK
14/08/2020 9:15:52 PM,QUIT
14/08/2020 9:15:52 PM,221 Session ended - goodbye
14/08/2020 9:16:06 PM,UNIT 9279
14/08/2020 9:16:06 PM,333 CHAL 50C58CF
14/08/2020 9:16:07 PM,RESP ACEA0740
14/08/2020 9:16:07 PM,230 Auth OK
14/08/2020 9:16:08 PM,TIME
14/08/2020 9:16:08 PM,211 TIME 1597439768
14/08/2020 9:16:09 PM,EVCOUNT 2
14/08/2020 9:16:09 PM,252 Event OK
14/08/2020 9:16:10 PM,TODO
14/08/2020 9:16:10 PM,226 Nothing to do
14/08/2020 9:16:11 PM,EVENT 54493 1597439757 -310128238/1219229206/757/6/0 INPUT 1 0 188 v:124
14/08/2020 9:16:11 PM,252 Event OK
14/08/2020 9:16:13 PM,EVENT 54494 1597439757 -310128238/1219229206/757/6/0 INPUT 4 1 0 v:124
14/08/2020 9:16:13 PM,252 Event OK
14/08/2020 9:16:13 PM,QUIT
14/08/2020 9:16:13 PM,221 Session ended - goodbye
14/08/2020 9:16:24 PM,UNIT 9279
14/08/2020 9:16:24 PM,333 CHAL 4CE524C
14/08/2020 9:16:25 PM,RESP 176F571F
14/08/2020 9:16:25 PM,230 Auth OK
14/08/2020 9:16:26 PM,TIME
14/08/2020 9:16:26 PM,211 TIME 1597439786
14/08/2020 9:16:27 PM,EVCOUNT 1
14/08/2020 9:16:27 PM,252 Event OK
14/08/2020 9:16:28 PM,TODO
14/08/2020 9:16:28 PM,226 Nothing to do
14/08/2020 9:16:30 PM,EVENT 54495 1597439774 -310127926/1219230176/797/6/4 INPUT 3 1 0 v:124
14/08/2020 9:16:30 PM,252 Event OK
14/08/2020 9:16:31 PM,EVENT 54496 1597439790 -310123574/1219231323/789/6/10 INPUT 3 0 15 v:124
14/08/2020 9:16:31 PM,252 Event OK
14/08/2020 9:16:32 PM,EVENT 54497 1597439792 -310123506/1219230990/792/6/8 INPUT 3 1 0 v:124
14/08/2020 9:16:32 PM,252 Event OK
14/08/2020 9:16:33 PM,EVENT 54498 1597439792 -310123536/1219230744/796/6/9 INPUT 3 0 1 v:124
14/08/2020 9:16:33 PM,252 Event OK
14/08/2020 9:16:34 PM,QUIT
14/08/2020 9:16:34 PM,221 Session ended - goodbye
14/08/2020 9:16:44 PM,UNIT 9279
14/08/2020 9:16:44 PM,333 CHAL 4C4F43FF
14/08/2020 9:16:45 PM,RESP 8E0F8C0A
14/08/2020 9:16:45 PM,230 Auth OK
14/08/2020 9:16:46 PM,TIME
14/08/2020 9:16:46 PM,211 TIME 1597439806
14/08/2020 9:16:46 PM,EVCOUNT 2
14/08/2020 9:16:46 PM,252 Event OK
14/08/2020 9:16:47 PM,TODO
14/08/2020 9:16:47 PM,226 Nothing to do
14/08/2020 9:16:48 PM,EVENT 54499 1597439802 -310123661/1219230324/814/6/3 INPUT 4 0 46 v:124
14/08/2020 9:16:48 PM,252 Event OK
14/08/2020 9:16:49 PM,EVENT 54500 1597439802 -310123654/1219230357/813/6/3 INPUT 4 1 0 v:124
14/08/2020 9:16:49 PM,252 Event OK
14/08/2020 9:16:49 PM,EVENT 54501 1597439808 -310123416/1219230877/821/5/3 INPUT 4 0 6 v:124
14/08/2020 9:16:49 PM,252 Event OK
14/08/2020 9:16:50 PM,EVENT 54502 1597439809 -310123384/1219230909/823/5/3 INPUT 4 1 0 v:124
14/08/2020 9:16:50 PM,252 Event OK
14/08/2020 9:16:51 PM,EVENT 54503 1597439811 -310123238/1219231022/832/5/2 INPUT 4 0 3 v:124
14/08/2020 9:16:51 PM,252 Event OK
14/08/2020 9:16:52 PM,EVENT 54504 1597439812 -310123204/1219231038/833/5/2 INPUT 4 1 0 v:124
14/08/2020 9:16:52 PM,252 Event OK
14/08/2020 9:16:52 PM,QUIT
14/08/2020 9:16:52 PM,221 Session ended - goodbye
14/08/2020 9:17:03 PM,UNIT 9279
14/08/2020 9:17:03 PM,333 CHAL 70147D67
14/08/2020 9:17:04 PM,RESP 5C2FA242
14/08/2020 9:17:04 PM,230 Auth OK
14/08/2020 9:17:04 PM,TIME
14/08/2020 9:17:04 PM,211 TIME 1597439824
14/08/2020 9:17:05 PM,EVCOUNT 5
14/08/2020 9:17:05 PM,252 Event OK
14/08/2020 9:17:05 PM,TODO
14/08/2020 9:17:05 PM,226 Nothing to do
14/08/2020 9:17:06 PM,EVENT 54505 1597439814 -310123033/1219231086/836/5/1 INPUT 4 0 3 v:124
14/08/2020 9:17:06 PM,252 Event OK
14/08/2020 9:17:07 PM,EVENT 54506 1597439814 -310122989/1219231091/838/5/1 INPUT 4 1 0 v:124
14/08/2020 9:17:07 PM,252 Event OK
14/08/2020 9:17:08 PM,EVENT 54507 1597439819 -310122991/1219231119/854/5/0 INPUT 4 0 5 v:124
14/08/2020 9:17:08 PM,252 Event OK
14/08/2020 9:17:09 PM,EVENT 54508 1597439819 -310123024/1219231118/856/5/0 INPUT 4 1 0 v:124
14/08/2020 9:17:09 PM,252 Event OK
14/08/2020 9:17:10 PM,EVENT 54509 1597439823 -310123425/1219231176/875/5/5 INPUT 3 1 0 v:124
14/08/2020 9:17:10 PM,252 Event OK
14/08/2020 9:17:10 PM,QUIT
14/08/2020 9:17:10 PM,221 Session ended - goodbye
14/08/2020 9:17:21 PM,UNIT 9279
14/08/2020 9:17:21 PM,333 CHAL 1D32EB53
14/08/2020 9:17:22 PM,RESP D4D539F6
14/08/2020 9:17:22 PM,230 Auth OK
14/08/2020 9:17:22 PM,TIME
14/08/2020 9:17:22 PM,211 TIME 1597439842
14/08/2020 9:17:23 PM,EVCOUNT 1
14/08/2020 9:17:23 PM,252 Event OK
14/08/2020 9:17:23 PM,TODO
14/08/2020 9:17:23 PM,226 Nothing to do
14/08/2020 9:17:24 PM,EVENT 54510 1597439837 -310124299/1219236839/821/5/15 REPORT 54492 15 61 v:124
14/08/2020 9:17:24 PM,252 Event OK
14/08/2020 9:17:25 PM,QUIT
14/08/2020 9:17:25 PM,221 Session ended - goodbye
14/08/2020 9:18:41 PM,UNIT 9279
14/08/2020 9:18:41 PM,333 CHAL 6034729A
14/08/2020 9:18:42 PM,RESP D6D906AE
14/08/2020 9:18:42 PM,230 Auth OK
14/08/2020 9:18:43 PM,TIME
14/08/2020 9:18:43 PM,211 TIME 1597439923
14/08/2020 9:18:44 PM,EVCOUNT 1
14/08/2020 9:18:44 PM,252 Event OK
14/08/2020 9:18:44 PM,TODO
14/08/2020 9:18:44 PM,226 Nothing to do
14/08/2020 9:18:45 PM,EVENT 54511 1597439919 -310140964/1219245604/815/0/20 ZONEOVERSPEED 54492 7 32 1 v:124
14/08/2020 9:18:45 PM,252 Event OK
14/08/2020 9:18:46 PM,QUIT
14/08/2020 9:18:46 PM,221 Session ended - goodbye
14/08/2020 9:19:12 PM,UNIT 9279
14/08/2020 9:19:12 PM,333 CHAL 17F50DA3
14/08/2020 9:19:17 PM,RESP 1C2B75A7
14/08/2020 9:19:17 PM,230 Auth OK
14/08/2020 9:19:17 PM,TIME
14/08/2020 9:19:17 PM,211 TIME 1597439957
14/08/2020 9:19:18 PM,EVCOUNT 9
14/08/2020 9:19:18 PM,252 Event OK
14/08/2020 9:19:18 PM,TODO
14/08/2020 9:19:18 PM,226 Nothing to do
14/08/2020 9:19:19 PM,EVENT 54512 1597439943 -310143145/1219231899/794/4/12 INPUT 3 0 120 v:124
14/08/2020 9:19:19 PM,252 Event OK
14/08/2020 9:19:20 PM,EVENT 54513 1597439947 -310143451/1219231791/802/4/0 INPUT 7 1 0 v:124
14/08/2020 9:19:20 PM,252 Event OK
14/08/2020 9:19:20 PM,EVENT 54514 1597439947 -310143451/1219231791/802/4/0 INPUT 8 0 207 v:124
14/08/2020 9:19:20 PM,252 Event OK
14/08/2020 9:20:06 PM,UNIT 9279
14/08/2020 9:20:06 PM,333 CHAL 413BB9E9
14/08/2020 9:20:07 PM,RESP 40C8DF71
14/08/2020 9:20:07 PM,230 Auth OK
14/08/2020 9:20:07 PM,TIME
14/08/2020 9:20:07 PM,211 TIME 1597440007
14/08/2020 9:20:07 PM,EVCOUNT 7
14/08/2020 9:20:07 PM,252 Event OK
14/08/2020 9:20:08 PM,TODO
14/08/2020 9:20:08 PM,226 Nothing to do
14/08/2020 9:20:10 PM,EVENT 54514 1597439947 -310143451/1219231791/802/4/0 INPUT 8 0 207 v:124
14/08/2020 9:20:10 PM,253 Event OK - Duplicate
14/08/2020 9:20:10 PM,EVENT 54515 1597439948 -310143450/1219231794/801/4/0 INPUT 4 0 129 v:123
14/08/2020 9:20:10 PM,252 Event OK
14/08/2020 9:20:10 PM,EVENT 54516 1597439948 -310143449/1219231797/800/4/0 INPUT 1 1 0 v:123
14/08/2020 9:20:10 PM,252 Event OK
14/08/2020 9:20:11 PM,EVENT 54517 1597439948 -310143449/1219231797/800/4/0 INPUT 4 1 0 v:123
14/08/2020 9:20:11 PM,252 Event OK
14/08/2020 9:20:11 PM,EVENT 54518 1597439951 -310143441/1219231811/802/4/0 INPUT 4 0 3 v:123
14/08/2020 9:20:11 PM,252 Event OK
14/08/2020 9:20:12 PM,EVENT 54519 1597439952 -310143439/1219231819/800/4/0 TRIP 54492 136 59 7 6 202 v:123
14/08/2020 9:20:12 PM,252 Event OK
14/08/2020 9:20:12 PM,EVENT 54520 1597439952 -310143439/1219231819/800/4/0 TRIPSUMMARY 54492 v:123
14/08/2020 9:20:12 PM,252 Event OK
14/08/2020 9:20:13 PM,QUIT
14/08/2020 9:20:13 PM,221 Session ended - goodbye
14/08/2020 10:18:06 PM,UNIT 9279
14/08/2020 10:18:06 PM,333 CHAL 7B1CDD99
14/08/2020 10:18:07 PM,RESP E34211B4
14/08/2020 10:18:07 PM,230 Auth OK
14/08/2020 10:18:07 PM,TIME
14/08/2020 10:18:07 PM,211 TIME 1597443487
14/08/2020 10:18:07 PM,EVCOUNT 13
14/08/2020 10:18:07 PM,252 Event OK
14/08/2020 10:18:07 PM,TODO
14/08/2020 10:18:07 PM,226 Nothing to do
14/08/2020 10:18:08 PM,EVENT 54521 1597443462 0/0/0/0/0 SWSTART OpusFC 5.0.58.518 R v:124
14/08/2020 10:18:08 PM,252 Event OK
14/08/2020 10:18:08 PM,EVENT 54522 1597439952 0/0/0/0/0 POWERDOWN v:123
14/08/2020 10:18:08 PM,252 Event OK
14/08/2020 10:18:09 PM,EVENT 54523 1597443462 0/0/0/0/0 INPUT 1 1 0 v:123
14/08/2020 10:18:09 PM,252 Event OK
14/08/2020 10:18:09 PM,EVENT 54524 1597443462 0/0/0/0/0 INPUT 2 0 0 v:123
14/08/2020 10:18:09 PM,252 Event OK
14/08/2020 10:18:09 PM,EVENT 54525 1597443462 0/0/0/0/0 INPUT 3 0 0 v:123
14/08/2020 10:18:09 PM,252 Event OK
14/08/2020 10:18:09 PM,EVENT 54526 1597443462 0/0/0/0/0 INPUT 4 0 0 v:123
14/08/2020 10:18:09 PM,252 Event OK
14/08/2020 10:18:10 PM,EVENT 54527 1597443462 0/0/0/0/0 INPUT 7 0 0 v:123
14/08/2020 10:18:10 PM,252 Event OK
14/08/2020 10:18:10 PM,EVENT 54528 1597443462 0/0/0/0/0 INPUT 8 1 0 v:123
14/08/2020 10:18:10 PM,252 Event OK
14/08/2020 10:18:10 PM,EVENT 54529 1597443464 0/0/0/0/0 ZONE_OK 2 100 FW=NO VERSION v:123
14/08/2020 10:18:10 PM,252 Event OK
14/08/2020 10:18:10 PM,EVENT 54530 1597443472 0/0/0/0/0 SIGNON 2463 01b1def3 OK_CL 26 271086 0 v:123
14/08/2020 10:18:10 PM,252 Event OK
14/08/2020 10:18:11 PM,EVENT 54531 1597443477 0/0/0/99/0 CHECKLIST 54530 OK 0 6 432 F v:123
14/08/2020 10:18:11 PM,252 Event OK
14/08/2020 10:18:11 PM,EVENT 54532 1597443484 0/0/0/99/0 INPUT 1 0 22 v:123
14/08/2020 10:18:11 PM,252 Event OK
14/08/2020 10:18:11 PM,EVENT 54533 1597443485 0/0/0/99/0 INPUT 4 1 0 v:123
14/08/2020 10:18:11 PM,252 Event OK
14/08/2020 10:18:11 PM,QUIT
14/08/2020 10:18:11 PM,221 Session ended - goodbye
14/08/2020 10:18:24 PM,UNIT 9279
14/08/2020 10:18:24 PM,333 CHAL 61522887
14/08/2020 10:18:25 PM,RESP 7F125AE9
14/08/2020 10:18:25 PM,230 Auth OK
14/08/2020 10:18:26 PM,TIME
14/08/2020 10:18:26 PM,211 TIME 1597443506
14/08/2020 10:18:26 PM,EVCOUNT 2
14/08/2020 10:18:26 PM,252 Event OK
14/08/2020 10:18:27 PM,TODO
14/08/2020 10:18:27 PM,226 Nothing to do
14/08/2020 10:18:28 PM,EVENT 54534 1597443502 -310143572/1219231717/1978/5/0 INPUT 4 0 18 v:123
14/08/2020 10:18:28 PM,252 Event OK
14/08/2020 10:18:29 PM,EVENT 54535 1597443502 -310143567/1219231687/1878/5/0 INPUT 4 1 0 v:123
14/08/2020 10:18:29 PM,252 Event OK
14/08/2020 10:18:30 PM,QUIT
14/08/2020 10:18:30 PM,221 Session ended - goodbye
14/08/2020 10:18:39 PM,UNIT 9279
14/08/2020 10:18:39 PM,333 CHAL 11EC96AC
14/08/2020 10:18:40 PM,RESP 3B99A9B9
14/08/2020 10:18:40 PM,230 Auth OK
14/08/2020 10:18:41 PM,TIME
14/08/2020 10:18:41 PM,211 TIME 1597443521
14/08/2020 10:18:41 PM,EVCOUNT 7
14/08/2020 10:18:41 PM,252 Event OK
14/08/2020 10:18:42 PM,TODO
14/08/2020 10:18:42 PM,226 Nothing to do
14/08/2020 10:18:43 PM,EVENT 54536 1597443512 -310143536/1219231490/966/5/0 INPUT 7 1 0 v:123
14/08/2020 10:18:43 PM,252 Event OK
14/08/2020 10:18:44 PM,EVENT 54537 1597443512 -310143536/1219231490/966/5/0 INPUT 8 0 50 v:123
14/08/2020 10:18:44 PM,252 Event OK
14/08/2020 10:18:45 PM,EVENT 54538 1597443513 -310143532/1219231483/930/5/0 INPUT 1 1 0 v:123
14/08/2020 10:18:45 PM,252 Event OK
14/08/2020 10:18:46 PM,EVENT 54539 1597443513 -310143532/1219231483/930/5/0 INPUT 4 0 11 v:123
14/08/2020 10:18:46 PM,252 Event OK
14/08/2020 10:18:47 PM,EVENT 54540 1597443517 -310143520/1219231459/829/5/0 TRIP 54530 0 29 13 9 42 v:123
14/08/2020 10:18:47 PM,252 Event OK
14/08/2020 10:18:48 PM,EVENT 54541 1597443521 -310143515/1219231440/769/5/0 INPUT 8 1 0 v:123
14/08/2020 10:18:48 PM,252 Event OK
14/08/2020 10:18:49 PM,EVENT 54542 1597443521 -310143515/1219231436/761/5/0 INPUT 7 0 9 v:123
14/08/2020 10:18:49 PM,252 Event OK
14/08/2020 10:18:50 PM,EVENT 54543 1597443529 -310143507/1219231437/681/5/0 SIGNON 2463 01b1def3 OK 26 271086 0 v:123
14/08/2020 10:18:50 PM,252 Event OK
14/08/2020 10:18:51 PM,QUIT
14/08/2020 10:18:51 PM,221 Session ended - goodbye
14/08/2020 10:19:02 PM,UNIT 9279
14/08/2020 10:19:02 PM,333 CHAL 1A9E2268
14/08/2020 10:19:02 PM,RESP 123BDF3D
14/08/2020 10:19:02 PM,230 Auth OK
14/08/2020 10:19:03 PM,TIME
14/08/2020 10:19:03 PM,211 TIME 1597443543
14/08/2020 10:19:04 PM,EVCOUNT 2
14/08/2020 10:19:04 PM,252 Event OK
14/08/2020 10:19:05 PM,TODO
14/08/2020 10:19:05 PM,226 Nothing to do
14/08/2020 10:19:06 PM,EVENT 54544 1597443535 -310143499/1219231465/675/5/0 INPUT 1 0 21 v:123
14/08/2020 10:19:06 PM,252 Event OK
14/08/2020 10:19:07 PM,EVENT 54545 1597443535 -310143499/1219231465/675/5/0 INPUT 4 1 0 v:123
14/08/2020 10:19:07 PM,252 Event OK
14/08/2020 10:19:07 PM,QUIT
14/08/2020 10:19:07 PM,221 Session ended - goodbye
14/08/2020 10:20:27 PM,UNIT 9279
14/08/2020 10:20:27 PM,333 CHAL 5543866B
14/08/2020 10:20:27 PM,RESP 3D61882F
14/08/2020 10:20:27 PM,230 Auth OK
14/08/2020 10:20:28 PM,TIME
14/08/2020 10:20:28 PM,211 TIME 1597443628
14/08/2020 10:20:29 PM,EVCOUNT 2
14/08/2020 10:20:29 PM,252 Event OK
14/08/2020 10:20:30 PM,TODO
14/08/2020 10:20:30 PM,226 Nothing to do
14/08/2020 10:20:31 PM,EVENT 54546 1597443624 -310143486/1219231566/699/5/0 INPUT 4 0 90 v:124
14/08/2020 10:20:31 PM,252 Event OK
14/08/2020 10:20:32 PM,EVENT 54547 1597443624 -310143486/1219231566/699/5/0 INPUT 4 1 0 v:124
14/08/2020 10:20:32 PM,252 Event OK
14/08/2020 10:20:32 PM,QUIT
14/08/2020 10:20:32 PM,221 Session ended - goodbye
14/08/2020 10:20:48 PM,UNIT 9279
14/08/2020 10:20:48 PM,333 CHAL 72E403E9
14/08/2020 10:20:48 PM,RESP 65665750
14/08/2020 10:20:48 PM,230 Auth OK
14/08/2020 10:20:49 PM,TIME
14/08/2020 10:20:49 PM,211 TIME 1597443649
14/08/2020 10:20:50 PM,EVCOUNT 2
14/08/2020 10:20:50 PM,252 Event OK
14/08/2020 10:20:51 PM,TODO
14/08/2020 10:20:51 PM,226 Nothing to do
14/08/2020 10:20:52 PM,EVENT 54548 1597443645 -310143490/1219231470/705/5/0 INPUT 4 0 21 v:124
14/08/2020 10:20:52 PM,252 Event OK
14/08/2020 10:20:53 PM,EVENT 54549 1597443645 -310143491/1219231468/704/5/0 INPUT 4 1 0 v:124
14/08/2020 10:20:53 PM,252 Event OK
14/08/2020 10:20:54 PM,QUIT
14/08/2020 10:20:54 PM,221 Session ended - goodbye
14/08/2020 10:21:05 PM,UNIT 9279
14/08/2020 10:21:05 PM,333 CHAL 49E2E60A
14/08/2020 10:21:06 PM,RESP ACEC0B12
14/08/2020 10:21:06 PM,230 Auth OK
14/08/2020 10:21:07 PM,TIME
14/08/2020 10:21:07 PM,211 TIME 1597443667
14/08/2020 10:21:07 PM,EVCOUNT 2
14/08/2020 10:21:07 PM,252 Event OK
14/08/2020 10:21:08 PM,TODO
14/08/2020 10:21:08 PM,226 Nothing to do
14/08/2020 10:21:09 PM,EVENT 54550 1597443661 -310143539/1219231447/708/5/0 INPUT 4 0 16 v:123
14/08/2020 10:21:09 PM,252 Event OK
14/08/2020 10:21:11 PM,EVENT 54551 1597443661 -310143541/1219231448/708/5/0 INPUT 4 1 0 v:123
14/08/2020 10:21:11 PM,252 Event OK
14/08/2020 10:21:11 PM,QUIT
14/08/2020 10:21:11 PM,221 Session ended - goodbye
14/08/2020 10:21:37 PM,UNIT 9279
14/08/2020 10:21:37 PM,333 CHAL 5110035A
14/08/2020 10:21:37 PM,RESP 04E71433
14/08/2020 10:21:37 PM,230 Auth OK
14/08/2020 10:21:38 PM,TIME
14/08/2020 10:21:38 PM,211 TIME 1597443698
14/08/2020 10:21:39 PM,EVCOUNT 2
14/08/2020 10:21:39 PM,252 Event OK
14/08/2020 10:21:40 PM,TODO
14/08/2020 10:21:40 PM,226 Nothing to do
14/08/2020 10:21:41 PM,EVENT 54552 1597443694 -310143517/1219231541/696/5/0 INPUT 4 0 33 v:124
14/08/2020 10:21:41 PM,252 Event OK
14/08/2020 10:21:42 PM,EVENT 54553 1597443694 -310143519/1219231541/696/5/0 INPUT 4 1 0 v:124
14/08/2020 10:21:42 PM,252 Event OK
14/08/2020 10:21:42 PM,QUIT
14/08/2020 10:21:42 PM,221 Session ended - goodbye
14/08/2020 10:23:04 PM,UNIT 9279
14/08/2020 10:23:04 PM,333 CHAL 13CF2464
14/08/2020 10:23:05 PM,RESP 40B6CF5D
14/08/2020 10:23:05 PM,230 Auth OK
14/08/2020 10:23:05 PM,TIME
14/08/2020 10:23:05 PM,211 TIME 1597443785
14/08/2020 10:23:06 PM,EVCOUNT 2
14/08/2020 10:23:06 PM,252 Event OK
14/08/2020 10:23:07 PM,TODO
14/08/2020 10:23:07 PM,226 Nothing to do
14/08/2020 10:23:08 PM,EVENT 54554 1597443781 -310143501/1219231724/711/5/0 INPUT 4 0 87 v:124
14/08/2020 10:23:08 PM,252 Event OK
14/08/2020 10:23:09 PM,EVENT 54555 1597443781 -310143475/1219231725/710/5/0 INPUT 4 1 0 v:124
14/08/2020 10:23:09 PM,252 Event OK
14/08/2020 10:23:10 PM,QUIT
14/08/2020 10:23:10 PM,221 Session ended - goodbye
14/08/2020 10:23:21 PM,UNIT 9279
14/08/2020 10:23:21 PM,333 CHAL 2F0E6DD1
14/08/2020 10:23:21 PM,RESP 349B2BD7
14/08/2020 10:23:21 PM,230 Auth OK
14/08/2020 10:23:22 PM,TIME
14/08/2020 10:23:22 PM,211 TIME 1597443802
14/08/2020 10:23:22 PM,EVCOUNT 1
14/08/2020 10:23:22 PM,252 Event OK
14/08/2020 10:23:23 PM,TODO
14/08/2020 10:23:23 PM,226 Nothing to do
14/08/2020 10:23:24 PM,EVENT 54556 1597443793 -310142901/1219231587/726/5/7 INPUT 3 1 0 v:123
14/08/2020 10:23:24 PM,252 Event OK
14/08/2020 10:23:25 PM,QUIT
14/08/2020 10:23:25 PM,221 Session ended - goodbye
14/08/2020 10:24:20 PM,UNIT 9279
14/08/2020 10:24:20 PM,333 CHAL 31AE3FDD
14/08/2020 10:24:20 PM,RESP D437FF0F
14/08/2020 10:24:20 PM,230 Auth OK
14/08/2020 10:24:21 PM,TIME
14/08/2020 10:24:21 PM,211 TIME 1597443861
14/08/2020 10:24:22 PM,EVCOUNT 4
14/08/2020 10:24:22 PM,252 Event OK
14/08/2020 10:24:22 PM,TODO
14/08/2020 10:24:22 PM,226 Nothing to do
14/08/2020 10:24:23 PM,EVENT 54557 1597443859 -310121545/1219236302/804/5/9 INPUT 3 0 65 v:124
14/08/2020 10:24:23 PM,252 Event OK
14/08/2020 10:24:24 PM,EVENT 54558 1597443860 -310121434/1219236233/810/5/6 INPUT 7 1 0 v:123
14/08/2020 10:24:24 PM,252 Event OK
14/08/2020 10:24:24 PM,EVENT 54559 1597443860 -310121434/1219236233/810/5/6 INPUT 8 0 339 v:123
14/08/2020 10:24:24 PM,252 Event OK
14/08/2020 10:24:25 PM,EVENT 54560 1597443861 -310121390/1219236201/811/5/3 INPUT 1 1 0 v:123
14/08/2020 10:24:25 PM,252 Event OK
14/08/2020 10:24:26 PM,EVENT 54561 1597443862 -310121388/1219236202/810/5/1 INPUT 4 0 81 v:123
14/08/2020 10:24:26 PM,252 Event OK
14/08/2020 10:24:27 PM,EVENT 54562 1597443862 -310121387/1219236203/809/5/1 INPUT 4 1 0 v:123
14/08/2020 10:24:27 PM,252 Event OK
14/08/2020 10:24:28 PM,EVENT 54563 1597443864 -310121372/1219236201/804/5/0 TRIP 54543 65 265 6 6 336 v:123
14/08/2020 10:24:28 PM,252 Event OK
14/08/2020 10:24:29 PM,EVENT 54564 1597443865 -310121367/1219236199/803/5/0 INPUT 4 0 2 v:123
14/08/2020 10:24:29 PM,252 Event OK
14/08/2020 10:24:29 PM,QUIT
14/08/2020 10:24:29 PM,221 Session ended - goodbye
14/08/2020 10:24:53 PM,UNIT 9279
14/08/2020 10:24:53 PM,333 CHAL 6AD2FDB7
14/08/2020 10:24:54 PM,RESP B5B22C6C
14/08/2020 10:24:54 PM,230 Auth OK
14/08/2020 10:24:54 PM,TIME
14/08/2020 10:24:54 PM,211 TIME 1597443894
14/08/2020 10:24:55 PM,EVCOUNT 1
14/08/2020 10:24:55 PM,252 Event OK
14/08/2020 10:24:55 PM,TODO
14/08/2020 10:24:55 PM,226 Nothing to do
14/08/2020 10:24:56 PM,EVENT 54565 1597443891 -310121262/1219236197/786/5/0 REPORT * 0 65 v:123
14/08/2020 10:24:56 PM,252 Event OK
14/08/2020 10:24:56 PM,QUIT
14/08/2020 10:24:56 PM,221 Session ended - goodbye
14/08/2020 10:25:12 PM,UNIT 9279
14/08/2020 10:25:12 PM,333 CHAL 20775B9E
14/08/2020 10:25:13 PM,RESP 6CC57212
14/08/2020 10:25:13 PM,230 Auth OK
14/08/2020 10:25:14 PM,TIME
14/08/2020 10:25:14 PM,211 TIME 1597443914
14/08/2020 10:25:14 PM,EVCOUNT 2
14/08/2020 10:25:14 PM,252 Event OK
14/08/2020 10:25:15 PM,TODO
14/08/2020 10:25:15 PM,226 Nothing to do
14/08/2020 10:25:15 PM,EVENT 54566 1597443910 -310121248/1219236192/782/5/0 INPUT 8 1 0 v:123
14/08/2020 10:25:15 PM,252 Event OK
14/08/2020 10:25:16 PM,EVENT 54567 1597443910 -310121248/1219236192/782/5/0 INPUT 7 0 51 v:123
14/08/2020 10:25:16 PM,252 Event OK
14/08/2020 10:25:17 PM,QUIT
14/08/2020 10:25:17 PM,221 Session ended - goodbye
14/08/2020 10:25:27 PM,UNIT 9279
14/08/2020 10:25:27 PM,333 CHAL A28A6C5
14/08/2020 10:25:28 PM,RESP 39A2D657
14/08/2020 10:25:28 PM,230 Auth OK
14/08/2020 10:25:28 PM,TIME
14/08/2020 10:25:28 PM,211 TIME 1597443928
14/08/2020 10:25:29 PM,EVCOUNT 3
14/08/2020 10:25:29 PM,252 Event OK
14/08/2020 10:25:29 PM,TODO
14/08/2020 10:25:29 PM,226 Nothing to do
14/08/2020 10:25:30 PM,EVENT 54568 1597443918 -310121228/1219236140/775/5/0 SIGNON 2463 01b1def3 OK 26 271086 0 v:124
14/08/2020 10:25:30 PM,252 Event OK
14/08/2020 10:25:31 PM,EVENT 54569 1597443924 -310121219/1219236119/772/5/0 INPUT 1 0 63 v:124
14/08/2020 10:25:31 PM,252 Event OK
14/08/2020 10:25:32 PM,EVENT 54570 1597443924 -310121219/1219236119/772/5/0 INPUT 4 1 0 v:124
14/08/2020 10:25:32 PM,252 Event OK
14/08/2020 10:25:33 PM,EVENT 54571 1597443930 -310120845/1219235882/776/5/7 INPUT 3 1 0 v:123
14/08/2020 10:25:33 PM,252 Event OK
14/08/2020 10:25:33 PM,QUIT
14/08/2020 10:25:33 PM,221 Session ended - goodbye
14/08/2020 10:25:57 PM,UNIT 9279
14/08/2020 10:25:57 PM,333 CHAL 6920FA51
14/08/2020 10:25:57 PM,RESP EAF856A6
14/08/2020 10:25:57 PM,230 Auth OK
14/08/2020 10:25:58 PM,TIME
14/08/2020 10:25:58 PM,211 TIME 1597443958
14/08/2020 10:25:59 PM,EVCOUNT 4
14/08/2020 10:25:59 PM,252 Event OK
14/08/2020 10:25:59 PM,TODO
14/08/2020 10:25:59 PM,226 Nothing to do
14/08/2020 10:26:01 PM,EVENT 54572 1597443954 -310121166/1219229159/840/3/10 INPUT 3 0 24 v:124
14/08/2020 10:26:01 PM,252 Event OK
14/08/2020 10:26:02 PM,EVENT 54573 1597443957 -310121555/1219228908/845/3/5 INPUT 7 1 0 v:124
14/08/2020 10:26:02 PM,252 Event OK
14/08/2020 10:26:03 PM,EVENT 54574 1597443957 -310121555/1219228908/845/3/5 INPUT 8 0 47 v:124
14/08/2020 10:26:03 PM,252 Event OK
14/08/2020 10:26:04 PM,EVENT 54575 1597443958 -310121564/1219228899/843/3/2 INPUT 1 1 0 v:123
14/08/2020 10:26:04 PM,252 Event OK
14/08/2020 10:26:05 PM,EVENT 54576 1597443961 -310121571/1219228880/827/3/0 TRIP 54568 24 13 6 6 43 v:123
14/08/2020 10:26:05 PM,252 Event OK
14/08/2020 10:26:06 PM,EVENT 54577 1597443962 -310121571/1219228880/827/3/0 INPUT 4 0 37 v:123
14/08/2020 10:26:06 PM,252 Event OK
14/08/2020 10:26:06 PM,QUIT
14/08/2020 10:26:06 PM,221 Session ended - goodbye
14/08/2020 10:26:41 PM,UNIT 9279
14/08/2020 10:26:41 PM,333 CHAL 279237B
14/08/2020 10:26:41 PM,RESP D17E7A18
14/08/2020 10:26:41 PM,230 Auth OK
14/08/2020 10:26:43 PM,TIME
14/08/2020 10:26:43 PM,211 TIME 1597444003
14/08/2020 10:26:44 PM,EVCOUNT 2
14/08/2020 10:26:44 PM,252 Event OK
14/08/2020 10:26:44 PM,TODO
14/08/2020 10:26:44 PM,226 Nothing to do
15/08/2020 9:02:53 AM,UNIT 9279
15/08/2020 9:02:53 AM,333 CHAL 1274E3A1
15/08/2020 9:02:54 AM,RESP 8C4B8656
15/08/2020 9:02:54 AM,230 Auth OK
15/08/2020 9:02:55 AM,TIME
15/08/2020 9:02:55 AM,211 TIME 1597482175
15/08/2020 9:02:55 AM,EVCOUNT 603
15/08/2020 9:02:55 AM,252 Event OK
15/08/2020 9:02:56 AM,TODO
15/08/2020 9:02:56 AM,226 Nothing to do
15/08/2020 9:02:57 AM,EVENT 54578 1597443993 -310121614/1219228883/744/0/0 INPUT 8 1 0 v:123
15/08/2020 9:02:57 AM,252 Event OK
15/08/2020 9:02:58 AM,EVENT 54579 1597443993 -310121614/1219228885/744/0/0 INPUT 7 0 37 v:123
15/08/2020 9:02:58 AM,252 Event OK
15/08/2020 9:02:59 AM,EVENT 54580 1597444006 -310121631/1219228914/769/0/0 SIGNON 2463 01b1def3 OK 26 271086 0 v:123
15/08/2020 9:02:59 AM,252 Event OK
15/08/2020 9:02:59 AM,EVENT 54581 1597444012 -310121630/1219228873/772/0/0 INPUT 1 0 55 v:124
15/08/2020 9:02:59 AM,252 Event OK
15/08/2020 9:03:00 AM,EVENT 54582 1597444013 -310121630/1219228873/772/0/0 INPUT 4 1 0 v:124
15/08/2020 9:03:00 AM,252 Event OK
15/08/2020 9:03:01 AM,EVENT 54583 1597444028 -310121690/1219228874/786/0/0 INPUT 4 0 16 v:124
15/08/2020 9:03:01 AM,252 Event OK
15/08/2020 9:03:02 AM,EVENT 54584 1597444028 -310121692/1219228875/788/0/0 INPUT 4 1 0 v:124
15/08/2020 9:03:02 AM,252 Event OK
15/08/2020 9:03:03 AM,EVENT 54585 1597444036 -310121737/1219228876/770/0/0 INPUT 4 0 8 v:123
15/08/2020 9:03:03 AM,252 Event OK
15/08/2020 9:03:03 AM,EVENT 54586 1597444037 -310121737/1219228876/770/0/0 INPUT 4 1 0 v:123
15/08/2020 9:03:03 AM,252 Event OK
15/08/2020 9:03:04 AM,EVENT 54587 1597444039 -310121964/1219228511/761/0/5 INPUT 3 1 0 v:124
15/08/2020 9:03:04 AM,252 Event OK
15/08/2020 9:03:05 AM,EVENT 54588 1597444592 0/0/0/0/11 INPUT 3 0 552 v:124
15/08/2020 9:03:05 AM,252 Event OK
15/08/2020 9:03:06 AM,EVENT 54589 1597444627 0/0/0/0/0 INPUT 4 0 591 v:123
15/08/2020 9:03:06 AM,252 Event OK
15/08/2020 9:03:06 AM,EVENT 54590 1597444628 0/0/0/0/0 INPUT 4 1 0 v:124
15/08/2020 9:03:06 AM,252 Event OK
15/08/2020 9:03:07 AM,EVENT 54591 1597444630 0/0/0/0/0 INPUT 4 0 3 v:124
15/08/2020 9:03:07 AM,252 Event OK
15/08/2020 9:03:08 AM,EVENT 54592 1597444631 0/0/0/0/0 INPUT 4 1 0 v:124
15/08/2020 9:03:08 AM,252 Event OK
15/08/2020 9:03:09 AM,EVENT 54593 1597444643 0/0/0/0/6 INPUT 3 1 0 v:124
15/08/2020 9:03:09 AM,252 Event OK
15/08/2020 9:03:10 AM,EVENT 54594 1597444701 0/0/0/0/9 INPUT 3 0 58 v:124
15/08/2020 9:03:10 AM,252 Event OK
15/08/2020 9:03:10 AM,EVENT 54595 1597444701 0/0/0/0/8 INPUT 3 1 0 v:124
15/08/2020 9:03:10 AM,252 Event OK
15/08/2020 9:03:11 AM,EVENT 54596 1597444827 0/0/0/0/9 INPUT 3 0 126 v:124
15/08/2020 9:03:11 AM,252 Event OK
15/08/2020 9:03:12 AM,EVENT 54597 1597444874 0/0/0/0/4 INPUT 4 0 244 v:124
15/08/2020 9:03:12 AM,252 Event OK
15/08/2020 9:03:13 AM,EVENT 54598 1597444874 0/0/0/0/3 INPUT 4 1 0 v:124
15/08/2020 9:03:13 AM,252 Event OK
15/08/2020 9:03:14 AM,EVENT 54599 1597444875 0/0/0/0/3 INPUT 3 1 0 v:124
15/08/2020 9:03:14 AM,252 Event OK
15/08/2020 9:03:15 AM,EVENT 54600 1597444885 0/0/0/0/11 INPUT 3 0 10 v:124
15/08/2020 9:03:15 AM,252 Event OK
15/08/2020 9:03:16 AM,EVENT 54601 1597444887 0/0/0/0/8 INPUT 3 1 0 v:124
15/08/2020 9:03:16 AM,252 Event OK
15/08/2020 9:03:16 AM,EVENT 54602 1597445212 0/0/0/0/12 INPUT 3 0 325 v:124
15/08/2020 9:03:16 AM,252 Event OK
15/08/2020 9:03:17 AM,EVENT 54603 1597445249 0/0/0/0/0 INPUT 4 0 375 v:124
15/08/2020 9:03:17 AM,252 Event OK
15/08/2020 9:03:18 AM,EVENT 54604 1597445249 0/0/0/0/0 INPUT 4 1 0 v:124
15/08/2020 9:03:18 AM,252 Event OK
15/08/2020 9:03:19 AM,EVENT 54605 1597445269 0/0/0/0/4 INPUT 3 1 0 v:124
15/08/2020 9:03:19 AM,252 Event OK
15/08/2020 9:03:19 AM,EVENT 54606 1597445458 0/0/0/0/12 INPUT 3 0 190 v:124
15/08/2020 9:03:19 AM,252 Event OK
15/08/2020 9:03:20 AM,EVENT 54607 1597445468 0/0/0/0/0 INPUT 4 0 219 v:123
15/08/2020 9:03:20 AM,252 Event OK
15/08/2020 9:03:21 AM,EVENT 54608 1597445468 0/0/0/0/0 INPUT 4 1 0 v:123
15/08/2020 9:03:21 AM,252 Event OK
15/08/2020 9:03:21 AM,EVENT 54609 1597445469 0/0/0/0/0 INPUT 7 1 0 v:123
15/08/2020 9:03:21 AM,252 Event OK
15/08/2020 9:03:23 AM,EVENT 54610 1597445469 0/0/0/0/0 INPUT 8 0 1475 v:123
15/08/2020 9:03:23 AM,252 Event OK
15/08/2020 9:03:23 AM,EVENT 54611 1597445470 0/0/0/0/0 INPUT 1 1 0 v:123
15/08/2020 9:03:23 AM,252 Event OK
15/08/2020 9:03:24 AM,EVENT 54612 1597445472 0/0/0/0/0 INPUT 4 0 3 v:123
15/08/2020 9:03:24 AM,252 Event OK
15/08/2020 9:03:25 AM,EVENT 54613 1597445473 0/0/0/0/0 TRIP 54580 1261 198 8 6 1467 v:124
15/08/2020 9:03:25 AM,252 Event OK
15/08/2020 9:03:26 AM,EVENT 54614 1597445536 0/0/0/0/0 INPUT 8 1 0 v:124
15/08/2020 9:03:26 AM,252 Event OK
15/08/2020 9:03:27 AM,EVENT 54615 1597445536 0/0/0/0/0 INPUT 7 0 67 v:124
15/08/2020 9:03:27 AM,252 Event OK
15/08/2020 9:03:28 AM,EVENT 54616 1597445546 0/0/0/0/0 SIGNON 2463 01b1def3 OK 26 271086 0 v:124
15/08/2020 9:03:28 AM,252 Event OK
15/08/2020 9:03:28 AM,EVENT 54617 1597445552 0/0/0/0/0 INPUT 1 0 82 v:124
15/08/2020 9:03:28 AM,252 Event OK
15/08/2020 9:03:29 AM,EVENT 54618 1597445552 0/0/0/0/0 INPUT 4 1 0 v:124
15/08/2020 9:03:29 AM,252 Event OK
15/08/2020 9:03:30 AM,EVENT 54619 1597445556 0/0/0/0/0 INPUT 4 0 5 v:123
15/08/2020 9:03:30 AM,252 Event OK
15/08/2020 9:03:30 AM,EVENT 54620 1597445556 0/0/0/0/0 INPUT 4 1 0 v:123
15/08/2020 9:03:30 AM,252 Event OK
15/08/2020 9:03:31 AM,EVENT 54621 1597445573 0/0/0/0/7 INPUT 3 1 0 v:124
15/08/2020 9:03:31 AM,252 Event OK
15/08/2020 9:03:32 AM,EVENT 54622 1597445599 0/0/0/0/12 INPUT 3 0 27 v:124
15/08/2020 9:03:32 AM,252 Event OK
15/08/2020 9:03:33 AM,EVENT 54623 1597445603 0/0/0/0/6 INPUT 3 1 0 v:124
15/08/2020 9:03:33 AM,252 Event OK
15/08/2020 9:03:33 AM,EVENT 54624 1597445608 0/0/0/0/10 INPUT 3 0 5 v:123
15/08/2020 9:03:33 AM,252 Event OK
15/08/2020 9:03:34 AM,EVENT 54625 1597445611 0/0/0/0/5 INPUT 3 1 0 v:123
15/08/2020 9:03:34 AM,252 Event OK
15/08/2020 9:03:36 AM,EVENT 54626 1597445616 0/0/0/0/11 INPUT 3 0 4 v:123
15/08/2020 9:03:36 AM,252 Event OK
15/08/2020 9:04:27 AM,EVENT 54627 1597445618 0/0/0/0/6 INPUT 4 0 62 v:124
15/08/2020 9:04:27 AM,252 Event OK
15/08/2020 9:07:50 AM,UNIT 9279
15/08/2020 9:07:50 AM,333 CHAL D8D9D59
15/08/2020 9:07:58 AM,RESP E66D78C1
15/08/2020 9:07:58 AM,230 Auth OK
15/08/2020 9:07:58 AM,TIME
15/08/2020 9:07:58 AM,211 TIME 1597482478
15/08/2020 9:08:26 AM,UNIT 9279
15/08/2020 9:08:26 AM,333 CHAL 7AA41E3B
15/08/2020 9:08:26 AM,RESP 42A2B690
15/08/2020 9:08:26 AM,230 Auth OK
15/08/2020 9:08:27 AM,TIME
15/08/2020 9:08:27 AM,211 TIME 1597482507
15/08/2020 9:08:27 AM,EVCOUNT 554
15/08/2020 9:08:27 AM,252 Event OK
15/08/2020 9:08:28 AM,TODO
15/08/2020 9:08:28 AM,226 Nothing to do
15/08/2020 9:08:28 AM,EVENT 54627 1597445618 0/0/0/0/6 INPUT 4 0 62 v:124
15/08/2020 9:08:28 AM,253 Event OK - Duplicate
15/08/2020 9:08:29 AM,EVENT 54628 1597445618 0/0/0/0/6 INPUT 4 1 0 v:124
15/08/2020 9:08:29 AM,252 Event OK
15/08/2020 9:08:30 AM,EVENT 54629 1597445624 0/0/0/0/0 INPUT 7 1 0 v:124
15/08/2020 9:08:30 AM,252 Event OK
15/08/2020 9:08:30 AM,EVENT 54630 1597445624 0/0/0/0/0 INPUT 8 0 88 v:124
15/08/2020 9:08:30 AM,252 Event OK
15/08/2020 9:08:31 AM,EVENT 54631 1597445624 0/0/0/0/0 INPUT 4 0 6 v:124
15/08/2020 9:08:31 AM,252 Event OK
15/08/2020 9:08:32 AM,EVENT 54632 1597445624 0/0/0/0/0 INPUT 1 1 0 v:124
15/08/2020 9:08:32 AM,252 Event OK
15/08/2020 9:08:32 AM,EVENT 54633 1597445624 0/0/0/0/0 INPUT 4 1 0 v:124
15/08/2020 9:08:32 AM,252 Event OK
15/08/2020 9:08:33 AM,EVENT 54634 1597445626 0/0/0/0/0 INPUT 4 0 2 v:124
15/08/2020 9:08:33 AM,252 Event OK
15/08/2020 9:08:34 AM,EVENT 54635 1597445628 0/0/0/0/0 TRIP 54616 36 39 8 6 83 v:124
15/08/2020 9:08:34 AM,252 Event OK
15/08/2020 9:08:35 AM,EVENT 54636 1597445649 0/0/0/0/0 INPUT 8 1 0 v:124
15/08/2020 9:08:35 AM,252 Event OK
15/08/2020 9:08:35 AM,EVENT 54637 1597445649 0/0/0/0/0 INPUT 7 0 25 v:124
15/08/2020 9:08:35 AM,252 Event OK
15/08/2020 9:08:37 AM,EVENT 54638 1597445657 0/0/0/0/0 SIGNON 2463 01b1def3 OK 26 271086 0 v:124
15/08/2020 9:08:37 AM,252 Event OK
15/08/2020 9:08:37 AM,EVENT 54639 1597445674 0/0/0/0/0 INPUT 3 1 0 v:124
15/08/2020 9:08:37 AM,252 Event OK
15/08/2020 9:08:38 AM,EVENT 54640 1597445675 0/0/0/0/17 INPUT 1 0 51 v:124
15/08/2020 9:08:38 AM,252 Event OK
15/08/2020 9:08:39 AM,EVENT 54641 1597445675 0/0/0/0/17 INPUT 3 0 2 v:124
15/08/2020 9:08:39 AM,252 Event OK
15/08/2020 9:08:40 AM,EVENT 54642 1597445675 0/0/0/0/17 INPUT 4 1 0 v:124
15/08/2020 9:08:40 AM,252 Event OK
15/08/2020 9:08:40 AM,EVENT 54643 1597445680 0/0/0/0/0 INPUT 4 0 5 v:124
15/08/2020 9:08:40 AM,252 Event OK
15/08/2020 9:08:41 AM,EVENT 54644 1597445680 0/0/0/0/0 INPUT 4 1 0 v:124
15/08/2020 9:08:41 AM,252 Event OK
15/08/2020 9:08:42 AM,EVENT 54645 1597445696 0/0/0/0/3 INPUT 3 1 0 v:124
15/08/2020 9:08:42 AM,252 Event OK
15/08/2020 9:08:42 AM,EVENT 54646 1597445722 0/0/0/0/25 REPORT 54638 0 0 v:124
15/08/2020 9:08:42 AM,252 Event OK
15/08/2020 9:08:43 AM,EVENT 54647 1597445877 0/0/0/0/13 INPUT 3 0 180 v:124
15/08/2020 9:08:43 AM,252 Event OK
15/08/2020 9:08:44 AM,EVENT 54648 1597445877 0/0/0/0/12 INPUT 7 1 0 v:124
15/08/2020 9:08:44 AM,252 Event OK
15/08/2020 9:08:44 AM,EVENT 54649 1597445877 0/0/0/0/12 INPUT 8 0 228 v:124
15/08/2020 9:08:44 AM,252 Event OK
15/08/2020 9:08:45 AM,EVENT 54650 1597445878 0/0/0/0/7 INPUT 1 1 0 v:124
15/08/2020 9:08:45 AM,252 Event OK
15/08/2020 9:08:46 AM,EVENT 54651 1597445881 0/0/0/0/0 TRIP 54638 182 26 16 16 224 v:124
15/08/2020 9:08:46 AM,252 Event OK
15/08/2020 9:08:47 AM,EVENT 54652 1597445882 0/0/0/0/0 INPUT 4 0 201 v:123
15/08/2020 9:08:47 AM,252 Event OK
15/08/2020 9:08:48 AM,EVENT 54653 1597446020 0/0/0/0/0 INPUT 8 1 0 v:124
15/08/2020 9:08:48 AM,252 Event OK
15/08/2020 9:08:48 AM,EVENT 54654 1597446021 0/0/0/0/0 INPUT 7 0 144 v:124
15/08/2020 9:08:48 AM,252 Event OK
15/08/2020 9:08:49 AM,EVENT 54655 1597446029 0/0/0/0/0 SIGNON 2463 01b1def3 OK 26 271086 0 v:124
15/08/2020 9:08:49 AM,252 Event OK
15/08/2020 9:08:50 AM,EVENT 54656 1597446035 0/0/0/0/0 INPUT 1 0 157 v:124
15/08/2020 9:08:50 AM,252 Event OK
15/08/2020 9:08:50 AM,EVENT 54657 1597446035 0/0/0/0/0 INPUT 4 1 0 v:124
15/08/2020 9:08:50 AM,252 Event OK
15/08/2020 9:08:51 AM,EVENT 54658 1597446049 0/0/0/0/7 INPUT 3 1 0 v:124
15/08/2020 9:08:51 AM,252 Event OK
15/08/2020 9:08:52 AM,EVENT 54659 1597446051 0/0/0/0/9 INPUT 3 0 2 v:124
15/08/2020 9:08:52 AM,252 Event OK
15/08/2020 9:08:53 AM,EVENT 54660 1597446054 0/0/0/0/6 INPUT 4 0 19 v:124
15/08/2020 9:08:53 AM,252 Event OK
15/08/2020 9:08:53 AM,EVENT 54661 1597446054 0/0/0/0/5 INPUT 4 1 0 v:124
15/08/2020 9:08:53 AM,252 Event OK
15/08/2020 9:08:54 AM,EVENT 54662 1597446056 0/0/0/0/4 INPUT 3 1 0 v:124
15/08/2020 9:08:54 AM,252 Event OK
15/08/2020 9:08:55 AM,EVENT 54663 1597446072 0/0/0/0/13 INPUT 3 0 17 v:124
15/08/2020 9:08:55 AM,252 Event OK
15/08/2020 9:08:56 AM,EVENT 54664 1597446075 0/0/0/0/5 INPUT 3 1 0 v:124
15/08/2020 9:08:56 AM,252 Event OK
15/08/2020 9:08:56 AM,EVENT 54665 1597446078 0/0/0/0/10 INPUT 3 0 3 v:124
15/08/2020 9:08:56 AM,252 Event OK
15/08/2020 9:08:57 AM,EVENT 54666 1597446079 0/0/0/0/8 INPUT 3 1 0 v:124
15/08/2020 9:08:57 AM,252 Event OK
15/08/2020 9:08:58 AM,EVENT 54667 1597446092 0/0/0/0/9 INPUT 3 0 12 v:124
15/08/2020 9:08:58 AM,252 Event OK
15/08/2020 9:08:58 AM,EVENT 54668 1597446094 0/0/0/0/7 INPUT 3 1 0 v:124
15/08/2020 9:08:58 AM,252 Event OK
15/08/2020 9:08:59 AM,EVENT 54669 1597446102 0/0/0/0/9 INPUT 3 0 7 v:124
15/08/2020 9:08:59 AM,252 Event OK
15/08/2020 9:09:00 AM,EVENT 54670 1597446115 0/0/0/0/2 INPUT 3 1 0 v:124
15/08/2020 9:09:00 AM,252 Event OK
15/08/2020 9:09:01 AM,EVENT 54671 1597446116 0/0/0/0/17 INPUT 3 0 1 v:124
15/08/2020 9:09:01 AM,252 Event OK
15/08/2020 9:09:01 AM,EVENT 54672 1597446119 0/0/0/0/7 INPUT 3 1 0 v:124
15/08/2020 9:09:01 AM,252 Event OK
15/08/2020 9:09:02 AM,EVENT 54673 1597446305 0/0/0/0/10 INPUT 3 0 186 v:124
15/08/2020 9:09:02 AM,252 Event OK
15/08/2020 9:09:03 AM,EVENT 54674 1597446322 0/0/0/0/0 INPUT 4 0 268 v:124
15/08/2020 9:09:03 AM,252 Event OK
15/08/2020 9:09:03 AM,EVENT 54675 1597446322 0/0/0/0/0 INPUT 4 1 0 v:124
15/08/2020 9:09:03 AM,252 Event OK
15/08/2020 9:09:04 AM,EVENT 54676 1597446462 0/0/0/0/3 INPUT 4 0 140 v:124
15/08/2020 9:09:04 AM,252 Event OK
15/08/2020 9:09:05 AM,EVENT 54677 1597446462 0/0/0/0/3 INPUT 4 1 0 v:124
15/08/2020 9:09:05 AM,252 Event OK
15/08/2020 9:09:05 AM,EVENT 54678 1597446496 0/0/0/0/0 INPUT 4 0 34 v:124
15/08/2020 9:09:05 AM,252 Event OK
15/08/2020 9:09:06 AM,EVENT 54679 1597446496 0/0/0/0/0 INPUT 4 1 0 v:124
15/08/2020 9:09:06 AM,252 Event OK
15/08/2020 9:09:06 AM,EVENT 54680 1597446506 0/0/0/0/5 INPUT 3 1 0 v:124
15/08/2020 9:09:06 AM,252 Event OK
15/08/2020 9:09:07 AM,EVENT 54681 1597446508 0/0/0/0/10 INPUT 3 0 2 v:124
15/08/2020 9:09:07 AM,252 Event OK
15/08/2020 9:09:08 AM,EVENT 54682 1597446517 0/0/0/0/4 INPUT 3 1 0 v:124
15/08/2020 9:09:08 AM,252 Event OK
15/08/2020 9:09:08 AM,EVENT 54683 1597446576 0/0/0/0/11 INPUT 3 0 59 v:124
15/08/2020 9:09:08 AM,252 Event OK
15/08/2020 9:09:09 AM,EVENT 54684 1597446578 0/0/0/0/6 INPUT 3 1 0 v:124
15/08/2020 9:09:09 AM,252 Event OK
15/08/2020 9:09:10 AM,EVENT 54685 1597446669 0/0/0/0/15 INPUT 3 0 91 v:124
15/08/2020 9:09:10 AM,252 Event OK
15/08/2020 9:09:10 AM,EVENT 54686 1597446673 0/0/0/0/3 INPUT 3 1 0 v:124
15/08/2020 9:09:10 AM,252 Event OK
15/08/2020 9:09:11 AM,EVENT 54687 1597446676 0/0/0/0/11 INPUT 3 0 4 v:124
15/08/2020 9:09:11 AM,252 Event OK
15/08/2020 9:09:12 AM,EVENT 54688 1597446676 0/0/0/0/11 INPUT 4 0 180 v:124
15/08/2020 9:09:12 AM,252 Event OK
15/08/2020 9:09:12 AM,EVENT 54689 1597446676 0/0/0/0/10 INPUT 4 1 0 v:124
15/08/2020 9:09:12 AM,252 Event OK
15/08/2020 9:09:13 AM,EVENT 54690 1597446679 0/0/0/0/4 INPUT 3 1 0 v:124
15/08/2020 9:09:13 AM,252 Event OK
15/08/2020 9:09:13 AM,EVENT 54691 1597446681 0/0/0/0/11 INPUT 3 0 3 v:124
15/08/2020 9:09:13 AM,252 Event OK
15/08/2020 9:09:14 AM,EVENT 54692 1597446689 0/0/0/0/7 INPUT 3 1 0 v:124
15/08/2020 9:09:14 AM,252 Event OK
15/08/2020 9:09:15 AM,EVENT 54693 1597446700 0/0/0/0/10 INPUT 3 0 12 v:124
15/08/2020 9:09:15 AM,252 Event OK
15/08/2020 9:09:16 AM,EVENT 54694 1597446701 0/0/0/0/8 INPUT 3 1 0 v:124
15/08/2020 9:09:16 AM,252 Event OK
15/08/2020 9:09:16 AM,EVENT 54695 1597446721 0/0/0/0/10 INPUT 3 0 20 v:124
15/08/2020 9:09:16 AM,252 Event OK
15/08/2020 9:09:17 AM,EVENT 54696 1597446726 0/0/0/0/7 INPUT 3 1 0 v:124
15/08/2020 9:09:17 AM,252 Event OK
15/08/2020 9:09:18 AM,EVENT 54697 1597446738 0/0/0/0/12 INPUT 3 0 12 v:124
15/08/2020 9:09:18 AM,252 Event OK
15/08/2020 9:09:18 AM,EVENT 54698 1597446741 0/0/0/0/2 INPUT 7 1 0 v:124
15/08/2020 9:09:18 AM,252 Event OK
15/08/2020 9:09:19 AM,EVENT 54699 1597446741 0/0/0/0/2 INPUT 8 0 720 v:124
15/08/2020 9:09:19 AM,252 Event OK
15/08/2020 9:09:19 AM,EVENT 54700 1597446742 0/0/0/0/0 INPUT 1 1 0 v:124
15/08/2020 9:09:19 AM,252 Event OK
15/08/2020 9:09:20 AM,EVENT 54701 1597446743 0/0/0/0/0 INPUT 4 0 67 v:124
15/08/2020 9:09:20 AM,252 Event OK
15/08/2020 9:09:21 AM,EVENT 54702 1597446745 0/0/0/0/0 TRIP 54655 431 277 9 7 717 v:124
15/08/2020 9:09:21 AM,252 Event OK
15/08/2020 9:09:22 AM,EVENT 54703 1597450340 0/0/0/0/0 SWSTART OpusFC 5.0.58.518 R v:124
15/08/2020 9:09:22 AM,252 Event OK
15/08/2020 9:09:23 AM,EVENT 54704 1597446745 0/0/0/0/0 POWERDOWN v:124
15/08/2020 9:09:23 AM,252 Event OK
15/08/2020 9:09:24 AM,EVENT 54705 1597450340 0/0/0/0/0 INPUT 1 1 0 v:123
15/08/2020 9:09:24 AM,252 Event OK
15/08/2020 9:09:25 AM,EVENT 54706 1597450340 0/0/0/0/0 INPUT 2 0 0 v:123
15/08/2020 9:09:25 AM,252 Event OK
15/08/2020 9:09:26 AM,EVENT 54707 1597450340 0/0/0/0/0 INPUT 3 0 0 v:124
15/08/2020 9:09:26 AM,252 Event OK
15/08/2020 9:09:26 AM,EVENT 54708 1597450340 0/0/0/0/0 INPUT 4 0 0 v:124
15/08/2020 9:09:26 AM,252 Event OK
15/08/2020 9:09:27 AM,EVENT 54709 1597450340 0/0/0/0/0 INPUT 7 0 0 v:124
15/08/2020 9:09:27 AM,252 Event OK
15/08/2020 9:09:28 AM,EVENT 54710 1597450340 0/0/0/0/0 INPUT 8 1 0 v:124
15/08/2020 9:09:28 AM,252 Event OK
15/08/2020 9:09:29 AM,EVENT 54711 1597450342 0/0/0/0/0 ZONE_OK 2 100 FW=NO VERSION v:123
15/08/2020 9:09:29 AM,252 Event OK
15/08/2020 9:09:30 AM,EVENT 54712 1597450354 0/0/0/0/0 SIGNON 2463 01b1def3 OK 26 271086 0 v:124
15/08/2020 9:09:30 AM,252 Event OK
15/08/2020 9:09:30 AM,EVENT 54713 1597450360 0/0/0/99/0 INPUT 1 0 19 v:124
15/08/2020 9:09:30 AM,252 Event OK
15/08/2020 9:09:31 AM,EVENT 54714 1597450361 0/0/0/99/0 INPUT 4 1 0 v:124
15/08/2020 9:09:31 AM,252 Event OK
15/08/2020 9:09:32 AM,EVENT 54715 1597450364 0/0/0/0/0 INPUT 4 0 4 v:124
15/08/2020 9:09:32 AM,252 Event OK
15/08/2020 9:09:33 AM,EVENT 54716 1597450364 0/0/0/0/0 INPUT 4 1 0 v:124
15/08/2020 9:09:33 AM,252 Event OK
15/08/2020 9:09:33 AM,EVENT 54717 1597450398 0/0/0/0/0 INPUT 4 0 34 v:124
15/08/2020 9:09:33 AM,252 Event OK
15/08/2020 9:09:34 AM,EVENT 54718 1597450398 0/0/0/0/0 INPUT 4 1 0 v:124
15/08/2020 9:09:34 AM,252 Event OK
15/08/2020 9:09:35 AM,EVENT 54719 1597450406 0/0/0/0/4 INPUT 4 0 8 v:124
15/08/2020 9:09:35 AM,252 Event OK
15/08/2020 9:09:35 AM,EVENT 54720 1597450407 0/0/0/0/2 INPUT 4 1 0 v:124
15/08/2020 9:09:35 AM,252 Event OK
15/08/2020 9:09:36 AM,EVENT 54721 1597450412 0/0/0/0/0 INPUT 4 0 6 v:124
15/08/2020 9:09:36 AM,252 Event OK
15/08/2020 9:09:37 AM,EVENT 54722 1597450413 0/0/0/0/0 INPUT 4 1 0 v:124
15/08/2020 9:09:37 AM,252 Event OK
15/08/2020 9:09:37 AM,EVENT 54723 1597450416 0/0/0/0/2 INPUT 4 0 4 v:124
15/08/2020 9:09:37 AM,252 Event OK
15/08/2020 9:09:38 AM,EVENT 54724 1597450416 0/0/0/0/2 INPUT 4 1 0 v:124
15/08/2020 9:09:38 AM,252 Event OK
15/08/2020 9:09:39 AM,EVENT 54725 1597450431 0/0/0/0/0 INPUT 4 0 15 v:124
15/08/2020 9:09:39 AM,252 Event OK
15/08/2020 9:09:40 AM,EVENT 54726 1597450431 0/0/0/0/0 INPUT 4 1 0 v:124
15/08/2020 9:09:40 AM,252 Event OK
15/08/2020 9:09:40 AM,EVENT 54727 1597450465 0/0/0/0/8 INPUT 3 1 0 v:124
15/08/2020 9:09:40 AM,252 Event OK
15/08/2020 9:09:41 AM,EVENT 54728 1597450468 0/0/0/0/9 INPUT 3 0 3 v:124
15/08/2020 9:09:41 AM,252 Event OK
15/08/2020 9:09:41 AM,EVENT 54729 1597450470 0/0/0/0/8 INPUT 3 1 0 v:124
15/08/2020 9:09:41 AM,252 Event OK
15/08/2020 9:09:42 AM,EVENT 54730 1597450470 0/0/0/0/9 INPUT 3 0 1 v:124
15/08/2020 9:09:42 AM,252 Event OK
15/08/2020 9:09:43 AM,EVENT 54731 1597450473 0/0/0/0/7 INPUT 3 1 0 v:124
15/08/2020 9:09:43 AM,252 Event OK
15/08/2020 9:09:43 AM,EVENT 54732 1597450474 0/0/0/0/9 INPUT 3 0 1 v:124
15/08/2020 9:09:43 AM,252 Event OK
15/08/2020 9:09:44 AM,EVENT 54733 1597450490 0/0/0/0/2 INPUT 4 0 59 v:124
15/08/2020 9:09:44 AM,252 Event OK
15/08/2020 9:09:45 AM,EVENT 54734 1597450490 0/0/0/0/1 INPUT 4 1 0 v:124
15/08/2020 9:09:45 AM,252 Event OK
15/08/2020 9:09:45 AM,EVENT 54735 1597450498 0/0/0/0/0 INPUT 4 0 8 v:124
15/08/2020 9:09:45 AM,252 Event OK
15/08/2020 9:09:46 AM,EVENT 54736 1597450499 0/0/0/0/0 INPUT 4 1 0 v:124
15/08/2020 9:09:46 AM,252 Event OK
15/08/2020 9:09:47 AM,EVENT 54737 1597450516 0/0/0/0/1 INPUT 7 1 0 v:124
15/08/2020 9:09:47 AM,252 Event OK
15/08/2020 9:09:47 AM,EVENT 54738 1597450516 0/0/0/0/1 INPUT 8 0 176 v:124
15/08/2020 9:09:47 AM,252 Event OK
15/08/2020 9:09:48 AM,EVENT 54739 1597450517 0/0/0/0/0 INPUT 1 1 0 v:124
15/08/2020 9:09:48 AM,252 Event OK
15/08/2020 9:09:49 AM,EVENT 54740 1597450518 0/0/0/0/0 INPUT 4 0 20 v:124
15/08/2020 9:09:49 AM,252 Event OK
15/08/2020 9:09:50 AM,EVENT 54741 1597450521 0/0/0/0/0 TRIP 54712 5 153 10 7 168 v:124
15/08/2020 9:09:50 AM,252 Event OK
15/08/2020 9:09:50 AM,EVENT 54742 1597450525 0/0/0/0/0 REPORT * 0 0 v:124
15/08/2020 9:09:50 AM,252 Event OK
15/08/2020 9:09:51 AM,EVENT 54743 1597451505 0/0/0/0/0 INPUT 8 1 0 v:124
15/08/2020 9:09:51 AM,252 Event OK
15/08/2020 9:09:51 AM,EVENT 54744 1597451506 0/0/0/0/0 INPUT 7 0 989 v:124
15/08/2020 9:09:51 AM,252 Event OK
15/08/2020 9:09:52 AM,EVENT 54745 1597451514 0/0/0/0/0 SIGNON 2539 01d5f6d3 OK 26 150496 0 v:124
15/08/2020 9:09:52 AM,252 Event OK
15/08/2020 9:09:53 AM,EVENT 54746 1597451520 0/0/0/0/0 INPUT 1 0 1002 v:124
15/08/2020 9:09:53 AM,252 Event OK
15/08/2020 9:09:54 AM,EVENT 54747 1597451520 0/0/0/0/0 INPUT 4 1 0 v:124
15/08/2020 9:09:54 AM,252 Event OK
15/08/2020 9:09:54 AM,EVENT 54748 1597451530 0/0/0/0/6 INPUT 3 1 0 v:124
15/08/2020 9:09:54 AM,252 Event OK
15/08/2020 9:09:55 AM,EVENT 54749 1597451538 0/0/0/0/10 INPUT 3 0 8 v:124
15/08/2020 9:09:55 AM,252 Event OK
15/08/2020 9:09:56 AM,EVENT 54750 1597451541 0/0/0/0/8 INPUT 3 1 0 v:124
15/08/2020 9:09:56 AM,252 Event OK
15/08/2020 9:09:56 AM,EVENT 54751 1597451542 0/0/0/0/9 INPUT 3 0 1 v:124
15/08/2020 9:09:56 AM,252 Event OK
15/08/2020 9:09:57 AM,EVENT 54752 1597451545 0/0/0/0/4 INPUT 4 0 25 v:124
15/08/2020 9:09:57 AM,252 Event OK
15/08/2020 9:09:57 AM,EVENT 54753 1597451545 0/0/0/0/3 INPUT 4 1 0 v:124
15/08/2020 9:09:57 AM,252 Event OK
15/08/2020 9:09:58 AM,EVENT 54754 1597451549 0/0/0/0/0 INPUT 7 1 0 v:124
15/08/2020 9:09:58 AM,252 Event OK
15/08/2020 9:09:59 AM,EVENT 54755 1597451549 0/0/0/0/0 INPUT 8 0 44 v:124
15/08/2020 9:09:59 AM,252 Event OK
15/08/2020 9:09:59 AM,EVENT 54756 1597451550 0/0/0/0/0 INPUT 1 1 0 v:124
15/08/2020 9:09:59 AM,252 Event OK
15/08/2020 9:10:00 AM,EVENT 54757 1597451551 0/0/0/0/0 INPUT 4 0 6 v:124
15/08/2020 9:10:00 AM,252 Event OK
15/08/2020 9:10:01 AM,EVENT 54758 1597451554 0/0/0/0/0 TRIP 54745 9 23 9 6 41 v:124
15/08/2020 9:10:01 AM,252 Event OK
15/08/2020 9:10:02 AM,EVENT 54759 1597452278 0/0/0/0/0 INPUT 8 1 0 v:124
15/08/2020 9:10:02 AM,252 Event OK
15/08/2020 9:10:02 AM,EVENT 54760 1597452278 0/0/0/0/0 INPUT 7 0 728 v:124
15/08/2020 9:10:02 AM,252 Event OK
15/08/2020 9:10:03 AM,EVENT 54761 1597452287 0/0/0/0/0 SIGNON 2463 01b1def3 OK 26 271086 0 v:124
15/08/2020 9:10:03 AM,252 Event OK
15/08/2020 9:10:04 AM,EVENT 54762 1597452293 0/0/0/0/0 INPUT 1 0 742 v:124
15/08/2020 9:10:04 AM,252 Event OK
15/08/2020 9:10:04 AM,EVENT 54763 1597452293 0/0/0/0/0 INPUT 4 1 0 v:124
15/08/2020 9:10:04 AM,252 Event OK
15/08/2020 9:10:05 AM,EVENT 54764 1597452323 0/0/0/0/7 INPUT 3 1 0 v:124
15/08/2020 9:10:05 AM,252 Event OK
15/08/2020 9:10:06 AM,EVENT 54765 1597452332 0/0/0/0/10 INPUT 3 0 9 v:124
15/08/2020 9:10:06 AM,252 Event OK
15/08/2020 9:10:07 AM,EVENT 54766 1597452333 0/0/0/0/6 INPUT 4 0 40 v:124
15/08/2020 9:10:07 AM,252 Event OK
15/08/2020 9:10:07 AM,EVENT 54767 1597452333 0/0/0/0/4 INPUT 4 1 0 v:124
15/08/2020 9:10:07 AM,252 Event OK
15/08/2020 9:10:08 AM,EVENT 54768 1597452334 0/0/0/0/1 INPUT 7 1 0 v:124
15/08/2020 9:10:08 AM,252 Event OK
15/08/2020 9:10:09 AM,EVENT 54769 1597452334 0/0/0/0/1 INPUT 8 0 57 v:124
15/08/2020 9:10:09 AM,252 Event OK
15/08/2020 9:10:09 AM,EVENT 54770 1597452335 0/0/0/0/0 INPUT 1 1 0 v:124
15/08/2020 9:10:09 AM,252 Event OK
15/08/2020 9:10:10 AM,EVENT 54771 1597452336 0/0/0/0/0 INPUT 4 0 3 v:124
15/08/2020 9:10:10 AM,252 Event OK
15/08/2020 9:10:11 AM,EVENT 54772 1597452339 0/0/0/0/0 TRIP 54761 9 34 10 7 53 v:124
15/08/2020 9:10:11 AM,252 Event OK
15/08/2020 9:10:12 AM,EVENT 54773 1597456278 0/0/0/0/0 SWSTART OpusFC 5.0.58.518 R v:123
15/08/2020 9:10:12 AM,252 Event OK
15/08/2020 9:10:13 AM,EVENT 54774 1597452339 0/0/0/0/0 POWERDOWN v:124
15/08/2020 9:10:13 AM,252 Event OK
15/08/2020 9:10:13 AM,EVENT 54775 1597456278 0/0/0/0/0 INPUT 1 1 0 v:124
15/08/2020 9:10:13 AM,252 Event OK
15/08/2020 9:10:14 AM,EVENT 54776 1597456278 0/0/0/0/0 INPUT 2 0 0 v:124
15/08/2020 9:10:14 AM,252 Event OK
15/08/2020 9:10:15 AM,EVENT 54777 1597456278 0/0/0/0/0 INPUT 3 0 0 v:124
15/08/2020 9:10:15 AM,252 Event OK
15/08/2020 9:10:15 AM,EVENT 54778 1597456278 0/0/0/0/0 INPUT 4 0 0 v:124
15/08/2020 9:10:15 AM,252 Event OK
15/08/2020 9:10:16 AM,EVENT 54779 1597456278 0/0/0/0/0 INPUT 7 0 0 v:124
15/08/2020 9:10:16 AM,252 Event OK
15/08/2020 9:10:17 AM,EVENT 54780 1597456278 0/0/0/0/0 INPUT 8 1 0 v:124
15/08/2020 9:10:17 AM,252 Event OK
15/08/2020 9:10:18 AM,EVENT 54781 1597456280 0/0/0/0/0 ZONE_OK 2 100 FW=NO VERSION v:124
15/08/2020 9:10:18 AM,252 Event OK
15/08/2020 9:10:18 AM,EVENT 54782 1597456287 0/0/0/0/0 SIGNON 2463 01b1def3 OK 26 271086 0 v:124
15/08/2020 9:10:18 AM,252 Event OK
15/08/2020 9:10:19 AM,EVENT 54783 1597456294 0/0/0/99/0 INPUT 1 0 15 v:124
15/08/2020 9:10:19 AM,252 Event OK
15/08/2020 9:10:20 AM,EVENT 54784 1597456294 0/0/0/99/0 INPUT 4 1 0 v:124
15/08/2020 9:10:20 AM,252 Event OK
15/08/2020 9:10:20 AM,EVENT 54785 1597456331 0/0/0/0/1 INPUT 4 0 37 v:124
15/08/2020 9:10:20 AM,252 Event OK
15/08/2020 9:10:21 AM,EVENT 54786 1597456332 0/0/0/0/0 INPUT 4 1 0 v:124
15/08/2020 9:10:21 AM,252 Event OK
15/08/2020 9:10:22 AM,EVENT 54787 1597456353 0/0/0/0/0 INPUT 4 0 22 v:124
15/08/2020 9:10:22 AM,252 Event OK
15/08/2020 9:10:22 AM,EVENT 54788 1597456353 0/0/0/0/0 INPUT 4 1 0 v:124
15/08/2020 9:10:22 AM,252 Event OK
15/08/2020 9:10:23 AM,EVENT 54789 1597456358 0/0/0/0/0 INPUT 4 0 5 v:124
15/08/2020 9:10:23 AM,252 Event OK
15/08/2020 9:10:24 AM,EVENT 54790 1597456359 0/0/0/0/0 INPUT 4 1 0 v:124
15/08/2020 9:10:24 AM,252 Event OK
15/08/2020 9:10:24 AM,EVENT 54791 1597456383 0/0/0/0/5 INPUT 4 0 25 v:124
15/08/2020 9:10:24 AM,252 Event OK
15/08/2020 9:10:25 AM,EVENT 54792 1597456383 0/0/0/0/4 INPUT 4 1 0 v:124
15/08/2020 9:10:25 AM,252 Event OK
15/08/2020 9:10:26 AM,EVENT 54793 1597456416 0/0/0/0/4 INPUT 4 0 33 v:124
15/08/2020 9:10:26 AM,252 Event OK
15/08/2020 9:10:26 AM,EVENT 54794 1597456417 0/0/0/0/2 INPUT 4 1 0 v:124
15/08/2020 9:10:26 AM,252 Event OK
15/08/2020 9:10:27 AM,EVENT 54795 1597456418 0/0/0/0/4 INPUT 3 1 0 v:124
15/08/2020 9:10:27 AM,252 Event OK
15/08/2020 9:10:28 AM,EVENT 54796 1597456421 0/0/0/0/9 INPUT 3 0 3 v:124
15/08/2020 9:10:28 AM,252 Event OK
15/08/2020 9:10:28 AM,EVENT 54797 1597456424 0/0/0/0/5 INPUT 3 1 0 v:124
15/08/2020 9:10:28 AM,252 Event OK
15/08/2020 9:10:29 AM,EVENT 54798 1597456426 0/0/0/0/9 INPUT 3 0 2 v:124
15/08/2020 9:10:29 AM,252 Event OK
15/08/2020 9:10:30 AM,EVENT 54799 1597456432 0/0/0/0/5 INPUT 3 1 0 v:124
15/08/2020 9:10:30 AM,252 Event OK
15/08/2020 9:10:31 AM,EVENT 54800 1597456437 0/0/0/0/12 INPUT 3 0 5 v:124
15/08/2020 9:10:31 AM,252 Event OK
15/08/2020 9:10:32 AM,EVENT 54801 1597456438 0/0/0/0/9 INPUT 3 1 0 v:124
15/08/2020 9:10:32 AM,252 Event OK
15/08/2020 9:10:33 AM,EVENT 54802 1597456505 0/0/0/0/10 INPUT 3 0 68 v:124
15/08/2020 9:10:33 AM,252 Event OK
15/08/2020 9:10:33 AM,EVENT 54803 1597456546 0/0/0/0/0 INPUT 4 0 130 v:124
15/08/2020 9:10:33 AM,252 Event OK
15/08/2020 9:10:34 AM,EVENT 54804 1597456546 0/0/0/0/0 INPUT 4 1 0 v:124
15/08/2020 9:10:34 AM,252 Event OK
15/08/2020 9:10:35 AM,EVENT 54805 1597456612 0/0/0/0/0 INPUT 4 0 66 v:124
15/08/2020 9:10:35 AM,252 Event OK
15/08/2020 9:10:36 AM,EVENT 54806 1597456612 0/0/0/0/0 INPUT 4 1 0 v:124
15/08/2020 9:10:36 AM,252 Event OK
15/08/2020 9:10:36 AM,EVENT 54807 1597456678 0/0/0/0/0 INPUT 4 0 66 v:124
15/08/2020 9:10:36 AM,252 Event OK
15/08/2020 9:10:37 AM,EVENT 54808 1597456678 0/0/0/0/0 INPUT 4 1 0 v:124
15/08/2020 9:10:37 AM,252 Event OK
15/08/2020 9:10:38 AM,EVENT 54809 1597456711 0/0/0/0/0 INPUT 4 0 33 v:124
15/08/2020 9:10:38 AM,252 Event OK
15/08/2020 9:10:39 AM,EVENT 54810 1597456711 0/0/0/0/0 INPUT 4 1 0 v:124
15/08/2020 9:10:39 AM,252 Event OK
15/08/2020 9:10:39 AM,EVENT 54811 1597456738 0/0/0/0/0 INPUT 4 0 27 v:124
15/08/2020 9:10:39 AM,252 Event OK
15/08/2020 9:10:40 AM,EVENT 54812 1597456739 0/0/0/0/0 INPUT 4 1 0 v:124
15/08/2020 9:10:40 AM,252 Event OK
15/08/2020 9:10:41 AM,EVENT 54813 1597456743 0/0/0/0/0 INPUT 4 0 5 v:124
15/08/2020 9:10:41 AM,252 Event OK
15/08/2020 9:10:42 AM,EVENT 54814 1597456744 0/0/0/0/0 INPUT 4 1 0 v:124
15/08/2020 9:10:42 AM,252 Event OK
15/08/2020 9:10:43 AM,EVENT 54815 1597456777 0/0/0/0/8 INPUT 3 1 0 v:124
15/08/2020 9:10:43 AM,252 Event OK
15/08/2020 9:10:43 AM,EVENT 54816 1597456844 0/0/0/0/12 INPUT 3 0 67 v:124
15/08/2020 9:10:43 AM,252 Event OK
15/08/2020 9:10:44 AM,EVENT 54817 1597456847 0/0/0/0/8 INPUT 3 1 0 v:124
15/08/2020 9:10:44 AM,252 Event OK
15/08/2020 9:10:45 AM,EVENT 54818 1597456853 0/0/0/0/10 INPUT 3 0 7 v:124
15/08/2020 9:10:45 AM,252 Event OK
15/08/2020 9:10:46 AM,EVENT 54819 1597456856 0/0/0/0/5 INPUT 7 1 0 v:124
15/08/2020 9:10:46 AM,252 Event OK
15/08/2020 9:10:46 AM,EVENT 54820 1597456856 0/0/0/0/5 INPUT 8 0 578 v:124
15/08/2020 9:10:46 AM,252 Event OK
15/08/2020 9:10:47 AM,EVENT 54821 1597456857 0/0/0/0/2 INPUT 1 1 0 v:124
15/08/2020 9:10:47 AM,252 Event OK
15/08/2020 9:10:48 AM,EVENT 54822 1597456858 0/0/0/0/0 INPUT 4 0 115 v:124
15/08/2020 9:10:48 AM,252 Event OK
15/08/2020 9:10:48 AM,EVENT 54823 1597456861 0/0/0/0/0 TRIP 54782 152 412 10 7 574 v:123
15/08/2020 9:10:48 AM,252 Event OK
15/08/2020 9:10:49 AM,EVENT 54824 1597456890 0/0/0/0/0 REPORT * 0 0 v:124
15/08/2020 9:10:49 AM,252 Event OK
15/08/2020 9:10:50 AM,EVENT 54825 1597457179 0/0/0/0/0 INPUT 8 1 0 v:124
15/08/2020 9:10:50 AM,252 Event OK
15/08/2020 9:10:51 AM,EVENT 54826 1597457180 0/0/0/0/0 INPUT 7 0 323 v:124
15/08/2020 9:10:51 AM,252 Event OK
15/08/2020 9:10:51 AM,EVENT 54827 1597457191 0/0/0/0/0 SIGNON 2463 01b1def3 OK 26 271086 0 v:124
15/08/2020 9:10:51 AM,252 Event OK
15/08/2020 9:10:52 AM,EVENT 54828 1597457197 0/0/0/0/0 INPUT 1 0 341 v:124
15/08/2020 9:10:52 AM,252 Event OK
15/08/2020 9:10:53 AM,EVENT 54829 1597457197 0/0/0/0/0 INPUT 4 1 0 v:124
15/08/2020 9:10:53 AM,252 Event OK
15/08/2020 9:10:54 AM,EVENT 54830 1597457209 0/0/0/0/0 INPUT 7 1 0 v:124
15/08/2020 9:10:54 AM,252 Event OK
15/08/2020 9:10:54 AM,EVENT 54831 1597457209 0/0/0/0/0 INPUT 8 0 29 v:124
15/08/2020 9:10:54 AM,252 Event OK
15/08/2020 9:10:55 AM,EVENT 54832 1597457210 0/0/0/0/0 INPUT 1 1 0 v:124
15/08/2020 9:10:55 AM,252 Event OK
15/08/2020 9:10:56 AM,EVENT 54833 1597457210 0/0/0/0/0 INPUT 4 0 13 v:124
15/08/2020 9:10:56 AM,252 Event OK
15/08/2020 9:10:56 AM,EVENT 54834 1597457212 0/0/0/0/0 INPUT 4 1 0 v:124
15/08/2020 9:10:56 AM,252 Event OK
15/08/2020 9:10:57 AM,EVENT 54835 1597457213 0/0/0/0/0 TRIP 54827 0 15 7 6 22 v:124
15/08/2020 9:10:57 AM,252 Event OK
15/08/2020 9:10:58 AM,EVENT 54836 1597457214 0/0/0/0/0 INPUT 4 0 2 v:124
15/08/2020 9:10:58 AM,252 Event OK
15/08/2020 9:10:59 AM,EVENT 54837 1597458685 0/0/0/0/0 INPUT 8 1 0 v:124
15/08/2020 9:10:59 AM,252 Event OK
15/08/2020 9:10:59 AM,EVENT 54838 1597458686 0/0/0/0/0 INPUT 7 0 1477 v:124
15/08/2020 9:10:59 AM,252 Event OK
15/08/2020 9:11:00 AM,EVENT 54839 1597458695 0/0/0/0/0 SIGNON 2463 01b1def3 OK 26 271086 0 v:124
15/08/2020 9:11:00 AM,252 Event OK
15/08/2020 9:11:01 AM,EVENT 54840 1597458701 0/0/0/99/0 INPUT 4 1 0 v:124
15/08/2020 9:11:01 AM,252 Event OK
15/08/2020 9:11:02 AM,EVENT 54841 1597458701 0/0/0/99/0 INPUT 1 0 1491 v:124
15/08/2020 9:11:02 AM,252 Event OK
15/08/2020 9:11:03 AM,EVENT 54842 1597458720 0/0/0/0/0 REPORT 54839 0 0 v:124
15/08/2020 9:11:03 AM,252 Event OK
15/08/2020 9:11:03 AM,EVENT 54843 1597458731 0/0/0/0/7 INPUT 3 1 0 v:124
15/08/2020 9:11:03 AM,252 Event OK
15/08/2020 9:11:04 AM,EVENT 54844 1597458738 0/0/0/0/11 INPUT 3 0 7 v:124
15/08/2020 9:11:04 AM,252 Event OK
15/08/2020 9:11:05 AM,EVENT 54845 1597458739 0/0/0/0/8 INPUT 3 1 0 v:124
15/08/2020 9:11:05 AM,252 Event OK
15/08/2020 9:11:06 AM,EVENT 54846 1597458742 0/0/0/0/9 INPUT 3 0 4 v:124
15/08/2020 9:11:06 AM,252 Event OK
15/08/2020 9:11:06 AM,EVENT 54847 1597458746 0/0/0/0/3 INPUT 3 1 0 v:124
15/08/2020 9:11:06 AM,252 Event OK
15/08/2020 9:11:07 AM,EVENT 54848 1597458751 0/0/0/0/10 INPUT 3 0 4 v:124
15/08/2020 9:11:07 AM,252 Event OK
15/08/2020 9:11:08 AM,EVENT 54849 1597458758 0/0/0/0/0 INPUT 4 0 58 v:124
15/08/2020 9:11:08 AM,252 Event OK
15/08/2020 9:11:08 AM,EVENT 54850 1597458758 0/0/0/0/0 INPUT 4 1 0 v:124
15/08/2020 9:11:08 AM,252 Event OK
15/08/2020 9:11:09 AM,EVENT 54851 1597458784 0/0/0/0/0 INPUT 4 0 26 v:124
15/08/2020 9:11:09 AM,252 Event OK
15/08/2020 9:11:10 AM,EVENT 54852 1597458785 0/0/0/0/0 INPUT 4 1 0 v:124
15/08/2020 9:11:10 AM,252 Event OK
15/08/2020 9:11:10 AM,EVENT 54853 1597458791 0/0/0/0/4 INPUT 4 0 7 v:124
15/08/2020 9:11:10 AM,252 Event OK
15/08/2020 9:11:11 AM,EVENT 54854 1597458791 0/0/0/0/4 INPUT 4 1 0 v:124
15/08/2020 9:11:11 AM,252 Event OK
15/08/2020 9:11:12 AM,EVENT 54855 1597458818 0/0/0/0/8 INPUT 3 1 0 v:124
15/08/2020 9:11:12 AM,252 Event OK
15/08/2020 9:11:12 AM,EVENT 54856 1597458819 0/0/0/0/8 INPUT 3 0 0 v:124
15/08/2020 9:11:12 AM,252 Event OK
15/08/2020 9:11:13 AM,EVENT 54857 1597458857 0/0/0/0/3 INPUT 4 0 66 v:124
15/08/2020 9:11:13 AM,252 Event OK
15/08/2020 9:11:14 AM,EVENT 54858 1597458857 0/0/0/0/3 INPUT 4 1 0 v:124
15/08/2020 9:11:14 AM,252 Event OK
15/08/2020 9:11:14 AM,EVENT 54859 1597458880 0/0/0/0/8 INPUT 3 1 0 v:124
15/08/2020 9:11:14 AM,252 Event OK
15/08/2020 9:11:15 AM,EVENT 54860 1597458883 0/0/0/0/10 INPUT 3 0 3 v:124
15/08/2020 9:11:15 AM,252 Event OK
15/08/2020 9:11:16 AM,EVENT 54861 1597458885 0/0/0/0/5 INPUT 7 1 0 v:124
15/08/2020 9:11:16 AM,252 Event OK
15/08/2020 9:11:17 AM,EVENT 54862 1597458885 0/0/0/0/5 INPUT 8 0 200 v:124
15/08/2020 9:11:17 AM,252 Event OK
15/08/2020 9:11:17 AM,EVENT 54863 1597458886 0/0/0/0/4 INPUT 1 1 0 v:124
15/08/2020 9:11:17 AM,252 Event OK
15/08/2020 9:11:18 AM,EVENT 54864 1597458886 0/0/0/0/2 INPUT 4 0 29 v:124
15/08/2020 9:11:18 AM,252 Event OK
15/08/2020 9:11:19 AM,EVENT 54865 1597458887 0/0/0/0/0 INPUT 4 1 0 v:124
15/08/2020 9:11:19 AM,252 Event OK
15/08/2020 9:11:19 AM,EVENT 54866 1597458889 0/0/0/0/0 TRIP 54839 17 170 8 6 195 v:124
15/08/2020 9:11:19 AM,252 Event OK
15/08/2020 9:11:20 AM,EVENT 54867 1597458890 0/0/0/0/0 INPUT 4 0 2 v:124
15/08/2020 9:11:20 AM,252 Event OK
15/08/2020 9:11:21 AM,EVENT 54868 1597469593 0/0/0/0/0 SWSTART OpusFC 5.0.58.518 R v:124
15/08/2020 9:11:21 AM,252 Event OK
15/08/2020 9:11:35 AM,EVENT 54869 1597458889 0/0/0/0/0 POWERDOWN v:124
15/08/2020 9:11:35 AM,252 Event OK
15/08/2020 9:12:14 AM,UNIT 9279
15/08/2020 9:12:14 AM,333 CHAL 449ED4E5
15/08/2020 9:12:14 AM,RESP 0A157455
15/08/2020 9:12:14 AM,230 Auth OK
15/08/2020 9:12:14 AM,TIME
15/08/2020 9:12:14 AM,211 TIME 1597482734
15/08/2020 9:12:14 AM,EVCOUNT 311
15/08/2020 9:12:14 AM,252 Event OK
15/08/2020 9:12:15 AM,TODO
15/08/2020 9:12:15 AM,226 Nothing to do
15/08/2020 9:12:15 AM,EVENT 54870 1597469593 0/0/0/0/0 INPUT 1 1 0 v:124
15/08/2020 9:12:15 AM,252 Event OK
15/08/2020 9:12:15 AM,EVENT 54871 1597469593 0/0/0/0/0 INPUT 2 0 0 v:124
15/08/2020 9:12:15 AM,252 Event OK
15/08/2020 9:12:16 AM,EVENT 54872 1597469593 0/0/0/0/0 INPUT 3 0 0 v:124
15/08/2020 9:12:16 AM,252 Event OK
15/08/2020 9:12:16 AM,EVENT 54873 1597469593 0/0/0/0/0 INPUT 4 0 0 v:124
15/08/2020 9:12:16 AM,252 Event OK
15/08/2020 9:12:16 AM,EVENT 54874 1597469593 0/0/0/0/0 INPUT 7 0 0 v:124
15/08/2020 9:12:16 AM,252 Event OK
15/08/2020 9:12:16 AM,EVENT 54870 1597469593 0/0/0/0/0 INPUT 1 1 0 v:124
15/08/2020 9:12:16 AM,252 Event OK - Outofsync
15/08/2020 9:12:16 AM,EVENT 54875 1597469593 0/0/0/0/0 INPUT 8 1 0 v:124
15/08/2020 9:12:16 AM,252 Event OK
15/08/2020 9:12:17 AM,EVENT 54876 1597469595 0/0/0/0/0 ZONE_OK 2 100 FW=NO VERSION v:124
15/08/2020 9:12:17 AM,252 Event OK
15/08/2020 9:12:18 AM,EVENT 54877 1597469603 0/0/0/0/0 SIGNON 2520 03dbed13 OK 26 120976 0 v:124
15/08/2020 9:12:18 AM,252 Event OK
15/08/2020 9:12:18 AM,EVENT 54878 1597469611 0/0/0/99/0 INPUT 4 1 0 v:124
15/08/2020 9:12:18 AM,252 Event OK
15/08/2020 9:12:18 AM,EVENT 54879 1597469611 0/0/0/99/0 INPUT 1 0 18 v:124
15/08/2020 9:12:18 AM,252 Event OK
15/08/2020 9:12:18 AM,EVENT 54880 1597469633 0/0/0/0/3 INPUT 4 0 23 v:124
15/08/2020 9:12:18 AM,252 Event OK
15/08/2020 9:12:19 AM,EVENT 54881 1597469633 0/0/0/0/3 INPUT 4 1 0 v:124
15/08/2020 9:12:19 AM,252 Event OK
15/08/2020 9:12:19 AM,EVENT 54882 1597469660 0/0/0/0/4 INPUT 4 0 27 v:124
15/08/2020 9:12:19 AM,252 Event OK
15/08/2020 9:12:19 AM,EVENT 54883 1597469660 0/0/0/0/3 INPUT 4 1 0 v:124
15/08/2020 9:12:19 AM,252 Event OK
15/08/2020 9:12:19 AM,EVENT 54884 1597469664 0/0/0/0/3 INPUT 4 0 4 v:124
15/08/2020 9:12:19 AM,252 Event OK
15/08/2020 9:12:20 AM,EVENT 54885 1597469665 0/0/0/0/2 INPUT 4 1 0 v:124
15/08/2020 9:12:20 AM,252 Event OK
15/08/2020 9:12:20 AM,EVENT 54886 1597469678 0/0/0/0/0 INPUT 4 0 14 v:124
15/08/2020 9:12:20 AM,252 Event OK
15/08/2020 9:12:22 AM,EVENT 54887 1597469678 0/0/0/0/0 INPUT 4 1 0 v:124
15/08/2020 9:12:22 AM,252 Event OK
15/08/2020 9:12:23 AM,EVENT 54888 1597469681 0/0/0/0/0 INPUT 4 0 3 v:124
15/08/2020 9:12:23 AM,252 Event OK
15/08/2020 9:12:23 AM,EVENT 54889 1597469681 0/0/0/0/0 INPUT 4 1 0 v:124
15/08/2020 9:12:23 AM,252 Event OK
15/08/2020 9:12:24 AM,EVENT 54890 1597469705 0/0/0/0/1 INPUT 3 1 0 v:124
15/08/2020 9:12:24 AM,252 Event OK
15/08/2020 9:12:24 AM,EVENT 54891 1597469707 0/0/0/0/34 INPUT 3 0 2 v:124
15/08/2020 9:12:24 AM,252 Event OK
15/08/2020 9:12:25 AM,EVENT 54892 1597469716 0/0/0/0/0 INPUT 4 0 35 v:124
15/08/2020 9:12:25 AM,252 Event OK
15/08/2020 9:12:25 AM,EVENT 54893 1597469717 0/0/0/0/0 INPUT 4 1 0 v:124
15/08/2020 9:12:25 AM,252 Event OK
15/08/2020 9:12:25 AM,EVENT 54894 1597469722 0/0/0/0/0 INPUT 4 0 6 v:124
15/08/2020 9:12:25 AM,252 Event OK
15/08/2020 9:12:26 AM,EVENT 54895 1597469723 0/0/0/0/0 INPUT 4 1 0 v:124
15/08/2020 9:12:26 AM,252 Event OK
15/08/2020 9:12:26 AM,EVENT 54896 1597469727 0/0/0/0/0 INPUT 4 0 5 v:124
15/08/2020 9:12:26 AM,252 Event OK
15/08/2020 9:12:26 AM,EVENT 54897 1597469728 0/0/0/0/0 INPUT 4 1 0 v:124
15/08/2020 9:12:26 AM,252 Event OK
15/08/2020 9:12:27 AM,EVENT 54898 1597469732 0/0/0/0/0 INPUT 4 0 5 v:124
15/08/2020 9:12:27 AM,252 Event OK
15/08/2020 9:12:27 AM,EVENT 54899 1597469732 0/0/0/0/0 INPUT 4 1 0 v:124
15/08/2020 9:12:27 AM,252 Event OK
15/08/2020 9:12:27 AM,EVENT 54900 1597469735 0/0/0/0/0 INPUT 4 0 3 v:124
15/08/2020 9:12:27 AM,252 Event OK
15/08/2020 9:12:27 AM,EVENT 54901 1597469735 0/0/0/0/0 INPUT 4 1 0 v:124
15/08/2020 9:12:27 AM,252 Event OK
15/08/2020 9:12:28 AM,EVENT 54902 1597469768 0/0/0/0/1 INPUT 4 0 33 v:124
15/08/2020 9:12:28 AM,252 Event OK
15/08/2020 9:12:28 AM,EVENT 54903 1597469769 0/0/0/0/1 INPUT 4 1 0 v:124
15/08/2020 9:12:28 AM,252 Event OK
15/08/2020 9:12:28 AM,EVENT 54904 1597469791 0/0/0/0/7 INPUT 3 1 0 v:124
15/08/2020 9:12:28 AM,252 Event OK
15/08/2020 9:12:29 AM,EVENT 54905 1597469791 0/0/0/0/8 INPUT 3 0 1 v:124
15/08/2020 9:12:29 AM,252 Event OK
15/08/2020 9:12:29 AM,EVENT 54906 1597469795 0/0/0/0/5 INPUT 4 0 27 v:124
15/08/2020 9:12:29 AM,252 Event OK
15/08/2020 9:12:29 AM,EVENT 54907 1597469795 0/0/0/0/4 INPUT 4 1 0 v:124
15/08/2020 9:12:29 AM,252 Event OK
15/08/2020 9:12:30 AM,EVENT 54908 1597469810 0/0/0/0/5 INPUT 3 1 0 v:124
15/08/2020 9:12:30 AM,252 Event OK
15/08/2020 9:12:30 AM,EVENT 54909 1597469811 0/0/0/0/10 INPUT 3 0 2 v:124
15/08/2020 9:12:30 AM,252 Event OK
15/08/2020 9:12:30 AM,EVENT 54910 1597469813 0/0/0/0/8 INPUT 3 1 0 v:124
15/08/2020 9:12:30 AM,252 Event OK
15/08/2020 9:12:30 AM,EVENT 54911 1597469835 0/0/0/0/10 INPUT 3 0 23 v:124
15/08/2020 9:12:30 AM,252 Event OK
15/08/2020 9:12:31 AM,EVENT 54912 1597469837 0/0/0/0/6 INPUT 3 1 0 v:124
15/08/2020 9:12:31 AM,252 Event OK
15/08/2020 9:12:31 AM,EVENT 54913 1597470011 0/0/0/0/9 INPUT 3 0 175 v:124
15/08/2020 9:12:31 AM,252 Event OK
15/08/2020 9:12:31 AM,EVENT 54914 1597470015 0/0/0/0/7 INPUT 3 1 0 v:124
15/08/2020 9:12:31 AM,252 Event OK
15/08/2020 9:12:32 AM,EVENT 54915 1597470022 0/0/0/0/10 INPUT 3 0 7 v:124
15/08/2020 9:12:32 AM,252 Event OK
15/08/2020 9:12:32 AM,EVENT 54916 1597470025 0/0/0/0/8 INPUT 3 1 0 v:124
15/08/2020 9:12:32 AM,252 Event OK
15/08/2020 9:12:32 AM,EVENT 54917 1597470026 0/0/0/0/9 INPUT 3 0 2 v:124
15/08/2020 9:12:32 AM,252 Event OK
15/08/2020 9:12:32 AM,EVENT 54918 1597470029 0/0/0/0/2 INPUT 7 1 0 v:124
15/08/2020 9:12:32 AM,252 Event OK
15/08/2020 9:12:33 AM,EVENT 54919 1597470029 0/0/0/0/2 INPUT 8 0 436 v:124
15/08/2020 9:12:33 AM,252 Event OK
15/08/2020 9:12:33 AM,EVENT 54920 1597470030 0/0/0/0/0 INPUT 1 1 0 v:124
15/08/2020 9:12:33 AM,252 Event OK
15/08/2020 9:12:33 AM,EVENT 54921 1597470031 0/0/0/0/0 INPUT 4 0 236 v:124
15/08/2020 9:12:33 AM,252 Event OK
15/08/2020 9:12:34 AM,EVENT 54922 1597470034 0/0/0/0/0 TRIP 54877 212 209 11 8 432 v:124
15/08/2020 9:12:34 AM,252 Event OK
15/08/2020 9:12:34 AM,EVENT 54923 1597470083 0/0/0/0/0 REPORT * 0 0 v:124
15/08/2020 9:12:34 AM,252 Event OK
15/08/2020 9:12:34 AM,EVENT 54924 1597470196 0/0/0/0/0 INPUT 8 1 0 v:124
15/08/2020 9:12:34 AM,252 Event OK
15/08/2020 9:12:35 AM,EVENT 54925 1597470196 0/0/0/0/0 INPUT 7 0 167 v:124
15/08/2020 9:12:35 AM,252 Event OK
15/08/2020 9:12:35 AM,EVENT 54926 1597470203 0/0/0/0/0 SIGNON * 0 NOCARD 26 0 220976 v:124
15/08/2020 9:12:35 AM,252 Event OK
15/08/2020 9:12:35 AM,EVENT 54927 1597470214 0/0/0/0/0 SIGNON 2520 03dbed13 OK 26 120976 0 v:124
15/08/2020 9:12:35 AM,252 Event OK
15/08/2020 9:12:36 AM,EVENT 54928 1597470220 0/0/0/0/0 INPUT 1 0 190 v:124
15/08/2020 9:12:36 AM,252 Event OK
15/08/2020 9:12:36 AM,EVENT 54929 1597470221 0/0/0/0/0 INPUT 4 1 0 v:124
15/08/2020 9:12:36 AM,252 Event OK
15/08/2020 9:12:36 AM,EVENT 54930 1597470243 0/0/0/0/4 INPUT 3 1 0 v:124
15/08/2020 9:12:36 AM,252 Event OK
15/08/2020 9:12:37 AM,EVENT 54931 1597470246 0/0/0/0/11 INPUT 3 0 3 v:124
15/08/2020 9:12:37 AM,252 Event OK
15/08/2020 9:12:37 AM,EVENT 54932 1597470252 0/0/0/0/0 INPUT 4 0 31 v:124
15/08/2020 9:12:37 AM,252 Event OK
15/08/2020 9:12:37 AM,EVENT 54933 1597470252 0/0/0/0/0 INPUT 4 1 0 v:124
15/08/2020 9:12:37 AM,252 Event OK
15/08/2020 9:12:38 AM,EVENT 54934 1597470265 0/0/0/0/4 INPUT 3 1 0 v:124
15/08/2020 9:12:38 AM,252 Event OK
15/08/2020 9:12:38 AM,EVENT 54935 1597471110 0/0/0/0/10 INPUT 3 0 845 v:124
15/08/2020 9:12:38 AM,252 Event OK
15/08/2020 9:12:38 AM,EVENT 54936 1597471111 0/0/0/0/8 INPUT 3 1 0 v:124
15/08/2020 9:12:38 AM,252 Event OK
15/08/2020 9:12:39 AM,EVENT 54937 1597471124 0/0/0/0/10 INPUT 3 0 12 v:124
15/08/2020 9:12:39 AM,252 Event OK
15/08/2020 9:12:39 AM,EVENT 54938 1597471124 0/0/0/0/8 INPUT 3 1 0 v:124
15/08/2020 9:12:39 AM,252 Event OK
15/08/2020 9:12:39 AM,EVENT 54939 1597471244 0/0/0/0/10 INPUT 3 0 119 v:124
15/08/2020 9:12:39 AM,252 Event OK
15/08/2020 9:12:40 AM,EVENT 54940 1597471246 0/0/0/0/8 INPUT 3 1 0 v:124
15/08/2020 9:12:40 AM,252 Event OK
15/08/2020 9:12:40 AM,EVENT 54941 1597471320 0/0/0/99/10 INPUT 3 0 74 v:124
15/08/2020 9:12:40 AM,252 Event OK
15/08/2020 9:12:40 AM,EVENT 54942 1597471322 0/0/0/99/8 INPUT 3 1 0 v:124
15/08/2020 9:12:40 AM,252 Event OK
15/08/2020 9:12:41 AM,EVENT 54943 1597471323 0/0/0/99/9 INPUT 3 0 2 v:124
15/08/2020 9:12:41 AM,252 Event OK
15/08/2020 9:12:41 AM,EVENT 54944 1597471402 0/0/0/0/4 INPUT 4 0 1150 v:124
15/08/2020 9:12:41 AM,252 Event OK
15/08/2020 9:12:41 AM,EVENT 54945 1597471402 0/0/0/0/3 INPUT 4 1 0 v:124
15/08/2020 9:12:41 AM,252 Event OK
15/08/2020 9:12:42 AM,EVENT 54946 1597471420 0/0/0/0/0 INPUT 4 0 18 v:124
15/08/2020 9:12:42 AM,252 Event OK
15/08/2020 9:12:42 AM,EVENT 54947 1597471421 0/0/0/0/0 INPUT 4 1 0 v:124
15/08/2020 9:12:42 AM,252 Event OK
15/08/2020 9:12:42 AM,EVENT 54948 1597471468 0/0/0/0/0 INPUT 4 0 48 v:124
15/08/2020 9:12:42 AM,252 Event OK
15/08/2020 9:12:43 AM,EVENT 54949 1597471468 0/0/0/0/0 INPUT 4 1 0 v:124
15/08/2020 9:12:43 AM,252 Event OK
15/08/2020 9:12:44 AM,EVENT 54950 1597471513 0/0/0/0/0 INPUT 4 0 45 v:124
15/08/2020 9:12:44 AM,252 Event OK
15/08/2020 9:12:44 AM,EVENT 54951 1597471513 0/0/0/0/0 INPUT 4 1 0 v:124
15/08/2020 9:12:44 AM,252 Event OK
15/08/2020 9:12:44 AM,EVENT 54952 1597471546 0/0/0/0/0 INPUT 4 0 33 v:124
15/08/2020 9:12:44 AM,252 Event OK
15/08/2020 9:12:45 AM,EVENT 54953 1597471546 0/0/0/0/0 INPUT 4 1 0 v:124
15/08/2020 9:12:45 AM,252 Event OK
15/08/2020 9:12:45 AM,EVENT 54954 1597471579 0/0/0/0/0 INPUT 4 0 33 v:124
15/08/2020 9:12:45 AM,252 Event OK
15/08/2020 9:12:46 AM,EVENT 54955 1597471579 0/0/0/0/0 INPUT 4 1 0 v:124
15/08/2020 9:12:46 AM,252 Event OK
15/08/2020 9:12:47 AM,EVENT 54956 1597471674 0/0/0/99/0 INPUT 4 0 95 v:124
15/08/2020 9:12:47 AM,252 Event OK
15/08/2020 9:12:48 AM,EVENT 54957 1597471674 0/0/0/99/0 INPUT 4 1 0 v:124
15/08/2020 9:12:48 AM,252 Event OK
15/08/2020 9:12:48 AM,EVENT 54958 1597471678 0/0/0/0/0 INPUT 4 0 4 v:124
15/08/2020 9:12:48 AM,252 Event OK
15/08/2020 9:12:50 AM,EVENT 54959 1597471678 0/0/0/0/0 INPUT 4 1 0 v:124
15/08/2020 9:12:50 AM,252 Event OK
15/08/2020 9:12:50 AM,EVENT 54960 1597471683 0/0/0/0/0 INPUT 4 0 5 v:124
15/08/2020 9:12:50 AM,252 Event OK
15/08/2020 9:12:50 AM,EVENT 54961 1597471683 0/0/0/0/0 INPUT 4 1 0 v:124
15/08/2020 9:12:50 AM,252 Event OK
15/08/2020 9:12:51 AM,EVENT 54962 1597471700 0/0/0/0/0 INPUT 4 0 17 v:124
15/08/2020 9:12:51 AM,252 Event OK
15/08/2020 9:12:51 AM,EVENT 54963 1597471700 0/0/0/0/0 INPUT 4 1 0 v:124
15/08/2020 9:12:51 AM,252 Event OK
15/08/2020 9:12:51 AM,EVENT 54964 1597471711 0/0/0/0/0 INPUT 4 0 11 v:124
15/08/2020 9:12:51 AM,252 Event OK
15/08/2020 9:12:52 AM,EVENT 54965 1597471711 0/0/0/0/0 INPUT 4 1 0 v:124
15/08/2020 9:12:52 AM,252 Event OK
15/08/2020 9:12:52 AM,EVENT 54966 1597471715 0/0/0/0/1 INPUT 4 0 4 v:124
15/08/2020 9:12:52 AM,252 Event OK
15/08/2020 9:12:52 AM,EVENT 54967 1597471716 0/0/0/0/0 INPUT 4 1 0 v:124
15/08/2020 9:12:52 AM,252 Event OK
15/08/2020 9:13:23 AM,UNIT 9279
15/08/2020 9:13:23 AM,333 CHAL 22F67017
15/08/2020 9:13:23 AM,RESP 44C3BA6C
15/08/2020 9:13:23 AM,230 Auth OK
15/08/2020 9:13:23 AM,TIME
15/08/2020 9:13:23 AM,211 TIME 1597482803
15/08/2020 9:13:23 AM,EVCOUNT 214
15/08/2020 9:13:23 AM,252 Event OK
15/08/2020 9:13:24 AM,TODO
15/08/2020 9:13:24 AM,125 TODO GETXML 2000 Operators 
225 Work list complete
15/08/2020 9:13:24 AM,GETXML
15/08/2020 9:13:24 AM,Binary data 4241 bytes
15/08/2020 9:13:25 AM,GOT Operators 4193 B22E2A56
15/08/2020 9:13:25 AM,250 Download OK
15/08/2020 9:13:25 AM,EVENT 54967 1597471716 0/0/0/0/0 INPUT 4 1 0 v:124
15/08/2020 9:13:25 AM,253 Event OK - Duplicate
15/08/2020 9:13:27 AM,EVENT 54968 1597471730 0/0/0/0/3 INPUT 4 0 15 v:124
15/08/2020 9:13:27 AM,252 Event OK
15/08/2020 9:13:32 AM,EVENT 54969 1597471730 0/0/0/0/3 INPUT 4 1 0 v:124
15/08/2020 9:13:32 AM,252 Event OK
15/08/2020 9:13:33 AM,EVENT 54970 1597471753 0/0/0/0/0 INPUT 4 0 23 v:124
15/08/2020 9:13:33 AM,252 Event OK
15/08/2020 9:13:34 AM,EVENT 54971 1597471754 0/0/0/0/0 INPUT 4 1 0 v:124
15/08/2020 9:13:34 AM,252 Event OK
15/08/2020 9:13:34 AM,EVENT 54972 1597471755 0/0/0/0/0 INPUT 4 0 2 v:124
15/08/2020 9:13:34 AM,252 Event OK
15/08/2020 9:13:35 AM,EVENT 54973 1597471755 0/0/0/0/0 INPUT 4 1 0 v:124
15/08/2020 9:13:35 AM,252 Event OK
15/08/2020 9:13:35 AM,EVENT 54974 1597471756 0/0/0/0/0 INPUT 7 1 0 v:124
15/08/2020 9:13:35 AM,252 Event OK
15/08/2020 9:13:36 AM,EVENT 54975 1597471756 0/0/0/0/0 INPUT 8 0 1560 v:124
15/08/2020 9:13:36 AM,252 Event OK
15/08/2020 9:13:37 AM,EVENT 54976 1597471757 0/0/0/0/0 INPUT 1 1 0 v:124
15/08/2020 9:13:37 AM,252 Event OK
15/08/2020 9:13:38 AM,EVENT 54977 1597471760 0/0/0/0/0 TRIP 54927 1055 484 7 7 1546 v:124
15/08/2020 9:13:38 AM,252 Event OK
15/08/2020 9:13:39 AM,EVENT 54978 1597471761 0/0/0/0/0 INPUT 4 0 5 v:124
15/08/2020 9:13:39 AM,252 Event OK
15/08/2020 9:13:40 AM,EVENT 54979 1597472712 0/0/0/0/0 INPUT 8 1 0 v:124
15/08/2020 9:13:40 AM,252 Event OK
15/08/2020 9:13:41 AM,EVENT 54980 1597472713 0/0/0/0/0 INPUT 7 0 957 v:124
15/08/2020 9:13:41 AM,252 Event OK
15/08/2020 9:13:42 AM,EVENT 54981 1597472721 0/0/0/0/0 SIGNON 2520 03dbed13 OK 26 120976 0 v:124
15/08/2020 9:13:42 AM,252 Event OK
15/08/2020 9:13:42 AM,EVENT 54982 1597472727 0/0/0/0/0 INPUT 4 1 0 v:124
15/08/2020 9:13:42 AM,252 Event OK
15/08/2020 9:13:43 AM,EVENT 54983 1597472728 0/0/0/0/0 INPUT 1 0 971 v:124
15/08/2020 9:13:43 AM,252 Event OK
15/08/2020 9:13:44 AM,EVENT 54984 1597472731 0/0/0/0/0 INPUT 4 0 4 v:124
15/08/2020 9:13:44 AM,252 Event OK
15/08/2020 9:13:45 AM,EVENT 54985 1597472731 0/0/0/0/0 INPUT 4 1 0 v:124
15/08/2020 9:13:45 AM,252 Event OK
15/08/2020 9:13:45 AM,EVENT 54986 1597472734 0/0/0/0/0 INPUT 4 0 3 v:124
15/08/2020 9:13:45 AM,252 Event OK
15/08/2020 9:13:46 AM,EVENT 54987 1597472734 0/0/0/0/0 INPUT 4 1 0 v:124
15/08/2020 9:13:46 AM,252 Event OK
15/08/2020 9:13:47 AM,EVENT 54988 1597472737 0/0/0/0/0 INPUT 4 0 3 v:124
15/08/2020 9:13:47 AM,252 Event OK
15/08/2020 9:13:48 AM,EVENT 54989 1597472737 0/0/0/0/0 INPUT 4 1 0 v:124
15/08/2020 9:13:48 AM,252 Event OK
15/08/2020 9:13:49 AM,EVENT 54990 1597472740 0/0/0/0/0 INPUT 4 0 3 v:124
15/08/2020 9:13:49 AM,252 Event OK
15/08/2020 9:13:49 AM,EVENT 54991 1597472740 0/0/0/0/0 INPUT 4 1 0 v:124
15/08/2020 9:13:49 AM,252 Event OK
15/08/2020 9:13:50 AM,EVENT 54992 1597472746 0/0/0/0/0 INPUT 4 0 6 v:124
15/08/2020 9:13:50 AM,252 Event OK
15/08/2020 9:13:51 AM,EVENT 54993 1597472746 0/0/0/0/0 INPUT 4 1 0 v:124
15/08/2020 9:13:51 AM,252 Event OK
15/08/2020 9:13:51 AM,EVENT 54994 1597472752 0/0/0/0/0 INPUT 4 0 6 v:124
15/08/2020 9:13:51 AM,252 Event OK
15/08/2020 9:13:52 AM,EVENT 54995 1597472752 0/0/0/0/0 INPUT 4 1 0 v:124
15/08/2020 9:13:52 AM,252 Event OK
15/08/2020 9:13:53 AM,EVENT 54996 1597472768 0/0/0/0/0 REPORT 54981 0 0 v:124
15/08/2020 9:13:53 AM,252 Event OK
15/08/2020 9:13:54 AM,EVENT 54997 1597472769 0/0/0/0/0 INPUT 4 0 17 v:124
15/08/2020 9:13:54 AM,252 Event OK
15/08/2020 9:13:54 AM,EVENT 54998 1597472770 0/0/0/0/0 INPUT 4 1 0 v:124
15/08/2020 9:13:54 AM,252 Event OK
15/08/2020 9:13:55 AM,EVENT 54999 1597472772 0/0/0/0/0 INPUT 4 0 3 v:124
15/08/2020 9:13:55 AM,252 Event OK
15/08/2020 9:13:56 AM,EVENT 55000 1597472772 0/0/0/0/0 INPUT 4 1 0 v:124
15/08/2020 9:13:56 AM,252 Event OK
15/08/2020 9:13:56 AM,EVENT 55001 1597472775 0/0/0/0/0 INPUT 4 0 3 v:124
15/08/2020 9:13:56 AM,252 Event OK
15/08/2020 9:13:57 AM,EVENT 55002 1597472775 0/0/0/0/0 INPUT 4 1 0 v:124
15/08/2020 9:13:57 AM,252 Event OK
15/08/2020 9:13:58 AM,EVENT 55003 1597472782 0/0/0/0/0 INPUT 4 0 7 v:124
15/08/2020 9:13:58 AM,252 Event OK
15/08/2020 9:13:59 AM,EVENT 55004 1597472782 0/0/0/0/0 INPUT 4 1 0 v:124
15/08/2020 9:13:59 AM,252 Event OK
15/08/2020 9:13:59 AM,EVENT 55005 1597472788 0/0/0/0/3 INPUT 4 0 6 v:124
15/08/2020 9:13:59 AM,252 Event OK
15/08/2020 9:14:00 AM,EVENT 55006 1597472788 0/0/0/0/3 INPUT 4 1 0 v:124
15/08/2020 9:14:00 AM,252 Event OK
15/08/2020 9:14:01 AM,EVENT 55007 1597472799 0/0/0/0/8 INPUT 3 1 0 v:124
15/08/2020 9:14:01 AM,252 Event OK
15/08/2020 9:14:01 AM,EVENT 55008 1597472802 0/0/0/0/9 INPUT 3 0 3 v:124
15/08/2020 9:14:01 AM,252 Event OK
15/08/2020 9:14:02 AM,EVENT 55009 1597472806 0/0/0/0/8 INPUT 3 1 0 v:124
15/08/2020 9:14:02 AM,252 Event OK
15/08/2020 9:14:02 AM,EVENT 55010 1597472904 0/0/0/0/14 INPUT 3 0 99 v:124
15/08/2020 9:14:02 AM,252 Event OK
15/08/2020 9:14:03 AM,EVENT 55011 1597472913 0/0/0/0/6 INPUT 3 1 0 v:124
15/08/2020 9:14:03 AM,252 Event OK
15/08/2020 9:14:04 AM,EVENT 55012 1597472920 0/0/0/0/11 INPUT 3 0 8 v:124
15/08/2020 9:14:04 AM,252 Event OK
15/08/2020 9:14:05 AM,EVENT 55013 1597472931 0/0/0/0/8 INPUT 3 1 0 v:124
15/08/2020 9:14:05 AM,252 Event OK
15/08/2020 9:14:06 AM,EVENT 55014 1597472933 0/0/0/0/9 INPUT 3 0 1 v:124
15/08/2020 9:14:06 AM,252 Event OK
15/08/2020 9:14:07 AM,EVENT 55015 1597472937 0/0/0/0/4 INPUT 3 1 0 v:124
15/08/2020 9:14:07 AM,252 Event OK
15/08/2020 9:14:07 AM,EVENT 55016 1597472943 0/0/0/0/9 INPUT 3 0 6 v:124
15/08/2020 9:14:07 AM,252 Event OK
15/08/2020 9:14:08 AM,EVENT 55017 1597473184 0/0/0/0/3 INPUT 4 0 396 v:124
15/08/2020 9:14:08 AM,252 Event OK
15/08/2020 9:14:09 AM,EVENT 55018 1597473184 0/0/0/0/3 INPUT 4 1 0 v:124
15/08/2020 9:14:09 AM,252 Event OK
15/08/2020 9:14:09 AM,EVENT 55019 1597473205 0/0/0/0/3 INPUT 4 0 21 v:124
15/08/2020 9:14:09 AM,252 Event OK
15/08/2020 9:14:10 AM,EVENT 55020 1597473205 0/0/0/0/3 INPUT 4 1 0 v:124
15/08/2020 9:14:10 AM,252 Event OK
15/08/2020 9:14:11 AM,EVENT 55021 1597473209 0/0/0/0/1 INPUT 7 1 0 v:124
15/08/2020 9:14:11 AM,252 Event OK
15/08/2020 9:14:11 AM,EVENT 55022 1597473209 0/0/0/0/1 INPUT 8 0 498 v:124
15/08/2020 9:14:11 AM,252 Event OK
15/08/2020 9:14:12 AM,EVENT 55023 1597473210 0/0/0/0/0 INPUT 1 1 0 v:124
15/08/2020 9:14:12 AM,252 Event OK
15/08/2020 9:14:13 AM,EVENT 55024 1597473212 0/0/0/0/0 INPUT 4 0 7 v:124
15/08/2020 9:14:13 AM,252 Event OK
15/08/2020 9:14:14 AM,EVENT 55025 1597473214 0/0/0/0/0 TRIP 54981 117 368 8 6 493 v:124
15/08/2020 9:14:14 AM,252 Event OK
15/08/2020 9:14:15 AM,EVENT 55026 1597476478 0/0/0/0/0 SWSTART OpusFC 5.0.58.518 R v:124
15/08/2020 9:14:15 AM,252 Event OK
15/08/2020 9:14:16 AM,EVENT 55027 1597473214 0/0/0/0/0 POWERDOWN v:124
15/08/2020 9:14:16 AM,252 Event OK
15/08/2020 9:14:17 AM,EVENT 55028 1597476478 0/0/0/0/0 INPUT 1 1 0 v:124
15/08/2020 9:14:17 AM,252 Event OK
15/08/2020 9:14:18 AM,EVENT 55029 1597476478 0/0/0/0/0 INPUT 2 0 0 v:124
15/08/2020 9:14:18 AM,252 Event OK
15/08/2020 9:14:18 AM,EVENT 55030 1597476478 0/0/0/0/0 INPUT 3 0 0 v:124
15/08/2020 9:14:18 AM,252 Event OK
15/08/2020 9:14:19 AM,EVENT 55031 1597476478 0/0/0/0/0 INPUT 4 0 0 v:123
15/08/2020 9:14:19 AM,252 Event OK
15/08/2020 9:14:19 AM,EVENT 55032 1597476478 0/0/0/0/0 INPUT 7 0 0 v:123
15/08/2020 9:14:19 AM,252 Event OK
15/08/2020 9:14:20 AM,EVENT 55033 1597476478 0/0/0/0/0 INPUT 8 1 0 v:123
15/08/2020 9:14:20 AM,252 Event OK
15/08/2020 9:14:21 AM,EVENT 55034 1597476480 0/0/0/0/0 ZONE_OK 2 100 FW=NO VERSION v:123
15/08/2020 9:14:21 AM,252 Event OK
15/08/2020 9:14:21 AM,EVENT 55035 1597476487 0/0/0/0/0 SIGNON 2463 01b1def3 OK 26 271086 0 v:123
15/08/2020 9:14:21 AM,252 Event OK
15/08/2020 9:14:22 AM,EVENT 55036 1597476493 0/0/0/99/0 INPUT 4 1 0 v:124
15/08/2020 9:14:22 AM,252 Event OK
15/08/2020 9:14:23 AM,EVENT 55037 1597476494 0/0/0/99/0 INPUT 1 0 15 v:124
15/08/2020 9:14:23 AM,252 Event OK
15/08/2020 9:14:23 AM,EVENT 55038 1597476503 0/0/0/0/2 INPUT 4 0 11 v:123
15/08/2020 9:14:23 AM,252 Event OK
15/08/2020 9:14:24 AM,EVENT 55039 1597476504 0/0/0/0/2 INPUT 4 1 0 v:123
15/08/2020 9:14:24 AM,252 Event OK
15/08/2020 9:14:24 AM,EVENT 55040 1597476512 0/0/0/0/8 INPUT 3 1 0 v:124
15/08/2020 9:14:24 AM,252 Event OK
15/08/2020 9:14:25 AM,EVENT 55041 1597476513 0/0/0/0/8 INPUT 3 0 1 v:124
15/08/2020 9:14:25 AM,252 Event OK
15/08/2020 9:14:26 AM,EVENT 55042 1597476513 0/0/0/0/8 INPUT 3 1 0 v:124
15/08/2020 9:14:26 AM,252 Event OK
15/08/2020 9:14:26 AM,EVENT 55043 1597476517 0/0/0/0/9 INPUT 3 0 3 v:124
15/08/2020 9:14:26 AM,252 Event OK
15/08/2020 9:14:27 AM,EVENT 55044 1597476527 0/0/0/0/5 INPUT 3 1 0 v:124
15/08/2020 9:14:27 AM,252 Event OK
15/08/2020 9:14:28 AM,EVENT 55045 1597476655 0/0/0/0/11 INPUT 3 0 128 v:124
15/08/2020 9:14:28 AM,252 Event OK
15/08/2020 9:14:28 AM,EVENT 55046 1597476668 0/0/0/0/3 INPUT 4 0 165 v:124
15/08/2020 9:14:28 AM,252 Event OK
15/08/2020 9:14:29 AM,EVENT 55047 1597476669 0/0/0/0/2 INPUT 4 1 0 v:124
15/08/2020 9:14:29 AM,252 Event OK
15/08/2020 9:14:30 AM,EVENT 55048 1597476719 0/0/0/0/0 INPUT 4 0 51 v:124
15/08/2020 9:14:30 AM,252 Event OK
15/08/2020 9:14:31 AM,EVENT 55049 1597476719 0/0/0/0/0 INPUT 4 1 0 v:124
15/08/2020 9:14:31 AM,252 Event OK
15/08/2020 9:14:31 AM,EVENT 55050 1597476738 0/0/0/0/8 INPUT 3 1 0 v:124
15/08/2020 9:14:31 AM,252 Event OK
15/08/2020 9:14:32 AM,EVENT 55051 1597476873 0/0/0/0/13 INPUT 3 0 134 v:124
15/08/2020 9:14:32 AM,252 Event OK
15/08/2020 9:14:33 AM,EVENT 55052 1597476877 0/0/0/0/7 INPUT 3 1 0 v:124
15/08/2020 9:14:33 AM,252 Event OK
15/08/2020 9:14:34 AM,EVENT 55053 1597476879 0/0/0/0/9 INPUT 3 0 2 v:124
15/08/2020 9:14:34 AM,252 Event OK
15/08/2020 9:14:35 AM,EVENT 55054 1597476907 0/0/0/0/7 INPUT 3 1 0 v:124
15/08/2020 9:14:35 AM,252 Event OK
15/08/2020 9:14:35 AM,EVENT 55055 1597476908 0/0/0/0/9 INPUT 3 0 1 v:124
15/08/2020 9:14:35 AM,252 Event OK
15/08/2020 9:14:36 AM,EVENT 55056 1597476917 0/0/0/0/5 INPUT 4 0 198 v:124
15/08/2020 9:14:36 AM,252 Event OK
15/08/2020 9:14:37 AM,EVENT 55057 1597476918 0/0/0/0/4 INPUT 4 1 0 v:124
15/08/2020 9:14:37 AM,252 Event OK
15/08/2020 9:14:38 AM,EVENT 55058 1597476919 0/0/0/0/0 INPUT 7 1 0 v:124
15/08/2020 9:14:38 AM,252 Event OK
15/08/2020 9:14:38 AM,EVENT 55059 1597476919 0/0/0/0/0 INPUT 8 0 441 v:124
15/08/2020 9:14:38 AM,252 Event OK
15/08/2020 9:14:39 AM,EVENT 55060 1597476920 0/0/0/0/0 INPUT 1 1 0 v:124
15/08/2020 9:14:39 AM,252 Event OK
15/08/2020 9:14:40 AM,EVENT 55061 1597476924 0/0/0/0/0 TRIP 55035 269 163 5 5 437 v:124
15/08/2020 9:14:40 AM,252 Event OK
15/08/2020 9:14:41 AM,EVENT 55062 1597476925 0/0/0/0/0 INPUT 4 0 7 v:124
15/08/2020 9:14:41 AM,252 Event OK
15/08/2020 9:14:42 AM,EVENT 55063 1597476968 0/0/0/0/0 REPORT * 0 0 v:124
15/08/2020 9:14:42 AM,252 Event OK
15/08/2020 9:14:43 AM,EVENT 55064 1597479213 0/0/0/0/0 SWSTART OpusFC 5.0.58.518 R v:124
15/08/2020 9:14:43 AM,252 Event OK
15/08/2020 9:14:44 AM,EVENT 55065 1597476924 0/0/0/0/0 POWERDOWN v:123
15/08/2020 9:14:44 AM,252 Event OK
15/08/2020 9:14:44 AM,EVENT 55066 1597479213 0/0/0/0/0 INPUT 1 1 0 v:123
15/08/2020 9:14:44 AM,252 Event OK
15/08/2020 9:14:46 AM,EVENT 55067 1597479213 0/0/0/0/0 INPUT 2 0 0 v:123
15/08/2020 9:14:46 AM,252 Event OK
15/08/2020 9:14:47 AM,EVENT 55068 1597479213 0/0/0/0/0 INPUT 3 0 0 v:123
15/08/2020 9:14:47 AM,252 Event OK
15/08/2020 9:14:48 AM,EVENT 55069 1597479213 0/0/0/0/0 INPUT 4 0 0 v:124
15/08/2020 9:14:48 AM,252 Event OK
15/08/2020 9:14:48 AM,EVENT 55070 1597479213 0/0/0/0/0 INPUT 7 0 0 v:123
15/08/2020 9:14:48 AM,252 Event OK
15/08/2020 9:14:49 AM,EVENT 55071 1597479213 0/0/0/0/0 INPUT 8 1 0 v:123
15/08/2020 9:14:49 AM,252 Event OK
15/08/2020 9:14:50 AM,EVENT 55072 1597479215 0/0/0/0/0 ZONE_OK 2 100 FW=NO VERSION v:123
15/08/2020 9:14:50 AM,252 Event OK
15/08/2020 9:14:51 AM,EVENT 55073 1597479222 0/0/0/0/0 SIGNON 2463 01b1def3 OK 26 271086 0 v:124
15/08/2020 9:14:51 AM,252 Event OK
15/08/2020 9:14:52 AM,EVENT 55074 1597479229 0/0/0/99/0 INPUT 4 1 0 v:124
15/08/2020 9:14:52 AM,252 Event OK
15/08/2020 9:14:52 AM,EVENT 55075 1597479229 0/0/0/99/0 INPUT 1 0 15 v:124
15/08/2020 9:14:52 AM,252 Event OK
15/08/2020 9:14:53 AM,EVENT 55076 1597479232 0/0/0/99/0 INPUT 4 0 4 v:124
15/08/2020 9:14:53 AM,252 Event OK
15/08/2020 9:14:54 AM,EVENT 55077 1597479232 0/0/0/99/0 INPUT 4 1 0 v:124
15/08/2020 9:14:54 AM,252 Event OK
15/08/2020 9:14:54 AM,EVENT 55078 1597479240 0/0/0/0/6 INPUT 3 1 0 v:124
15/08/2020 9:14:54 AM,252 Event OK
15/08/2020 9:14:55 AM,EVENT 55079 1597479304 0/0/0/0/9 INPUT 3 0 65 v:124
15/08/2020 9:14:55 AM,252 Event OK
15/08/2020 9:14:56 AM,EVENT 55080 1597479306 0/0/0/0/2 INPUT 3 1 0 v:124
15/08/2020 9:14:56 AM,252 Event OK
15/08/2020 9:14:56 AM,EVENT 55081 1597479307 0/0/0/0/9 INPUT 3 0 2 v:124
15/08/2020 9:14:56 AM,252 Event OK
15/08/2020 9:14:57 AM,EVENT 55082 1597479312 0/0/0/0/5 INPUT 4 0 80 v:124
15/08/2020 9:14:57 AM,252 Event OK
15/08/2020 9:14:58 AM,EVENT 55083 1597479312 0/0/0/0/4 INPUT 4 1 0 v:124
15/08/2020 9:14:58 AM,252 Event OK
15/08/2020 9:14:59 AM,EVENT 55084 1597479314 0/0/0/0/2 INPUT 3 1 0 v:124
15/08/2020 9:14:59 AM,252 Event OK
15/08/2020 9:14:59 AM,EVENT 55085 1597479321 0/0/0/0/10 INPUT 3 0 7 v:124
15/08/2020 9:14:59 AM,252 Event OK
15/08/2020 9:15:00 AM,EVENT 55086 1597479322 0/0/0/0/7 INPUT 7 1 0 v:124
15/08/2020 9:15:00 AM,252 Event OK
15/08/2020 9:15:03 AM,EVENT 55087 1597479322 0/0/0/0/7 INPUT 8 0 109 v:124
15/08/2020 9:15:03 AM,252 Event OK
15/08/2020 9:15:04 AM,EVENT 55088 1597479323 0/0/0/0/5 INPUT 1 1 0 v:124
15/08/2020 9:15:04 AM,252 Event OK
15/08/2020 9:15:05 AM,EVENT 55089 1597479326 0/0/0/0/0 INPUT 4 0 14 v:124
15/08/2020 9:15:05 AM,252 Event OK
15/08/2020 9:15:06 AM,EVENT 55090 1597479327 0/0/0/0/0 TRIP 55073 74 24 7 6 105 v:124
15/08/2020 9:15:06 AM,252 Event OK
15/08/2020 9:15:07 AM,EVENT 55091 1597479337 0/0/0/0/0 REPORT * 0 0 v:124
15/08/2020 9:15:07 AM,252 Event OK
15/08/2020 9:15:07 AM,EVENT 55092 1597479405 0/0/0/0/0 INPUT 8 1 0 v:124
15/08/2020 9:15:07 AM,252 Event OK
15/08/2020 9:15:08 AM,EVENT 55093 1597479406 0/0/0/0/0 INPUT 7 0 83 v:124
15/08/2020 9:15:08 AM,252 Event OK
15/08/2020 9:15:09 AM,EVENT 55094 1597479413 0/0/0/0/0 SIGNON 2463 01b1def3 OK 26 271086 0 v:124
15/08/2020 9:15:09 AM,252 Event OK
15/08/2020 9:15:10 AM,EVENT 55095 1597479420 0/0/0/0/0 INPUT 1 0 97 v:124
15/08/2020 9:15:10 AM,252 Event OK
15/08/2020 9:15:10 AM,EVENT 55096 1597479420 0/0/0/0/0 INPUT 4 1 0 v:124
15/08/2020 9:15:10 AM,252 Event OK
15/08/2020 9:15:11 AM,EVENT 55097 1597479424 0/0/0/0/7 INPUT 3 1 0 v:124
15/08/2020 9:15:11 AM,252 Event OK
15/08/2020 9:15:12 AM,EVENT 55098 1597479429 0/0/0/0/10 INPUT 3 0 5 v:124
15/08/2020 9:15:12 AM,252 Event OK
15/08/2020 9:15:12 AM,EVENT 55099 1597479437 0/0/0/0/4 INPUT 3 1 0 v:124
15/08/2020 9:15:12 AM,252 Event OK
15/08/2020 9:15:13 AM,EVENT 55100 1597479695 0/0/0/0/10 INPUT 3 0 258 v:124
15/08/2020 9:15:13 AM,252 Event OK
15/08/2020 9:15:14 AM,EVENT 55101 1597479702 0/0/0/0/5 INPUT 3 1 0 v:124
15/08/2020 9:15:14 AM,252 Event OK
15/08/2020 9:15:14 AM,EVENT 55102 1597479826 0/0/0/0/11 INPUT 3 0 125 v:124
15/08/2020 9:15:14 AM,252 Event OK
15/08/2020 9:15:15 AM,EVENT 55103 1597479828 0/0/0/0/8 INPUT 3 1 0 v:124
15/08/2020 9:15:15 AM,252 Event OK
15/08/2020 9:15:16 AM,EVENT 55104 1597480092 0/0/0/0/10 INPUT 3 0 265 v:124
15/08/2020 9:15:16 AM,252 Event OK
15/08/2020 9:15:17 AM,EVENT 55105 1597480098 0/0/0/0/5 INPUT 3 1 0 v:124
15/08/2020 9:15:17 AM,252 Event OK
15/08/2020 9:15:17 AM,EVENT 55106 1597480101 0/0/0/0/10 INPUT 3 0 3 v:124
15/08/2020 9:15:17 AM,252 Event OK
15/08/2020 9:15:18 AM,EVENT 55107 1597480103 0/0/0/0/7 INPUT 3 1 0 v:124
15/08/2020 9:15:18 AM,252 Event OK
15/08/2020 9:15:18 AM,EVENT 55108 1597480106 0/0/0/0/9 INPUT 3 0 4 v:124
15/08/2020 9:15:18 AM,252 Event OK
15/08/2020 9:15:19 AM,EVENT 55109 1597480114 0/0/0/0/7 INPUT 3 1 0 v:124
15/08/2020 9:15:19 AM,252 Event OK
15/08/2020 9:15:20 AM,EVENT 55110 1597480117 0/0/0/0/10 INPUT 3 0 2 v:124
15/08/2020 9:15:20 AM,252 Event OK
15/08/2020 9:15:20 AM,EVENT 55111 1597480129 0/0/0/0/2 INPUT 4 0 710 v:124
15/08/2020 9:15:20 AM,252 Event OK
15/08/2020 9:15:21 AM,EVENT 55112 1597480129 0/0/0/0/2 INPUT 4 1 0 v:124
15/08/2020 9:15:21 AM,252 Event OK
15/08/2020 9:15:22 AM,EVENT 55113 1597480134 0/0/0/0/6 INPUT 3 1 0 v:124
15/08/2020 9:15:22 AM,252 Event OK
15/08/2020 9:15:22 AM,EVENT 55114 1597480147 0/0/0/0/11 INPUT 3 0 13 v:124
15/08/2020 9:15:22 AM,252 Event OK
15/08/2020 9:15:23 AM,EVENT 55115 1597480151 0/0/0/0/8 INPUT 3 1 0 v:124
15/08/2020 9:15:23 AM,252 Event OK
15/08/2020 9:15:24 AM,EVENT 55116 1597480157 0/0/0/0/13 INPUT 3 0 7 v:124
15/08/2020 9:15:24 AM,252 Event OK
15/08/2020 9:15:24 AM,EVENT 55117 1597480162 0/0/0/0/1 INPUT 4 0 33 v:124
15/08/2020 9:15:24 AM,252 Event OK
15/08/2020 9:15:25 AM,EVENT 55118 1597480162 0/0/0/0/1 INPUT 4 1 0 v:124
15/08/2020 9:15:25 AM,252 Event OK
15/08/2020 9:15:26 AM,EVENT 55119 1597480166 0/0/0/0/7 INPUT 3 1 0 v:124
15/08/2020 9:15:26 AM,252 Event OK
15/08/2020 9:15:26 AM,EVENT 55120 1597480167 0/0/0/0/10 INPUT 3 0 2 v:124
15/08/2020 9:15:26 AM,252 Event OK
15/08/2020 9:15:27 AM,EVENT 55121 1597480169 0/0/0/0/8 INPUT 3 1 0 v:124
15/08/2020 9:15:27 AM,252 Event OK
15/08/2020 9:15:28 AM,EVENT 55122 1597480186 0/0/0/0/21 INPUT 3 0 17 v:124
15/08/2020 9:15:28 AM,252 Event OK
15/08/2020 9:15:29 AM,EVENT 55123 1597480209 0/0/0/0/3 INPUT 3 1 0 v:124
15/08/2020 9:15:29 AM,252 Event OK
15/08/2020 9:15:29 AM,EVENT 55124 1597480211 0/0/0/0/11 INPUT 3 0 3 v:124
15/08/2020 9:15:29 AM,252 Event OK
15/08/2020 9:15:30 AM,EVENT 55125 1597480218 0/0/0/0/8 INPUT 3 1 0 v:124
15/08/2020 9:15:30 AM,252 Event OK
15/08/2020 9:15:31 AM,EVENT 55126 1597480226 0/0/0/0/9 INPUT 3 0 7 v:124
15/08/2020 9:15:31 AM,252 Event OK
15/08/2020 9:15:31 AM,EVENT 55127 1597480227 0/0/0/0/8 INPUT 3 1 0 v:124
15/08/2020 9:15:31 AM,252 Event OK
15/08/2020 9:15:32 AM,EVENT 55128 1597480231 0/0/0/0/10 INPUT 3 0 3 v:124
15/08/2020 9:15:32 AM,252 Event OK
15/08/2020 9:15:33 AM,EVENT 55129 1597480236 0/0/0/0/5 INPUT 3 1 0 v:124
15/08/2020 9:15:33 AM,252 Event OK
15/08/2020 9:15:33 AM,EVENT 55130 1597480241 0/0/0/0/11 INPUT 3 0 6 v:124
15/08/2020 9:15:33 AM,252 Event OK
15/08/2020 9:15:34 AM,EVENT 55131 1597480243 0/0/0/0/7 INPUT 3 1 0 v:124
15/08/2020 9:15:34 AM,252 Event OK
15/08/2020 9:15:35 AM,EVENT 55132 1597480249 0/0/0/0/9 INPUT 3 0 6 v:124
15/08/2020 9:15:35 AM,252 Event OK
15/08/2020 9:15:35 AM,EVENT 55133 1597480253 0/0/0/0/6 INPUT 4 0 91 v:124
15/08/2020 9:15:35 AM,252 Event OK
15/08/2020 9:15:36 AM,EVENT 55134 1597480253 0/0/0/0/6 INPUT 4 1 0 v:124
15/08/2020 9:15:36 AM,252 Event OK
15/08/2020 9:15:37 AM,EVENT 55135 1597480255 0/0/0/0/5 INPUT 3 1 0 v:124
15/08/2020 9:15:37 AM,252 Event OK
15/08/2020 9:15:37 AM,EVENT 55136 1597480554 0/0/0/0/12 INPUT 3 0 298 v:124
15/08/2020 9:15:37 AM,252 Event OK
15/08/2020 9:15:38 AM,EVENT 55137 1597480555 0/0/0/0/7 INPUT 4 0 302 v:124
15/08/2020 9:15:38 AM,252 Event OK
15/08/2020 9:15:39 AM,EVENT 55138 1597480555 0/0/0/0/6 INPUT 4 1 0 v:124
15/08/2020 9:15:39 AM,252 Event OK
15/08/2020 9:15:39 AM,EVENT 55139 1597480558 0/0/0/0/5 INPUT 3 1 0 v:124
15/08/2020 9:15:39 AM,252 Event OK
15/08/2020 9:15:40 AM,EVENT 55140 1597480667 0/0/0/0/9 INPUT 3 0 109 v:124
15/08/2020 9:15:40 AM,252 Event OK
15/08/2020 9:15:41 AM,EVENT 55141 1597480669 0/0/0/0/5 INPUT 3 1 0 v:124
15/08/2020 9:15:41 AM,252 Event OK
15/08/2020 9:15:41 AM,EVENT 55142 1597480677 0/0/0/0/14 INPUT 3 0 8 v:124
15/08/2020 9:15:41 AM,252 Event OK
15/08/2020 9:15:42 AM,EVENT 55143 1597480685 0/0/0/0/8 INPUT 3 1 0 v:124
15/08/2020 9:15:42 AM,252 Event OK
15/08/2020 9:15:42 AM,EVENT 55144 1597480686 0/0/0/0/18 INPUT 3 0 2 v:124
15/08/2020 9:15:42 AM,252 Event OK
15/08/2020 9:15:43 AM,EVENT 55145 1597480706 0/0/0/0/8 INPUT 3 1 0 v:124
15/08/2020 9:15:43 AM,252 Event OK
15/08/2020 9:15:44 AM,EVENT 55146 1597480763 0/0/0/0/9 INPUT 3 0 57 v:124
15/08/2020 9:15:44 AM,252 Event OK
15/08/2020 9:15:44 AM,EVENT 55147 1597480786 0/0/0/0/6 INPUT 3 1 0 v:124
15/08/2020 9:15:44 AM,252 Event OK
15/08/2020 9:15:45 AM,EVENT 55148 1597480803 0/0/0/0/11 INPUT 3 0 18 v:124
15/08/2020 9:15:45 AM,252 Event OK
15/08/2020 9:15:46 AM,EVENT 55149 1597480804 0/0/0/0/7 INPUT 4 0 249 v:124
15/08/2020 9:15:46 AM,252 Event OK
15/08/2020 9:15:47 AM,EVENT 55150 1597480805 0/0/0/0/4 INPUT 4 1 0 v:124
15/08/2020 9:15:47 AM,252 Event OK
15/08/2020 9:15:48 AM,EVENT 55151 1597480836 0/0/0/0/6 INPUT 3 1 0 v:124
15/08/2020 9:15:48 AM,252 Event OK
15/08/2020 9:15:49 AM,EVENT 55152 1597480839 0/0/0/0/9 INPUT 3 0 3 v:124
15/08/2020 9:15:49 AM,252 Event OK
15/08/2020 9:15:50 AM,EVENT 55153 1597480851 0/0/0/0/5 INPUT 3 1 0 v:124
15/08/2020 9:15:50 AM,252 Event OK
15/08/2020 9:15:51 AM,EVENT 55154 1597481061 0/0/0/0/11 INPUT 3 0 210 v:124
15/08/2020 9:15:51 AM,252 Event OK
15/08/2020 9:15:52 AM,EVENT 55155 1597481083 0/0/0/0/0 INPUT 4 0 279 v:124
15/08/2020 9:15:52 AM,252 Event OK
15/08/2020 9:15:53 AM,EVENT 55156 1597481083 0/0/0/0/0 INPUT 4 1 0 v:124
15/08/2020 9:15:53 AM,252 Event OK
15/08/2020 9:15:54 AM,EVENT 55157 1597481116 0/0/0/0/0 INPUT 4 0 33 v:124
15/08/2020 9:15:54 AM,252 Event OK
15/08/2020 9:15:55 AM,EVENT 55158 1597481116 0/0/0/0/0 INPUT 4 1 0 v:124
15/08/2020 9:15:55 AM,252 Event OK
15/08/2020 9:15:56 AM,EVENT 55159 1597481138 0/0/0/0/6 INPUT 3 1 0 v:124
15/08/2020 9:15:56 AM,252 Event OK
15/08/2020 9:15:57 AM,EVENT 55160 1597481139 0/0/0/0/9 INPUT 3 0 2 v:124
15/08/2020 9:15:57 AM,252 Event OK
15/08/2020 9:15:58 AM,EVENT 55161 1597481140 0/0/0/0/9 INPUT 3 1 0 v:124
15/08/2020 9:15:58 AM,252 Event OK
15/08/2020 9:15:59 AM,EVENT 55162 1597481167 0/0/0/0/21 REPORT 55094 0 0 v:124
15/08/2020 9:15:59 AM,252 Event OK
15/08/2020 9:16:00 AM,EVENT 55163 1597481409 0/0/0/0/16 INPUT 3 0 269 v:124
15/08/2020 9:16:00 AM,252 Event OK
15/08/2020 9:16:01 AM,EVENT 55164 1597481412 0/0/0/0/0 INPUT 4 0 296 v:124
15/08/2020 9:16:01 AM,252 Event OK
15/08/2020 9:16:02 AM,EVENT 55165 1597481412 0/0/0/0/0 INPUT 4 1 0 v:124
15/08/2020 9:16:02 AM,252 Event OK
15/08/2020 9:16:03 AM,EVENT 55166 1597481414 0/0/0/0/4 INPUT 3 1 0 v:124
15/08/2020 9:16:03 AM,252 Event OK
15/08/2020 9:16:04 AM,EVENT 55167 1597481524 0/0/0/0/14 INPUT 3 0 111 v:124
15/08/2020 9:16:04 AM,252 Event OK
15/08/2020 9:16:04 AM,EVENT 55168 1597481528 0/0/0/0/5 INPUT 3 1 0 v:124
15/08/2020 9:16:04 AM,252 Event OK
15/08/2020 9:16:05 AM,EVENT 55169 1597481529 0/0/0/0/9 INPUT 3 0 1 v:124
15/08/2020 9:16:05 AM,252 Event OK
15/08/2020 9:16:06 AM,EVENT 55170 1597481557 0/0/0/0/0 INPUT 4 0 145 v:124
15/08/2020 9:16:06 AM,252 Event OK
15/08/2020 9:16:06 AM,EVENT 55171 1597481557 0/0/0/0/0 INPUT 4 1 0 v:124
15/08/2020 9:16:06 AM,252 Event OK
15/08/2020 9:16:07 AM,EVENT 55172 1597481570 0/0/0/0/5 INPUT 3 1 0 v:124
15/08/2020 9:16:07 AM,252 Event OK
15/08/2020 9:16:08 AM,EVENT 55173 1597482150 -310121905/1219228554/16377/0/13 INPUT 3 0 579 v:124
15/08/2020 9:16:08 AM,252 Event OK
15/08/2020 9:16:08 AM,EVENT 55174 1597482150 -310121905/1219228554/16377/0/12 INPUT 7 1 0 v:124
15/08/2020 9:16:08 AM,252 Event OK
15/08/2020 9:16:09 AM,EVENT 55175 1597482150 -310121905/1219228554/16377/0/12 INPUT 8 0 2744 v:124
15/08/2020 9:16:09 AM,252 Event OK
15/08/2020 9:16:11 AM,EVENT 55176 1597482151 -310121855/1219228641/14987/0/7 INPUT 1 1 0 v:124
15/08/2020 9:16:11 AM,252 Event OK
15/08/2020 9:16:13 AM,EVENT 55177 1597482151 -310121855/1219228656/13675/0/5 INPUT 4 0 594 v:124
15/08/2020 9:16:13 AM,252 Event OK
15/08/2020 9:16:14 AM,EVENT 55178 1597482152 -310121867/1219228665/11786/0/1 INPUT 4 1 0 v:124
15/08/2020 9:16:14 AM,252 Event OK
15/08/2020 9:16:14 AM,EVENT 55179 1597482154 -310121921/1219228644/9838/0/0 TRIP 55094 2391 343 7 6 2741 v:124
15/08/2020 9:16:14 AM,252 Event OK
15/08/2020 9:16:16 AM,EVENT 55180 1597482155 -310121945/1219228623/9518/0/0 INPUT 4 0 2 v:124
15/08/2020 9:16:16 AM,252 Event OK
15/08/2020 9:16:17 AM,EVENT 55181 1597482965 -310121446/1219228673/933/0/0 INPUT 8 1 0 v:124
15/08/2020 9:16:17 AM,252 Event OK
15/08/2020 9:16:17 AM,EVENT 55182 1597482966 -310121444/1219228674/934/0/0 INPUT 7 0 816 v:124
15/08/2020 9:16:17 AM,252 Event OK
15/08/2020 9:16:46 AM,EVENT 55183 1597482975 -310121422/1219228679/927/1/0 SIGNON 2463 01b1def3 OK 26 271086 0 v:124
15/08/2020 9:16:46 AM,252 Event OK
15/08/2020 9:17:00 AM,UNIT 9279
15/08/2020 9:17:00 AM,333 CHAL 4998204D
15/08/2020 9:17:01 AM,RESP 6A1E3C70
15/08/2020 9:17:01 AM,230 Auth OK
15/08/2020 9:17:01 AM,TIME
15/08/2020 9:17:01 AM,211 TIME 1597483021
15/08/2020 9:17:03 AM,EVCOUNT 5
15/08/2020 9:17:03 AM,252 Event OK
15/08/2020 9:17:03 AM,TODO
15/08/2020 9:17:03 AM,226 Nothing to do
15/08/2020 9:17:04 AM,EVENT 55183 1597482975 -310121422/1219228679/927/1/0 SIGNON 2463 01b1def3 OK 26 271086 0 v:124
15/08/2020 9:17:04 AM,253 Event OK - Duplicate
15/08/2020 9:17:04 AM,EVENT 55184 1597482982 -310121397/1219228705/899/1/0 INPUT 4 1 0 v:124
15/08/2020 9:17:04 AM,252 Event OK
15/08/2020 9:17:04 AM,EVENT 55185 1597482982 -310121397/1219228705/899/1/0 INPUT 1 0 831 v:124
15/08/2020 9:17:04 AM,252 Event OK
15/08/2020 9:17:23 AM,EVENT 55186 1597482997 -310121345/1219228805/924/1/0 REPORT 55183 0 11 v:124
15/08/2020 9:17:23 AM,252 Event OK
15/08/2020 9:17:24 AM,EVENT 55187 1597483012 -310121010/1219229525/972/0/8 INPUT 3 1 0 v:124
15/08/2020 9:17:24 AM,252 Event OK
15/08/2020 9:17:24 AM,QUIT
15/08/2020 9:17:24 AM,221 Session ended - goodbye
15/08/2020 9:18:45 AM,UNIT 9279
15/08/2020 9:18:45 AM,333 CHAL 385AE31A
15/08/2020 9:18:45 AM,RESP 2DBE9D2A
15/08/2020 9:18:45 AM,230 Auth OK
15/08/2020 9:18:46 AM,TIME
15/08/2020 9:18:46 AM,211 TIME 1597483126
15/08/2020 9:18:46 AM,EVCOUNT 5
15/08/2020 9:18:46 AM,252 Event OK
15/08/2020 9:18:47 AM,TODO
15/08/2020 9:18:47 AM,226 Nothing to do
15/08/2020 9:18:48 AM,EVENT 55188 1597483122 -310143304/1219230322/978/0/10 INPUT 3 0 110 v:124
15/08/2020 9:18:48 AM,252 Event OK
15/08/2020 9:18:48 AM,EVENT 55189 1597483123 -310143379/1219230325/981/0/8 INPUT 7 1 0 v:124
15/08/2020 9:18:48 AM,252 Event OK
15/08/2020 9:18:49 AM,EVENT 55190 1597483123 -310143379/1219230325/981/0/8 INPUT 8 0 158 v:124
15/08/2020 9:18:49 AM,252 Event OK
15/08/2020 9:18:50 AM,EVENT 55191 1597483123 -310143422/1219230328/981/0/5 INPUT 1 1 0 v:124
15/08/2020 9:18:50 AM,252 Event OK
15/08/2020 9:18:51 AM,EVENT 55192 1597483124 -310143418/1219230333/981/0/2 INPUT 4 0 143 v:124
15/08/2020 9:18:51 AM,252 Event OK
15/08/2020 9:18:51 AM,EVENT 55193 1597483127 -310143412/1219230333/983/0/0 TRIP 55183 110 33 10 7 153 v:124
15/08/2020 9:18:51 AM,252 Event OK
15/08/2020 9:18:52 AM,QUIT
15/08/2020 9:18:52 AM,221 Session ended - goodbye
15/08/2020 10:25:38 AM,UNIT 9279
15/08/2020 10:25:38 AM,333 CHAL 2ECDE6EC
15/08/2020 10:25:38 AM,RESP A17718C8
15/08/2020 10:25:38 AM,230 Auth OK
15/08/2020 10:25:39 AM,TIME
15/08/2020 10:25:39 AM,211 TIME 1597487139
15/08/2020 10:25:39 AM,EVCOUNT 9
15/08/2020 10:25:39 AM,252 Event OK
15/08/2020 10:25:39 AM,TODO
15/08/2020 10:25:39 AM,226 Nothing to do
15/08/2020 10:25:39 AM,EVENT 55194 1597487104 0/0/0/0/0 SWSTART OpusFC 5.0.58.518 R v:123
15/08/2020 10:25:39 AM,252 Event OK
15/08/2020 10:25:40 AM,EVENT 55195 1597483127 0/0/0/0/0 POWERDOWN v:124
15/08/2020 10:25:40 AM,252 Event OK
15/08/2020 10:25:40 AM,EVENT 55196 1597487104 0/0/0/0/0 INPUT 1 1 0 v:123
15/08/2020 10:25:40 AM,252 Event OK
15/08/2020 10:25:40 AM,EVENT 55197 1597487104 0/0/0/0/0 INPUT 2 0 0 v:123
15/08/2020 10:25:40 AM,252 Event OK
15/08/2020 10:25:40 AM,EVENT 55198 1597487104 0/0/0/0/0 INPUT 3 0 0 v:123
15/08/2020 10:25:40 AM,252 Event OK
15/08/2020 10:25:41 AM,EVENT 55199 1597487104 0/0/0/0/0 INPUT 4 0 0 v:124
15/08/2020 10:25:41 AM,252 Event OK
15/08/2020 10:25:41 AM,EVENT 55200 1597487104 0/0/0/0/0 INPUT 7 0 0 v:124
15/08/2020 10:25:41 AM,252 Event OK
15/08/2020 10:25:41 AM,EVENT 55201 1597487104 0/0/0/0/0 INPUT 8 1 0 v:124
15/08/2020 10:25:41 AM,252 Event OK
15/08/2020 10:25:41 AM,EVENT 55202 1597487106 0/0/0/0/0 ZONE_OK 2 100 FW=NO VERSION v:124
15/08/2020 10:25:41 AM,252 Event OK
15/08/2020 10:25:41 AM,QUIT
15/08/2020 10:25:41 AM,221 Session ended - goodbye
15/08/2020 10:27:19 AM,UNIT 9279
15/08/2020 10:27:19 AM,333 CHAL 709977D3
15/08/2020 10:27:19 AM,RESP 33FD0369
15/08/2020 10:27:19 AM,230 Auth OK
15/08/2020 10:27:20 AM,TIME
15/08/2020 10:27:20 AM,211 TIME 1597487240
15/08/2020 10:27:20 AM,EVCOUNT 1
15/08/2020 10:27:20 AM,252 Event OK
15/08/2020 10:27:21 AM,TODO
15/08/2020 10:27:21 AM,226 Nothing to do
15/08/2020 10:27:21 AM,EVENT 55203 1597487235 -310143645/1219230231/1156/4/1 SIGNON * 0 NOCARD 26 0 000000 v:124
15/08/2020 10:27:21 AM,252 Event OK
15/08/2020 10:27:22 AM,QUIT
15/08/2020 10:27:22 AM,221 Session ended - goodbye
15/08/2020 10:27:32 AM,UNIT 9279
15/08/2020 10:27:32 AM,333 CHAL 33E64EFE
15/08/2020 10:27:33 AM,RESP 61FE3F36
15/08/2020 10:27:33 AM,230 Auth OK
15/08/2020 10:27:33 AM,TIME
15/08/2020 10:27:33 AM,211 TIME 1597487253
15/08/2020 10:27:34 AM,EVCOUNT 1
15/08/2020 10:27:34 AM,252 Event OK
15/08/2020 10:27:34 AM,TODO
15/08/2020 10:27:34 AM,125 TODO GETXML 2000 Operators 
225 Work list complete
15/08/2020 10:27:35 AM,GETXML
15/08/2020 10:27:35 AM,Binary data 4241 bytes
15/08/2020 10:27:35 AM,GOT Operators 4193 B22E2A56
15/08/2020 10:27:35 AM,250 Download OK
15/08/2020 10:27:36 AM,EVENT 55204 1597487245 -310143639/1219230228/1191/4/0 SIGNON 2473 01b9f4cc OK_CL 26 230599 0 v:124
15/08/2020 10:27:36 AM,252 Event OK
15/08/2020 10:27:36 AM,EVENT 55205 1597487254 -310143596/1219230216/1200/3/1 CHECKLIST 55204 OK 0 9 432 F v:124
15/08/2020 10:27:36 AM,252 Event OK
15/08/2020 10:27:36 AM,QUIT
15/08/2020 10:27:36 AM,221 Session ended - goodbye
15/08/2020 10:27:45 AM,UNIT 9279
15/08/2020 10:27:45 AM,333 CHAL 5E3755E3
15/08/2020 10:27:46 AM,RESP 3CC3B6DD
15/08/2020 10:27:46 AM,230 Auth OK
15/08/2020 10:27:46 AM,TIME
15/08/2020 10:27:46 AM,211 TIME 1597487266
15/08/2020 10:27:47 AM,EVCOUNT 2
15/08/2020 10:27:47 AM,252 Event OK
15/08/2020 10:27:47 AM,TODO
15/08/2020 10:27:47 AM,226 Nothing to do
15/08/2020 10:27:48 AM,EVENT 55206 1597487260 -310143580/1219230198/1207/3/0 INPUT 4 1 0 v:124
15/08/2020 10:27:48 AM,252 Event OK
15/08/2020 10:27:49 AM,EVENT 55207 1597487261 -310143579/1219230197/1208/3/0 INPUT 1 0 156 v:124
15/08/2020 10:27:49 AM,252 Event OK
15/08/2020 10:27:49 AM,QUIT
15/08/2020 10:27:49 AM,221 Session ended - goodbye
15/08/2020 10:28:01 AM,UNIT 9279
15/08/2020 10:28:01 AM,333 CHAL 110E4CC4
15/08/2020 10:28:01 AM,RESP 0D682374
15/08/2020 10:28:01 AM,230 Auth OK
15/08/2020 10:28:02 AM,TIME
15/08/2020 10:28:02 AM,211 TIME 1597487282
15/08/2020 10:28:02 AM,EVCOUNT 4
15/08/2020 10:28:02 AM,252 Event OK
15/08/2020 10:28:03 AM,TODO
15/08/2020 10:28:03 AM,226 Nothing to do
15/08/2020 10:28:03 AM,EVENT 55208 1597487277 -310143424/1219230175/1206/3/0 INPUT 4 0 18 v:124
15/08/2020 10:28:03 AM,252 Event OK
15/08/2020 10:28:04 AM,EVENT 55209 1597487277 -310143424/1219230175/1206/3/0 INPUT 4 1 0 v:124
15/08/2020 10:28:04 AM,252 Event OK
15/08/2020 10:28:05 AM,EVENT 55210 1597487280 -310143292/1219230166/1200/3/0 INPUT 4 0 3 v:124
15/08/2020 10:28:05 AM,252 Event OK
15/08/2020 10:28:06 AM,EVENT 55211 1597487280 -310143292/1219230166/1200/3/0 INPUT 4 1 0 v:124
15/08/2020 10:28:06 AM,252 Event OK
15/08/2020 10:28:06 AM,QUIT
15/08/2020 10:28:06 AM,221 Session ended - goodbye
15/08/2020 10:28:19 AM,UNIT 9279
15/08/2020 10:28:19 AM,333 CHAL 1E11ADF2
15/08/2020 10:28:19 AM,RESP CAE4B675
15/08/2020 10:28:19 AM,230 Auth OK
15/08/2020 10:28:20 AM,TIME
15/08/2020 10:28:20 AM,211 TIME 1597487300
15/08/2020 10:28:21 AM,EVCOUNT 1
15/08/2020 10:28:21 AM,252 Event OK
15/08/2020 10:28:21 AM,TODO
15/08/2020 10:28:21 AM,226 Nothing to do
15/08/2020 10:28:22 AM,EVENT 55212 1597487295 -310143075/1219230244/1044/4/6 INPUT 3 1 0 v:124
15/08/2020 10:28:22 AM,252 Event OK
15/08/2020 10:28:22 AM,QUIT
15/08/2020 10:28:22 AM,221 Session ended - goodbye
15/08/2020 10:29:29 AM,UNIT 9279
15/08/2020 10:29:29 AM,333 CHAL 35EEE9CC
15/08/2020 10:29:29 AM,RESP 11A31CD2
15/08/2020 10:29:29 AM,230 Auth OK
15/08/2020 10:29:30 AM,TIME
15/08/2020 10:29:30 AM,211 TIME 1597487370
15/08/2020 10:29:30 AM,EVCOUNT 1
15/08/2020 10:29:30 AM,252 Event OK
15/08/2020 10:29:31 AM,TODO
15/08/2020 10:29:31 AM,226 Nothing to do
15/08/2020 10:29:32 AM,EVENT 55213 1597487366 -310119320/1219234334/1013/7/12 INPUT 3 0 70 v:124
15/08/2020 10:29:32 AM,252 Event OK
15/08/2020 10:29:33 AM,EVENT 55214 1597487371 -310118936/1219234082/1029/7/4 INPUT 3 1 0 v:124
15/08/2020 10:29:33 AM,252 Event OK
15/08/2020 10:29:34 AM,QUIT
15/08/2020 10:29:34 AM,221 Session ended - goodbye
15/08/2020 10:29:52 AM,UNIT 9279
15/08/2020 10:29:52 AM,333 CHAL 19A2B50F
15/08/2020 10:29:52 AM,RESP 94910F16
15/08/2020 10:29:52 AM,230 Auth OK
15/08/2020 10:29:53 AM,TIME
15/08/2020 10:29:53 AM,211 TIME 1597487393
15/08/2020 10:29:53 AM,EVCOUNT 1
15/08/2020 10:29:53 AM,252 Event OK
15/08/2020 10:29:54 AM,TODO
15/08/2020 10:29:54 AM,226 Nothing to do
15/08/2020 10:29:55 AM,EVENT 55215 1597487388 -310121708/1219228919/1031/8/10 INPUT 3 0 17 v:124
15/08/2020 10:29:55 AM,252 Event OK
15/08/2020 10:29:55 AM,QUIT
15/08/2020 10:29:55 AM,221 Session ended - goodbye
15/08/2020 10:33:11 AM,UNIT 9279
15/08/2020 10:33:11 AM,333 CHAL 7DF20EA8
15/08/2020 10:33:11 AM,RESP 6B8DEB5D
15/08/2020 10:33:11 AM,230 Auth OK
15/08/2020 10:33:11 AM,TIME
15/08/2020 10:33:11 AM,211 TIME 1597487591
15/08/2020 10:33:12 AM,EVCOUNT 6
15/08/2020 10:33:12 AM,252 Event OK
15/08/2020 10:33:12 AM,TODO
15/08/2020 10:33:12 AM,226 Nothing to do
15/08/2020 10:33:12 AM,EVENT 55216 1597487395 -310121789/1219228925/982/8/0 INPUT 7 1 0 v:124
15/08/2020 10:33:12 AM,252 Event OK
15/08/2020 10:33:13 AM,EVENT 55217 1597487395 -310121789/1219228925/982/8/0 INPUT 8 0 291 v:124
15/08/2020 10:33:13 AM,252 Event OK
15/08/2020 10:33:13 AM,EVENT 55218 1597487396 -310121788/1219228934/977/8/0 INPUT 1 1 0 v:124
15/08/2020 10:33:13 AM,252 Event OK
15/08/2020 10:33:13 AM,EVENT 55219 1597487397 -310121786/1219228943/973/8/0 INPUT 4 0 117 v:123
15/08/2020 10:33:13 AM,252 Event OK
15/08/2020 10:33:14 AM,EVENT 55220 1597487400 -310121783/1219228960/964/8/0 TRIP 55204 87 51 11 8 149 v:123
15/08/2020 10:33:14 AM,252 Event OK
15/08/2020 10:33:14 AM,EVENT 55221 1597487411 -310121775/1219229028/945/0/0 REPORT * 0 221 v:123
15/08/2020 10:33:14 AM,252 Event OK
15/08/2020 10:33:15 AM,QUIT
15/08/2020 10:33:15 AM,221 Session ended - goodbye
15/08/2020 10:49:35 AM,UNIT 9279
15/08/2020 10:49:35 AM,333 CHAL 3A3B943F
15/08/2020 10:49:38 AM,RESP E8C8E0C2
15/08/2020 10:49:38 AM,230 Auth OK
15/08/2020 10:49:38 AM,TIME
15/08/2020 10:49:38 AM,211 TIME 1597488578
15/08/2020 10:49:42 AM,EVCOUNT 5
15/08/2020 10:49:42 AM,252 Event OK
15/08/2020 10:49:43 AM,TODO
15/08/2020 10:49:43 AM,226 Nothing to do
15/08/2020 10:49:48 AM,EVENT 55222 1597488544 -310121704/1219229084/829/0/0 INPUT 8 1 0 v:123
15/08/2020 10:49:48 AM,252 Event OK
15/08/2020 10:49:49 AM,EVENT 55223 1597488545 -310121705/1219229085/830/0/0 INPUT 7 0 1149 v:123
15/08/2020 10:49:49 AM,252 Event OK
15/08/2020 10:49:50 AM,EVENT 55224 1597488555 -310121710/1219229060/843/0/0 SIGNON 2473 01b9f4cc OK 26 230599 0 v:124
15/08/2020 10:49:50 AM,252 Event OK
15/08/2020 10:49:51 AM,EVENT 55225 1597488570 -310121732/1219228992/881/0/0 INPUT 4 1 0 v:124
15/08/2020 10:49:51 AM,252 Event OK
15/08/2020 10:50:01 AM,EVENT 55226 1597488570 -310121733/1219228992/881/0/0 INPUT 1 0 1174 v:124
15/08/2020 10:50:01 AM,252 Event OK
15/08/2020 10:50:11 AM,QUIT
15/08/2020 10:50:11 AM,221 Session ended - goodbye
15/08/2020 10:50:33 AM,UNIT 9279
15/08/2020 10:50:33 AM,333 CHAL 32852089
15/08/2020 10:50:33 AM,RESP 9AF6A790
15/08/2020 10:50:33 AM,230 Auth OK
15/08/2020 10:50:34 AM,TIME
15/08/2020 10:50:34 AM,211 TIME 1597488634
15/08/2020 8:50:20 PM,UNIT 9279
15/08/2020 8:50:20 PM,333 CHAL 43A99847
15/08/2020 8:50:20 PM,RESP A47763DE
15/08/2020 8:50:20 PM,230 Auth OK
15/08/2020 8:50:21 PM,TIME
15/08/2020 8:50:21 PM,211 TIME 1597524621
15/08/2020 8:50:22 PM,EVCOUNT 90
15/08/2020 8:50:22 PM,252 Event OK
15/08/2020 8:50:22 PM,TODO
15/08/2020 8:50:22 PM,226 Nothing to do
15/08/2020 8:50:23 PM,EVENT 55227 1597488627 -310121908/1219228944/823/0/2 INPUT 3 1 0 v:124
15/08/2020 8:50:23 PM,252 Event OK
15/08/2020 8:50:24 PM,EVENT 55228 1597489241 0/0/0/0/21 REPORT 55224 0 0 v:124
15/08/2020 8:50:24 PM,252 Event OK
15/08/2020 8:50:25 PM,EVENT 55229 1597489272 0/0/0/0/12 INPUT 3 0 646 v:124
15/08/2020 8:50:25 PM,252 Event OK
15/08/2020 8:50:26 PM,EVENT 55230 1597489282 0/0/0/0/0 INPUT 4 0 713 v:124
15/08/2020 8:50:26 PM,252 Event OK
15/08/2020 8:50:27 PM,EVENT 55231 1597489283 0/0/0/0/0 INPUT 4 1 0 v:124
15/08/2020 8:50:27 PM,252 Event OK
15/08/2020 8:50:28 PM,EVENT 55232 1597489288 0/0/0/0/0 INPUT 7 1 0 v:123
15/08/2020 8:50:28 PM,252 Event OK
15/08/2020 8:50:29 PM,EVENT 55233 1597489288 0/0/0/0/0 INPUT 8 0 744 v:124
15/08/2020 8:50:29 PM,252 Event OK
15/08/2020 8:50:30 PM,EVENT 55234 1597489289 0/0/0/0/0 INPUT 1 1 0 v:123
15/08/2020 8:50:30 PM,252 Event OK
15/08/2020 8:50:31 PM,EVENT 55235 1597489292 0/0/0/0/0 INPUT 4 0 10 v:123
15/08/2020 8:50:31 PM,252 Event OK
15/08/2020 8:50:32 PM,EVENT 55236 1597489293 0/0/0/0/0 TRIP 55224 646 77 16 15 739 v:123
15/08/2020 8:50:32 PM,252 Event OK
15/08/2020 8:50:32 PM,EVENT 55237 1597489531 0/0/0/0/0 INPUT 8 1 0 v:124
15/08/2020 8:50:32 PM,252 Event OK
15/08/2020 8:50:33 PM,EVENT 55238 1597489531 0/0/0/0/0 INPUT 7 0 242 v:124
15/08/2020 8:50:33 PM,252 Event OK
15/08/2020 8:50:34 PM,EVENT 55239 1597489544 0/0/0/0/0 SIGNON 2473 01b9f4cc OK 26 230599 0 v:124
15/08/2020 8:50:34 PM,252 Event OK
15/08/2020 8:50:35 PM,EVENT 55240 1597489550 0/0/0/0/0 INPUT 1 0 261 v:124
15/08/2020 8:50:35 PM,252 Event OK
15/08/2020 8:50:36 PM,EVENT 55241 1597489551 0/0/0/0/0 INPUT 4 1 0 v:124
15/08/2020 8:50:36 PM,252 Event OK
15/08/2020 8:50:37 PM,EVENT 55242 1597489553 0/0/0/0/0 INPUT 4 0 3 v:124
15/08/2020 8:50:37 PM,252 Event OK
15/08/2020 8:50:38 PM,EVENT 55243 1597489553 0/0/0/0/0 INPUT 4 1 0 v:124
15/08/2020 8:50:38 PM,252 Event OK
15/08/2020 8:50:38 PM,EVENT 55244 1597489562 0/0/0/0/0 INPUT 4 0 9 v:124
15/08/2020 8:50:38 PM,252 Event OK
15/08/2020 8:50:39 PM,EVENT 55245 1597489562 0/0/0/0/0 INPUT 4 1 0 v:124
15/08/2020 8:50:39 PM,252 Event OK
15/08/2020 8:50:40 PM,EVENT 55246 1597489564 0/0/0/0/5 INPUT 3 1 0 v:124
15/08/2020 8:50:40 PM,252 Event OK
15/08/2020 8:50:41 PM,EVENT 55247 1597489567 0/0/0/0/11 INPUT 3 0 3 v:124
15/08/2020 8:50:41 PM,252 Event OK
15/08/2020 8:50:42 PM,EVENT 55248 1597489570 0/0/0/0/6 INPUT 3 1 0 v:124
15/08/2020 8:50:42 PM,252 Event OK
15/08/2020 8:50:43 PM,EVENT 55249 1597489641 0/0/0/0/12 INPUT 3 0 70 v:124
15/08/2020 8:50:43 PM,252 Event OK
15/08/2020 8:50:43 PM,EVENT 55250 1597489662 0/0/0/0/6 INPUT 3 1 0 v:124
15/08/2020 8:50:43 PM,252 Event OK
15/08/2020 8:50:45 PM,EVENT 55251 1597489664 0/0/0/0/9 INPUT 3 0 2 v:124
15/08/2020 8:50:45 PM,252 Event OK
15/08/2020 8:50:47 PM,EVENT 55252 1597489667 0/0/0/0/1 INPUT 4 0 105 v:124
15/08/2020 8:50:47 PM,252 Event OK
15/08/2020 8:50:48 PM,EVENT 55253 1597489667 0/0/0/0/1 INPUT 4 1 0 v:124
15/08/2020 8:50:48 PM,252 Event OK
15/08/2020 8:50:48 PM,EVENT 55254 1597489673 0/0/0/0/0 INPUT 7 1 0 v:124
15/08/2020 8:50:48 PM,252 Event OK
15/08/2020 8:50:49 PM,EVENT 55255 1597489673 0/0/0/0/0 INPUT 8 0 143 v:124
15/08/2020 8:50:49 PM,252 Event OK
15/08/2020 8:50:50 PM,EVENT 55256 1597489674 0/0/0/0/0 INPUT 1 1 0 v:124
15/08/2020 8:50:50 PM,252 Event OK
15/08/2020 8:50:51 PM,EVENT 55257 1597489678 0/0/0/0/0 TRIP 55239 75 53 7 7 135 v:124
15/08/2020 8:50:51 PM,252 Event OK
15/08/2020 8:50:52 PM,EVENT 55258 1597489679 0/0/0/0/0 INPUT 4 0 11 v:124
15/08/2020 8:50:52 PM,252 Event OK
15/08/2020 8:50:53 PM,EVENT 55259 1597489845 0/0/0/0/0 INPUT 8 1 0 v:124
15/08/2020 8:50:53 PM,252 Event OK
15/08/2020 8:50:55 PM,EVENT 55260 1597489846 0/0/0/0/0 INPUT 7 0 172 v:124
15/08/2020 8:50:55 PM,252 Event OK
15/08/2020 8:50:57 PM,EVENT 55261 1597489856 0/0/0/0/0 SIGNON 2473 01b9f4cc OK 26 230599 0 v:124
15/08/2020 8:50:57 PM,252 Event OK
15/08/2020 8:50:59 PM,EVENT 55262 1597489867 0/0/0/0/0 INPUT 1 0 192 v:124
15/08/2020 8:50:59 PM,252 Event OK
15/08/2020 8:52:08 PM,UNIT 9279
15/08/2020 8:52:08 PM,333 CHAL 3247AFBF
15/08/2020 8:52:09 PM,RESP 1F31FEFA
15/08/2020 8:52:09 PM,230 Auth OK
15/08/2020 8:52:10 PM,TIME
15/08/2020 8:52:10 PM,211 TIME 1597524730
15/08/2020 8:52:11 PM,EVCOUNT 55
15/08/2020 8:52:11 PM,252 Event OK
15/08/2020 8:52:12 PM,TODO
15/08/2020 8:52:12 PM,226 Nothing to do
15/08/2020 8:52:12 PM,EVENT 55263 1597489868 0/0/0/0/0 INPUT 4 1 0 v:124
15/08/2020 8:52:12 PM,252 Event OK
15/08/2020 8:52:14 PM,EVENT 55264 1597489893 0/0/0/0/3 INPUT 4 0 26 v:124
15/08/2020 8:52:14 PM,252 Event OK
15/08/2020 8:52:15 PM,EVENT 55265 1597489893 0/0/0/0/3 INPUT 4 1 0 v:124
15/08/2020 8:52:15 PM,252 Event OK
15/08/2020 8:52:16 PM,EVENT 55266 1597489915 0/0/0/0/0 INPUT 7 1 0 v:124
15/08/2020 8:52:16 PM,252 Event OK
15/08/2020 8:52:21 PM,EVENT 55267 1597489915 0/0/0/0/0 INPUT 8 0 69 v:124
15/08/2020 8:52:21 PM,252 Event OK
15/08/2020 8:52:25 PM,EVENT 55268 1597489916 0/0/0/0/0 INPUT 1 1 0 v:124
15/08/2020 8:52:25 PM,252 Event OK
15/08/2020 8:53:47 PM,UNIT 9279
15/08/2020 8:53:47 PM,333 CHAL 65976B8
15/08/2020 8:53:48 PM,RESP F00A1B1C
15/08/2020 8:53:48 PM,230 Auth OK
15/08/2020 8:53:49 PM,TIME
15/08/2020 8:53:49 PM,211 TIME 1597524829
15/08/2020 8:53:49 PM,EVCOUNT 49
15/08/2020 8:53:49 PM,252 Event OK
15/08/2020 8:53:50 PM,TODO
15/08/2020 8:53:50 PM,226 Nothing to do
15/08/2020 8:53:51 PM,EVENT 55269 1597489916 0/0/0/0/0 INPUT 4 0 23 v:124
15/08/2020 8:53:51 PM,252 Event OK
15/08/2020 8:53:52 PM,EVENT 55270 1597489919 0/0/0/0/0 TRIP 55261 0 49 14 11 63 v:124
15/08/2020 8:53:52 PM,252 Event OK
15/08/2020 8:53:53 PM,EVENT 55271 1597523227 0/0/0/0/0 SWSTART OpusFC 5.0.58.518 R v:124
15/08/2020 8:53:53 PM,252 Event OK
15/08/2020 8:53:54 PM,EVENT 55272 1597489919 0/0/0/0/0 POWERDOWN v:124
15/08/2020 8:53:54 PM,252 Event OK
15/08/2020 8:53:56 PM,EVENT 55273 1597523227 0/0/0/0/0 INPUT 1 1 0 v:124
15/08/2020 8:53:56 PM,252 Event OK
15/08/2020 8:53:57 PM,EVENT 55274 1597523227 0/0/0/0/0 INPUT 2 0 0 v:124
15/08/2020 8:53:57 PM,252 Event OK
15/08/2020 8:53:58 PM,EVENT 55275 1597523227 0/0/0/0/0 INPUT 3 0 0 v:124
15/08/2020 8:53:58 PM,252 Event OK
15/08/2020 8:53:59 PM,EVENT 55276 1597523227 0/0/0/0/0 INPUT 4 0 0 v:124
15/08/2020 8:53:59 PM,252 Event OK
15/08/2020 8:54:00 PM,EVENT 55277 1597523227 0/0/0/0/0 INPUT 7 0 0 v:124
15/08/2020 8:54:00 PM,252 Event OK
15/08/2020 8:54:02 PM,EVENT 55278 1597523227 0/0/0/0/0 INPUT 8 1 0 v:124
15/08/2020 8:54:02 PM,252 Event OK
15/08/2020 8:54:04 PM,EVENT 55279 1597523229 0/0/0/0/0 ZONE_OK 2 100 FW=NO VERSION v:124
15/08/2020 8:54:04 PM,252 Event OK
15/08/2020 8:56:24 PM,UNIT 9279
15/08/2020 8:56:24 PM,333 CHAL 7C1592B
15/08/2020 8:56:24 PM,RESP EC478D91
15/08/2020 8:56:24 PM,230 Auth OK
15/08/2020 8:56:25 PM,TIME
15/08/2020 8:56:25 PM,211 TIME 1597524985
15/08/2020 8:56:25 PM,EVCOUNT 38
15/08/2020 8:56:25 PM,252 Event OK
15/08/2020 8:56:26 PM,TODO
15/08/2020 8:56:26 PM,226 Nothing to do
15/08/2020 8:56:27 PM,EVENT 55280 1597523241 0/0/0/99/0 SIGNON 2473 01b9f4cc OK 26 230599 0 v:124
15/08/2020 8:56:27 PM,252 Event OK
15/08/2020 8:56:27 PM,EVENT 55281 1597523247 0/0/0/99/0 INPUT 7 1 0 v:124
15/08/2020 8:56:27 PM,252 Event OK
15/08/2020 8:56:28 PM,EVENT 55282 1597523248 0/0/0/99/0 INPUT 7 0 1 v:124
15/08/2020 8:56:28 PM,252 Event OK
15/08/2020 8:56:29 PM,EVENT 55283 1597523248 0/0/0/99/0 INPUT 1 0 21 v:124
15/08/2020 8:56:29 PM,252 Event OK
15/08/2020 8:56:30 PM,EVENT 55284 1597523248 0/0/0/99/0 INPUT 4 1 0 v:124
15/08/2020 8:56:30 PM,252 Event OK
15/08/2020 8:56:30 PM,EVENT 55285 1597523266 0/0/0/0/1 INPUT 4 0 18 v:124
15/08/2020 8:56:30 PM,252 Event OK
15/08/2020 8:56:31 PM,EVENT 55286 1597523267 0/0/0/0/1 INPUT 4 1 0 v:124
15/08/2020 8:56:31 PM,252 Event OK
15/08/2020 8:56:32 PM,EVENT 55287 1597523269 0/0/0/0/3 INPUT 4 0 3 v:124
15/08/2020 8:56:32 PM,252 Event OK
15/08/2020 8:56:32 PM,EVENT 55288 1597523269 0/0/0/0/3 INPUT 4 1 0 v:124
15/08/2020 8:56:32 PM,252 Event OK
15/08/2020 8:56:33 PM,EVENT 55289 1597523273 0/0/0/0/0 INPUT 4 0 4 v:124
15/08/2020 8:56:33 PM,252 Event OK
15/08/2020 8:56:33 PM,EVENT 55290 1597523273 0/0/0/0/0 INPUT 4 1 0 v:124
15/08/2020 8:56:33 PM,252 Event OK
15/08/2020 8:56:34 PM,EVENT 55291 1597523287 0/0/0/0/0 INPUT 4 0 14 v:124
15/08/2020 8:56:34 PM,252 Event OK
15/08/2020 8:56:35 PM,EVENT 55292 1597523288 0/0/0/0/2 INPUT 4 1 0 v:124
15/08/2020 8:56:35 PM,252 Event OK
15/08/2020 8:56:35 PM,EVENT 55293 1597523289 0/0/0/0/5 INPUT 3 1 0 v:124
15/08/2020 8:56:35 PM,252 Event OK
15/08/2020 8:56:36 PM,EVENT 55294 1597523351 0/0/0/0/10 INPUT 3 0 63 v:124
15/08/2020 8:56:36 PM,252 Event OK
15/08/2020 8:56:37 PM,EVENT 55295 1597523366 0/0/0/0/8 INPUT 3 1 0 v:124
15/08/2020 8:56:37 PM,252 Event OK
15/08/2020 8:56:38 PM,EVENT 55296 1597523377 0/0/0/0/13 INPUT 3 0 11 v:124
15/08/2020 8:56:38 PM,252 Event OK
15/08/2020 8:56:39 PM,EVENT 55297 1597523380 0/0/0/0/2 INPUT 4 0 93 v:124
15/08/2020 8:56:39 PM,252 Event OK
15/08/2020 8:56:39 PM,EVENT 55298 1597523380 0/0/0/0/1 INPUT 4 1 0 v:124
15/08/2020 8:56:39 PM,252 Event OK
15/08/2020 8:56:40 PM,EVENT 55299 1597523393 0/0/0/0/8 INPUT 3 1 0 v:124
15/08/2020 8:56:40 PM,252 Event OK
15/08/2020 8:56:42 PM,EVENT 55300 1597523758 0/0/0/0/10 INPUT 3 0 364 v:124
15/08/2020 8:56:42 PM,252 Event OK
15/08/2020 8:56:42 PM,EVENT 55301 1597523807 0/0/0/0/0 INPUT 1 1 0 v:124
15/08/2020 8:56:42 PM,252 Event OK
15/08/2020 8:56:43 PM,EVENT 55302 1597523816 0/0/0/0/0 INPUT 1 0 8 v:124
15/08/2020 8:56:43 PM,252 Event OK
15/08/2020 8:56:44 PM,EVENT 55303 1597523818 0/0/0/0/0 INPUT 4 0 438 v:124
15/08/2020 8:56:44 PM,252 Event OK
15/08/2020 8:56:45 PM,EVENT 55304 1597523818 0/0/0/0/0 OILPRESSURE 55280 7 v:124
15/08/2020 8:56:45 PM,252 Event OK
15/08/2020 8:56:45 PM,EVENT 55305 1597523818 0/0/0/0/0 INPUT 4 1 0 v:124
15/08/2020 8:56:45 PM,252 Event OK
15/08/2020 8:56:46 PM,EVENT 55306 1597523824 0/0/0/0/2 ENGINEOVERSPEED 55280 8 9418 v:124
15/08/2020 8:56:46 PM,252 Event OK
15/08/2020 8:56:46 PM,EVENT 55307 1597523825 0/0/0/0/4 INPUT 3 1 0 v:124
15/08/2020 8:56:46 PM,252 Event OK
15/08/2020 8:56:47 PM,EVENT 55308 1597523829 0/0/0/0/13 INPUT 3 0 5 v:124
15/08/2020 8:56:47 PM,252 Event OK
15/08/2020 8:56:48 PM,EVENT 55309 1597523830 0/0/0/0/9 INPUT 3 1 0 v:124
15/08/2020 8:56:48 PM,252 Event OK
15/08/2020 8:56:49 PM,EVENT 55310 1597524578 0/0/0/0/11 INPUT 3 0 747 v:124
15/08/2020 8:56:49 PM,252 Event OK
15/08/2020 8:56:49 PM,EVENT 55311 1597524584 -310121636/1219227498/7812/0/0 INPUT 7 1 0 v:124
15/08/2020 8:56:49 PM,252 Event OK
15/08/2020 8:56:50 PM,EVENT 55312 1597524584 -310121636/1219227498/7812/0/0 INPUT 8 0 1356 v:124
15/08/2020 8:56:50 PM,252 Event OK
15/08/2020 8:56:51 PM,EVENT 55313 1597524585 -310121648/1219227498/7321/0/0 INPUT 1 1 0 v:124
15/08/2020 8:56:51 PM,252 Event OK
15/08/2020 8:56:52 PM,EVENT 55314 1597524586 -310121658/1219227497/6900/0/0 INPUT 4 0 768 v:124
15/08/2020 8:56:52 PM,252 Event OK
15/08/2020 8:56:53 PM,EVENT 55315 1597524588 -310121747/1219228466/3560/0/0 TRIP 55280 1190 148 9 7 1347 v:124
15/08/2020 8:56:53 PM,252 Event OK
15/08/2020 8:56:53 PM,EVENT 55316 1597524588 -310121747/1219228466/3560/0/0 TRIPSUMMARY 55280 v:124
15/08/2020 8:56:53 PM,252 Event OK
15/08/2020 8:56:54 PM,EVENT 55317 1597524632 -310121473/1219228861/859/0/0 REPORT * 0 54 v:124
15/08/2020 8:56:54 PM,252 Event OK
15/08/2020 8:56:55 PM,QUIT
15/08/2020 8:56:55 PM,221 Session ended - goodbye
15/08/2020 9:00:43 PM,UNIT 9279
15/08/2020 9:00:43 PM,333 CHAL 4E29451E
15/08/2020 9:00:43 PM,RESP 3F1DA5E4
15/08/2020 9:00:43 PM,230 Auth OK
15/08/2020 9:00:44 PM,TIME
15/08/2020 9:00:44 PM,211 TIME 1597525244
15/08/2020 9:00:44 PM,EVCOUNT 2
15/08/2020 9:00:44 PM,252 Event OK
15/08/2020 9:00:45 PM,TODO
15/08/2020 9:00:45 PM,226 Nothing to do
15/08/2020 9:00:46 PM,EVENT 55318 1597525240 -310121673/1219228912/842/0/0 INPUT 8 1 0 v:124
15/08/2020 9:00:46 PM,252 Event OK
15/08/2020 9:00:47 PM,EVENT 55319 1597525240 -310121674/1219228909/841/0/0 INPUT 7 0 656 v:124
15/08/2020 9:00:47 PM,252 Event OK
15/08/2020 9:00:47 PM,QUIT
15/08/2020 9:00:47 PM,221 Session ended - goodbye
15/08/2020 9:00:58 PM,UNIT 9279
15/08/2020 9:00:58 PM,333 CHAL 27D615
15/08/2020 9:00:59 PM,RESP 15C60E41
15/08/2020 9:00:59 PM,230 Auth OK
15/08/2020 9:01:00 PM,TIME
15/08/2020 9:01:00 PM,211 TIME 1597525260
15/08/2020 9:01:00 PM,EVCOUNT 3
15/08/2020 9:01:00 PM,252 Event OK
15/08/2020 9:01:01 PM,TODO
15/08/2020 9:01:01 PM,226 Nothing to do
15/08/2020 9:01:02 PM,EVENT 55320 1597525249 -310121625/1219228832/830/0/0 SIGNON 2473 01b9f4cc OK 26 230599 0 v:124
15/08/2020 9:01:02 PM,252 Event OK
15/08/2020 9:01:03 PM,EVENT 55321 1597525255 -310121583/1219228785/845/0/0 INPUT 4 1 0 v:124
15/08/2020 9:01:03 PM,252 Event OK
15/08/2020 9:01:04 PM,EVENT 55322 1597525256 -310121574/1219228779/847/0/0 INPUT 1 0 672 v:124
15/08/2020 9:01:04 PM,252 Event OK
15/08/2020 9:01:04 PM,QUIT
15/08/2020 9:01:04 PM,221 Session ended - goodbye
15/08/2020 9:01:14 PM,UNIT 9279
15/08/2020 9:01:14 PM,333 CHAL 6C15A9F7
15/08/2020 9:01:14 PM,RESP EA02B41C
15/08/2020 9:01:14 PM,230 Auth OK
15/08/2020 9:01:15 PM,TIME
15/08/2020 9:01:15 PM,211 TIME 1597525275
15/08/2020 9:01:15 PM,EVCOUNT 1
15/08/2020 9:01:15 PM,252 Event OK
15/08/2020 9:01:16 PM,TODO
15/08/2020 9:01:16 PM,226 Nothing to do
15/08/2020 9:01:17 PM,EVENT 55323 1597525268 -310121034/1219229480/827/0/8 INPUT 3 1 0 v:124
15/08/2020 9:01:17 PM,252 Event OK
15/08/2020 9:01:17 PM,QUIT
15/08/2020 9:01:17 PM,221 Session ended - goodbye
15/08/2020 9:02:08 PM,UNIT 9279
15/08/2020 9:02:08 PM,333 CHAL 215E4672
15/08/2020 9:02:08 PM,RESP D0C9418E
15/08/2020 9:02:08 PM,230 Auth OK
15/08/2020 9:02:09 PM,TIME
15/08/2020 9:02:09 PM,211 TIME 1597525329
15/08/2020 9:02:09 PM,EVCOUNT 1
15/08/2020 9:02:09 PM,252 Event OK
15/08/2020 9:02:10 PM,TODO
15/08/2020 9:02:10 PM,226 Nothing to do
15/08/2020 9:02:11 PM,EVENT 55324 1597525324 -310128475/1219229213/833/3/10 INPUT 3 0 56 v:124
15/08/2020 9:02:11 PM,252 Event OK
15/08/2020 9:02:11 PM,QUIT
15/08/2020 9:02:11 PM,221 Session ended - goodbye
15/08/2020 9:02:22 PM,UNIT 9279
15/08/2020 9:02:22 PM,333 CHAL 93F3BD2
15/08/2020 9:02:22 PM,RESP 7BC75BD4
15/08/2020 9:02:22 PM,230 Auth OK
15/08/2020 9:02:23 PM,TIME
15/08/2020 9:02:23 PM,211 TIME 1597525343
15/08/2020 9:02:23 PM,EVCOUNT 5
15/08/2020 9:02:23 PM,252 Event OK
15/08/2020 9:02:24 PM,TODO
15/08/2020 9:02:24 PM,226 Nothing to do
15/08/2020 9:02:25 PM,EVENT 55325 1597525332 -310128221/1219228864/813/3/0 INPUT 7 1 0 v:124
15/08/2020 9:02:25 PM,252 Event OK
15/08/2020 9:02:25 PM,EVENT 55326 1597525332 -310128221/1219228864/813/3/0 INPUT 8 0 92 v:124
15/08/2020 9:02:25 PM,252 Event OK
15/08/2020 9:02:26 PM,EVENT 55327 1597525333 -310128213/1219228866/808/3/0 INPUT 1 1 0 v:124
15/08/2020 9:02:26 PM,252 Event OK
15/08/2020 9:02:27 PM,EVENT 55328 1597525336 -310128178/1219228877/793/3/0 TRIP 55320 56 25 7 6 88 v:123
15/08/2020 9:02:27 PM,252 Event OK
15/08/2020 9:02:28 PM,EVENT 55329 1597525337 -310128178/1219228877/793/3/0 INPUT 4 0 81 v:123
15/08/2020 9:02:28 PM,252 Event OK
15/08/2020 9:02:28 PM,QUIT
15/08/2020 9:02:28 PM,221 Session ended - goodbye
15/08/2020 9:12:40 PM,UNIT 9279
15/08/2020 9:12:40 PM,333 CHAL 42E9222D
15/08/2020 9:12:41 PM,RESP 632A4672
15/08/2020 9:12:41 PM,230 Auth OK
15/08/2020 9:12:41 PM,TIME
15/08/2020 9:12:41 PM,211 TIME 1597525961
15/08/2020 9:12:42 PM,EVCOUNT 2
15/08/2020 9:12:42 PM,252 Event OK
15/08/2020 9:12:42 PM,TODO
15/08/2020 9:12:42 PM,226 Nothing to do
15/08/2020 9:12:43 PM,EVENT 55330 1597525956 -310128117/1219228839/754/3/0 INPUT 8 1 0 v:123
15/08/2020 9:12:43 PM,252 Event OK
15/08/2020 9:12:44 PM,EVENT 55331 1597525957 -310128117/1219228839/754/3/0 INPUT 7 0 625 v:124
15/08/2020 9:12:44 PM,252 Event OK
15/08/2020 9:12:45 PM,QUIT
15/08/2020 9:12:45 PM,221 Session ended - goodbye
15/08/2020 9:12:54 PM,UNIT 9279
15/08/2020 9:12:54 PM,333 CHAL 3FC014D
15/08/2020 9:12:55 PM,RESP 5071693C
15/08/2020 9:12:55 PM,230 Auth OK
15/08/2020 9:12:55 PM,TIME
15/08/2020 9:12:55 PM,211 TIME 1597525975
15/08/2020 9:12:56 PM,EVCOUNT 1
15/08/2020 9:12:56 PM,252 Event OK
15/08/2020 9:12:56 PM,TODO
15/08/2020 9:12:56 PM,226 Nothing to do
15/08/2020 9:12:57 PM,EVENT 55332 1597525965 -310128146/1219228811/756/3/0 SIGNON 2473 01b9f4cc OK 26 230599 0 v:124
15/08/2020 9:12:57 PM,252 Event OK
15/08/2020 9:12:58 PM,EVENT 55333 1597525977 -310128212/1219228807/760/3/0 INPUT 1 0 644 v:124
15/08/2020 9:12:58 PM,252 Event OK
15/08/2020 9:12:59 PM,EVENT 55334 1597525977 -310128214/1219228807/762/3/0 INPUT 4 1 0 v:124
15/08/2020 9:12:59 PM,252 Event OK
15/08/2020 9:13:00 PM,QUIT
15/08/2020 9:13:00 PM,221 Session ended - goodbye
15/08/2020 9:13:26 PM,UNIT 9279
15/08/2020 9:13:26 PM,333 CHAL 58591828
15/08/2020 9:13:27 PM,RESP C06BDD87
15/08/2020 9:13:27 PM,230 Auth OK
15/08/2020 9:13:27 PM,TIME
15/08/2020 9:13:27 PM,211 TIME 1597526007
15/08/2020 9:13:28 PM,EVCOUNT 4
15/08/2020 9:13:28 PM,252 Event OK
15/08/2020 9:13:28 PM,TODO
15/08/2020 9:13:28 PM,226 Nothing to do
15/08/2020 9:13:29 PM,EVENT 55335 1597525997 -310128512/1219229663/781/4/3 INPUT 4 0 21 v:124
15/08/2020 9:13:29 PM,252 Event OK
15/08/2020 9:13:31 PM,EVENT 55336 1597525998 -310128512/1219229663/781/4/2 INPUT 4 1 0 v:124
15/08/2020 9:13:31 PM,252 Event OK
15/08/2020 9:13:32 PM,EVENT 55337 1597526003 -310128552/1219229628/786/4/0 INPUT 4 0 6 v:124
15/08/2020 9:13:32 PM,252 Event OK
15/08/2020 9:13:36 PM,EVENT 55338 1597526004 -310128552/1219229628/786/4/0 INPUT 4 1 0 v:124
15/08/2020 9:13:36 PM,252 Event OK
15/08/2020 9:13:38 PM,EVENT 55339 1597526011 -310128984/1219228545/776/4/8 INPUT 3 1 0 v:124
15/08/2020 9:13:38 PM,252 Event OK
15/08/2020 9:13:38 PM,EVENT 55340 1597526014 -310129353/1219227839/779/2/9 INPUT 3 0 3 v:123
15/08/2020 9:13:38 PM,252 Event OK
15/08/2020 9:13:40 PM,EVENT 55341 1597526016 -310129485/1219227571/781/2/7 INPUT 3 1 0 v:124
15/08/2020 9:13:40 PM,252 Event OK
15/08/2020 9:13:41 PM,QUIT
15/08/2020 9:13:41 PM,221 Session ended - goodbye
15/08/2020 9:13:57 PM,UNIT 9279
15/08/2020 9:13:57 PM,333 CHAL 27B160A4
15/08/2020 9:13:58 PM,RESP 67BBDCF9
15/08/2020 9:13:58 PM,230 Auth OK
15/08/2020 9:13:59 PM,TIME
15/08/2020 9:13:59 PM,211 TIME 1597526039
15/08/2020 9:14:00 PM,EVCOUNT 3
15/08/2020 9:14:00 PM,252 Event OK
15/08/2020 9:14:00 PM,TODO
15/08/2020 9:14:00 PM,226 Nothing to do
15/08/2020 9:14:02 PM,EVENT 55342 1597526032 -310130510/1219222318/784/2/10 INPUT 3 0 17 v:124
15/08/2020 9:14:02 PM,252 Event OK
15/08/2020 9:14:03 PM,EVENT 55343 1597526034 -310130542/1219222065/791/2/6 INPUT 4 0 31 v:124
15/08/2020 9:14:03 PM,252 Event OK
15/08/2020 9:14:05 PM,EVENT 55344 1597526034 -310130546/1219222047/796/2/6 INPUT 4 1 0 v:124
15/08/2020 9:14:05 PM,252 Event OK
15/08/2020 9:14:07 PM,QUIT
15/08/2020 9:14:07 PM,221 Session ended - goodbye
15/08/2020 9:15:22 PM,UNIT 9279
15/08/2020 9:15:22 PM,333 CHAL 5C9BAB01
15/08/2020 9:15:23 PM,RESP 9EDB5D64
15/08/2020 9:15:23 PM,230 Auth OK
15/08/2020 9:15:23 PM,TIME
15/08/2020 9:15:23 PM,211 TIME 1597526123
15/08/2020 9:15:24 PM,EVCOUNT 3
15/08/2020 9:15:24 PM,252 Event OK
15/08/2020 9:15:25 PM,TODO
15/08/2020 9:15:25 PM,226 Nothing to do
15/08/2020 9:15:53 PM,UNIT 9279
15/08/2020 9:15:53 PM,333 CHAL 7B6075C4
15/08/2020 9:15:54 PM,RESP 671ABEF1
15/08/2020 9:15:54 PM,230 Auth OK
15/08/2020 9:15:54 PM,TIME
15/08/2020 9:15:54 PM,211 TIME 1597526154
15/08/2020 9:15:54 PM,EVCOUNT 3
15/08/2020 9:15:54 PM,252 Event OK
15/08/2020 9:15:54 PM,EVENT 55345 1597526109 -310130477/1219222028/758/2/0 INPUT 4 0 75 v:124
15/08/2020 9:15:54 PM,252 Event OK
15/08/2020 9:15:54 PM,TODO
15/08/2020 9:15:54 PM,226 Nothing to do
15/08/2020 9:15:54 PM,EVENT 55345 1597526109 -310130477/1219222028/758/2/0 INPUT 4 0 75 v:124
15/08/2020 9:15:54 PM,253 Event OK - Duplicate
15/08/2020 9:15:55 PM,EVENT 55346 1597526109 -310130477/1219222028/758/2/0 INPUT 4 1 0 v:124
15/08/2020 9:15:55 PM,252 Event OK
15/08/2020 9:15:55 PM,EVENT 55347 1597526116 -310130727/1219221619/748/2/6 INPUT 3 1 0 v:124
15/08/2020 9:15:55 PM,252 Event OK
15/08/2020 9:15:55 PM,QUIT
15/08/2020 9:15:55 PM,221 Session ended - goodbye
15/08/2020 9:16:19 PM,UNIT 9279
15/08/2020 9:16:19 PM,333 CHAL 20B10E05
15/08/2020 9:16:20 PM,RESP 333AE619
15/08/2020 9:16:20 PM,230 Auth OK
15/08/2020 9:16:21 PM,TIME
15/08/2020 9:16:21 PM,211 TIME 1597526181
15/08/2020 9:16:22 PM,EVCOUNT 1
15/08/2020 9:16:22 PM,252 Event OK
15/08/2020 9:16:23 PM,TODO
15/08/2020 9:16:23 PM,226 Nothing to do
15/08/2020 9:16:24 PM,EVENT 55348 1597526176 -310143267/1219231317/842/0/10 INPUT 3 0 59 v:124
15/08/2020 9:16:24 PM,252 Event OK
15/08/2020 9:16:25 PM,EVENT 55349 1597526184 -310143409/1219231403/805/0/0 INPUT 7 1 0 v:124
15/08/2020 9:16:25 PM,252 Event OK
15/08/2020 9:16:26 PM,EVENT 55350 1597526184 -310143409/1219231403/805/0/0 INPUT 8 0 227 v:124
15/08/2020 9:16:26 PM,252 Event OK
15/08/2020 9:16:27 PM,EVENT 55351 1597526185 -310143406/1219231413/803/0/0 INPUT 1 1 0 v:124
15/08/2020 9:16:27 PM,252 Event OK
15/08/2020 9:16:28 PM,EVENT 55352 1597526186 -310143404/1219231420/802/0/0 INPUT 4 0 77 v:124
15/08/2020 9:16:28 PM,252 Event OK
15/08/2020 9:16:29 PM,QUIT
15/08/2020 9:16:29 PM,221 Session ended - goodbye
15/08/2020 9:16:40 PM,UNIT 9279
15/08/2020 9:16:40 PM,333 CHAL 17EFA838
15/08/2020 9:16:40 PM,RESP EDE03D40
15/08/2020 9:16:40 PM,230 Auth OK
15/08/2020 9:16:41 PM,TIME
15/08/2020 9:16:41 PM,211 TIME 1597526201
15/08/2020 9:16:42 PM,EVCOUNT 1
15/08/2020 9:16:42 PM,252 Event OK
15/08/2020 9:16:43 PM,TODO
15/08/2020 9:16:43 PM,226 Nothing to do
15/08/2020 9:16:44 PM,EVENT 55353 1597526188 -310143400/1219231434/800/0/0 TRIP 55332 79 131 13 11 223 v:124
15/08/2020 9:16:44 PM,252 Event OK
15/08/2020 9:16:44 PM,QUIT
15/08/2020 9:16:44 PM,221 Session ended - goodbye
15/08/2020 10:08:57 PM,UNIT 9279
15/08/2020 10:08:57 PM,333 CHAL 39980173
15/08/2020 10:08:57 PM,RESP 67259C00
15/08/2020 10:08:57 PM,230 Auth OK
15/08/2020 10:08:58 PM,TIME
15/08/2020 10:08:58 PM,211 TIME 1597529338
15/08/2020 10:08:58 PM,EVCOUNT 9
15/08/2020 10:08:58 PM,252 Event OK
15/08/2020 10:08:58 PM,TODO
15/08/2020 10:08:58 PM,226 Nothing to do
15/08/2020 10:08:59 PM,EVENT 55354 1597529313 0/0/0/0/0 SWSTART OpusFC 5.0.58.518 R v:124
15/08/2020 10:08:59 PM,252 Event OK
15/08/2020 10:08:59 PM,EVENT 55355 1597526188 0/0/0/0/0 POWERDOWN v:124
15/08/2020 10:08:59 PM,252 Event OK
15/08/2020 10:09:00 PM,EVENT 55356 1597529313 0/0/0/0/0 INPUT 1 1 0 v:124
15/08/2020 10:09:00 PM,252 Event OK
15/08/2020 10:09:00 PM,EVENT 55357 1597529313 0/0/0/0/0 INPUT 2 0 0 v:124
15/08/2020 10:09:00 PM,252 Event OK
15/08/2020 10:09:00 PM,EVENT 55358 1597529313 0/0/0/0/0 INPUT 3 0 0 v:124
15/08/2020 10:09:00 PM,252 Event OK
15/08/2020 10:09:00 PM,EVENT 55359 1597529313 0/0/0/0/0 INPUT 4 0 0 v:124
15/08/2020 10:09:00 PM,252 Event OK
15/08/2020 10:09:01 PM,EVENT 55360 1597529313 0/0/0/0/0 INPUT 7 0 0 v:123
15/08/2020 10:09:01 PM,252 Event OK
15/08/2020 10:09:01 PM,EVENT 55361 1597529313 0/0/0/0/0 INPUT 8 1 0 v:123
15/08/2020 10:09:01 PM,252 Event OK
15/08/2020 10:09:01 PM,EVENT 55362 1597529315 0/0/0/0/0 ZONE_OK 2 100 FW=NO VERSION v:123
15/08/2020 10:09:01 PM,252 Event OK
15/08/2020 10:09:02 PM,EVENT 55363 1597529339 -310142830/1219230777/15621/0/0 SIGNON 2463 01b1def3 OK_CL 26 271086 0 v:123
15/08/2020 10:09:02 PM,252 Event OK
15/08/2020 10:09:02 PM,QUIT
15/08/2020 10:09:02 PM,221 Session ended - goodbye
15/08/2020 10:09:11 PM,UNIT 9279
15/08/2020 10:09:11 PM,333 CHAL 810F399
15/08/2020 10:09:12 PM,RESP 233C7B28
15/08/2020 10:09:12 PM,230 Auth OK
15/08/2020 10:09:12 PM,TIME
15/08/2020 10:09:12 PM,211 TIME 1597529352
15/08/2020 10:09:13 PM,EVCOUNT 3
15/08/2020 10:09:13 PM,252 Event OK
15/08/2020 10:09:14 PM,TODO
15/08/2020 10:09:14 PM,226 Nothing to do
15/08/2020 10:09:14 PM,EVENT 55364 1597529344 -310142754/1219230785/5457/0/0 CHECKLIST 55363 OK 0 5 432 F v:123
15/08/2020 10:09:14 PM,252 Event OK
15/08/2020 10:09:15 PM,EVENT 55365 1597529351 -310142774/1219230808/3418/0/0 INPUT 1 0 37 v:124
15/08/2020 10:09:15 PM,252 Event OK
15/08/2020 10:09:17 PM,EVENT 55366 1597529351 -310142832/1219230842/3167/0/0 INPUT 4 1 0 v:124
15/08/2020 10:09:17 PM,252 Event OK
15/08/2020 10:09:17 PM,QUIT
15/08/2020 10:09:17 PM,221 Session ended - goodbye
15/08/2020 10:09:28 PM,UNIT 9279
15/08/2020 10:09:28 PM,333 CHAL 7877D8F3
15/08/2020 10:09:28 PM,RESP B6B21AED
15/08/2020 10:09:28 PM,230 Auth OK
15/08/2020 10:09:29 PM,TIME
15/08/2020 10:09:29 PM,211 TIME 1597529369
15/08/2020 10:09:29 PM,EVCOUNT 1
15/08/2020 10:09:29 PM,252 Event OK
15/08/2020 10:09:30 PM,TODO
15/08/2020 10:09:30 PM,226 Nothing to do
15/08/2020 10:09:31 PM,EVENT 55367 1597529363 -310143023/1219231151/1244/0/6 INPUT 3 1 0 v:124
15/08/2020 10:09:31 PM,252 Event OK
15/08/2020 10:09:31 PM,QUIT
15/08/2020 10:09:31 PM,221 Session ended - goodbye
15/08/2020 10:10:32 PM,UNIT 9279
15/08/2020 10:10:32 PM,333 CHAL 25B92CD
15/08/2020 10:10:32 PM,RESP 40B1C63D
15/08/2020 10:10:32 PM,230 Auth OK
15/08/2020 10:10:33 PM,TIME
15/08/2020 10:10:33 PM,211 TIME 1597529433
15/08/2020 10:10:33 PM,EVCOUNT 1
15/08/2020 10:10:33 PM,252 Event OK
15/08/2020 10:10:34 PM,TODO
15/08/2020 10:10:34 PM,226 Nothing to do
15/08/2020 10:10:34 PM,EVENT 55368 1597529428 -310122487/1219236910/814/4/9 INPUT 3 0 65 v:124
15/08/2020 10:10:34 PM,252 Event OK
15/08/2020 10:10:35 PM,QUIT
15/08/2020 10:10:35 PM,221 Session ended - goodbye
15/08/2020 10:10:45 PM,UNIT 9279
15/08/2020 10:10:45 PM,333 CHAL 258D5D3A
15/08/2020 10:10:46 PM,RESP 1A3EAEB3
15/08/2020 10:10:46 PM,230 Auth OK
15/08/2020 10:10:47 PM,TIME
15/08/2020 10:10:47 PM,211 TIME 1597529447
15/08/2020 10:10:47 PM,EVCOUNT 2
15/08/2020 10:10:47 PM,252 Event OK
15/08/2020 10:10:48 PM,TODO
15/08/2020 10:10:48 PM,226 Nothing to do
15/08/2020 10:10:49 PM,EVENT 55369 1597529440 -310122039/1219236616/810/5/0 INPUT 4 0 89 v:124
15/08/2020 10:10:49 PM,252 Event OK
15/08/2020 10:10:50 PM,EVENT 55370 1597529440 -310122021/1219236607/808/5/0 INPUT 4 1 0 v:124
15/08/2020 10:10:50 PM,252 Event OK
15/08/2020 10:10:50 PM,EVENT 55371 1597529447 -310121996/1219236603/791/5/0 INPUT 4 0 7 v:124
15/08/2020 10:10:50 PM,252 Event OK
15/08/2020 10:10:51 PM,EVENT 55372 1597529447 -310121996/1219236603/791/5/0 INPUT 4 1 0 v:124
15/08/2020 10:10:51 PM,252 Event OK
15/08/2020 10:10:52 PM,QUIT
15/08/2020 10:10:52 PM,221 Session ended - goodbye
15/08/2020 10:11:02 PM,UNIT 9279
15/08/2020 10:11:02 PM,333 CHAL 63243C20
15/08/2020 10:11:03 PM,RESP AAF99418
15/08/2020 10:11:03 PM,230 Auth OK
15/08/2020 10:11:03 PM,TIME
15/08/2020 10:11:03 PM,211 TIME 1597529463
15/08/2020 10:11:04 PM,EVCOUNT 5
15/08/2020 10:11:04 PM,252 Event OK
15/08/2020 10:11:05 PM,TODO
15/08/2020 10:11:05 PM,226 Nothing to do
15/08/2020 10:11:06 PM,EVENT 55373 1597529458 -310121436/1219236271/779/5/4 INPUT 7 1 0 v:124
15/08/2020 10:11:06 PM,252 Event OK
15/08/2020 10:11:07 PM,EVENT 55374 1597529458 -310121436/1219236271/779/5/4 INPUT 8 0 145 v:124
15/08/2020 10:11:07 PM,252 Event OK
15/08/2020 10:11:08 PM,EVENT 55375 1597529459 -310121397/1219236245/781/5/3 INPUT 4 0 12 v:123
15/08/2020 10:11:08 PM,252 Event OK
15/08/2020 10:11:09 PM,EVENT 55376 1597529459 -310121397/1219236245/781/5/3 INPUT 1 1 0 v:123
15/08/2020 10:11:09 PM,252 Event OK
15/08/2020 10:11:09 PM,EVENT 55377 1597529460 -310121401/1219236236/785/5/1 INPUT 4 1 0 v:123
15/08/2020 10:11:09 PM,252 Event OK
15/08/2020 10:11:10 PM,EVENT 55378 1597529463 -310121411/1219236216/792/5/0 TRIP 55363 65 46 11 10 122 v:123
15/08/2020 10:11:10 PM,252 Event OK
15/08/2020 10:11:11 PM,EVENT 55379 1597529464 -310121413/1219236214/794/5/0 INPUT 4 0 3 v:123
15/08/2020 10:11:11 PM,252 Event OK
15/08/2020 10:11:12 PM,QUIT
15/08/2020 10:11:12 PM,221 Session ended - goodbye
15/08/2020 10:11:41 PM,UNIT 9279
15/08/2020 10:11:41 PM,333 CHAL 47B75DB9
15/08/2020 10:11:42 PM,RESP 729A53D6
15/08/2020 10:11:42 PM,230 Auth OK
15/08/2020 10:11:42 PM,TIME
15/08/2020 10:11:42 PM,211 TIME 1597529502
15/08/2020 10:11:43 PM,EVCOUNT 1
15/08/2020 10:11:43 PM,252 Event OK
15/08/2020 10:11:44 PM,TODO
15/08/2020 10:11:44 PM,226 Nothing to do
15/08/2020 10:11:45 PM,EVENT 55380 1597529498 -310121520/1219236159/770/3/0 REPORT * 0 76 v:123
15/08/2020 10:11:45 PM,252 Event OK
15/08/2020 10:11:45 PM,QUIT
15/08/2020 10:11:45 PM,221 Session ended - goodbye
15/08/2020 10:12:30 PM,UNIT 9279
15/08/2020 10:12:30 PM,333 CHAL 3E72FA7A
15/08/2020 10:12:31 PM,RESP 74572D35
15/08/2020 10:12:31 PM,230 Auth OK
15/08/2020 10:12:31 PM,TIME
15/08/2020 10:12:31 PM,211 TIME 1597529551
15/08/2020 10:12:32 PM,EVCOUNT 3
15/08/2020 10:12:32 PM,252 Event OK
15/08/2020 10:12:33 PM,TODO
15/08/2020 10:12:33 PM,226 Nothing to do
15/08/2020 10:12:34 PM,EVENT 55381 1597529547 -310121519/1219236145/732/4/0 INPUT 8 1 0 v:123
15/08/2020 10:12:34 PM,252 Event OK
15/08/2020 10:12:35 PM,EVENT 55382 1597529547 -310121519/1219236145/732/4/0 INPUT 7 0 88 v:124
15/08/2020 10:12:35 PM,252 Event OK
15/08/2020 10:12:36 PM,EVENT 55383 1597529548 -310121519/1219236140/729/4/0 DEBUG Time(BAD):1597529548->4294967295 v:124
15/08/2020 10:12:36 PM,252 Event OK
15/08/2020 10:12:36 PM,QUIT
15/08/2020 10:12:36 PM,221 Session ended - goodbye
15/08/2020 10:12:49 PM,UNIT 9279
15/08/2020 10:12:49 PM,333 CHAL 24AAD619
15/08/2020 10:12:50 PM,RESP EB967379
15/08/2020 10:12:50 PM,230 Auth OK
15/08/2020 10:12:51 PM,TIME
15/08/2020 10:12:51 PM,211 TIME 1597529571
15/08/2020 10:12:51 PM,EVCOUNT 1
15/08/2020 10:12:51 PM,252 Event OK
15/08/2020 10:12:52 PM,TODO
15/08/2020 10:12:52 PM,226 Nothing to do
15/08/2020 10:12:53 PM,EVENT 55384 1597529565 -310121550/1219236131/741/4/0 SIGNON 2463 01b1def3 OK 26 271086 0 v:124
15/08/2020 10:12:53 PM,252 Event OK
15/08/2020 10:12:54 PM,EVENT 55385 1597529571 -310121568/1219236108/733/4/0 INPUT 1 0 112 v:124
15/08/2020 10:12:54 PM,252 Event OK
15/08/2020 10:12:54 PM,EVENT 55386 1597529572 -310121572/1219236106/728/4/0 INPUT 4 1 0 v:124
15/08/2020 10:12:54 PM,252 Event OK
15/08/2020 10:12:55 PM,QUIT
15/08/2020 10:12:55 PM,221 Session ended - goodbye
15/08/2020 10:13:06 PM,UNIT 9279
15/08/2020 10:13:06 PM,333 CHAL D864C07
15/08/2020 10:13:06 PM,RESP E5D74F0F
15/08/2020 10:13:06 PM,230 Auth OK
15/08/2020 10:13:07 PM,TIME
15/08/2020 10:13:07 PM,211 TIME 1597529587
15/08/2020 10:13:07 PM,EVCOUNT 3
15/08/2020 10:13:07 PM,252 Event OK
15/08/2020 10:13:08 PM,TODO
15/08/2020 10:13:08 PM,226 Nothing to do
15/08/2020 10:13:09 PM,EVENT 55387 1597529578 -310121043/1219235766/740/4/7 INPUT 3 1 0 v:124
15/08/2020 10:13:09 PM,252 Event OK
15/08/2020 10:13:09 PM,EVENT 55388 1597529579 -310120948/1219235705/740/4/9 INPUT 3 0 1 v:124
15/08/2020 10:13:09 PM,252 Event OK
15/08/2020 10:13:10 PM,EVENT 55389 1597529580 -310120747/1219235583/741/4/8 INPUT 3 1 0 v:124
15/08/2020 10:13:10 PM,252 Event OK
15/08/2020 10:13:11 PM,QUIT
15/08/2020 10:13:11 PM,221 Session ended - goodbye
15/08/2020 10:14:42 PM,UNIT 9279
15/08/2020 10:14:42 PM,333 CHAL 57AE0032
15/08/2020 10:14:42 PM,RESP E0AE6B95
15/08/2020 10:14:42 PM,230 Auth OK
15/08/2020 10:14:43 PM,TIME
15/08/2020 10:14:43 PM,211 TIME 1597529683
15/08/2020 10:14:43 PM,EVCOUNT 3
15/08/2020 10:14:43 PM,252 Event OK
15/08/2020 10:14:44 PM,TODO
15/08/2020 10:14:44 PM,226 Nothing to do
15/08/2020 10:14:45 PM,EVENT 55390 1597529679 -310149882/1219241942/721/8/10 INPUT 3 0 99 v:124
15/08/2020 10:14:45 PM,252 Event OK
15/08/2020 10:14:46 PM,EVENT 55391 1597529679 -310150069/1219242067/722/8/8 INPUT 3 1 0 v:124
15/08/2020 10:14:46 PM,252 Event OK
15/08/2020 10:14:47 PM,EVENT 55392 1597529681 -310150371/1219242231/726/8/9 INPUT 3 0 1 v:124
15/08/2020 10:14:47 PM,252 Event OK
15/08/2020 10:14:47 PM,EVENT 55393 1597529685 -310151007/1219242204/729/8/7 INPUT 3 1 0 v:124
15/08/2020 10:14:47 PM,252 Event OK
15/08/2020 10:14:48 PM,EVENT 55394 1597529686 -310151164/1219242042/725/8/9 INPUT 3 0 1 v:124
15/08/2020 10:14:48 PM,252 Event OK
15/08/2020 10:14:49 PM,QUIT
15/08/2020 10:14:49 PM,221 Session ended - goodbye
15/08/2020 10:14:59 PM,UNIT 9279
15/08/2020 10:14:59 PM,333 CHAL 473C7FA3
15/08/2020 10:14:59 PM,RESP 035DFDE7
15/08/2020 10:14:59 PM,230 Auth OK
15/08/2020 10:15:00 PM,TIME
15/08/2020 10:15:00 PM,211 TIME 1597529700
15/08/2020 10:15:00 PM,EVCOUNT 3
15/08/2020 10:15:00 PM,252 Event OK
15/08/2020 10:15:01 PM,TODO
15/08/2020 10:15:01 PM,226 Nothing to do
15/08/2020 10:15:02 PM,EVENT 55395 1597529695 -310150567/1219240850/713/8/1 INPUT 4 0 123 v:124
15/08/2020 10:15:02 PM,252 Event OK
15/08/2020 10:15:03 PM,EVENT 55396 1597529695 -310150564/1219240846/713/8/1 INPUT 4 1 0 v:124
15/08/2020 10:15:03 PM,252 Event OK
15/08/2020 10:15:04 PM,EVENT 55397 1597529698 -310150292/1219240735/710/8/5 INPUT 3 1 0 v:124
15/08/2020 10:15:04 PM,252 Event OK
15/08/2020 10:15:04 PM,QUIT
15/08/2020 10:15:04 PM,221 Session ended - goodbye
15/08/2020 10:15:15 PM,UNIT 9279
15/08/2020 10:15:15 PM,333 CHAL 7530C2C7
15/08/2020 10:15:15 PM,RESP 6EB3BD63
15/08/2020 10:15:15 PM,230 Auth OK
15/08/2020 10:15:16 PM,TIME
15/08/2020 10:15:16 PM,211 TIME 1597529716
15/08/2020 10:15:17 PM,EVCOUNT 3
15/08/2020 10:15:17 PM,252 Event OK
15/08/2020 10:15:17 PM,TODO
15/08/2020 10:15:17 PM,226 Nothing to do
15/08/2020 10:15:18 PM,EVENT 55398 1597529703 -310149285/1219241157/733/8/9 INPUT 3 0 4 v:124
15/08/2020 10:15:18 PM,252 Event OK
15/08/2020 10:15:19 PM,EVENT 55399 1597529707 -310148983/1219241495/751/8/2 INPUT 4 0 12 v:124
15/08/2020 10:15:19 PM,252 Event OK
15/08/2020 10:15:19 PM,EVENT 55400 1597529707 -310148983/1219241495/751/8/1 INPUT 4 1 0 v:124
15/08/2020 10:15:19 PM,252 Event OK
15/08/2020 10:15:20 PM,EVENT 55401 1597529716 -310148986/1219241523/739/7/0 INPUT 4 0 9 v:124
15/08/2020 10:15:20 PM,252 Event OK
15/08/2020 10:15:21 PM,EVENT 55402 1597529716 -310148986/1219241523/739/7/0 INPUT 4 1 0 v:124
15/08/2020 10:15:21 PM,252 Event OK
15/08/2020 10:15:21 PM,QUIT
15/08/2020 10:15:21 PM,221 Session ended - goodbye
15/08/2020 10:15:33 PM,UNIT 9279
15/08/2020 10:15:33 PM,333 CHAL 3DF3BCA9
15/08/2020 10:15:33 PM,RESP DBCE00B1
15/08/2020 10:15:33 PM,230 Auth OK
15/08/2020 10:15:34 PM,TIME
15/08/2020 10:15:34 PM,211 TIME 1597529734
15/08/2020 10:15:35 PM,EVCOUNT 1
15/08/2020 10:15:35 PM,252 Event OK
15/08/2020 10:15:35 PM,TODO
15/08/2020 10:15:35 PM,226 Nothing to do
15/08/2020 10:15:36 PM,EVENT 55403 1597529729 -310149238/1219241572/725/7/7 INPUT 3 1 0 v:124
15/08/2020 10:15:36 PM,252 Event OK
15/08/2020 10:15:37 PM,EVENT 55404 1597529734 -310150151/1219242245/728/7/10 INPUT 3 0 4 v:124
15/08/2020 10:15:37 PM,252 Event OK
15/08/2020 10:15:38 PM,QUIT
15/08/2020 10:15:38 PM,221 Session ended - goodbye
15/08/2020 10:15:49 PM,UNIT 9279
15/08/2020 10:15:49 PM,333 CHAL 36DB709D
15/08/2020 10:15:50 PM,RESP 8C628BBD
15/08/2020 10:15:50 PM,230 Auth OK
15/08/2020 10:15:50 PM,TIME
15/08/2020 10:15:50 PM,211 TIME 1597529751
15/08/2020 10:15:51 PM,EVCOUNT 2
15/08/2020 10:15:51 PM,252 Event OK
15/08/2020 10:15:52 PM,TODO
15/08/2020 10:15:52 PM,226 Nothing to do
15/08/2020 10:15:53 PM,EVENT 55405 1597529737 -310150443/1219242349/728/7/2 INPUT 4 0 21 v:124
15/08/2020 10:15:53 PM,252 Event OK
15/08/2020 10:15:54 PM,EVENT 55406 1597529737 -310150443/1219242349/728/7/1 INPUT 4 1 0 v:124
15/08/2020 10:15:54 PM,252 Event OK
15/08/2020 10:15:54 PM,QUIT
15/08/2020 10:15:54 PM,221 Session ended - goodbye
15/08/2020 10:16:59 PM,UNIT 9279
15/08/2020 10:16:59 PM,333 CHAL 734A39FB
15/08/2020 10:16:59 PM,RESP E1F34A1D
15/08/2020 10:16:59 PM,230 Auth OK
15/08/2020 10:17:00 PM,TIME
15/08/2020 10:17:00 PM,211 TIME 1597529820
15/08/2020 10:17:00 PM,EVCOUNT 2
15/08/2020 10:17:00 PM,252 Event OK
15/08/2020 10:17:01 PM,TODO
15/08/2020 10:17:01 PM,226 Nothing to do
15/08/2020 10:17:02 PM,EVENT 55407 1597529815 -310150622/1219242428/707/8/0 INPUT 4 0 78 v:124
15/08/2020 10:17:02 PM,252 Event OK
15/08/2020 10:17:03 PM,EVENT 55408 1597529815 -310150622/1219242428/707/8/0 INPUT 4 1 0 v:124
15/08/2020 10:17:03 PM,252 Event OK
15/08/2020 10:17:03 PM,EVENT 55409 1597529821 -310150500/1219242427/710/8/0 INPUT 4 0 6 v:124
15/08/2020 10:17:03 PM,252 Event OK
15/08/2020 10:17:04 PM,EVENT 55410 1597529821 -310150500/1219242427/710/8/0 INPUT 4 1 0 v:124
15/08/2020 10:17:04 PM,252 Event OK
15/08/2020 10:17:05 PM,QUIT
15/08/2020 10:17:05 PM,221 Session ended - goodbye
15/08/2020 10:17:15 PM,UNIT 9279
15/08/2020 10:17:15 PM,333 CHAL 6344EC61
15/08/2020 10:17:16 PM,RESP 487D2D19
15/08/2020 10:17:16 PM,230 Auth OK
15/08/2020 10:17:17 PM,TIME
15/08/2020 10:17:17 PM,211 TIME 1597529837
15/08/2020 10:17:17 PM,EVCOUNT 1
15/08/2020 10:17:17 PM,252 Event OK
15/08/2020 10:17:18 PM,TODO
15/08/2020 10:17:18 PM,226 Nothing to do
15/08/2020 10:17:19 PM,EVENT 55411 1597529829 -310151136/1219241913/687/8/6 INPUT 3 1 0 v:124
15/08/2020 10:17:19 PM,252 Event OK
15/08/2020 10:17:20 PM,QUIT
15/08/2020 10:17:20 PM,221 Session ended - goodbye
16/08/2020 9:08:55 AM,UNIT 9279
16/08/2020 9:08:55 AM,333 CHAL 207ECD9A
16/08/2020 9:08:56 AM,RESP FDB9D447
16/08/2020 9:08:56 AM,230 Auth OK
16/08/2020 9:08:57 AM,TIME
16/08/2020 9:08:57 AM,211 TIME 1597568937
16/08/2020 9:08:58 AM,EVCOUNT 347
16/08/2020 9:08:58 AM,252 Event OK
16/08/2020 9:08:58 AM,TODO
16/08/2020 9:08:58 AM,226 Nothing to do
16/08/2020 9:08:59 AM,EVENT 55412 1597529925 -310120922/1219230188/765/8/11 INPUT 3 0 96 v:124
16/08/2020 9:08:59 AM,252 Event OK
16/08/2020 9:09:00 AM,EVENT 55413 1597529927 -310121088/1219229984/785/7/4 INPUT 7 1 0 v:124
16/08/2020 9:09:00 AM,252 Event OK
16/08/2020 9:09:01 AM,EVENT 55414 1597529927 -310121088/1219229984/785/7/4 INPUT 8 0 381 v:124
16/08/2020 9:09:01 AM,252 Event OK
16/08/2020 9:09:02 AM,EVENT 55415 1597529928 -310121103/1219229988/791/7/3 INPUT 1 1 0 v:123
16/08/2020 9:09:02 AM,252 Event OK
16/08/2020 9:09:03 AM,EVENT 55416 1597529932 -310121173/1219230018/783/7/0 TRIP 55384 206 154 7 7 367 v:124
16/08/2020 9:09:03 AM,252 Event OK
16/08/2020 9:09:03 AM,EVENT 55417 1597529933 -310121179/1219230022/783/7/0 INPUT 4 0 111 v:124
16/08/2020 9:09:03 AM,252 Event OK
16/08/2020 9:09:04 AM,EVENT 55418 1597530179 -310121378/1219229997/819/0/0 INPUT 8 1 0 v:124
16/08/2020 9:09:04 AM,252 Event OK
16/08/2020 9:09:05 AM,EVENT 55419 1597530180 -310121378/1219229994/820/0/0 INPUT 7 0 252 v:124
16/08/2020 9:09:05 AM,252 Event OK
16/08/2020 9:09:06 AM,EVENT 55420 1597530192 -310121376/1219229965/852/0/0 SIGNON 2463 01b1def3 OK 26 271086 0 v:124
16/08/2020 9:09:06 AM,252 Event OK
16/08/2020 9:09:07 AM,EVENT 55421 1597530199 -310121363/1219229973/871/0/0 INPUT 1 0 271 v:124
16/08/2020 9:09:07 AM,252 Event OK
16/08/2020 9:09:08 AM,EVENT 55422 1597530200 -310121359/1219229975/874/0/0 INPUT 4 1 0 v:124
16/08/2020 9:09:08 AM,252 Event OK
16/08/2020 9:09:09 AM,EVENT 55423 1597530247 -310121855/1219228762/866/0/3 INPUT 4 0 48 v:124
16/08/2020 9:09:09 AM,252 Event OK
16/08/2020 9:09:10 AM,EVENT 55424 1597530247 -310121870/1219228741/860/0/3 INPUT 4 1 0 v:124
16/08/2020 9:09:10 AM,252 Event OK
16/08/2020 9:09:11 AM,EVENT 55425 1597530257 -310121876/1219228765/818/0/0 INPUT 4 0 10 v:124
16/08/2020 9:09:11 AM,252 Event OK
16/08/2020 9:09:12 AM,EVENT 55426 1597530257 -310121876/1219228765/818/0/0 INPUT 4 1 0 v:124
16/08/2020 9:09:12 AM,252 Event OK
16/08/2020 9:09:13 AM,EVENT 55427 1597530290 -310121856/1219228813/789/0/0 INPUT 4 0 33 v:124
16/08/2020 9:09:13 AM,252 Event OK
16/08/2020 9:09:13 AM,EVENT 55428 1597530290 -310121856/1219228813/789/0/0 INPUT 4 1 0 v:124
16/08/2020 9:09:13 AM,252 Event OK
16/08/2020 9:09:14 AM,EVENT 55429 1597530368 -310121807/1219228887/742/0/0 INPUT 4 0 78 v:124
16/08/2020 9:09:14 AM,252 Event OK
16/08/2020 9:09:15 AM,EVENT 55430 1597530368 -310121807/1219228887/742/0/0 INPUT 4 1 0 v:124
16/08/2020 9:09:15 AM,252 Event OK
16/08/2020 9:09:16 AM,EVENT 55431 1597530488 -310121875/1219228864/728/0/0 INPUT 4 0 120 v:124
16/08/2020 9:09:16 AM,252 Event OK
16/08/2020 9:09:17 AM,EVENT 55432 1597530488 -310121875/1219228864/728/0/0 INPUT 4 1 0 v:124
16/08/2020 9:09:17 AM,252 Event OK
16/08/2020 9:09:18 AM,EVENT 55433 1597530509 -310121916/1219228801/716/0/0 INPUT 4 0 21 v:124
16/08/2020 9:09:18 AM,252 Event OK
16/08/2020 9:09:19 AM,EVENT 55434 1597530509 -310121916/1219228801/716/0/0 INPUT 4 1 0 v:124
16/08/2020 9:09:19 AM,252 Event OK
16/08/2020 9:09:20 AM,EVENT 55435 1597530513 -310122157/1219228143/720/0/8 INPUT 3 1 0 v:124
16/08/2020 9:09:20 AM,252 Event OK
16/08/2020 9:09:21 AM,EVENT 55436 1597531036 0/0/0/0/9 INPUT 3 0 524 v:124
16/08/2020 9:09:21 AM,252 Event OK
16/08/2020 9:09:21 AM,EVENT 55437 1597531073 0/0/0/0/5 INPUT 3 1 0 v:124
16/08/2020 9:09:21 AM,252 Event OK
16/08/2020 9:09:22 AM,EVENT 55438 1597531328 0/0/0/0/20 REPORT 55420 0 0 v:124
16/08/2020 9:09:22 AM,252 Event OK
16/08/2020 9:09:23 AM,EVENT 55439 1597531334 0/0/0/0/11 INPUT 3 0 261 v:124
16/08/2020 9:09:23 AM,252 Event OK
16/08/2020 9:09:24 AM,EVENT 55440 1597531404 0/0/0/99/7 INPUT 3 1 0 v:124
16/08/2020 9:09:24 AM,252 Event OK
16/08/2020 9:09:25 AM,EVENT 55441 1597531458 0/0/0/0/11 INPUT 3 0 55 v:124
16/08/2020 9:09:25 AM,252 Event OK
16/08/2020 9:09:26 AM,EVENT 55442 1597531511 0/0/0/0/3 INPUT 3 1 0 v:124
16/08/2020 9:09:26 AM,252 Event OK
16/08/2020 9:09:27 AM,EVENT 55443 1597531703 0/0/0/0/10 INPUT 3 0 193 v:124
16/08/2020 9:09:27 AM,252 Event OK
16/08/2020 9:09:29 AM,EVENT 55444 1597531709 0/0/0/0/1 INPUT 4 0 1200 v:124
16/08/2020 9:09:29 AM,252 Event OK
16/08/2020 9:09:33 AM,EVENT 55445 1597531709 0/0/0/0/1 INPUT 4 1 0 v:124
16/08/2020 9:09:33 AM,252 Event OK
16/08/2020 9:09:36 AM,EVENT 55446 1597531711 0/0/0/0/0 INPUT 7 1 0 v:124
16/08/2020 9:09:36 AM,252 Event OK
16/08/2020 9:09:36 AM,EVENT 55447 1597531711 0/0/0/0/0 INPUT 8 0 1531 v:124
16/08/2020 9:09:36 AM,252 Event OK
16/08/2020 9:09:37 AM,EVENT 55448 1597531712 0/0/0/0/0 INPUT 1 1 0 v:124
16/08/2020 9:09:37 AM,252 Event OK
16/08/2020 9:09:37 AM,EVENT 55449 1597531713 0/0/0/0/0 INPUT 4 0 4 v:124
16/08/2020 9:09:37 AM,252 Event OK
16/08/2020 9:09:38 AM,EVENT 55450 1597531715 0/0/0/0/0 TRIP 55420 1033 481 10 8 1524 v:124
16/08/2020 9:09:38 AM,252 Event OK
16/08/2020 9:09:38 AM,EVENT 55451 1597531775 0/0/0/0/0 INPUT 8 1 0 v:124
16/08/2020 9:09:38 AM,252 Event OK
16/08/2020 9:09:39 AM,EVENT 55452 1597531776 0/0/0/0/0 INPUT 7 0 65 v:124
16/08/2020 9:09:39 AM,252 Event OK
16/08/2020 9:09:39 AM,EVENT 55453 1597531784 0/0/0/0/0 SIGNON 2463 01b1def3 OK 26 271086 0 v:124
16/08/2020 9:09:39 AM,252 Event OK
16/08/2020 9:09:40 AM,EVENT 55454 1597531807 0/0/0/0/0 INPUT 1 0 95 v:124
16/08/2020 9:09:40 AM,252 Event OK
16/08/2020 9:09:40 AM,EVENT 55455 1597531807 0/0/0/0/0 INPUT 4 1 0 v:124
16/08/2020 9:09:40 AM,252 Event OK
16/08/2020 9:09:40 AM,EVENT 55456 1597531824 0/0/0/0/5 INPUT 1 1 0 v:124
16/08/2020 9:09:40 AM,252 Event OK
16/08/2020 9:09:41 AM,EVENT 55457 1597531834 0/0/0/0/0 INPUT 3 1 0 v:124
16/08/2020 9:09:41 AM,252 Event OK
16/08/2020 9:09:41 AM,EVENT 55458 1597531835 0/0/0/0/5 INPUT 4 0 27 v:124
16/08/2020 9:09:41 AM,252 Event OK
16/08/2020 9:09:41 AM,EVENT 55459 1597531835 0/0/0/0/7 OILPRESSURE 55453 7 v:124
16/08/2020 9:09:41 AM,252 Event OK
16/08/2020 9:09:42 AM,EVENT 55460 1597531835 0/0/0/0/7 INPUT 1 0 11 v:124
16/08/2020 9:09:42 AM,252 Event OK
16/08/2020 9:09:42 AM,EVENT 55461 1597531836 0/0/0/0/24 INPUT 4 1 0 v:124
16/08/2020 9:09:42 AM,252 Event OK
16/08/2020 9:09:43 AM,EVENT 55462 1597531836 0/0/0/0/31 INPUT 3 0 2 v:124
16/08/2020 9:09:43 AM,252 Event OK
16/08/2020 9:09:43 AM,EVENT 55463 1597531842 0/0/0/0/6 ENGINEOVERSPEED 55453 10 11476 v:124
16/08/2020 9:09:43 AM,252 Event OK
16/08/2020 9:09:44 AM,EVENT 55464 1597531843 0/0/0/0/6 INPUT 3 1 0 v:124
16/08/2020 9:09:44 AM,252 Event OK
16/08/2020 9:09:44 AM,EVENT 55465 1597531848 0/0/0/0/9 INPUT 3 0 5 v:124
16/08/2020 9:09:44 AM,252 Event OK
16/08/2020 9:09:45 AM,EVENT 55466 1597531849 0/0/0/0/8 INPUT 3 1 0 v:124
16/08/2020 9:09:45 AM,252 Event OK
16/08/2020 9:09:45 AM,EVENT 55467 1597532010 0/0/0/0/10 INPUT 3 0 162 v:124
16/08/2020 9:09:45 AM,252 Event OK
16/08/2020 9:09:46 AM,EVENT 55468 1597532042 0/0/0/0/0 INPUT 3 1 0 v:124
16/08/2020 9:09:46 AM,252 Event OK
16/08/2020 9:09:46 AM,EVENT 55469 1597532067 0/0/0/0/12 INPUT 3 0 26 v:124
16/08/2020 9:09:46 AM,252 Event OK
16/08/2020 9:09:47 AM,EVENT 55470 1597532073 0/0/0/0/8 INPUT 3 1 0 v:124
16/08/2020 9:09:47 AM,252 Event OK
16/08/2020 9:09:47 AM,EVENT 55471 1597532075 0/0/0/0/9 INPUT 3 0 1 v:124
16/08/2020 9:09:47 AM,252 Event OK
16/08/2020 9:09:47 AM,EVENT 55472 1597532084 0/0/0/99/8 INPUT 3 1 0 v:124
16/08/2020 9:09:47 AM,252 Event OK
16/08/2020 9:09:48 AM,EVENT 55473 1597532085 0/0/0/99/9 INPUT 3 0 1 v:124
16/08/2020 9:09:48 AM,252 Event OK
16/08/2020 9:09:48 AM,EVENT 55474 1597532142 0/0/0/0/7 INPUT 3 1 0 v:124
16/08/2020 9:09:48 AM,252 Event OK
16/08/2020 9:09:49 AM,EVENT 55475 1597532161 0/0/0/0/10 INPUT 3 0 19 v:124
16/08/2020 9:09:49 AM,252 Event OK
16/08/2020 9:09:51 AM,EVENT 55476 1597532164 0/0/0/0/6 INPUT 3 1 0 v:124
16/08/2020 9:09:51 AM,252 Event OK
16/08/2020 9:09:53 AM,EVENT 55477 1597532173 0/0/0/0/9 INPUT 3 0 9 v:124
16/08/2020 9:09:53 AM,252 Event OK
16/08/2020 9:09:55 AM,EVENT 55478 1597532183 0/0/0/0/5 INPUT 4 0 348 v:124
16/08/2020 9:09:55 AM,252 Event OK
16/08/2020 9:10:20 AM,EVENT 55479 1597532183 0/0/0/0/4 INPUT 4 1 0 v:124
16/08/2020 9:10:20 AM,252 Event OK
16/08/2020 9:10:40 AM,UNIT 9279
16/08/2020 9:10:40 AM,333 CHAL 14D2DD56
16/08/2020 9:10:41 AM,RESP 1388D9AA
16/08/2020 9:10:41 AM,230 Auth OK
16/08/2020 9:10:41 AM,TIME
16/08/2020 9:10:41 AM,211 TIME 1597569041
16/08/2020 9:10:42 AM,EVCOUNT 286
16/08/2020 9:10:42 AM,252 Event OK
16/08/2020 9:10:42 AM,TODO
16/08/2020 9:10:42 AM,226 Nothing to do
16/08/2020 9:10:43 AM,EVENT 55479 1597532183 0/0/0/0/4 INPUT 4 1 0 v:124
16/08/2020 9:10:43 AM,253 Event OK - Duplicate
16/08/2020 9:10:43 AM,EVENT 55480 1597532184 0/0/0/0/3 INPUT 1 1 0 v:124
16/08/2020 9:10:43 AM,252 Event OK
16/08/2020 9:10:44 AM,EVENT 55481 1597532185 0/0/0/0/3 INPUT 1 0 1 v:124
16/08/2020 9:10:44 AM,252 Event OK
16/08/2020 9:10:44 AM,EVENT 55482 1597532190 0/0/0/0/8 INPUT 3 1 0 v:124
16/08/2020 9:10:44 AM,252 Event OK
16/08/2020 9:10:44 AM,EVENT 55483 1597532195 0/0/0/0/11 INPUT 3 0 5 v:124
16/08/2020 9:10:44 AM,252 Event OK
16/08/2020 9:10:44 AM,EVENT 55484 1597532211 0/0/0/0/0 INPUT 7 1 0 v:124
16/08/2020 9:10:44 AM,252 Event OK
16/08/2020 9:10:45 AM,EVENT 55485 1597532211 0/0/0/0/0 INPUT 8 0 435 v:124
16/08/2020 9:10:45 AM,252 Event OK
16/08/2020 9:10:48 AM,EVENT 55486 1597532212 0/0/0/0/0 INPUT 1 1 0 v:124
16/08/2020 9:10:48 AM,252 Event OK
16/08/2020 9:10:48 AM,EVENT 55487 1597532214 0/0/0/0/0 INPUT 4 0 31 v:124
16/08/2020 9:10:48 AM,252 Event OK
16/08/2020 9:10:49 AM,EVENT 55488 1597532215 0/0/0/0/0 TRIP 55453 230 178 24 23 432 v:124
16/08/2020 9:10:49 AM,252 Event OK
16/08/2020 9:10:49 AM,EVENT 55489 1597532215 0/0/0/0/0 TRIPSUMMARY 55453 v:124
16/08/2020 9:10:49 AM,252 Event OK
16/08/2020 9:10:49 AM,EVENT 55490 1597547686 0/0/0/0/0 SWSTART OpusFC 5.0.58.518 R v:123
16/08/2020 9:10:49 AM,252 Event OK
16/08/2020 9:10:50 AM,EVENT 55491 1597532215 0/0/0/0/0 POWERDOWN v:124
16/08/2020 9:10:50 AM,252 Event OK
16/08/2020 9:10:54 AM,EVENT 55492 1597547686 0/0/0/0/0 INPUT 1 1 0 v:123
16/08/2020 9:10:54 AM,252 Event OK
16/08/2020 9:10:55 AM,EVENT 55493 1597547686 0/0/0/0/0 INPUT 2 0 0 v:123
16/08/2020 9:10:55 AM,252 Event OK
16/08/2020 9:10:55 AM,EVENT 55494 1597547686 0/0/0/0/0 INPUT 3 0 0 v:123
16/08/2020 9:10:55 AM,252 Event OK
16/08/2020 9:10:55 AM,EVENT 55495 1597547686 0/0/0/0/0 INPUT 4 0 0 v:123
16/08/2020 9:10:55 AM,252 Event OK
16/08/2020 9:10:55 AM,EVENT 55496 1597547686 0/0/0/0/0 INPUT 7 0 0 v:123
16/08/2020 9:10:55 AM,252 Event OK
16/08/2020 9:10:55 AM,EVENT 55497 1597547686 0/0/0/0/0 INPUT 8 1 0 v:123
16/08/2020 9:10:55 AM,252 Event OK
16/08/2020 9:10:56 AM,EVENT 55498 1597547688 0/0/0/0/0 ZONE_OK 2 100 FW=NO VERSION v:123
16/08/2020 9:10:56 AM,252 Event OK
16/08/2020 9:10:56 AM,EVENT 55499 1597547696 0/0/0/0/0 SIGNON 2463 01b1def3 OK 26 271086 0 v:124
16/08/2020 9:10:56 AM,252 Event OK
16/08/2020 9:10:56 AM,EVENT 55500 1597547702 0/0/0/99/0 INPUT 1 0 16 v:124
16/08/2020 9:10:56 AM,252 Event OK
16/08/2020 9:10:56 AM,EVENT 55501 1597547702 0/0/0/99/0 INPUT 4 1 0 v:124
16/08/2020 9:10:56 AM,252 Event OK
16/08/2020 9:10:57 AM,EVENT 55502 1597547709 0/0/0/99/5 INPUT 4 0 7 v:124
16/08/2020 9:10:57 AM,252 Event OK
16/08/2020 9:10:58 AM,EVENT 55503 1597547709 0/0/0/99/4 INPUT 4 1 0 v:124
16/08/2020 9:10:58 AM,252 Event OK
16/08/2020 9:10:58 AM,EVENT 55504 1597547712 0/0/0/0/7 INPUT 4 0 3 v:124
16/08/2020 9:10:58 AM,252 Event OK
16/08/2020 9:10:59 AM,EVENT 55505 1597547712 0/0/0/0/6 INPUT 4 1 0 v:124
16/08/2020 9:10:59 AM,252 Event OK
16/08/2020 9:10:59 AM,EVENT 55506 1597547713 0/0/0/0/2 INPUT 3 1 0 v:124
16/08/2020 9:10:59 AM,252 Event OK
16/08/2020 9:10:59 AM,EVENT 55507 1597547732 0/0/0/0/11 INPUT 3 0 18 v:124
16/08/2020 9:10:59 AM,252 Event OK
16/08/2020 9:11:00 AM,EVENT 55508 1597547760 0/0/0/0/0 INPUT 4 0 48 v:124
16/08/2020 9:11:00 AM,252 Event OK
16/08/2020 9:11:00 AM,EVENT 55509 1597547760 0/0/0/0/0 INPUT 4 1 0 v:124
16/08/2020 9:11:00 AM,252 Event OK
16/08/2020 9:11:00 AM,EVENT 55510 1597547782 0/0/0/0/7 INPUT 3 1 0 v:124
16/08/2020 9:11:00 AM,252 Event OK
16/08/2020 9:11:01 AM,EVENT 55511 1597547802 0/0/0/0/10 INPUT 3 0 19 v:124
16/08/2020 9:11:01 AM,252 Event OK
16/08/2020 9:11:01 AM,EVENT 55512 1597547804 0/0/0/0/5 INPUT 3 1 0 v:124
16/08/2020 9:11:01 AM,252 Event OK
16/08/2020 9:11:02 AM,EVENT 55513 1597547949 0/0/0/0/12 INPUT 3 0 145 v:124
16/08/2020 9:11:02 AM,252 Event OK
16/08/2020 9:11:02 AM,EVENT 55514 1597547981 0/0/0/0/3 INPUT 4 0 221 v:124
16/08/2020 9:11:02 AM,252 Event OK
16/08/2020 9:11:02 AM,EVENT 55515 1597547981 0/0/0/0/3 INPUT 4 1 0 v:124
16/08/2020 9:11:02 AM,252 Event OK
16/08/2020 9:11:03 AM,EVENT 55516 1597547985 0/0/0/0/0 INPUT 4 0 4 v:124
16/08/2020 9:11:03 AM,252 Event OK
16/08/2020 9:11:03 AM,EVENT 55517 1597547985 0/0/0/0/0 INPUT 4 1 0 v:124
16/08/2020 9:11:03 AM,252 Event OK
16/08/2020 9:11:03 AM,EVENT 55518 1597547990 0/0/0/0/7 INPUT 3 1 0 v:124
16/08/2020 9:11:03 AM,252 Event OK
16/08/2020 9:11:04 AM,EVENT 55519 1597547999 0/0/0/0/13 INPUT 3 0 8 v:124
16/08/2020 9:11:04 AM,252 Event OK
16/08/2020 9:11:04 AM,EVENT 55520 1597548003 0/0/0/0/5 INPUT 3 1 0 v:124
16/08/2020 9:11:04 AM,252 Event OK
16/08/2020 9:11:04 AM,EVENT 55521 1597548053 0/0/0/99/11 INPUT 3 0 51 v:124
16/08/2020 9:11:04 AM,252 Event OK
16/08/2020 9:11:04 AM,EVENT 55522 1597548134 0/0/0/0/4 INPUT 4 0 149 v:124
16/08/2020 9:11:04 AM,252 Event OK
16/08/2020 9:11:05 AM,EVENT 55523 1597548135 0/0/0/0/4 INPUT 4 1 0 v:124
16/08/2020 9:11:05 AM,252 Event OK
16/08/2020 9:11:05 AM,EVENT 55524 1597548138 0/0/0/0/7 INPUT 3 1 0 v:124
16/08/2020 9:11:05 AM,252 Event OK
16/08/2020 9:11:05 AM,EVENT 55525 1597548139 0/0/0/0/9 INPUT 3 0 1 v:124
16/08/2020 9:11:05 AM,252 Event OK
16/08/2020 9:11:06 AM,EVENT 55526 1597548144 0/0/0/0/5 INPUT 4 0 10 v:124
16/08/2020 9:11:06 AM,252 Event OK
16/08/2020 9:11:06 AM,EVENT 55527 1597548144 0/0/0/0/4 INPUT 4 1 0 v:124
16/08/2020 9:11:06 AM,252 Event OK
16/08/2020 9:15:11 AM,UNIT 9279
16/08/2020 9:15:11 AM,333 CHAL 2AF5C39D
16/08/2020 9:15:12 AM,RESP 48D5982B
16/08/2020 9:15:12 AM,230 Auth OK
16/08/2020 9:15:12 AM,TIME
16/08/2020 9:15:12 AM,211 TIME 1597569312
16/08/2020 9:15:13 AM,EVCOUNT 246
16/08/2020 9:15:13 AM,252 Event OK
16/08/2020 9:15:14 AM,TODO
16/08/2020 9:15:14 AM,226 Nothing to do
16/08/2020 9:15:14 AM,EVENT 55527 1597548144 0/0/0/0/4 INPUT 4 1 0 v:124
16/08/2020 9:15:14 AM,253 Event OK - Duplicate
16/08/2020 9:15:15 AM,EVENT 55528 1597548148 0/0/0/0/3 INPUT 3 1 0 v:124
16/08/2020 9:15:15 AM,252 Event OK
16/08/2020 9:15:16 AM,EVENT 55529 1597548329 0/0/0/0/10 INPUT 3 0 180 v:124
16/08/2020 9:15:16 AM,252 Event OK
16/08/2020 9:15:16 AM,EVENT 55530 1597548332 0/0/0/0/7 INPUT 3 1 0 v:124
16/08/2020 9:15:16 AM,252 Event OK
16/08/2020 9:15:17 AM,EVENT 55531 1597548334 0/0/0/0/9 INPUT 3 0 1 v:124
16/08/2020 9:15:17 AM,252 Event OK
16/08/2020 9:15:18 AM,EVENT 55532 1597548336 0/0/0/0/8 INPUT 3 1 0 v:124
16/08/2020 9:15:18 AM,252 Event OK
16/08/2020 9:15:19 AM,EVENT 55533 1597548352 0/0/0/0/10 INPUT 3 0 16 v:124
16/08/2020 9:15:19 AM,252 Event OK
16/08/2020 9:15:20 AM,EVENT 55534 1597548353 0/0/0/0/5 INPUT 4 0 209 v:124
16/08/2020 9:15:20 AM,252 Event OK
16/08/2020 9:15:20 AM,EVENT 55535 1597548354 0/0/0/0/4 INPUT 4 1 0 v:124
16/08/2020 9:15:20 AM,252 Event OK
16/08/2020 9:15:21 AM,EVENT 55536 1597548356 0/0/0/0/0 INPUT 7 1 0 v:124
16/08/2020 9:15:21 AM,252 Event OK
16/08/2020 9:15:22 AM,EVENT 55537 1597548356 0/0/0/0/0 INPUT 8 0 669 v:124
16/08/2020 9:15:22 AM,252 Event OK
16/08/2020 9:15:23 AM,EVENT 55538 1597548356 0/0/0/0/0 INPUT 1 1 0 v:124
16/08/2020 9:15:23 AM,252 Event OK
16/08/2020 9:15:23 AM,EVENT 55539 1597548357 0/0/0/0/0 INPUT 4 0 4 v:123
16/08/2020 9:15:23 AM,252 Event OK
16/08/2020 9:15:24 AM,EVENT 55540 1597548359 0/0/0/0/0 REPORT 55499 0 0 v:124
16/08/2020 9:15:24 AM,252 Event OK
16/08/2020 9:15:25 AM,EVENT 55541 1597548360 0/0/0/0/0 TRIP 55499 439 216 10 7 665 v:124
16/08/2020 9:15:25 AM,252 Event OK
16/08/2020 9:15:26 AM,EVENT 55542 1597551219 0/0/0/0/0 SWSTART OpusFC 5.0.58.518 R v:124
16/08/2020 9:15:26 AM,252 Event OK
16/08/2020 9:15:27 AM,EVENT 55543 1597548360 0/0/0/0/0 POWERDOWN v:124
16/08/2020 9:15:27 AM,252 Event OK
16/08/2020 9:15:28 AM,EVENT 55544 1597551219 0/0/0/0/0 INPUT 1 1 0 v:124
16/08/2020 9:15:28 AM,252 Event OK
16/08/2020 9:15:28 AM,EVENT 55545 1597551219 0/0/0/0/0 INPUT 2 0 0 v:124
16/08/2020 9:15:28 AM,252 Event OK
16/08/2020 9:15:29 AM,EVENT 55546 1597551219 0/0/0/0/0 INPUT 3 0 0 v:124
16/08/2020 9:15:29 AM,252 Event OK
16/08/2020 9:15:30 AM,EVENT 55547 1597551219 0/0/0/0/0 INPUT 4 0 0 v:124
16/08/2020 9:15:30 AM,252 Event OK
16/08/2020 9:15:31 AM,EVENT 55548 1597551219 0/0/0/0/0 INPUT 7 0 0 v:124
16/08/2020 9:15:31 AM,252 Event OK
16/08/2020 9:15:31 AM,EVENT 55549 1597551219 0/0/0/0/0 INPUT 8 1 0 v:124
16/08/2020 9:15:31 AM,252 Event OK
16/08/2020 9:15:32 AM,EVENT 55550 1597551221 0/0/0/0/0 ZONE_OK 2 100 FW=NO VERSION v:124
16/08/2020 9:15:32 AM,252 Event OK
16/08/2020 9:15:34 AM,EVENT 55551 1597551228 0/0/0/0/0 SIGNON 2463 01b1def3 OK 26 271086 0 v:124
16/08/2020 9:15:34 AM,252 Event OK
16/08/2020 9:15:34 AM,EVENT 55552 1597551234 0/0/0/99/0 INPUT 4 1 0 v:124
16/08/2020 9:15:34 AM,252 Event OK
16/08/2020 9:15:35 AM,EVENT 55553 1597551235 0/0/0/99/0 INPUT 1 0 15 v:124
16/08/2020 9:15:35 AM,252 Event OK
16/08/2020 9:15:36 AM,EVENT 55554 1597551235 0/0/0/99/0 INPUT 4 0 2 v:124
16/08/2020 9:15:36 AM,252 Event OK
16/08/2020 9:15:37 AM,EVENT 55555 1597551235 0/0/0/99/0 INPUT 4 1 0 v:124
16/08/2020 9:15:37 AM,252 Event OK
16/08/2020 9:15:37 AM,EVENT 55556 1597551239 0/0/0/99/0 INPUT 4 0 4 v:124
16/08/2020 9:15:37 AM,252 Event OK
16/08/2020 9:15:38 AM,EVENT 55557 1597551239 0/0/0/99/0 INPUT 4 1 0 v:124
16/08/2020 9:15:38 AM,252 Event OK
16/08/2020 9:15:39 AM,EVENT 55558 1597551283 0/0/0/0/3 INPUT 4 0 44 v:124
16/08/2020 9:15:39 AM,252 Event OK
16/08/2020 9:15:40 AM,EVENT 55559 1597551283 0/0/0/0/3 INPUT 4 1 0 v:124
16/08/2020 9:15:40 AM,252 Event OK
16/08/2020 9:15:40 AM,EVENT 55560 1597551288 0/0/0/0/2 INPUT 4 0 5 v:124
16/08/2020 9:15:40 AM,252 Event OK
16/08/2020 9:15:41 AM,EVENT 55561 1597551289 0/0/0/0/2 INPUT 4 1 0 v:124
16/08/2020 9:15:41 AM,252 Event OK
16/08/2020 9:15:42 AM,EVENT 55562 1597551312 0/0/0/0/4 INPUT 4 0 24 v:124
16/08/2020 9:15:42 AM,252 Event OK
16/08/2020 9:15:42 AM,EVENT 55563 1597551313 0/0/0/0/2 INPUT 4 1 0 v:124
16/08/2020 9:15:42 AM,252 Event OK
16/08/2020 9:15:43 AM,EVENT 55564 1597551322 0/0/0/0/8 INPUT 3 1 0 v:124
16/08/2020 9:15:43 AM,252 Event OK
16/08/2020 9:15:45 AM,EVENT 55565 1597551323 0/0/0/0/9 INPUT 3 0 1 v:124
16/08/2020 9:15:45 AM,252 Event OK
16/08/2020 9:15:46 AM,EVENT 55566 1597551341 0/0/0/0/8 INPUT 3 1 0 v:124
16/08/2020 9:15:46 AM,252 Event OK
16/08/2020 9:15:48 AM,EVENT 55567 1597551341 0/0/0/0/8 INPUT 3 0 1 v:124
16/08/2020 9:15:48 AM,252 Event OK
16/08/2020 9:15:49 AM,EVENT 55568 1597551350 0/0/0/0/5 INPUT 3 1 0 v:124
16/08/2020 9:15:49 AM,252 Event OK
16/08/2020 9:15:50 AM,EVENT 55569 1597551354 0/0/0/0/12 INPUT 3 0 3 v:124
16/08/2020 9:15:50 AM,252 Event OK
16/08/2020 9:15:51 AM,EVENT 55570 1597551357 0/0/0/0/2 INPUT 3 1 0 v:124
16/08/2020 9:15:51 AM,252 Event OK
16/08/2020 9:15:53 AM,EVENT 55571 1597551359 0/0/0/0/11 INPUT 3 0 2 v:124
16/08/2020 9:15:53 AM,252 Event OK
16/08/2020 9:15:54 AM,EVENT 55572 1597551364 0/0/0/0/3 INPUT 3 1 0 v:124
16/08/2020 9:15:54 AM,252 Event OK
16/08/2020 9:15:55 AM,EVENT 55573 1597551391 0/0/0/0/16 INPUT 3 0 28 v:124
16/08/2020 9:15:55 AM,252 Event OK
16/08/2020 9:15:57 AM,EVENT 55574 1597551394 0/0/0/0/5 INPUT 3 1 0 v:124
16/08/2020 9:15:57 AM,252 Event OK
16/08/2020 9:15:58 AM,EVENT 55575 1597551396 0/0/0/0/9 INPUT 3 0 1 v:124
16/08/2020 9:15:58 AM,252 Event OK
16/08/2020 9:15:59 AM,EVENT 55576 1597551397 0/0/0/0/8 INPUT 3 1 0 v:124
16/08/2020 9:15:59 AM,252 Event OK
16/08/2020 9:16:00 AM,EVENT 55577 1597551398 0/0/0/0/9 INPUT 3 0 1 v:124
16/08/2020 9:16:00 AM,252 Event OK
16/08/2020 9:16:02 AM,EVENT 55578 1597551400 0/0/0/0/5 INPUT 3 1 0 v:124
16/08/2020 9:16:02 AM,252 Event OK
16/08/2020 9:16:03 AM,EVENT 55579 1597551406 0/0/0/0/13 INPUT 3 0 6 v:124
16/08/2020 9:16:03 AM,252 Event OK
16/08/2020 9:16:04 AM,EVENT 55580 1597551409 0/0/0/0/5 INPUT 7 1 0 v:124
16/08/2020 9:16:04 AM,252 Event OK
16/08/2020 9:16:05 AM,EVENT 55581 1597551409 0/0/0/0/5 INPUT 8 0 190 v:124
16/08/2020 9:16:05 AM,252 Event OK
16/08/2020 9:16:07 AM,EVENT 55582 1597551410 0/0/0/0/5 INPUT 1 1 0 v:124
16/08/2020 9:16:07 AM,252 Event OK
16/08/2020 9:16:09 AM,EVENT 55583 1597551411 0/0/0/0/1 INPUT 4 0 99 v:124
16/08/2020 9:16:09 AM,252 Event OK
16/08/2020 9:16:10 AM,EVENT 55584 1597551414 0/0/0/0/0 TRIP 55551 43 135 8 5 186 v:124
16/08/2020 9:16:10 AM,252 Event OK
16/08/2020 9:16:11 AM,EVENT 55585 1597551465 0/0/0/0/0 REPORT * 0 0 v:124
16/08/2020 9:16:11 AM,252 Event OK
16/08/2020 9:16:13 AM,EVENT 55586 1597553740 0/0/0/0/0 SWSTART OpusFC 5.0.58.518 R v:124
16/08/2020 9:16:13 AM,252 Event OK
16/08/2020 9:16:14 AM,EVENT 55587 1597551414 0/0/0/0/0 POWERDOWN v:124
16/08/2020 9:16:14 AM,252 Event OK
16/08/2020 9:16:15 AM,EVENT 55588 1597553740 0/0/0/0/0 INPUT 1 1 0 v:124
16/08/2020 9:16:15 AM,252 Event OK
16/08/2020 9:16:16 AM,EVENT 55589 1597553740 0/0/0/0/0 INPUT 2 0 0 v:124
16/08/2020 9:16:16 AM,252 Event OK
16/08/2020 9:16:17 AM,EVENT 55590 1597553740 0/0/0/0/0 INPUT 3 0 0 v:124
16/08/2020 9:16:17 AM,252 Event OK
16/08/2020 9:16:18 AM,EVENT 55591 1597553740 0/0/0/0/0 INPUT 4 0 0 v:124
16/08/2020 9:16:18 AM,252 Event OK
16/08/2020 9:16:19 AM,EVENT 55592 1597553740 0/0/0/0/0 INPUT 7 0 0 v:124
16/08/2020 9:16:19 AM,252 Event OK
16/08/2020 9:16:20 AM,EVENT 55593 1597553740 0/0/0/0/0 INPUT 8 1 0 v:124
16/08/2020 9:16:20 AM,252 Event OK
16/08/2020 9:16:22 AM,EVENT 55594 1597553742 0/0/0/0/0 ZONE_OK 2 100 FW=NO VERSION v:124
16/08/2020 9:16:22 AM,252 Event OK
16/08/2020 9:16:23 AM,EVENT 55595 1597553749 0/0/0/0/0 SIGNON 2463 01b1def3 OK 26 271086 0 v:124
16/08/2020 9:16:23 AM,252 Event OK
16/08/2020 9:16:24 AM,EVENT 55596 1597553755 0/0/0/99/0 INPUT 1 0 15 v:124
16/08/2020 9:16:24 AM,252 Event OK
16/08/2020 9:16:25 AM,EVENT 55597 1597553756 0/0/0/99/0 INPUT 4 1 0 v:124
16/08/2020 9:16:25 AM,252 Event OK
16/08/2020 9:16:26 AM,EVENT 55598 1597553765 0/0/0/0/5 INPUT 3 1 0 v:124
16/08/2020 9:16:26 AM,252 Event OK
16/08/2020 9:16:27 AM,EVENT 55599 1597553816 0/0/0/0/12 INPUT 3 0 51 v:124
16/08/2020 9:16:27 AM,252 Event OK
16/08/2020 9:16:27 AM,EVENT 55600 1597553818 0/0/0/0/6 INPUT 7 1 0 v:124
16/08/2020 9:16:27 AM,252 Event OK
16/08/2020 9:16:28 AM,EVENT 55601 1597553818 0/0/0/0/6 INPUT 8 0 77 v:124
16/08/2020 9:16:28 AM,252 Event OK
16/08/2020 9:16:29 AM,EVENT 55602 1597553819 0/0/0/0/4 INPUT 1 1 0 v:124
16/08/2020 9:16:29 AM,252 Event OK
16/08/2020 9:16:30 AM,EVENT 55603 1597553820 0/0/0/0/0 INPUT 4 0 65 v:124
16/08/2020 9:16:30 AM,252 Event OK
16/08/2020 9:16:31 AM,EVENT 55604 1597553822 0/0/0/0/0 TRIP 55595 51 14 9 7 74 v:124
16/08/2020 9:16:31 AM,252 Event OK
16/08/2020 9:16:32 AM,EVENT 55605 1597553864 0/0/0/0/0 REPORT * 0 0 v:124
16/08/2020 9:16:32 AM,252 Event OK
16/08/2020 9:16:32 AM,EVENT 55606 1597562720 0/0/0/0/0 SWSTART OpusFC 5.0.58.518 R v:124
16/08/2020 9:16:32 AM,252 Event OK
16/08/2020 9:16:34 AM,EVENT 55607 1597553822 0/0/0/0/0 POWERDOWN v:124
16/08/2020 9:16:34 AM,252 Event OK
16/08/2020 9:16:34 AM,EVENT 55608 1597562720 0/0/0/0/0 INPUT 1 1 0 v:124
16/08/2020 9:16:34 AM,252 Event OK
16/08/2020 9:16:35 AM,EVENT 55609 1597562720 0/0/0/0/0 INPUT 2 0 0 v:124
16/08/2020 9:16:35 AM,252 Event OK
16/08/2020 9:16:36 AM,EVENT 55610 1597562720 0/0/0/0/0 INPUT 3 0 0 v:124
16/08/2020 9:16:36 AM,252 Event OK
16/08/2020 9:16:36 AM,EVENT 55611 1597562720 0/0/0/0/0 INPUT 4 0 0 v:124
16/08/2020 9:16:36 AM,252 Event OK
16/08/2020 9:16:37 AM,EVENT 55612 1597562720 0/0/0/0/0 INPUT 7 0 0 v:124
16/08/2020 9:16:37 AM,252 Event OK
16/08/2020 9:16:38 AM,EVENT 55613 1597562720 0/0/0/0/0 INPUT 8 1 0 v:124
16/08/2020 9:16:38 AM,252 Event OK
16/08/2020 9:16:39 AM,EVENT 55614 1597562722 0/0/0/0/0 ZONE_OK 2 100 FW=NO VERSION v:124
16/08/2020 9:16:39 AM,252 Event OK
16/08/2020 9:16:39 AM,EVENT 55615 1597562729 0/0/0/0/0 SIGNON 2463 01b1def3 OK 26 271086 0 v:124
16/08/2020 9:16:39 AM,252 Event OK
16/08/2020 9:16:40 AM,EVENT 55616 1597562736 0/0/0/99/0 INPUT 1 0 16 v:124
16/08/2020 9:16:40 AM,252 Event OK
16/08/2020 9:16:41 AM,EVENT 55617 1597562736 0/0/0/99/0 INPUT 4 1 0 v:124
16/08/2020 9:16:41 AM,252 Event OK
16/08/2020 9:16:42 AM,EVENT 55618 1597562760 0/0/0/0/5 INPUT 4 0 24 v:124
16/08/2020 9:16:42 AM,252 Event OK
16/08/2020 9:16:42 AM,EVENT 55619 1597562760 0/0/0/0/5 INPUT 4 1 0 v:124
16/08/2020 9:16:42 AM,252 Event OK
16/08/2020 9:16:43 AM,EVENT 55620 1597562783 0/0/0/0/0 INPUT 4 0 23 v:124
16/08/2020 9:16:43 AM,252 Event OK
16/08/2020 9:16:44 AM,EVENT 55621 1597562783 0/0/0/0/0 INPUT 4 1 0 v:124
16/08/2020 9:16:44 AM,252 Event OK
16/08/2020 9:16:45 AM,EVENT 55622 1597562787 0/0/0/0/1 INPUT 4 0 4 v:124
16/08/2020 9:16:45 AM,252 Event OK
16/08/2020 9:16:45 AM,EVENT 55623 1597562787 0/0/0/0/1 INPUT 4 1 0 v:124
16/08/2020 9:16:45 AM,252 Event OK
16/08/2020 9:16:46 AM,EVENT 55624 1597562796 0/0/0/0/7 INPUT 3 1 0 v:124
16/08/2020 9:16:46 AM,252 Event OK
16/08/2020 9:16:47 AM,EVENT 55625 1597562798 0/0/0/0/9 INPUT 3 0 2 v:124
16/08/2020 9:16:47 AM,252 Event OK
16/08/2020 9:16:47 AM,EVENT 55626 1597562812 0/0/0/0/4 INPUT 4 0 25 v:124
16/08/2020 9:16:47 AM,252 Event OK
16/08/2020 9:16:48 AM,EVENT 55627 1597562812 0/0/0/0/3 INPUT 4 1 0 v:124
16/08/2020 9:16:48 AM,252 Event OK
16/08/2020 9:16:49 AM,EVENT 55628 1597562832 0/0/0/0/4 INPUT 4 0 20 v:124
16/08/2020 9:16:49 AM,252 Event OK
16/08/2020 9:16:50 AM,EVENT 55629 1597562832 0/0/0/0/4 INPUT 4 1 0 v:124
16/08/2020 9:16:50 AM,252 Event OK
16/08/2020 9:16:50 AM,EVENT 55630 1597562841 0/0/0/0/6 INPUT 3 1 0 v:124
16/08/2020 9:16:50 AM,252 Event OK
16/08/2020 9:16:51 AM,EVENT 55631 1597562850 0/0/0/0/11 INPUT 3 0 8 v:124
16/08/2020 9:16:51 AM,252 Event OK
16/08/2020 9:16:52 AM,EVENT 55632 1597562852 0/0/0/0/5 INPUT 3 1 0 v:124
16/08/2020 9:16:52 AM,252 Event OK
16/08/2020 9:16:53 AM,EVENT 55633 1597562857 0/0/0/0/13 INPUT 3 0 6 v:124
16/08/2020 9:16:53 AM,252 Event OK
16/08/2020 9:16:54 AM,EVENT 55634 1597562868 0/0/0/0/0 INPUT 4 0 36 v:124
16/08/2020 9:16:54 AM,252 Event OK
16/08/2020 9:16:55 AM,EVENT 55635 1597562868 0/0/0/0/0 INPUT 4 1 0 v:124
16/08/2020 9:16:55 AM,252 Event OK
16/08/2020 9:16:56 AM,EVENT 55636 1597562883 0/0/0/0/0 INPUT 4 0 15 v:124
16/08/2020 9:16:56 AM,252 Event OK
16/08/2020 9:16:56 AM,EVENT 55637 1597562883 0/0/0/0/0 INPUT 4 1 0 v:124
16/08/2020 9:16:56 AM,252 Event OK
16/08/2020 9:16:57 AM,EVENT 55638 1597562897 0/0/0/0/0 INPUT 4 0 14 v:124
16/08/2020 9:16:57 AM,252 Event OK
16/08/2020 9:16:58 AM,EVENT 55639 1597562897 0/0/0/0/0 INPUT 4 1 0 v:124
16/08/2020 9:16:58 AM,252 Event OK
16/08/2020 9:16:59 AM,EVENT 55640 1597562903 0/0/0/0/7 INPUT 3 1 0 v:124
16/08/2020 9:16:59 AM,252 Event OK
16/08/2020 9:16:59 AM,EVENT 55641 1597562906 0/0/0/0/11 INPUT 3 0 4 v:124
16/08/2020 9:16:59 AM,252 Event OK
16/08/2020 9:17:00 AM,EVENT 55642 1597562910 0/0/0/0/5 INPUT 3 1 0 v:124
16/08/2020 9:17:00 AM,252 Event OK
16/08/2020 9:17:01 AM,EVENT 55643 1597562933 0/0/0/0/10 INPUT 3 0 23 v:124
16/08/2020 9:17:01 AM,252 Event OK
16/08/2020 9:17:02 AM,EVENT 55644 1597562933 0/0/0/0/10 INPUT 7 1 0 v:124
16/08/2020 9:17:02 AM,252 Event OK
16/08/2020 9:17:02 AM,EVENT 55645 1597562933 0/0/0/0/10 INPUT 8 0 212 v:124
16/08/2020 9:17:02 AM,252 Event OK
16/08/2020 9:17:03 AM,EVENT 55646 1597562933 0/0/0/0/7 INPUT 1 1 0 v:124
16/08/2020 9:17:03 AM,252 Event OK
16/08/2020 9:17:04 AM,EVENT 55647 1597562934 0/0/0/0/5 INPUT 4 0 37 v:124
16/08/2020 9:17:04 AM,252 Event OK
16/08/2020 9:17:05 AM,EVENT 55648 1597562936 0/0/0/0/0 INPUT 4 1 0 v:124
16/08/2020 9:17:05 AM,252 Event OK
16/08/2020 9:17:05 AM,EVENT 55649 1597562937 0/0/0/0/0 TRIP 55615 43 157 8 7 208 v:124
16/08/2020 9:17:05 AM,252 Event OK
16/08/2020 9:17:06 AM,EVENT 55650 1597562938 0/0/0/0/0 INPUT 4 0 2 v:124
16/08/2020 9:17:06 AM,252 Event OK
16/08/2020 9:17:07 AM,EVENT 55651 1597562966 0/0/0/0/0 REPORT * 0 0 v:124
16/08/2020 9:17:07 AM,252 Event OK
16/08/2020 9:17:08 AM,EVENT 55652 1597565208 0/0/0/0/0 SWSTART OpusFC 5.0.58.518 R v:124
16/08/2020 9:17:08 AM,252 Event OK
16/08/2020 9:17:09 AM,EVENT 55653 1597562937 0/0/0/0/0 POWERDOWN v:124
16/08/2020 9:17:09 AM,252 Event OK
16/08/2020 9:17:10 AM,EVENT 55654 1597565208 0/0/0/0/0 INPUT 1 1 0 v:124
16/08/2020 9:17:10 AM,252 Event OK
16/08/2020 9:17:11 AM,EVENT 55655 1597565208 0/0/0/0/0 INPUT 2 0 0 v:124
16/08/2020 9:17:11 AM,252 Event OK
16/08/2020 9:17:12 AM,EVENT 55656 1597565208 0/0/0/0/0 INPUT 3 0 0 v:124
16/08/2020 9:17:12 AM,252 Event OK
16/08/2020 9:17:12 AM,EVENT 55657 1597565208 0/0/0/0/0 INPUT 4 0 0 v:124
16/08/2020 9:17:12 AM,252 Event OK
16/08/2020 9:17:13 AM,EVENT 55658 1597565208 0/0/0/0/0 INPUT 7 0 0 v:124
16/08/2020 9:17:13 AM,252 Event OK
16/08/2020 9:17:14 AM,EVENT 55659 1597565208 0/0/0/0/0 INPUT 8 1 0 v:124
16/08/2020 9:17:14 AM,252 Event OK
16/08/2020 9:17:15 AM,EVENT 55660 1597565210 0/0/0/0/0 ZONE_OK 2 100 FW=NO VERSION v:124
16/08/2020 9:17:15 AM,252 Event OK
16/08/2020 9:17:16 AM,EVENT 55661 1597565218 0/0/0/0/0 SIGNON 2463 01b1def3 OK 26 271086 0 v:124
16/08/2020 9:17:16 AM,252 Event OK
16/08/2020 9:17:17 AM,EVENT 55662 1597565224 0/0/0/99/0 INPUT 7 1 0 v:124
16/08/2020 9:17:17 AM,252 Event OK
16/08/2020 9:17:23 AM,EVENT 55663 1597565224 0/0/0/99/0 INPUT 7 0 0 v:124
16/08/2020 9:17:23 AM,252 Event OK
16/08/2020 9:17:23 AM,EVENT 55664 1597565224 0/0/0/99/0 INPUT 4 1 0 v:124
16/08/2020 9:17:23 AM,252 Event OK
16/08/2020 9:17:24 AM,EVENT 55665 1597565225 0/0/0/99/0 INPUT 1 0 16 v:124
16/08/2020 9:17:24 AM,252 Event OK
16/08/2020 9:17:24 AM,EVENT 55666 1597565244 0/0/0/0/4 INPUT 3 1 0 v:124
16/08/2020 9:17:24 AM,252 Event OK
16/08/2020 9:17:24 AM,EVENT 55667 1597565246 0/0/0/0/9 INPUT 3 0 3 v:124
16/08/2020 9:17:24 AM,252 Event OK
16/08/2020 9:17:25 AM,EVENT 55668 1597565259 0/0/0/0/6 INPUT 3 1 0 v:124
16/08/2020 9:17:25 AM,252 Event OK
16/08/2020 9:17:26 AM,EVENT 55669 1597565261 0/0/0/0/9 INPUT 3 0 2 v:124
16/08/2020 9:17:26 AM,252 Event OK
16/08/2020 9:17:26 AM,EVENT 55670 1597565262 0/0/0/0/8 INPUT 3 1 0 v:124
16/08/2020 9:17:26 AM,252 Event OK
16/08/2020 9:17:27 AM,EVENT 55671 1597565263 0/0/0/0/8 INPUT 3 0 0 v:124
16/08/2020 9:17:27 AM,252 Event OK
16/08/2020 9:17:28 AM,EVENT 55672 1597565267 0/0/0/0/5 INPUT 3 1 0 v:124
16/08/2020 9:17:28 AM,252 Event OK
16/08/2020 9:17:28 AM,EVENT 55673 1597565269 0/0/0/0/9 INPUT 3 0 1 v:124
16/08/2020 9:17:28 AM,252 Event OK
16/08/2020 9:17:28 AM,EVENT 55674 1597565277 0/0/0/0/8 INPUT 3 1 0 v:124
16/08/2020 9:17:28 AM,252 Event OK
16/08/2020 9:17:30 AM,EVENT 55675 1597565283 0/0/0/0/9 INPUT 3 0 5 v:124
16/08/2020 9:17:30 AM,252 Event OK
16/08/2020 9:17:30 AM,EVENT 55676 1597565283 0/0/0/0/8 INPUT 3 1 0 v:124
16/08/2020 9:17:30 AM,252 Event OK
16/08/2020 9:17:31 AM,EVENT 55677 1597565287 0/0/0/0/9 INPUT 3 0 4 v:124
16/08/2020 9:17:31 AM,252 Event OK
16/08/2020 9:17:32 AM,EVENT 55678 1597565289 0/0/0/0/8 INPUT 3 1 0 v:124
16/08/2020 9:17:32 AM,252 Event OK
16/08/2020 9:17:35 AM,EVENT 55679 1597565295 0/0/0/0/9 INPUT 3 0 6 v:124
16/08/2020 9:17:35 AM,252 Event OK
16/08/2020 9:17:36 AM,EVENT 55680 1597565297 0/0/0/0/5 INPUT 3 1 0 v:124
16/08/2020 9:17:36 AM,252 Event OK
16/08/2020 9:17:36 AM,EVENT 55681 1597565299 0/0/0/0/11 INPUT 3 0 3 v:124
16/08/2020 9:17:36 AM,252 Event OK
16/08/2020 9:17:37 AM,EVENT 55682 1597565305 0/0/0/0/2 INPUT 3 1 0 v:124
16/08/2020 9:17:37 AM,252 Event OK
16/08/2020 9:17:38 AM,EVENT 55683 1597565442 0/0/0/0/10 INPUT 3 0 137 v:124
16/08/2020 9:17:38 AM,252 Event OK
16/08/2020 9:17:39 AM,EVENT 55684 1597565464 0/0/0/0/5 INPUT 3 1 0 v:124
16/08/2020 9:17:39 AM,252 Event OK
16/08/2020 9:17:40 AM,EVENT 55685 1597565481 0/0/0/0/14 INPUT 3 0 16 v:124
16/08/2020 9:17:40 AM,252 Event OK
16/08/2020 9:17:56 AM,EVENT 55686 1597565483 0/0/0/0/6 INPUT 3 1 0 v:124
16/08/2020 9:17:56 AM,252 Event OK
16/08/2020 9:17:57 AM,EVENT 55687 1597565490 0/0/0/0/11 INPUT 3 0 7 v:124
16/08/2020 9:17:57 AM,252 Event OK
16/08/2020 9:17:57 AM,EVENT 55688 1597565509 0/0/0/0/3 INPUT 4 0 285 v:124
16/08/2020 9:17:57 AM,252 Event OK
16/08/2020 9:17:57 AM,EVENT 55689 1597565510 0/0/0/0/2 INPUT 4 1 0 v:124
16/08/2020 9:17:57 AM,252 Event OK
16/08/2020 9:17:57 AM,EVENT 55690 1597565516 0/0/0/0/6 INPUT 3 1 0 v:124
16/08/2020 9:17:57 AM,252 Event OK
16/08/2020 9:17:57 AM,EVENT 55691 1597565517 0/0/0/0/9 INPUT 3 0 1 v:124
16/08/2020 9:17:57 AM,252 Event OK
16/08/2020 9:17:58 AM,EVENT 55692 1597565519 0/0/0/0/5 INPUT 3 1 0 v:124
16/08/2020 9:17:58 AM,252 Event OK
16/08/2020 9:17:58 AM,EVENT 55693 1597565527 0/0/0/0/15 INPUT 3 0 8 v:124
16/08/2020 9:17:58 AM,252 Event OK
16/08/2020 9:17:58 AM,EVENT 55694 1597565528 0/0/0/0/9 INPUT 3 1 0 v:124
16/08/2020 9:17:58 AM,252 Event OK
16/08/2020 9:17:59 AM,EVENT 55695 1597565534 0/0/0/0/10 INPUT 3 0 6 v:124
16/08/2020 9:17:59 AM,252 Event OK
16/08/2020 9:17:59 AM,EVENT 55696 1597565536 0/0/0/0/5 INPUT 3 1 0 v:124
16/08/2020 9:17:59 AM,252 Event OK
16/08/2020 9:18:08 AM,EVENT 55697 1597565536 0/0/0/0/5 INPUT 7 1 0 v:124
16/08/2020 9:18:08 AM,252 Event OK
16/08/2020 9:18:08 AM,EVENT 55698 1597565536 0/0/0/0/5 INPUT 8 0 328 v:124
16/08/2020 9:18:08 AM,252 Event OK
16/08/2020 9:18:09 AM,EVENT 55699 1597565537 0/0/0/0/14 INPUT 1 1 0 v:124
16/08/2020 9:18:09 AM,252 Event OK
16/08/2020 9:18:10 AM,EVENT 55700 1597565538 0/0/0/0/28 INPUT 3 0 2 v:124
16/08/2020 9:18:10 AM,252 Event OK
16/08/2020 9:18:11 AM,EVENT 55701 1597565538 0/0/0/0/28 INPUT 4 0 29 v:124
16/08/2020 9:18:11 AM,252 Event OK
16/08/2020 9:18:12 AM,EVENT 55702 1597565541 0/0/0/0/0 TRIP 55661 202 112 10 7 324 v:124
16/08/2020 9:18:12 AM,252 Event OK
16/08/2020 9:18:12 AM,EVENT 55703 1597565576 0/0/0/99/0 REPORT * 0 0 v:124
16/08/2020 9:18:12 AM,252 Event OK
16/08/2020 9:18:13 AM,EVENT 55704 1597567294 0/0/0/99/0 INPUT 8 1 0 v:124
16/08/2020 9:18:13 AM,252 Event OK
16/08/2020 9:18:14 AM,EVENT 55705 1597567294 0/0/0/99/0 INPUT 7 0 1758 v:124
16/08/2020 9:18:14 AM,252 Event OK
16/08/2020 9:18:15 AM,EVENT 55706 1597567302 0/0/0/99/0 SIGNON 2463 01b1def3 OK 26 271086 0 v:124
16/08/2020 9:18:15 AM,252 Event OK
16/08/2020 9:18:16 AM,EVENT 55707 1597567308 0/0/0/0/0 INPUT 4 1 0 v:124
16/08/2020 9:18:16 AM,252 Event OK
16/08/2020 9:18:17 AM,EVENT 55708 1597567308 0/0/0/0/0 INPUT 1 0 1772 v:124
16/08/2020 9:18:17 AM,252 Event OK
16/08/2020 9:18:17 AM,EVENT 55709 1597567310 0/0/0/0/0 INPUT 4 0 3 v:124
16/08/2020 9:18:17 AM,252 Event OK
16/08/2020 9:18:18 AM,EVENT 55710 1597567311 0/0/0/0/0 INPUT 4 1 0 v:124
16/08/2020 9:18:18 AM,252 Event OK
16/08/2020 9:18:19 AM,EVENT 55711 1597567313 0/0/0/0/2 INPUT 3 1 0 v:124
16/08/2020 9:18:19 AM,252 Event OK
16/08/2020 9:18:20 AM,EVENT 55712 1597567315 0/0/0/0/10 INPUT 3 0 2 v:124
16/08/2020 9:18:20 AM,252 Event OK
16/08/2020 9:18:20 AM,EVENT 55713 1597567316 0/0/0/0/8 INPUT 3 1 0 v:124
16/08/2020 9:18:20 AM,252 Event OK
16/08/2020 9:18:21 AM,EVENT 55714 1597567317 0/0/0/0/8 INPUT 3 0 1 v:124
16/08/2020 9:18:21 AM,252 Event OK
16/08/2020 9:18:22 AM,EVENT 55715 1597567322 0/0/0/0/4 INPUT 3 1 0 v:124
16/08/2020 9:18:22 AM,252 Event OK
16/08/2020 9:18:23 AM,EVENT 55716 1597567326 0/0/0/0/12 INPUT 3 0 5 v:124
16/08/2020 9:18:23 AM,252 Event OK
16/08/2020 9:18:23 AM,EVENT 55717 1597567329 0/0/0/0/2 INPUT 4 0 19 v:124
16/08/2020 9:18:23 AM,252 Event OK
16/08/2020 9:18:24 AM,EVENT 55718 1597567329 0/0/0/0/2 INPUT 4 1 0 v:124
16/08/2020 9:18:24 AM,252 Event OK
16/08/2020 9:18:25 AM,EVENT 55719 1597567349 0/0/0/0/3 INPUT 4 0 20 v:124
16/08/2020 9:18:25 AM,252 Event OK
16/08/2020 9:18:26 AM,EVENT 55720 1597567350 0/0/0/0/3 INPUT 4 1 0 v:124
16/08/2020 9:18:26 AM,252 Event OK
16/08/2020 9:18:27 AM,EVENT 55721 1597567406 0/0/0/0/0 REPORT 55706 0 0 v:124
16/08/2020 9:18:27 AM,252 Event OK
16/08/2020 9:18:27 AM,EVENT 55722 1597567477 0/0/0/0/0 INPUT 4 0 128 v:124
16/08/2020 9:18:27 AM,252 Event OK
16/08/2020 9:18:28 AM,EVENT 55723 1597567477 0/0/0/0/0 INPUT 4 1 0 v:124
16/08/2020 9:18:28 AM,252 Event OK
16/08/2020 9:18:29 AM,EVENT 55724 1597567632 0/0/0/99/4 INPUT 3 1 0 v:124
16/08/2020 9:18:29 AM,252 Event OK
16/08/2020 9:18:30 AM,EVENT 55725 1597567637 0/0/0/99/9 INPUT 3 0 6 v:124
16/08/2020 9:18:30 AM,252 Event OK
16/08/2020 9:18:31 AM,EVENT 55726 1597567644 0/0/0/99/1 INPUT 1 1 0 v:124
16/08/2020 9:18:31 AM,252 Event OK
16/08/2020 9:18:32 AM,EVENT 55727 1597567645 0/0/0/99/0 INPUT 4 0 168 v:124
16/08/2020 9:18:32 AM,252 Event OK
16/08/2020 9:18:33 AM,EVENT 55728 1597567706 0/0/0/0/0 INPUT 1 0 61 v:124
16/08/2020 9:18:33 AM,252 Event OK
16/08/2020 9:18:34 AM,EVENT 55729 1597567706 0/0/0/0/0 INPUT 4 1 0 v:124
16/08/2020 9:18:34 AM,252 Event OK
16/08/2020 9:18:35 AM,EVENT 55730 1597567735 0/0/0/0/6 INPUT 3 1 0 v:124
16/08/2020 9:18:35 AM,252 Event OK
16/08/2020 9:18:35 AM,EVENT 55731 1597568014 0/0/0/0/10 INPUT 3 0 280 v:124
16/08/2020 9:18:35 AM,252 Event OK
16/08/2020 9:18:36 AM,EVENT 55732 1597568044 0/0/0/0/4 INPUT 3 1 0 v:124
16/08/2020 9:18:36 AM,252 Event OK
16/08/2020 9:18:37 AM,EVENT 55733 1597568091 0/0/0/0/12 INPUT 3 0 47 v:124
16/08/2020 9:18:37 AM,252 Event OK
16/08/2020 9:18:38 AM,EVENT 55734 1597568095 0/0/0/0/2 INPUT 3 1 0 v:124
16/08/2020 9:18:38 AM,252 Event OK
16/08/2020 9:18:38 AM,EVENT 55735 1597568279 0/0/0/0/10 INPUT 3 0 184 v:124
16/08/2020 9:18:38 AM,252 Event OK
16/08/2020 9:18:39 AM,EVENT 55736 1597568302 0/0/0/0/0 INPUT 4 0 597 v:124
16/08/2020 9:18:39 AM,252 Event OK
16/08/2020 9:18:40 AM,EVENT 55737 1597568302 0/0/0/0/0 INPUT 4 1 0 v:124
16/08/2020 9:18:40 AM,252 Event OK
16/08/2020 9:18:41 AM,EVENT 55738 1597568319 0/0/0/99/4 INPUT 3 1 0 v:124
16/08/2020 9:18:41 AM,252 Event OK
16/08/2020 9:18:42 AM,EVENT 55739 1597568698 -310121721/1219228759/5515/0/9 INPUT 3 0 379 v:124
16/08/2020 9:18:42 AM,252 Event OK
16/08/2020 9:18:42 AM,EVENT 55740 1597568700 -310121670/1219228777/4419/0/0 INPUT 3 1 0 v:124
16/08/2020 9:18:42 AM,252 Event OK
16/08/2020 9:18:43 AM,EVENT 55741 1597568700 -310121655/1219228777/4192/0/0 INPUT 7 1 0 v:124
16/08/2020 9:18:43 AM,252 Event OK
16/08/2020 9:18:44 AM,EVENT 55742 1597568700 -310121655/1219228777/4192/0/0 INPUT 8 0 1407 v:124
16/08/2020 9:18:44 AM,252 Event OK
16/08/2020 9:18:45 AM,EVENT 55743 1597568701 -310121655/1219228777/4192/0/5 INPUT 1 1 0 v:124
16/08/2020 9:18:45 AM,252 Event OK
16/08/2020 9:18:46 AM,EVENT 55744 1597568701 -310121631/1219228773/3836/0/14 INPUT 3 0 2 v:124
16/08/2020 9:18:46 AM,252 Event OK
16/08/2020 9:18:47 AM,EVENT 55745 1597568701 -310121631/1219228773/3836/0/14 INPUT 4 0 399 v:124
16/08/2020 9:18:47 AM,252 Event OK
16/08/2020 9:18:47 AM,EVENT 55746 1597568704 -310121608/1219228742/3201/0/0 TRIP 55706 906 428 69 60 1403 v:124
16/08/2020 9:18:47 AM,252 Event OK
16/08/2020 9:18:48 AM,EVENT 55747 1597568791 -310121825/1219228650/1058/0/0 INPUT 8 1 0 v:124
16/08/2020 9:18:48 AM,252 Event OK
16/08/2020 9:18:49 AM,EVENT 55748 1597568791 -310121825/1219228650/1058/0/0 INPUT 7 0 92 v:124
16/08/2020 9:18:49 AM,252 Event OK
16/08/2020 9:18:50 AM,EVENT 55749 1597568800 -310121845/1219228688/1044/1/0 SIGNON 2463 01b1def3 OK 26 271086 0 v:124
16/08/2020 9:18:50 AM,252 Event OK
16/08/2020 9:18:51 AM,EVENT 55750 1597568807 -310121846/1219228740/1030/1/0 INPUT 4 1 0 v:124
16/08/2020 9:18:51 AM,252 Event OK
16/08/2020 9:18:52 AM,EVENT 55751 1597568807 -310121846/1219228745/1030/1/0 INPUT 1 0 106 v:124
16/08/2020 9:18:52 AM,252 Event OK
16/08/2020 9:18:52 AM,EVENT 55752 1597568811 -310121747/1219229005/1021/1/5 INPUT 3 1 0 v:124
16/08/2020 9:18:52 AM,252 Event OK
16/08/2020 9:18:53 AM,EVENT 55753 1597568859 -310128601/1219229574/1019/1/10 INPUT 3 0 49 v:124
16/08/2020 9:18:53 AM,252 Event OK
16/08/2020 9:18:54 AM,EVENT 55754 1597568862 -310128310/1219229194/1047/0/5 INPUT 7 1 0 v:124
16/08/2020 9:18:54 AM,252 Event OK
16/08/2020 9:18:55 AM,EVENT 55755 1597568862 -310128310/1219229194/1047/0/5 INPUT 8 0 71 v:124
16/08/2020 9:18:55 AM,252 Event OK
16/08/2020 9:18:55 AM,EVENT 55756 1597568863 -310128293/1219229185/1050/0/4 INPUT 1 1 0 v:124
16/08/2020 9:18:55 AM,252 Event OK
16/08/2020 9:18:56 AM,EVENT 55757 1597568864 -310128297/1219229184/1052/0/3 INPUT 4 0 58 v:124
16/08/2020 9:18:56 AM,252 Event OK
16/08/2020 9:18:57 AM,EVENT 55758 1597568867 -310128314/1219229198/1052/0/0 TRIP 55749 49 9 9 6 67 v:124
16/08/2020 9:18:57 AM,252 Event OK
16/08/2020 9:18:58 AM,EVENT 55759 1597568984 -310128336/1219229396/1183/3/0 INPUT 8 1 0 v:124
16/08/2020 9:18:58 AM,252 Event OK
16/08/2020 9:18:59 AM,EVENT 55760 1597568985 -310128334/1219229394/1184/3/0 INPUT 7 0 122 v:124
16/08/2020 9:18:59 AM,252 Event OK
16/08/2020 9:19:02 AM,EVENT 55761 1597568993 -310128306/1219229393/1211/3/0 SIGNON 2463 01b1def3 OK 26 271086 0 v:124
16/08/2020 9:19:02 AM,252 Event OK
16/08/2020 9:19:03 AM,EVENT 55762 1597568999 -310128270/1219229352/1203/3/0 INPUT 1 0 135 v:124
16/08/2020 9:19:03 AM,252 Event OK
16/08/2020 9:19:03 AM,EVENT 55763 1597568999 -310128266/1219229347/1203/3/0 INPUT 4 1 0 v:124
16/08/2020 9:19:03 AM,252 Event OK
16/08/2020 9:19:04 AM,EVENT 55764 1597569013 -310128563/1219229489/1077/3/7 INPUT 3 1 0 v:124
16/08/2020 9:19:04 AM,252 Event OK
16/08/2020 9:19:04 AM,EVENT 55765 1597569075 -310121892/1219228371/1011/6/10 INPUT 3 0 62 v:124
16/08/2020 9:19:04 AM,252 Event OK
16/08/2020 9:19:04 AM,EVENT 55766 1597569076 -310121797/1219228516/1005/6/9 INPUT 3 1 0 v:124
16/08/2020 9:19:04 AM,252 Event OK
16/08/2020 9:19:04 AM,EVENT 55767 1597569076 -310121797/1219228516/1005/6/9 INPUT 7 1 0 v:124
16/08/2020 9:19:04 AM,252 Event OK
16/08/2020 9:19:05 AM,EVENT 55768 1597569076 -310121797/1219228516/1005/6/9 INPUT 8 0 91 v:124
16/08/2020 9:19:05 AM,252 Event OK
16/08/2020 9:19:05 AM,EVENT 55769 1597569077 -310121775/1219228549/1004/6/20 INPUT 1 1 0 v:124
16/08/2020 9:19:05 AM,252 Event OK
16/08/2020 9:19:06 AM,EVENT 55770 1597569077 -310121768/1219228555/998/6/35 INPUT 3 0 2 v:124
16/08/2020 9:19:06 AM,252 Event OK
16/08/2020 9:19:07 AM,EVENT 55771 1597569077 -310121768/1219228555/998/6/35 INPUT 4 0 78 v:124
16/08/2020 9:19:07 AM,252 Event OK
16/08/2020 9:19:07 AM,EVENT 55772 1597569080 -310121748/1219228568/981/1/0 TRIP 55761 64 14 10 7 88 v:123
16/08/2020 9:19:07 AM,252 Event OK
16/08/2020 9:19:07 AM,EVENT 55773 1597569446 -310121684/1219228465/865/3/0 INPUT 8 1 0 v:123
16/08/2020 9:19:07 AM,252 Event OK
16/08/2020 9:19:10 AM,EVENT 55774 1597569446 -310121684/1219228466/866/3/0 INPUT 7 0 370 v:123
16/08/2020 9:19:10 AM,252 Event OK
16/08/2020 9:19:12 AM,EVENT 55775 1597569453 -310121696/1219228462/869/2/0 SIGNON 2463 01b1def3 OK 26 271086 0 v:124
16/08/2020 9:19:12 AM,252 Event OK
16/08/2020 9:19:17 AM,EVENT 55776 1597569459 -310121706/1219228453/867/2/0 INPUT 1 0 383 v:124
16/08/2020 9:19:17 AM,252 Event OK
16/08/2020 9:19:17 AM,EVENT 55777 1597569460 -310121706/1219228453/867/2/0 INPUT 4 1 0 v:124
16/08/2020 9:19:17 AM,252 Event OK
16/08/2020 9:19:18 AM,EVENT 55778 1597569463 -310121464/1219228831/867/2/6 INPUT 3 1 0 v:124
16/08/2020 9:19:18 AM,252 Event OK
16/08/2020 9:19:19 AM,EVENT 55779 1597569484 -310119914/1219237533/906/2/24 REPORT 55775 23 151 v:124
16/08/2020 9:19:19 AM,252 Event OK
16/08/2020 9:19:20 AM,EVENT 55780 1597569546 -310145334/1219232047/1000/6/10 INPUT 3 0 83 v:124
16/08/2020 9:19:20 AM,252 Event OK
16/08/2020 9:19:20 AM,QUIT
16/08/2020 9:19:20 AM,221 Session ended - goodbye
16/08/2020 9:19:42 AM,UNIT 9279
16/08/2020 9:19:42 AM,333 CHAL 309DA838
16/08/2020 9:19:43 AM,RESP 0AF901F0
16/08/2020 9:19:43 AM,230 Auth OK
16/08/2020 9:19:44 AM,TIME
16/08/2020 9:19:44 AM,211 TIME 1597569584
16/08/2020 9:19:45 AM,EVCOUNT 2
16/08/2020 9:19:45 AM,252 Event OK
16/08/2020 9:19:46 AM,TODO
16/08/2020 9:19:46 AM,226 Nothing to do
16/08/2020 9:19:47 AM,EVENT 55781 1597569577 -310145258/1219232047/1017/7/0 INPUT 4 0 118 v:124
16/08/2020 9:19:47 AM,252 Event OK
16/08/2020 9:19:48 AM,EVENT 55782 1597569577 -310145258/1219232047/1017/7/0 INPUT 4 1 0 v:124
16/08/2020 9:19:48 AM,252 Event OK
16/08/2020 9:19:49 AM,QUIT
16/08/2020 9:19:49 AM,221 Session ended - goodbye
16/08/2020 9:20:03 AM,UNIT 9279
16/08/2020 9:20:03 AM,333 CHAL 4F168BA0
16/08/2020 9:20:03 AM,RESP 591377A7
16/08/2020 9:20:03 AM,230 Auth OK
16/08/2020 9:20:04 AM,TIME
16/08/2020 9:20:04 AM,211 TIME 1597569604
16/08/2020 9:20:05 AM,EVCOUNT 2
16/08/2020 9:20:05 AM,252 Event OK
16/08/2020 9:20:05 AM,TODO
16/08/2020 9:20:05 AM,226 Nothing to do
16/08/2020 9:20:06 AM,EVENT 55783 1597569598 -310145305/1219232137/1008/7/0 INPUT 4 0 21 v:124
16/08/2020 9:20:06 AM,252 Event OK
16/08/2020 9:20:06 AM,EVENT 55784 1597569598 -310145305/1219232137/1008/7/0 INPUT 4 1 0 v:124
16/08/2020 9:20:06 AM,252 Event OK
16/08/2020 9:20:07 AM,QUIT
16/08/2020 9:20:07 AM,221 Session ended - goodbye
16/08/2020 9:20:48 AM,UNIT 9279
16/08/2020 9:20:48 AM,333 CHAL 732E9CCF
16/08/2020 9:20:49 AM,RESP 6F0D31B5
16/08/2020 9:20:49 AM,230 Auth OK
16/08/2020 9:20:50 AM,TIME
16/08/2020 9:20:50 AM,211 TIME 1597569650
16/08/2020 9:20:50 AM,EVCOUNT 3
16/08/2020 9:20:50 AM,252 Event OK
16/08/2020 9:20:51 AM,TODO
16/08/2020 9:20:51 AM,226 Nothing to do
16/08/2020 9:20:52 AM,EVENT 55785 1597569643 -310142963/1219231562/1035/6/4 INPUT 4 0 45 v:124
16/08/2020 9:20:52 AM,252 Event OK
16/08/2020 9:20:53 AM,EVENT 55786 1597569643 -310142963/1219231562/1035/6/4 INPUT 4 1 0 v:124
16/08/2020 9:20:53 AM,252 Event OK
16/08/2020 9:20:54 AM,EVENT 55787 1597569645 -310143115/1219231828/1042/6/6 INPUT 3 1 0 v:124
16/08/2020 9:20:54 AM,252 Event OK
16/08/2020 9:20:55 AM,QUIT
16/08/2020 9:20:55 AM,221 Session ended - goodbye
16/08/2020 9:22:30 AM,UNIT 9279
16/08/2020 9:22:30 AM,333 CHAL 6F752D8B
16/08/2020 9:22:31 AM,RESP DCF66509
16/08/2020 9:22:31 AM,230 Auth OK
16/08/2020 9:22:32 AM,TIME
16/08/2020 9:22:32 AM,211 TIME 1597569752
16/08/2020 9:22:33 AM,EVCOUNT 6
16/08/2020 9:22:33 AM,252 Event OK
16/08/2020 9:22:34 AM,TODO
16/08/2020 9:22:34 AM,226 Nothing to do
16/08/2020 9:22:35 AM,EVENT 55788 1597569744 -310122015/1219228751/945/4/11 INPUT 3 0 100 v:124
16/08/2020 9:22:35 AM,252 Event OK
16/08/2020 9:22:38 AM,EVENT 55789 1597569744 -310122015/1219228751/945/4/11 INPUT 7 1 0 v:124
16/08/2020 9:22:38 AM,252 Event OK
16/08/2020 9:22:40 AM,EVENT 55790 1597569744 -310122015/1219228751/945/4/11 INPUT 8 0 299 v:124
16/08/2020 9:22:40 AM,252 Event OK
16/08/2020 9:22:41 AM,EVENT 55791 1597569745 -310121960/1219228848/946/4/7 INPUT 1 1 0 v:124
16/08/2020 9:22:41 AM,252 Event OK
16/08/2020 9:22:43 AM,EVENT 55792 1597569746 -310121954/1219228849/946/4/6 INPUT 4 0 102 v:124
16/08/2020 9:22:43 AM,252 Event OK
16/08/2020 9:22:44 AM,EVENT 55793 1597569749 -310121945/1219228838/949/4/0 TRIP 55775 183 103 11 7 297 v:124
16/08/2020 9:22:44 AM,252 Event OK
16/08/2020 9:22:46 AM,QUIT
16/08/2020 9:22:46 AM,221 Session ended - goodbye
16/08/2020 9:43:47 AM,UNIT 9279
16/08/2020 9:43:47 AM,333 CHAL 1A6949B1
16/08/2020 9:43:48 AM,RESP FA06CEFF
16/08/2020 9:43:48 AM,230 Auth OK
16/08/2020 9:43:49 AM,TIME
16/08/2020 9:43:49 AM,211 TIME 1597571029
16/08/2020 9:43:50 AM,EVCOUNT 2
16/08/2020 9:43:50 AM,252 Event OK
16/08/2020 9:43:51 AM,TODO
16/08/2020 9:43:51 AM,226 Nothing to do
16/08/2020 9:43:53 AM,EVENT 55794 1597571022 -310121979/1219228900/1059/2/0 INPUT 7 0 1277 v:124
16/08/2020 9:43:53 AM,252 Event OK
16/08/2020 9:43:54 AM,EVENT 55795 1597571022 -310121979/1219228900/1059/2/0 INPUT 8 1 0 v:124
16/08/2020 9:43:54 AM,252 Event OK
16/08/2020 9:43:55 AM,EVENT 55796 1597571030 -310121938/1219228919/1061/2/0 SIGNON 2463 01b1def3 OK_CL 26 271086 0 v:124
16/08/2020 9:43:55 AM,252 Event OK
16/08/2020 9:43:56 AM,QUIT
16/08/2020 9:43:56 AM,221 Session ended - goodbye
16/08/2020 9:44:13 AM,UNIT 9279
16/08/2020 9:44:13 AM,333 CHAL 41F66AAD
16/08/2020 9:44:14 AM,RESP 9EA38F9A
16/08/2020 9:44:14 AM,230 Auth OK
16/08/2020 9:44:15 AM,TIME
16/08/2020 9:44:15 AM,211 TIME 1597571055
16/08/2020 9:44:16 AM,EVCOUNT 4
16/08/2020 9:44:16 AM,252 Event OK
16/08/2020 9:44:17 AM,TODO
16/08/2020 9:44:17 AM,226 Nothing to do
16/08/2020 9:44:18 AM,EVENT 55797 1597571035 -310121931/1219228909/1067/2/0 CHECKLIST 55796 OK 0 6 432 F v:124
16/08/2020 9:44:18 AM,252 Event OK
16/08/2020 9:44:19 AM,EVENT 55798 1597571042 -310121916/1219228911/1073/2/0 INPUT 1 0 1296 v:124
16/08/2020 9:44:19 AM,252 Event OK
16/08/2020 9:44:20 AM,EVENT 55799 1597571042 -310121914/1219228911/1073/2/0 INPUT 4 1 0 v:124
16/08/2020 9:44:20 AM,252 Event OK
16/08/2020 9:44:20 AM,EVENT 55800 1597571046 -310121736/1219229187/1054/2/6 INPUT 3 1 0 v:124
16/08/2020 9:44:20 AM,252 Event OK
16/08/2020 9:44:21 AM,QUIT
16/08/2020 9:44:21 AM,221 Session ended - goodbye
16/08/2020 9:45:37 AM,UNIT 9279
16/08/2020 9:45:37 AM,333 CHAL 66AFCBAF
16/08/2020 9:45:38 AM,RESP 6E51E391
16/08/2020 9:45:38 AM,230 Auth OK
16/08/2020 9:45:40 AM,TIME
16/08/2020 9:45:40 AM,211 TIME 1597571140
16/08/2020 9:45:42 AM,EVCOUNT 6
16/08/2020 9:45:42 AM,252 Event OK
16/08/2020 9:45:43 AM,TODO
16/08/2020 9:45:43 AM,226 Nothing to do
16/08/2020 9:45:51 AM,EVENT 55801 1597571131 -310143337/1219230691/959/1/11 INPUT 3 0 85 v:124
16/08/2020 9:45:51 AM,252 Event OK
16/08/2020 9:45:53 AM,EVENT 55802 1597571134 -310143714/1219230688/951/1/4 INPUT 7 1 0 v:124
16/08/2020 9:45:53 AM,252 Event OK
16/08/2020 9:45:56 AM,EVENT 55803 1597571134 -310143714/1219230688/951/1/4 INPUT 8 0 112 v:124
16/08/2020 9:45:56 AM,252 Event OK
16/08/2020 9:45:58 AM,EVENT 55804 1597571135 -310143721/1219230686/945/1/2 INPUT 1 1 0 v:124
16/08/2020 9:45:58 AM,252 Event OK
16/08/2020 9:46:04 AM,EVENT 55805 1597571136 -310143735/1219230690/934/1/0 INPUT 4 0 94 v:123
16/08/2020 9:46:04 AM,252 Event OK
16/08/2020 9:46:09 AM,EVENT 55806 1597571138 -310143747/1219230701/921/1/0 TRIP 55796 85 9 11 9 105 v:123
16/08/2020 9:46:09 AM,252 Event OK
16/08/2020 9:46:11 AM,QUIT
16/08/2020 9:46:11 AM,221 Session ended - goodbye
16/08/2020 10:15:17 AM,UNIT 9279
16/08/2020 10:15:17 AM,333 CHAL 470DCC08
16/08/2020 10:15:17 AM,RESP 6944B274
16/08/2020 10:15:17 AM,230 Auth OK
16/08/2020 10:15:18 AM,TIME
16/08/2020 10:15:18 AM,211 TIME 1597572918
16/08/2020 10:15:19 AM,EVCOUNT 3
16/08/2020 10:15:19 AM,252 Event OK
16/08/2020 10:15:20 AM,TODO
16/08/2020 10:15:20 AM,226 Nothing to do
16/08/2020 10:15:21 AM,EVENT 55807 1597572911 -310143617/1219230759/877/4/0 INPUT 8 1 0 v:124
16/08/2020 10:15:21 AM,252 Event OK
16/08/2020 10:15:22 AM,EVENT 55808 1597572912 -310143617/1219230757/877/4/0 INPUT 7 0 1778 v:124
16/08/2020 10:15:22 AM,252 Event OK
16/08/2020 10:15:23 AM,EVENT 55809 1597572913 -310143616/1219230755/879/4/0 DEBUG Time(BAD):1597572913->4294967295 v:124
16/08/2020 10:15:23 AM,252 Event OK
16/08/2020 10:15:24 AM,QUIT
16/08/2020 10:15:24 AM,221 Session ended - goodbye
16/08/2020 10:17:36 AM,UNIT 9279
16/08/2020 10:17:36 AM,333 CHAL 1CBB6362
16/08/2020 10:17:37 AM,RESP BFEB7192
16/08/2020 10:17:37 AM,230 Auth OK
16/08/2020 10:17:38 AM,TIME
16/08/2020 10:17:38 AM,211 TIME 1597573058
16/08/2020 10:17:38 AM,EVCOUNT 1
16/08/2020 10:17:38 AM,252 Event OK
16/08/2020 10:17:39 AM,TODO
16/08/2020 10:17:39 AM,226 Nothing to do
16/08/2020 10:17:43 AM,EVENT 55810 1597573051 -310143674/1219230782/989/4/0 SIGNON 2473 01b9f4cc OK 26 230599 0 v:124
16/08/2020 10:17:43 AM,252 Event OK
16/08/2020 10:17:43 AM,EVENT 55811 1597573058 -310143649/1219230802/1013/4/0 INPUT 1 0 1923 v:124
16/08/2020 10:17:43 AM,252 Event OK
16/08/2020 10:17:44 AM,EVENT 55812 1597573058 -310143649/1219230802/1013/4/0 INPUT 4 1 0 v:124
16/08/2020 10:17:44 AM,252 Event OK
16/08/2020 10:17:44 AM,QUIT
16/08/2020 10:17:44 AM,221 Session ended - goodbye
16/08/2020 10:17:53 AM,UNIT 9279
16/08/2020 10:17:53 AM,333 CHAL 5C8ECB04
16/08/2020 10:17:54 AM,RESP 15A29E1E
16/08/2020 10:17:54 AM,230 Auth OK
16/08/2020 10:17:55 AM,TIME
16/08/2020 10:17:55 AM,211 TIME 1597573075
16/08/2020 10:17:55 AM,EVCOUNT 2
16/08/2020 10:17:55 AM,252 Event OK
16/08/2020 10:17:56 AM,TODO
16/08/2020 10:17:56 AM,226 Nothing to do
16/08/2020 10:17:57 AM,EVENT 55813 1597573063 -310143627/1219230785/1040/4/0 INPUT 4 0 6 v:124
16/08/2020 10:17:57 AM,252 Event OK
16/08/2020 10:17:57 AM,EVENT 55814 1597573063 -310143627/1219230785/1040/4/0 INPUT 4 1 0 v:124
16/08/2020 10:17:57 AM,252 Event OK
16/08/2020 10:17:58 AM,QUIT
16/08/2020 10:17:58 AM,221 Session ended - goodbye
16/08/2020 10:18:08 AM,UNIT 9279
16/08/2020 10:18:08 AM,333 CHAL 487A0E36
16/08/2020 10:18:08 AM,RESP 78F98CB6
16/08/2020 10:18:08 AM,230 Auth OK
16/08/2020 10:18:09 AM,TIME
16/08/2020 10:18:09 AM,211 TIME 1597573089
16/08/2020 10:18:09 AM,EVCOUNT 1
16/08/2020 10:18:09 AM,252 Event OK
16/08/2020 10:18:10 AM,TODO
16/08/2020 10:18:10 AM,226 Nothing to do
16/08/2020 10:18:11 AM,EVENT 55815 1597573083 -310142955/1219230580/1089/4/3 REPORT 55810 3 81 v:124
16/08/2020 10:18:11 AM,252 Event OK
16/08/2020 10:18:11 AM,QUIT
16/08/2020 10:18:11 AM,221 Session ended - goodbye
16/08/2020 10:18:21 AM,UNIT 9279
16/08/2020 10:18:21 AM,333 CHAL 73374810
16/08/2020 10:18:21 AM,RESP 6922AEC3
16/08/2020 10:18:21 AM,230 Auth OK
16/08/2020 10:18:22 AM,TIME
16/08/2020 10:18:22 AM,211 TIME 1597573102
16/08/2020 10:18:23 AM,EVCOUNT 2
16/08/2020 10:18:23 AM,252 Event OK
16/08/2020 10:18:23 AM,TODO
16/08/2020 10:18:23 AM,226 Nothing to do
16/08/2020 10:18:24 AM,EVENT 55816 1597573096 -310143005/1219230827/924/4/1 INPUT 4 0 33 v:124
16/08/2020 10:18:24 AM,252 Event OK
16/08/2020 10:18:25 AM,EVENT 55817 1597573096 -310143005/1219230827/924/4/1 INPUT 4 1 0 v:124
16/08/2020 10:18:25 AM,252 Event OK
16/08/2020 10:18:25 AM,EVENT 55818 1597573102 -310143081/1219231252/934/4/5 INPUT 3 1 0 v:124
16/08/2020 10:18:25 AM,252 Event OK
16/08/2020 10:18:26 AM,QUIT
16/08/2020 10:18:26 AM,221 Session ended - goodbye
16/08/2020 10:19:33 AM,UNIT 9279
16/08/2020 10:19:33 AM,333 CHAL 706A7882
16/08/2020 10:19:34 AM,RESP DF8498DC
16/08/2020 10:19:34 AM,230 Auth OK
16/08/2020 10:19:34 AM,TIME
16/08/2020 10:19:34 AM,211 TIME 1597573174
16/08/2020 10:19:35 AM,EVCOUNT 1
16/08/2020 10:19:35 AM,252 Event OK
16/08/2020 10:19:36 AM,TODO
16/08/2020 10:19:36 AM,226 Nothing to do
16/08/2020 10:19:37 AM,EVENT 55819 1597573169 -310121808/1219236233/943/4/10 INPUT 3 0 66 v:124
16/08/2020 10:19:37 AM,252 Event OK
16/08/2020 10:19:38 AM,EVENT 55820 1597573173 -310121521/1219236041/938/4/1 INPUT 7 1 0 v:124
16/08/2020 10:19:38 AM,252 Event OK
16/08/2020 10:19:38 AM,EVENT 55821 1597573173 -310121521/1219236041/938/4/1 INPUT 8 0 262 v:124
16/08/2020 10:19:38 AM,252 Event OK
16/08/2020 10:19:39 AM,EVENT 55822 1597573174 -310121523/1219236040/941/4/0 INPUT 1 1 0 v:124
16/08/2020 10:19:39 AM,252 Event OK
16/08/2020 10:19:40 AM,EVENT 55823 1597573176 -310121528/1219236041/942/4/0 INPUT 4 0 80 v:123
16/08/2020 10:19:40 AM,252 Event OK
16/08/2020 10:19:41 AM,EVENT 55824 1597573178 -310121537/1219236040/938/4/0 TRIP 55810 66 53 9 7 128 v:123
16/08/2020 10:19:41 AM,252 Event OK
16/08/2020 10:19:42 AM,QUIT
16/08/2020 10:19:42 AM,221 Session ended - goodbye
16/08/2020 10:19:53 AM,UNIT 9279
16/08/2020 10:19:53 AM,333 CHAL 361B146F
16/08/2020 10:19:53 AM,RESP 8BD60248
16/08/2020 10:19:53 AM,230 Auth OK
16/08/2020 10:19:54 AM,TIME
16/08/2020 10:19:54 AM,211 TIME 1597573194
16/08/2020 10:19:55 AM,EVCOUNT 4
16/08/2020 10:19:55 AM,252 Event OK
16/08/2020 10:19:56 AM,TODO
16/08/2020 10:19:56 AM,226 Nothing to do
16/08/2020 10:19:57 AM,EVENT 55825 1597573187 -310121580/1219236063/938/4/0 INPUT 8 1 0 v:123
16/08/2020 10:19:57 AM,252 Event OK
16/08/2020 10:19:57 AM,EVENT 55826 1597573187 -310121582/1219236064/939/4/0 INPUT 7 0 13 v:123
16/08/2020 10:19:57 AM,252 Event OK
16/08/2020 10:19:58 AM,EVENT 55827 1597573187 -310121584/1219236065/939/4/0 INPUT 7 1 0 v:124
16/08/2020 10:19:58 AM,252 Event OK
16/08/2020 10:19:59 AM,EVENT 55828 1597573187 -310121584/1219236065/939/4/0 INPUT 8 0 1 v:124
16/08/2020 10:19:59 AM,252 Event OK
16/08/2020 10:20:00 AM,QUIT
16/08/2020 10:20:00 AM,221 Session ended - goodbye
16/08/2020 10:21:43 AM,UNIT 9279
16/08/2020 10:21:43 AM,333 CHAL 4EBBBAC0
16/08/2020 10:21:44 AM,RESP B7D0CCAE
16/08/2020 10:21:44 AM,230 Auth OK
16/08/2020 10:21:44 AM,TIME
16/08/2020 10:21:44 AM,211 TIME 1597573304
16/08/2020 10:21:45 AM,EVCOUNT 2
16/08/2020 10:21:45 AM,252 Event OK
16/08/2020 10:21:45 AM,TODO
16/08/2020 10:21:45 AM,226 Nothing to do
16/08/2020 10:21:46 AM,EVENT 55829 1597573298 -310121586/1219235849/829/3/0 INPUT 8 1 0 v:124
16/08/2020 10:21:46 AM,252 Event OK
16/08/2020 10:21:47 AM,EVENT 55830 1597573298 -310121586/1219235850/830/3/0 INPUT 7 0 111 v:124
16/08/2020 10:21:47 AM,252 Event OK
16/08/2020 10:21:48 AM,QUIT
16/08/2020 10:21:48 AM,221 Session ended - goodbye
16/08/2020 10:21:58 AM,UNIT 9279
16/08/2020 10:21:58 AM,333 CHAL 21ADBE5E
16/08/2020 10:21:59 AM,RESP 11D8A9A2
16/08/2020 10:21:59 AM,230 Auth OK
16/08/2020 10:22:00 AM,TIME
16/08/2020 10:22:00 AM,211 TIME 1597573320
16/08/2020 10:22:00 AM,EVCOUNT 1
16/08/2020 10:22:00 AM,252 Event OK
16/08/2020 10:22:01 AM,TODO
16/08/2020 10:22:01 AM,226 Nothing to do
16/08/2020 10:22:02 AM,EVENT 55831 1597573307 -310121564/1219235865/842/3/0 SIGNON 2473 01b9f4cc OK 26 230599 0 v:124
16/08/2020 10:22:02 AM,252 Event OK
16/08/2020 10:22:03 AM,EVENT 55832 1597573320 -310121540/1219235886/844/3/0 INPUT 4 1 0 v:124
16/08/2020 10:22:03 AM,252 Event OK
16/08/2020 10:22:04 AM,EVENT 55833 1597573320 -310121540/1219235886/844/3/0 INPUT 1 0 145 v:124
16/08/2020 10:22:04 AM,252 Event OK
16/08/2020 10:22:05 AM,QUIT
16/08/2020 10:22:05 AM,221 Session ended - goodbye
16/08/2020 10:22:15 AM,UNIT 9279
16/08/2020 10:22:15 AM,333 CHAL 3CED07CB
16/08/2020 10:22:16 AM,RESP 5D2FC355
16/08/2020 10:22:16 AM,230 Auth OK
16/08/2020 10:22:16 AM,TIME
16/08/2020 10:22:16 AM,211 TIME 1597573336
16/08/2020 10:22:17 AM,EVCOUNT 2
16/08/2020 10:22:17 AM,252 Event OK
16/08/2020 10:22:17 AM,TODO
16/08/2020 10:22:17 AM,226 Nothing to do
16/08/2020 10:22:18 AM,EVENT 55834 1597573326 -310121289/1219235731/846/3/6 INPUT 3 1 0 v:124
16/08/2020 10:22:18 AM,252 Event OK
16/08/2020 10:22:19 AM,EVENT 55835 1597573333 -310119359/1219234302/877/2/12 INPUT 3 0 7 v:124
16/08/2020 10:22:19 AM,252 Event OK
16/08/2020 10:22:20 AM,QUIT
16/08/2020 10:22:20 AM,221 Session ended - goodbye
16/08/2020 10:22:30 AM,UNIT 9279
16/08/2020 10:22:30 AM,333 CHAL 41D6ABF3
16/08/2020 10:23:38 AM,UNIT 9279
16/08/2020 10:23:38 AM,333 CHAL 1239E686
16/08/2020 10:23:38 AM,RESP BDC64C08
16/08/2020 10:23:38 AM,230 Auth OK
16/08/2020 10:23:39 AM,TIME
16/08/2020 10:23:39 AM,211 TIME 1597573419
16/08/2020 10:23:39 AM,EVCOUNT 9
16/08/2020 10:23:39 AM,252 Event OK
16/08/2020 10:23:40 AM,TODO
16/08/2020 10:23:40 AM,226 Nothing to do
16/08/2020 10:23:40 AM,EVENT 55836 1597573338 -310119003/1219233982/896/2/4 INPUT 3 1 0 v:124
16/08/2020 10:23:40 AM,252 Event OK
16/08/2020 10:23:40 AM,EVENT 55837 1597573352 -310121433/1219229190/971/2/11 INPUT 3 0 15 v:124
16/08/2020 10:23:40 AM,252 Event OK
16/08/2020 10:23:41 AM,EVENT 55838 1597573358 -310121758/1219228879/955/0/0 INPUT 7 1 0 v:124
16/08/2020 10:23:41 AM,252 Event OK
16/08/2020 10:23:41 AM,EVENT 55839 1597573358 -310121758/1219228879/955/0/0 INPUT 8 0 60 v:124
16/08/2020 10:23:41 AM,252 Event OK
16/08/2020 10:23:42 AM,EVENT 55840 1597573358 -310121758/1219228882/952/0/0 INPUT 4 0 39 v:123
16/08/2020 10:23:42 AM,252 Event OK
16/08/2020 10:23:42 AM,EVENT 55841 1597573358 -310121758/1219228882/952/0/0 INPUT 4 1 0 v:123
16/08/2020 10:23:42 AM,252 Event OK
16/08/2020 10:23:43 AM,EVENT 55842 1597573359 -310121759/1219228886/949/0/0 INPUT 1 1 0 v:123
16/08/2020 10:23:43 AM,252 Event OK
16/08/2020 10:23:43 AM,EVENT 55843 1597573360 -310121759/1219228894/941/0/0 INPUT 4 0 2 v:123
16/08/2020 10:23:43 AM,252 Event OK
16/08/2020 10:23:44 AM,EVENT 55844 1597573362 -310121756/1219228904/932/0/0 TRIP 55831 22 19 15 13 56 v:123
16/08/2020 10:23:44 AM,252 Event OK
16/08/2020 10:23:44 AM,QUIT
16/08/2020 10:23:44 AM,221 Session ended - goodbye
16/08/2020 8:51:20 PM,UNIT 9279
16/08/2020 8:51:20 PM,333 CHAL 4F323566
16/08/2020 8:51:21 PM,RESP BD9C9A1E
16/08/2020 8:51:21 PM,230 Auth OK
16/08/2020 8:51:21 PM,TIME
16/08/2020 8:51:21 PM,211 TIME 1597611082
16/08/2020 8:51:22 PM,EVCOUNT 132
16/08/2020 8:51:22 PM,252 Event OK
16/08/2020 8:51:23 PM,TODO
16/08/2020 8:51:23 PM,226 Nothing to do
16/08/2020 8:51:23 PM,EVENT 55845 1597574256 -310121881/1219229310/796/0/0 INPUT 8 1 0 v:123
16/08/2020 8:51:23 PM,252 Event OK
16/08/2020 8:51:24 PM,EVENT 55846 1597574256 -310121881/1219229310/796/0/0 INPUT 7 0 898 v:123
16/08/2020 8:51:24 PM,252 Event OK
16/08/2020 8:51:25 PM,EVENT 55847 1597574257 -310121879/1219229317/795/0/0 DEBUG Time(BAD):1597574257->4294967295 v:124
16/08/2020 8:51:25 PM,252 Event OK
16/08/2020 8:51:26 PM,EVENT 55848 1597574264 -310121864/1219229345/787/0/0 SIGNON 2473 01b9f4cc OK 26 230599 0 v:124
16/08/2020 8:51:26 PM,252 Event OK
16/08/2020 8:51:27 PM,EVENT 55849 1597574275 -310121819/1219229317/786/0/0 INPUT 1 0 916 v:124
16/08/2020 8:51:27 PM,252 Event OK
16/08/2020 8:51:28 PM,EVENT 55850 1597574275 -310121817/1219229315/787/0/0 INPUT 4 1 0 v:124
16/08/2020 8:51:28 PM,252 Event OK
16/08/2020 8:51:28 PM,EVENT 55851 1597574291 -310121939/1219228927/816/0/3 INPUT 3 1 0 v:124
16/08/2020 8:51:28 PM,252 Event OK
16/08/2020 8:51:29 PM,EVENT 55852 1597574701 0/0/0/0/14 INPUT 3 0 410 v:124
16/08/2020 8:51:29 PM,252 Event OK
16/08/2020 8:51:30 PM,EVENT 55853 1597574720 0/0/0/0/1 INPUT 4 0 445 v:124
16/08/2020 8:51:30 PM,252 Event OK
16/08/2020 8:51:30 PM,EVENT 55854 1597574721 0/0/0/0/1 INPUT 4 1 0 v:124
16/08/2020 8:51:30 PM,252 Event OK
16/08/2020 8:51:31 PM,EVENT 55855 1597574726 0/0/0/0/0 INPUT 4 0 6 v:124
16/08/2020 8:51:31 PM,252 Event OK
16/08/2020 8:51:32 PM,EVENT 55856 1597574726 0/0/0/0/0 INPUT 4 1 0 v:124
16/08/2020 8:51:32 PM,252 Event OK
16/08/2020 8:51:32 PM,EVENT 55857 1597574730 0/0/0/0/0 INPUT 4 0 4 v:124
16/08/2020 8:51:32 PM,252 Event OK
16/08/2020 8:51:33 PM,EVENT 55858 1597574731 0/0/0/0/0 INPUT 4 1 0 v:124
16/08/2020 8:51:33 PM,252 Event OK
16/08/2020 8:51:34 PM,EVENT 55859 1597574733 0/0/0/0/0 INPUT 4 0 3 v:124
16/08/2020 8:51:34 PM,252 Event OK
16/08/2020 8:51:34 PM,EVENT 55860 1597574734 0/0/0/0/0 INPUT 4 1 0 v:124
16/08/2020 8:51:34 PM,252 Event OK
16/08/2020 8:51:35 PM,EVENT 55861 1597574736 0/0/0/0/0 INPUT 4 0 3 v:124
16/08/2020 8:51:35 PM,252 Event OK
16/08/2020 8:51:36 PM,EVENT 55862 1597574737 0/0/0/0/0 INPUT 4 1 0 v:124
16/08/2020 8:51:36 PM,252 Event OK
16/08/2020 8:51:36 PM,EVENT 55863 1597574754 0/0/0/0/3 INPUT 4 0 18 v:124
16/08/2020 8:51:36 PM,252 Event OK
16/08/2020 8:51:37 PM,EVENT 55864 1597574754 0/0/0/0/3 INPUT 4 1 0 v:124
16/08/2020 8:51:37 PM,252 Event OK
16/08/2020 8:51:38 PM,EVENT 55865 1597574787 0/0/0/0/0 INPUT 4 0 33 v:124
16/08/2020 8:51:38 PM,252 Event OK
16/08/2020 8:51:38 PM,EVENT 55866 1597574788 0/0/0/0/0 INPUT 4 1 0 v:124
16/08/2020 8:51:38 PM,252 Event OK
16/08/2020 8:51:39 PM,EVENT 55867 1597574840 0/0/0/0/6 INPUT 3 1 0 v:124
16/08/2020 8:51:39 PM,252 Event OK
16/08/2020 8:51:39 PM,EVENT 55868 1597574841 0/0/0/0/10 INPUT 3 0 2 v:124
16/08/2020 8:51:39 PM,252 Event OK
16/08/2020 8:51:40 PM,EVENT 55869 1597574849 0/0/0/0/0 INPUT 4 0 62 v:124
16/08/2020 8:51:40 PM,252 Event OK
16/08/2020 8:51:41 PM,EVENT 55870 1597574849 0/0/0/0/0 INPUT 4 1 0 v:124
16/08/2020 8:51:41 PM,252 Event OK
16/08/2020 8:51:41 PM,EVENT 55871 1597574857 0/0/0/0/3 INPUT 4 0 8 v:124
16/08/2020 8:51:41 PM,252 Event OK
16/08/2020 8:51:42 PM,EVENT 55872 1597574857 0/0/0/0/3 INPUT 4 1 0 v:124
16/08/2020 8:51:42 PM,252 Event OK
16/08/2020 8:51:43 PM,EVENT 55873 1597574865 0/0/0/0/5 INPUT 4 0 8 v:124
16/08/2020 8:51:43 PM,252 Event OK
16/08/2020 8:51:43 PM,EVENT 55874 1597574865 0/0/0/0/4 INPUT 4 1 0 v:124
16/08/2020 8:51:43 PM,252 Event OK
16/08/2020 8:51:44 PM,EVENT 55875 1597574871 0/0/0/0/2 INPUT 4 0 6 v:124
16/08/2020 8:51:44 PM,252 Event OK
16/08/2020 8:51:45 PM,EVENT 55876 1597574871 0/0/0/0/2 INPUT 4 1 0 v:124
16/08/2020 8:51:45 PM,252 Event OK
16/08/2020 8:51:45 PM,EVENT 55877 1597574892 0/0/0/0/0 INPUT 7 1 0 v:124
16/08/2020 8:51:45 PM,252 Event OK
16/08/2020 8:51:46 PM,EVENT 55878 1597574892 0/0/0/0/0 INPUT 8 0 637 v:124
16/08/2020 8:51:46 PM,252 Event OK
16/08/2020 8:51:47 PM,EVENT 55879 1597574893 0/0/0/0/0 INPUT 1 1 0 v:124
16/08/2020 8:51:47 PM,252 Event OK
16/08/2020 8:51:47 PM,EVENT 55880 1597574893 0/0/0/0/0 INPUT 4 0 22 v:124
16/08/2020 8:51:47 PM,252 Event OK
16/08/2020 8:51:48 PM,EVENT 55881 1597574897 0/0/0/0/0 TRIP 55848 412 206 15 11 633 v:124
16/08/2020 8:51:48 PM,252 Event OK
16/08/2020 8:51:49 PM,EVENT 55882 1597609639 0/0/0/0/0 SWSTART OpusFC 5.0.58.518 R v:124
16/08/2020 8:51:49 PM,252 Event OK
16/08/2020 8:51:50 PM,EVENT 55883 1597574897 0/0/0/0/0 POWERDOWN v:124
16/08/2020 8:51:50 PM,252 Event OK
16/08/2020 8:51:51 PM,EVENT 55884 1597609639 0/0/0/0/0 INPUT 1 1 0 v:124
16/08/2020 8:51:51 PM,252 Event OK
16/08/2020 8:51:51 PM,EVENT 55885 1597609639 0/0/0/0/0 INPUT 2 0 0 v:124
16/08/2020 8:51:51 PM,252 Event OK
16/08/2020 8:51:51 PM,EVENT 55886 1597609639 0/0/0/0/0 INPUT 3 0 0 v:124
16/08/2020 8:51:51 PM,252 Event OK
16/08/2020 8:51:52 PM,EVENT 55887 1597609639 0/0/0/0/0 INPUT 4 0 0 v:124
16/08/2020 8:51:52 PM,252 Event OK
16/08/2020 8:51:52 PM,EVENT 55888 1597609639 0/0/0/0/0 INPUT 7 0 0 v:124
16/08/2020 8:51:52 PM,252 Event OK
16/08/2020 8:51:52 PM,EVENT 55889 1597609639 0/0/0/0/0 INPUT 8 1 0 v:124
16/08/2020 8:51:52 PM,252 Event OK
16/08/2020 8:51:52 PM,EVENT 55890 1597609641 0/0/0/0/0 ZONE_OK 2 100 FW=NO VERSION v:124
16/08/2020 8:51:52 PM,252 Event OK
16/08/2020 8:51:53 PM,EVENT 55891 1597609667 0/0/0/0/0 SIGNON 2473 01b9f4cc OK 26 230599 0 v:124
16/08/2020 8:51:53 PM,252 Event OK
16/08/2020 8:51:53 PM,EVENT 55892 1597609678 0/0/0/0/0 INPUT 7 1 0 v:124
16/08/2020 8:51:53 PM,252 Event OK
16/08/2020 8:51:53 PM,EVENT 55893 1597609679 0/0/0/0/0 INPUT 4 1 0 v:124
16/08/2020 8:51:53 PM,252 Event OK
16/08/2020 8:51:53 PM,EVENT 55894 1597609679 0/0/0/0/0 INPUT 7 0 1 v:124
16/08/2020 8:51:53 PM,252 Event OK
16/08/2020 8:51:54 PM,EVENT 55895 1597609679 0/0/0/0/0 INPUT 1 0 40 v:124
16/08/2020 8:51:54 PM,252 Event OK
16/08/2020 8:51:54 PM,EVENT 55896 1597609682 0/0/0/0/0 INPUT 4 0 4 v:124
16/08/2020 8:51:54 PM,252 Event OK
16/08/2020 8:51:54 PM,EVENT 55897 1597609683 0/0/0/0/0 INPUT 4 1 0 v:124
16/08/2020 8:51:54 PM,252 Event OK
16/08/2020 8:51:55 PM,EVENT 55898 1597609689 0/0/0/0/0 INPUT 4 0 7 v:124
16/08/2020 8:51:55 PM,252 Event OK
16/08/2020 8:51:55 PM,EVENT 55899 1597609689 0/0/0/0/0 INPUT 4 1 0 v:124
16/08/2020 8:51:55 PM,252 Event OK
16/08/2020 8:51:55 PM,EVENT 55900 1597609693 0/0/0/0/0 INPUT 4 0 4 v:124
16/08/2020 8:51:55 PM,252 Event OK
16/08/2020 8:51:56 PM,EVENT 55901 1597609693 0/0/0/0/0 INPUT 4 1 0 v:124
16/08/2020 8:51:56 PM,252 Event OK
16/08/2020 8:51:56 PM,EVENT 55902 1597609699 0/0/0/0/1 INPUT 4 0 6 v:124
16/08/2020 8:51:56 PM,252 Event OK
16/08/2020 8:51:56 PM,EVENT 55903 1597609699 0/0/0/0/1 INPUT 4 1 0 v:124
16/08/2020 8:51:56 PM,252 Event OK
16/08/2020 8:51:56 PM,EVENT 55904 1597609712 0/0/0/0/7 INPUT 3 1 0 v:124
16/08/2020 8:51:56 PM,252 Event OK
16/08/2020 8:51:57 PM,EVENT 55905 1597609787 0/0/0/0/14 INPUT 3 0 75 v:124
16/08/2020 8:51:57 PM,252 Event OK
16/08/2020 8:51:57 PM,EVENT 55906 1597609788 0/0/0/0/8 INPUT 4 0 89 v:124
16/08/2020 8:51:57 PM,252 Event OK
16/08/2020 8:51:57 PM,EVENT 55907 1597609789 0/0/0/0/6 INPUT 4 1 0 v:124
16/08/2020 8:51:57 PM,252 Event OK
16/08/2020 8:51:57 PM,EVENT 55908 1597609794 0/0/0/0/2 INPUT 4 0 6 v:124
16/08/2020 8:51:57 PM,252 Event OK
16/08/2020 8:51:58 PM,EVENT 55909 1597609794 0/0/0/0/3 INPUT 4 1 0 v:124
16/08/2020 8:51:58 PM,252 Event OK
16/08/2020 8:51:58 PM,EVENT 55910 1597609813 0/0/0/0/5 INPUT 3 1 0 v:124
16/08/2020 8:51:58 PM,252 Event OK
16/08/2020 8:51:58 PM,EVENT 55911 1597609834 0/0/0/0/10 INPUT 3 0 22 v:124
16/08/2020 8:51:58 PM,252 Event OK
16/08/2020 8:51:58 PM,EVENT 55912 1597609852 0/0/0/0/1 INPUT 4 0 58 v:124
16/08/2020 8:51:58 PM,252 Event OK
16/08/2020 8:51:59 PM,EVENT 55913 1597609853 0/0/0/0/1 INPUT 4 1 0 v:124
16/08/2020 8:51:59 PM,252 Event OK
16/08/2020 8:51:59 PM,EVENT 55914 1597609897 0/0/0/0/1 INPUT 4 0 45 v:124
16/08/2020 8:51:59 PM,252 Event OK
16/08/2020 8:51:59 PM,EVENT 55915 1597609897 0/0/0/0/0 INPUT 4 1 0 v:124
16/08/2020 8:51:59 PM,252 Event OK
16/08/2020 8:52:00 PM,EVENT 55916 1597609909 0/0/0/0/2 INPUT 3 1 0 v:124
16/08/2020 8:52:00 PM,252 Event OK
16/08/2020 8:52:00 PM,EVENT 55917 1597609918 0/0/0/0/14 INPUT 3 0 8 v:124
16/08/2020 8:52:00 PM,252 Event OK
16/08/2020 8:52:00 PM,EVENT 55918 1597609919 0/0/0/0/7 INPUT 3 1 0 v:124
16/08/2020 8:52:00 PM,252 Event OK
16/08/2020 8:52:00 PM,EVENT 55919 1597609952 0/0/0/0/9 INPUT 3 0 33 v:124
16/08/2020 8:52:00 PM,252 Event OK
16/08/2020 8:52:01 PM,EVENT 55920 1597609953 0/0/0/0/8 INPUT 3 1 0 v:124
16/08/2020 8:52:01 PM,252 Event OK
16/08/2020 8:52:01 PM,EVENT 55921 1597609957 0/0/0/0/14 INPUT 3 0 5 v:124
16/08/2020 8:52:01 PM,252 Event OK
16/08/2020 8:52:02 PM,EVENT 55922 1597609962 0/0/0/0/0 INPUT 4 0 65 v:124
16/08/2020 8:52:02 PM,252 Event OK
16/08/2020 8:52:02 PM,EVENT 55923 1597609962 0/0/0/0/0 INPUT 4 1 0 v:124
16/08/2020 8:52:02 PM,252 Event OK
16/08/2020 8:52:02 PM,EVENT 55924 1597609971 0/0/0/0/3 INPUT 4 0 9 v:124
16/08/2020 8:52:02 PM,252 Event OK
16/08/2020 8:52:03 PM,EVENT 55925 1597609972 0/0/0/0/3 INPUT 4 1 0 v:124
16/08/2020 8:52:03 PM,252 Event OK
16/08/2020 8:52:03 PM,EVENT 55926 1597609984 0/0/0/0/0 INPUT 4 0 13 v:124
16/08/2020 8:52:03 PM,252 Event OK
16/08/2020 8:52:03 PM,EVENT 55927 1597609984 0/0/0/0/0 INPUT 4 1 0 v:124
16/08/2020 8:52:03 PM,252 Event OK
16/08/2020 8:52:04 PM,EVENT 55928 1597609993 0/0/0/99/0 INPUT 4 0 9 v:124
16/08/2020 8:52:04 PM,252 Event OK
16/08/2020 8:52:04 PM,EVENT 55929 1597609993 0/0/0/99/0 INPUT 4 1 0 v:124
16/08/2020 8:52:04 PM,252 Event OK
16/08/2020 8:52:04 PM,EVENT 55930 1597610002 0/0/0/99/0 INPUT 4 0 9 v:124
16/08/2020 8:52:04 PM,252 Event OK
16/08/2020 8:52:05 PM,EVENT 55931 1597610002 0/0/0/99/0 INPUT 4 1 0 v:124
16/08/2020 8:52:05 PM,252 Event OK
16/08/2020 8:52:05 PM,EVENT 55932 1597610011 0/0/0/99/0 INPUT 4 0 9 v:124
16/08/2020 8:52:05 PM,252 Event OK
16/08/2020 8:52:05 PM,EVENT 55933 1597610011 0/0/0/99/0 INPUT 4 1 0 v:124
16/08/2020 8:52:05 PM,252 Event OK
16/08/2020 8:52:05 PM,EVENT 55934 1597610020 0/0/0/0/0 INPUT 4 0 9 v:124
16/08/2020 8:52:05 PM,252 Event OK
16/08/2020 8:52:06 PM,EVENT 55935 1597610020 0/0/0/0/0 INPUT 4 1 0 v:124
16/08/2020 8:52:06 PM,252 Event OK
16/08/2020 8:52:06 PM,EVENT 55936 1597610035 0/0/0/0/7 INPUT 3 1 0 v:124
16/08/2020 8:52:06 PM,252 Event OK
16/08/2020 8:52:07 PM,EVENT 55937 1597610072 0/0/0/0/11 INPUT 3 0 38 v:124
16/08/2020 8:52:07 PM,252 Event OK
16/08/2020 8:52:08 PM,EVENT 55938 1597610078 0/0/0/0/3 INPUT 3 1 0 v:124
16/08/2020 8:52:08 PM,252 Event OK
16/08/2020 8:52:08 PM,EVENT 55939 1597610081 0/0/0/0/14 INPUT 3 0 3 v:124
16/08/2020 8:52:08 PM,252 Event OK
16/08/2020 8:52:08 PM,EVENT 55940 1597610094 0/0/0/0/1 INPUT 4 0 74 v:124
16/08/2020 8:52:08 PM,252 Event OK
16/08/2020 8:52:09 PM,EVENT 55941 1597610095 0/0/0/0/0 INPUT 4 1 0 v:124
16/08/2020 8:52:09 PM,252 Event OK
16/08/2020 8:52:09 PM,EVENT 55942 1597610114 0/0/0/0/0 INPUT 4 0 20 v:124
16/08/2020 8:52:09 PM,252 Event OK
16/08/2020 8:52:09 PM,EVENT 55943 1597610114 0/0/0/0/0 INPUT 4 1 0 v:124
16/08/2020 8:52:09 PM,252 Event OK
16/08/2020 8:52:09 PM,EVENT 55944 1597610121 0/0/0/0/7 INPUT 3 1 0 v:124
16/08/2020 8:52:09 PM,252 Event OK
16/08/2020 8:52:10 PM,EVENT 55945 1597610123 0/0/0/0/9 INPUT 3 0 2 v:124
16/08/2020 8:52:10 PM,252 Event OK
16/08/2020 8:52:10 PM,EVENT 55946 1597610215 0/0/0/0/0 INPUT 4 0 101 v:124
16/08/2020 8:52:10 PM,252 Event OK
16/08/2020 8:52:10 PM,EVENT 55947 1597610216 0/0/0/0/0 INPUT 4 1 0 v:124
16/08/2020 8:52:10 PM,252 Event OK
16/08/2020 8:52:11 PM,EVENT 55948 1597610218 0/0/0/0/0 INPUT 4 0 3 v:124
16/08/2020 8:52:11 PM,252 Event OK
16/08/2020 8:52:11 PM,EVENT 55949 1597610219 0/0/0/0/0 INPUT 4 1 0 v:124
16/08/2020 8:52:11 PM,252 Event OK
16/08/2020 8:52:11 PM,EVENT 55950 1597610221 0/0/0/0/0 INPUT 4 0 3 v:124
16/08/2020 8:52:11 PM,252 Event OK
16/08/2020 8:52:12 PM,EVENT 55951 1597610222 0/0/0/0/0 INPUT 4 1 0 v:124
16/08/2020 8:52:12 PM,252 Event OK
16/08/2020 8:52:12 PM,EVENT 55952 1597610224 0/0/0/0/0 INPUT 4 0 3 v:124
16/08/2020 8:52:12 PM,252 Event OK
16/08/2020 8:52:12 PM,EVENT 55953 1597610224 0/0/0/0/0 INPUT 4 1 0 v:124
16/08/2020 8:52:12 PM,252 Event OK
16/08/2020 8:52:13 PM,EVENT 55954 1597610236 0/0/0/0/6 INPUT 3 1 0 v:124
16/08/2020 8:52:13 PM,252 Event OK
16/08/2020 8:52:13 PM,EVENT 55955 1597610373 0/0/0/0/10 INPUT 3 0 138 v:124
16/08/2020 8:52:13 PM,252 Event OK
16/08/2020 8:52:14 PM,EVENT 55956 1597610395 0/0/0/0/0 INPUT 4 0 171 v:124
16/08/2020 8:52:14 PM,252 Event OK
16/08/2020 8:52:14 PM,EVENT 55957 1597610395 0/0/0/0/0 INPUT 4 1 0 v:124
16/08/2020 8:52:14 PM,252 Event OK
16/08/2020 8:52:15 PM,EVENT 55958 1597610398 0/0/0/0/0 INPUT 4 0 3 v:124
16/08/2020 8:52:15 PM,252 Event OK
16/08/2020 8:52:16 PM,EVENT 55959 1597610398 0/0/0/0/0 INPUT 4 1 0 v:124
16/08/2020 8:52:16 PM,252 Event OK
16/08/2020 8:52:17 PM,EVENT 55960 1597610401 0/0/0/0/0 INPUT 4 0 3 v:124
16/08/2020 8:52:17 PM,252 Event OK
16/08/2020 8:52:17 PM,EVENT 55961 1597610401 0/0/0/0/0 INPUT 4 1 0 v:124
16/08/2020 8:52:17 PM,252 Event OK
16/08/2020 8:52:18 PM,EVENT 55962 1597610404 0/0/0/0/0 INPUT 4 0 3 v:124
16/08/2020 8:52:18 PM,252 Event OK
16/08/2020 8:52:18 PM,EVENT 55963 1597610404 0/0/0/0/0 INPUT 4 1 0 v:124
16/08/2020 8:52:18 PM,252 Event OK
16/08/2020 8:52:18 PM,EVENT 55964 1597610411 0/0/0/0/0 INPUT 4 0 7 v:124
16/08/2020 8:52:18 PM,252 Event OK
16/08/2020 8:52:19 PM,EVENT 55965 1597610411 0/0/0/0/0 INPUT 4 1 0 v:124
16/08/2020 8:52:19 PM,252 Event OK
16/08/2020 8:52:19 PM,EVENT 55966 1597610422 0/0/0/0/5 INPUT 4 0 11 v:124
16/08/2020 8:52:19 PM,252 Event OK
16/08/2020 8:52:20 PM,EVENT 55967 1597610422 0/0/0/0/4 INPUT 4 1 0 v:124
16/08/2020 8:52:20 PM,252 Event OK
16/08/2020 8:52:20 PM,EVENT 55968 1597610461 0/0/0/0/2 INPUT 3 1 0 v:124
16/08/2020 8:52:20 PM,252 Event OK
16/08/2020 8:52:20 PM,EVENT 55969 1597610467 0/0/0/0/14 INPUT 3 0 5 v:124
16/08/2020 8:52:20 PM,252 Event OK
16/08/2020 8:52:20 PM,EVENT 55970 1597610468 0/0/0/0/11 INPUT 3 1 0 v:124
16/08/2020 8:52:20 PM,252 Event OK
16/08/2020 8:52:21 PM,EVENT 55971 1597611041 0/0/0/0/10 INPUT 3 0 574 v:124
16/08/2020 8:52:21 PM,252 Event OK
16/08/2020 8:52:21 PM,EVENT 55972 1597611051 -310121523/1219229345/5455/0/0 INPUT 7 1 0 v:124
16/08/2020 8:52:21 PM,252 Event OK
16/08/2020 8:52:21 PM,EVENT 55973 1597611051 -310121523/1219229345/5455/0/0 INPUT 8 0 1411 v:124
16/08/2020 8:52:21 PM,252 Event OK
16/08/2020 8:52:22 PM,EVENT 55974 1597611051 -310121483/1219229312/4683/0/0 INPUT 1 1 0 v:124
16/08/2020 8:52:22 PM,252 Event OK
16/08/2020 8:52:22 PM,EVENT 55975 1597611055 -310121487/1219229160/3335/0/0 TRIP 55891 903 474 12 12 1389 v:124
16/08/2020 8:52:22 PM,252 Event OK
16/08/2020 8:52:22 PM,EVENT 55976 1597611056 -310121489/1219229135/3213/0/0 INPUT 4 0 633 v:124
16/08/2020 8:52:22 PM,252 Event OK
16/08/2020 8:52:23 PM,EVENT 55977 1597611105 -310121629/1219228855/997/2/0 REPORT * 0 11 v:124
16/08/2020 8:52:23 PM,252 Event OK
16/08/2020 8:52:23 PM,QUIT
16/08/2020 8:52:23 PM,221 Session ended - goodbye
16/08/2020 8:57:46 PM,UNIT 9279
16/08/2020 8:57:46 PM,333 CHAL 2A376A45
16/08/2020 8:57:46 PM,RESP 458F1C8D
16/08/2020 8:57:46 PM,230 Auth OK
16/08/2020 8:57:47 PM,TIME
16/08/2020 8:57:47 PM,211 TIME 1597611467
16/08/2020 8:57:47 PM,EVCOUNT 3
16/08/2020 8:57:47 PM,252 Event OK
16/08/2020 8:57:48 PM,TODO
16/08/2020 8:57:48 PM,226 Nothing to do
16/08/2020 8:57:48 PM,EVENT 55978 1597611463 -310121550/1219228882/902/1/0 INPUT 8 1 0 v:124
16/08/2020 8:57:48 PM,252 Event OK
16/08/2020 8:57:49 PM,EVENT 55979 1597611463 -310121551/1219228878/904/1/0 INPUT 7 0 412 v:124
16/08/2020 8:57:49 PM,252 Event OK
16/08/2020 8:57:50 PM,EVENT 55980 1597611464 -310121554/1219228874/906/1/0 DEBUG Time(BAD):1597611464->4294967295 v:124
16/08/2020 8:57:50 PM,252 Event OK
16/08/2020 8:57:51 PM,QUIT
16/08/2020 8:57:51 PM,221 Session ended - goodbye
16/08/2020 8:58:01 PM,UNIT 9279
16/08/2020 8:58:01 PM,333 CHAL 8BF2B22
16/08/2020 8:58:01 PM,RESP CD94FBB5
16/08/2020 8:58:01 PM,230 Auth OK
16/08/2020 8:58:02 PM,TIME
16/08/2020 8:58:02 PM,211 TIME 1597611482
16/08/2020 8:58:02 PM,EVCOUNT 2
16/08/2020 8:58:02 PM,252 Event OK
16/08/2020 8:58:03 PM,TODO
16/08/2020 8:58:03 PM,226 Nothing to do
16/08/2020 8:58:03 PM,EVENT 55981 1597611472 -310121562/1219228810/959/1/0 SIGNON 2473 01b9f4cc OK 26 230599 0 v:124
16/08/2020 8:58:03 PM,252 Event OK
16/08/2020 8:58:04 PM,EVENT 55982 1597611480 -310121568/1219228760/979/1/0 INPUT 4 1 0 v:124
16/08/2020 8:58:04 PM,252 Event OK
16/08/2020 8:58:05 PM,QUIT
16/08/2020 8:58:05 PM,221 Session ended - goodbye
16/08/2020 8:58:19 PM,UNIT 9279
16/08/2020 8:58:19 PM,333 CHAL 47BA2CDA
16/08/2020 8:58:19 PM,RESP EBEB1E67
16/08/2020 8:58:19 PM,230 Auth OK
16/08/2020 8:58:20 PM,TIME
16/08/2020 8:58:20 PM,211 TIME 1597611500
16/08/2020 8:58:20 PM,EVCOUNT 4
16/08/2020 8:58:20 PM,252 Event OK
16/08/2020 8:58:21 PM,TODO
16/08/2020 8:58:21 PM,226 Nothing to do
16/08/2020 8:58:21 PM,EVENT 55983 1597611494 -310121604/1219228770/942/1/0 INPUT 4 0 15 v:124
16/08/2020 8:58:21 PM,252 Event OK
16/08/2020 8:58:22 PM,EVENT 55984 1597611494 -310121604/1219228770/942/1/0 OILPRESSURE 55981 10 v:124
16/08/2020 8:58:22 PM,252 Event OK
16/08/2020 8:58:23 PM,EVENT 55985 1597611495 -310121606/1219228772/941/1/0 INPUT 1 0 443 v:124
16/08/2020 8:58:23 PM,252 Event OK
16/08/2020 8:58:23 PM,EVENT 55986 1597611495 -310121608/1219228774/938/1/0 INPUT 4 1 0 v:124
16/08/2020 8:58:23 PM,252 Event OK
16/08/2020 8:58:24 PM,EVENT 55987 1597611501 -310121634/1219228786/940/1/0 ENGINEOVERSPEED 55981 12 6173 v:124
16/08/2020 8:58:24 PM,252 Event OK
16/08/2020 8:58:25 PM,QUIT
16/08/2020 8:58:25 PM,221 Session ended - goodbye
16/08/2020 8:58:38 PM,UNIT 9279
16/08/2020 8:58:38 PM,333 CHAL 148A053F
16/08/2020 8:58:39 PM,RESP 152B646C
16/08/2020 8:58:39 PM,230 Auth OK
16/08/2020 8:58:39 PM,TIME
16/08/2020 8:58:39 PM,211 TIME 1597611519
16/08/2020 8:58:40 PM,EVCOUNT 3
16/08/2020 8:58:40 PM,252 Event OK
16/08/2020 8:58:40 PM,TODO
16/08/2020 8:58:40 PM,226 Nothing to do
16/08/2020 8:58:41 PM,EVENT 55988 1597611511 -310121178/1219229577/916/2/8 INPUT 3 1 0 v:124
16/08/2020 8:58:41 PM,252 Event OK
16/08/2020 8:58:42 PM,EVENT 55989 1597611515 -310120679/1219230132/906/2/9 INPUT 3 0 3 v:124
16/08/2020 8:58:42 PM,252 Event OK
16/08/2020 8:58:43 PM,EVENT 55990 1597611515 -310120548/1219230287/905/2/8 INPUT 3 1 0 v:124
16/08/2020 8:58:43 PM,252 Event OK
16/08/2020 8:58:43 PM,QUIT
16/08/2020 8:58:43 PM,221 Session ended - goodbye
16/08/2020 8:59:30 PM,UNIT 9279
16/08/2020 8:59:30 PM,333 CHAL 55D2013C
16/08/2020 8:59:30 PM,RESP 21DC8C07
16/08/2020 8:59:30 PM,230 Auth OK
16/08/2020 8:59:31 PM,TIME
16/08/2020 8:59:31 PM,211 TIME 1597611571
16/08/2020 8:59:31 PM,EVCOUNT 1
16/08/2020 8:59:31 PM,252 Event OK
16/08/2020 8:59:32 PM,TODO
16/08/2020 8:59:32 PM,226 Nothing to do
16/08/2020 8:59:33 PM,EVENT 55991 1597611566 -310128465/1219229564/803/0/10 INPUT 3 0 51 v:124
16/08/2020 8:59:33 PM,252 Event OK
16/08/2020 8:59:33 PM,QUIT
16/08/2020 8:59:33 PM,221 Session ended - goodbye
16/08/2020 8:59:44 PM,UNIT 9279
16/08/2020 8:59:44 PM,333 CHAL 56AEC6E1
16/08/2020 8:59:45 PM,RESP 96C2ACB7
16/08/2020 8:59:45 PM,230 Auth OK
16/08/2020 8:59:46 PM,TIME
16/08/2020 8:59:46 PM,211 TIME 1597611586
16/08/2020 8:59:47 PM,EVCOUNT 8
16/08/2020 8:59:47 PM,252 Event OK
16/08/2020 8:59:48 PM,TODO
16/08/2020 8:59:48 PM,226 Nothing to do
16/08/2020 8:59:49 PM,EVENT 55992 1597611575 -310128238/1219229131/778/0/0 INPUT 4 0 80 v:124
16/08/2020 8:59:49 PM,252 Event OK
16/08/2020 8:59:50 PM,EVENT 55993 1597611575 -310128238/1219229131/778/0/0 INPUT 4 1 0 v:124
16/08/2020 8:59:50 PM,252 Event OK
16/08/2020 8:59:51 PM,EVENT 55994 1597611579 -310128215/1219229110/770/0/0 INPUT 7 1 0 v:124
16/08/2020 8:59:51 PM,252 Event OK
16/08/2020 8:59:52 PM,EVENT 55995 1597611579 -310128215/1219229110/770/0/0 INPUT 8 0 117 v:124
16/08/2020 8:59:52 PM,252 Event OK
16/08/2020 8:59:53 PM,EVENT 55996 1597611580 -310128217/1219229110/768/0/0 INPUT 1 1 0 v:124
16/08/2020 8:59:53 PM,252 Event OK
16/08/2020 8:59:55 PM,EVENT 55997 1597611581 -310128219/1219229108/766/0/0 INPUT 4 0 6 v:124
16/08/2020 8:59:55 PM,252 Event OK
16/08/2020 8:59:56 PM,EVENT 55998 1597611584 -310128218/1219229099/763/0/0 TRIP 55981 54 47 12 8 113 v:124
16/08/2020 8:59:56 PM,252 Event OK
16/08/2020 8:59:58 PM,EVENT 55999 1597611584 -310128218/1219229099/763/0/0 TRIPSUMMARY 55981 v:124
16/08/2020 8:59:58 PM,252 Event OK
16/08/2020 8:59:58 PM,QUIT
16/08/2020 8:59:58 PM,221 Session ended - goodbye
16/08/2020 9:03:37 PM,UNIT 9279
16/08/2020 9:03:37 PM,333 CHAL A0EE157
16/08/2020 9:03:38 PM,RESP 6BF8BC38
16/08/2020 9:03:38 PM,230 Auth OK
16/08/2020 9:03:39 PM,TIME
16/08/2020 9:03:39 PM,211 TIME 1597611819
16/08/2020 9:03:40 PM,EVCOUNT 2
16/08/2020 9:03:40 PM,252 Event OK
16/08/2020 9:03:40 PM,TODO
16/08/2020 9:03:40 PM,226 Nothing to do
16/08/2020 9:03:41 PM,EVENT 56000 1597611813 -310128184/1219229292/736/3/0 INPUT 8 1 0 v:124
16/08/2020 9:03:41 PM,252 Event OK
16/08/2020 9:03:42 PM,EVENT 56001 1597611814 -310128184/1219229292/736/3/0 INPUT 7 0 234 v:124
16/08/2020 9:03:42 PM,252 Event OK
16/08/2020 9:03:43 PM,QUIT
16/08/2020 9:03:43 PM,221 Session ended - goodbye
16/08/2020 9:03:53 PM,UNIT 9279
16/08/2020 9:03:53 PM,333 CHAL 581E3138
16/08/2020 9:03:54 PM,RESP 0D8AC244
16/08/2020 9:03:54 PM,230 Auth OK
16/08/2020 9:03:54 PM,TIME
16/08/2020 9:03:54 PM,211 TIME 1597611834
16/08/2020 9:03:55 PM,EVCOUNT 3
16/08/2020 9:03:55 PM,252 Event OK
16/08/2020 9:03:55 PM,TODO
16/08/2020 9:03:55 PM,226 Nothing to do
16/08/2020 9:03:56 PM,EVENT 56002 1597611823 -310128161/1219229308/740/3/0 SIGNON 2473 01b9f4cc OK 26 230599 0 v:124
16/08/2020 9:03:56 PM,252 Event OK
16/08/2020 9:03:57 PM,EVENT 56003 1597611829 -310128134/1219229321/739/3/0 INPUT 1 0 250 v:124
16/08/2020 9:03:57 PM,252 Event OK
16/08/2020 9:03:58 PM,EVENT 56004 1597611830 -310128133/1219229323/739/3/0 INPUT 4 1 0 v:124
16/08/2020 9:03:58 PM,252 Event OK
16/08/2020 9:03:59 PM,QUIT
16/08/2020 9:03:59 PM,221 Session ended - goodbye
16/08/2020 9:06:28 PM,UNIT 9279
16/08/2020 9:06:28 PM,333 CHAL 776206FB
16/08/2020 9:06:28 PM,RESP 4FE8091D
16/08/2020 9:06:28 PM,230 Auth OK
16/08/2020 9:06:28 PM,TIME
16/08/2020 9:06:28 PM,211 TIME 1597611988
16/08/2020 9:06:28 PM,EVCOUNT 10
16/08/2020 9:06:28 PM,252 Event OK
16/08/2020 9:06:28 PM,TODO
16/08/2020 9:06:28 PM,226 Nothing to do
16/08/2020 9:06:29 PM,EVENT 56005 1597611839 -310128223/1219229406/759/3/0 INPUT 4 0 10 v:124
16/08/2020 9:06:29 PM,252 Event OK
16/08/2020 9:06:29 PM,EVENT 56006 1597611839 -310128242/1219229422/757/3/0 INPUT 4 1 0 v:124
16/08/2020 9:06:29 PM,252 Event OK
16/08/2020 9:06:29 PM,EVENT 56007 1597611858 -310128814/1219228859/782/0/8 INPUT 3 1 0 v:124
16/08/2020 9:06:29 PM,252 Event OK
16/08/2020 9:06:29 PM,EVENT 56008 1597611879 -310129320/1219222971/751/8/10 INPUT 3 0 20 v:124
16/08/2020 9:06:29 PM,252 Event OK
16/08/2020 9:06:30 PM,EVENT 56009 1597611880 -310129412/1219222877/756/8/7 INPUT 4 0 41 v:124
16/08/2020 9:06:30 PM,252 Event OK
16/08/2020 9:06:30 PM,EVENT 56010 1597611881 -310129438/1219222846/762/8/5 INPUT 4 1 0 v:124
16/08/2020 9:06:30 PM,252 Event OK
16/08/2020 9:06:30 PM,EVENT 56011 1597611888 -310129466/1219222840/797/8/0 INPUT 4 0 8 v:124
16/08/2020 9:06:30 PM,252 Event OK
16/08/2020 9:06:30 PM,EVENT 56012 1597611888 -310129466/1219222840/797/8/0 INPUT 4 1 0 v:124
16/08/2020 9:06:30 PM,252 Event OK
16/08/2020 9:06:31 PM,EVENT 56013 1597611954 -310129537/1219222996/840/6/0 INPUT 4 0 66 v:124
16/08/2020 9:06:31 PM,252 Event OK
16/08/2020 9:06:31 PM,EVENT 56014 1597611954 -310129537/1219222996/840/6/0 INPUT 4 1 0 v:124
16/08/2020 9:06:31 PM,252 Event OK
16/08/2020 9:06:31 PM,QUIT
16/08/2020 9:06:31 PM,221 Session ended - goodbye
16/08/2020 9:08:52 PM,UNIT 9279
16/08/2020 9:08:52 PM,333 CHAL 47D6197
16/08/2020 9:08:52 PM,RESP DC0BD7C7
16/08/2020 9:08:52 PM,230 Auth OK
16/08/2020 9:08:53 PM,TIME
16/08/2020 9:08:53 PM,211 TIME 1597612133
16/08/2020 9:08:53 PM,EVCOUNT 2
16/08/2020 9:08:53 PM,252 Event OK
16/08/2020 9:08:54 PM,TODO
16/08/2020 9:08:54 PM,226 Nothing to do
16/08/2020 9:08:54 PM,EVENT 56015 1597612128 -310129416/1219223125/897/5/0 INPUT 4 0 174 v:124
16/08/2020 9:08:54 PM,252 Event OK
16/08/2020 9:08:55 PM,EVENT 56016 1597612128 -310129416/1219223125/897/5/0 INPUT 4 1 0 v:124
16/08/2020 9:08:55 PM,252 Event OK
16/08/2020 9:08:56 PM,QUIT
16/08/2020 9:08:56 PM,221 Session ended - goodbye
16/08/2020 9:09:25 PM,UNIT 9279
16/08/2020 9:09:25 PM,333 CHAL 1DF5D65A
16/08/2020 9:09:25 PM,RESP 250D156E
16/08/2020 9:09:25 PM,230 Auth OK
16/08/2020 9:09:26 PM,TIME
16/08/2020 9:09:26 PM,211 TIME 1597612166
16/08/2020 9:09:26 PM,EVCOUNT 2
16/08/2020 9:09:26 PM,252 Event OK
16/08/2020 9:09:27 PM,TODO
16/08/2020 9:09:27 PM,226 Nothing to do
16/08/2020 9:09:28 PM,EVENT 56017 1597612161 -310129536/1219223008/953/5/0 INPUT 4 0 33 v:124
16/08/2020 9:09:28 PM,252 Event OK
16/08/2020 9:09:28 PM,EVENT 56018 1597612161 -310129536/1219223008/953/5/0 INPUT 4 1 0 v:124
16/08/2020 9:09:28 PM,252 Event OK
16/08/2020 9:09:29 PM,QUIT
16/08/2020 9:09:29 PM,221 Session ended - goodbye
16/08/2020 9:09:58 PM,UNIT 9279
16/08/2020 9:09:58 PM,333 CHAL 2687167C
16/08/2020 9:09:58 PM,RESP 68D26B6F
16/08/2020 9:09:58 PM,230 Auth OK
16/08/2020 9:09:59 PM,TIME
16/08/2020 9:09:59 PM,211 TIME 1597612199
16/08/2020 9:09:59 PM,EVCOUNT 2
16/08/2020 9:09:59 PM,252 Event OK
16/08/2020 9:10:00 PM,TODO
16/08/2020 9:10:00 PM,226 Nothing to do
16/08/2020 9:10:00 PM,EVENT 56019 1597612194 -310129449/1219223038/864/5/0 INPUT 4 0 33 v:124
16/08/2020 9:10:00 PM,252 Event OK
16/08/2020 9:10:01 PM,EVENT 56020 1597612194 -310129449/1219223038/864/5/0 INPUT 4 1 0 v:124
16/08/2020 9:10:01 PM,252 Event OK
16/08/2020 9:10:02 PM,QUIT
16/08/2020 9:10:02 PM,221 Session ended - goodbye
16/08/2020 9:11:04 PM,UNIT 9279
16/08/2020 9:11:04 PM,333 CHAL 2B8AAD4A
16/08/2020 9:11:04 PM,RESP 1BEA2022
16/08/2020 9:11:04 PM,230 Auth OK
16/08/2020 9:11:05 PM,TIME
16/08/2020 9:11:05 PM,211 TIME 1597612265
16/08/2020 9:11:05 PM,EVCOUNT 2
16/08/2020 9:11:05 PM,252 Event OK
16/08/2020 9:11:06 PM,TODO
16/08/2020 9:11:06 PM,226 Nothing to do
16/08/2020 9:11:06 PM,EVENT 56021 1597612260 -310129533/1219222926/832/4/0 INPUT 4 0 66 v:124
16/08/2020 9:11:06 PM,252 Event OK
16/08/2020 9:11:07 PM,EVENT 56022 1597612260 -310129533/1219222926/832/4/0 INPUT 4 1 0 v:124
16/08/2020 9:11:07 PM,252 Event OK
16/08/2020 9:11:07 PM,QUIT
16/08/2020 9:11:07 PM,221 Session ended - goodbye
16/08/2020 9:11:49 PM,UNIT 9279
16/08/2020 9:11:49 PM,333 CHAL 7670D4B9
16/08/2020 9:11:49 PM,RESP 2D4DD49F
16/08/2020 9:11:49 PM,230 Auth OK
16/08/2020 9:11:50 PM,TIME
16/08/2020 9:11:50 PM,211 TIME 1597612310
16/08/2020 9:11:50 PM,EVCOUNT 2
16/08/2020 9:11:50 PM,252 Event OK
16/08/2020 9:11:50 PM,TODO
16/08/2020 9:11:50 PM,226 Nothing to do
16/08/2020 9:11:51 PM,EVENT 56023 1597612305 -310129432/1219222976/807/5/0 INPUT 4 0 45 v:124
16/08/2020 9:11:51 PM,252 Event OK
16/08/2020 9:11:52 PM,EVENT 56024 1597612305 -310129432/1219222976/807/5/0 INPUT 4 1 0 v:124
16/08/2020 9:11:52 PM,252 Event OK
16/08/2020 9:11:52 PM,QUIT
16/08/2020 9:11:52 PM,221 Session ended - goodbye
16/08/2020 9:12:22 PM,UNIT 9279
16/08/2020 9:12:22 PM,333 CHAL 1B12D3C7
16/08/2020 9:12:22 PM,RESP 5F6A0BF2
16/08/2020 9:12:22 PM,230 Auth OK
16/08/2020 9:12:22 PM,TIME
16/08/2020 9:12:22 PM,211 TIME 1597612342
16/08/2020 9:12:23 PM,EVCOUNT 2
16/08/2020 9:12:23 PM,252 Event OK
16/08/2020 9:12:23 PM,TODO
16/08/2020 9:12:23 PM,226 Nothing to do
16/08/2020 9:12:24 PM,EVENT 56025 1597612338 -310129322/1219223025/811/4/0 INPUT 4 0 33 v:124
16/08/2020 9:12:24 PM,252 Event OK
16/08/2020 9:12:25 PM,EVENT 56026 1597612338 -310129322/1219223025/811/4/0 INPUT 4 1 0 v:124
16/08/2020 9:12:25 PM,252 Event OK
16/08/2020 9:12:25 PM,QUIT
16/08/2020 9:12:25 PM,221 Session ended - goodbye
16/08/2020 9:14:15 PM,UNIT 9279
16/08/2020 9:14:15 PM,333 CHAL 37C0589B
16/08/2020 9:14:17 PM,RESP D960121F
16/08/2020 9:14:17 PM,230 Auth OK
16/08/2020 9:14:18 PM,TIME
16/08/2020 9:14:18 PM,211 TIME 1597612458
16/08/2020 9:14:18 PM,EVCOUNT 3
16/08/2020 9:14:18 PM,252 Event OK
16/08/2020 9:14:19 PM,TODO
16/08/2020 9:14:19 PM,226 Nothing to do
16/08/2020 9:14:20 PM,EVENT 56027 1597612448 -310129704/1219222676/922/4/6 INPUT 3 1 0 v:124
16/08/2020 9:14:20 PM,252 Event OK
16/08/2020 9:14:22 PM,EVENT 56028 1597612452 -310130708/1219222008/922/4/11 INPUT 3 0 5 v:124
16/08/2020 9:14:22 PM,252 Event OK
16/08/2020 9:15:15 PM,EVENT 56029 1597612453 -310130879/1219221864/921/4/9 INPUT 3 1 0 v:124
16/08/2020 9:15:15 PM,252 Event OK
16/08/2020 9:17:09 PM,UNIT 9279
16/08/2020 9:17:09 PM,333 CHAL 579E8DC5
16/08/2020 9:17:09 PM,RESP 13029365
16/08/2020 9:17:09 PM,230 Auth OK
16/08/2020 9:17:10 PM,TIME
16/08/2020 9:17:10 PM,211 TIME 1597612630
16/08/2020 9:17:10 PM,EVCOUNT 7
16/08/2020 9:17:10 PM,252 Event OK
16/08/2020 9:17:10 PM,TODO
16/08/2020 9:17:10 PM,226 Nothing to do
16/08/2020 9:17:10 PM,EVENT 56029 1597612453 -310130879/1219221864/921/4/9 INPUT 3 1 0 v:124
16/08/2020 9:17:10 PM,253 Event OK - Duplicate
16/08/2020 9:17:10 PM,EVENT 56030 1597612506 -310143146/1219230921/811/1/13 INPUT 3 0 52 v:124
16/08/2020 9:17:10 PM,252 Event OK
16/08/2020 9:17:11 PM,EVENT 56031 1597612515 -310143505/1219231030/827/1/0 INPUT 7 1 0 v:124
16/08/2020 9:17:11 PM,252 Event OK
16/08/2020 9:17:11 PM,EVENT 56032 1597612515 -310143505/1219231030/827/1/0 INPUT 8 0 701 v:124
16/08/2020 9:17:11 PM,252 Event OK
16/08/2020 9:17:11 PM,EVENT 56033 1597612516 -310143501/1219231036/827/1/0 INPUT 1 1 0 v:124
16/08/2020 9:17:11 PM,252 Event OK
16/08/2020 9:17:12 PM,EVENT 56034 1597612519 -310143494/1219231060/825/1/0 TRIP 56002 77 613 7 7 697 v:124
16/08/2020 9:17:12 PM,252 Event OK
16/08/2020 9:17:12 PM,EVENT 56035 1597612520 -310143492/1219231062/825/1/0 INPUT 4 0 181 v:124
16/08/2020 9:17:12 PM,252 Event OK
16/08/2020 9:17:12 PM,QUIT
16/08/2020 9:17:12 PM,221 Session ended - goodbye
16/08/2020 10:12:09 PM,UNIT 9279
16/08/2020 10:12:09 PM,333 CHAL 4EB90888
16/08/2020 10:12:09 PM,RESP FC2FFF49
16/08/2020 10:12:09 PM,230 Auth OK
16/08/2020 10:12:09 PM,TIME
16/08/2020 10:12:09 PM,211 TIME 1597615929
16/08/2020 10:12:10 PM,EVCOUNT 9
16/08/2020 10:12:10 PM,252 Event OK
16/08/2020 10:12:10 PM,TODO
16/08/2020 10:12:10 PM,226 Nothing to do
16/08/2020 10:12:10 PM,EVENT 56036 1597615905 0/0/0/0/0 SWSTART OpusFC 5.0.58.518 R v:123
16/08/2020 10:12:10 PM,252 Event OK
16/08/2020 10:12:11 PM,EVENT 56037 1597612519 0/0/0/0/0 POWERDOWN v:124
16/08/2020 10:12:11 PM,252 Event OK
16/08/2020 10:12:11 PM,EVENT 56038 1597615905 0/0/0/0/0 INPUT 1 1 0 v:123
16/08/2020 10:12:11 PM,252 Event OK
16/08/2020 10:12:11 PM,EVENT 56039 1597615905 0/0/0/0/0 INPUT 2 0 0 v:123
16/08/2020 10:12:11 PM,252 Event OK
16/08/2020 10:12:11 PM,EVENT 56040 1597615905 0/0/0/0/0 INPUT 3 0 0 v:123
16/08/2020 10:12:11 PM,252 Event OK
16/08/2020 10:12:12 PM,EVENT 56041 1597615905 0/0/0/0/0 INPUT 4 0 0 v:123
16/08/2020 10:12:12 PM,252 Event OK
16/08/2020 10:12:12 PM,EVENT 56042 1597615905 0/0/0/0/0 INPUT 7 0 0 v:123
16/08/2020 10:12:12 PM,252 Event OK
16/08/2020 10:12:12 PM,EVENT 56043 1597615905 0/0/0/0/0 INPUT 8 1 0 v:123
16/08/2020 10:12:12 PM,252 Event OK
16/08/2020 10:12:12 PM,EVENT 56044 1597615907 0/0/0/0/0 ZONE_OK 2 100 FW=NO VERSION v:123
16/08/2020 10:12:12 PM,252 Event OK
16/08/2020 10:12:12 PM,EVENT 56045 1597615930 -310144072/1219228430/21110/4/0 SIGNON 2472 03b1ef30 OK_CL 26 270867 0 v:123
16/08/2020 10:12:12 PM,252 Event OK
16/08/2020 10:12:13 PM,QUIT
16/08/2020 10:12:13 PM,221 Session ended - goodbye
16/08/2020 10:12:28 PM,UNIT 9279
16/08/2020 10:12:28 PM,333 CHAL 6AF2D283
16/08/2020 10:12:28 PM,RESP 3861C23F
16/08/2020 10:12:28 PM,230 Auth OK
16/08/2020 10:12:29 PM,TIME
16/08/2020 10:12:29 PM,211 TIME 1597615949
16/08/2020 10:12:29 PM,EVCOUNT 5
16/08/2020 10:12:29 PM,252 Event OK
16/08/2020 10:12:30 PM,TODO
16/08/2020 10:12:30 PM,226 Nothing to do
16/08/2020 10:12:31 PM,EVENT 56046 1597615943 -310143659/1219231843/30341/4/0 INPUT 7 1 0 v:123
16/08/2020 10:12:31 PM,252 Event OK
16/08/2020 10:12:31 PM,EVENT 56047 1597615943 -310143659/1219231843/30341/4/0 INPUT 8 0 38 v:123
16/08/2020 10:12:31 PM,252 Event OK
16/08/2020 10:12:32 PM,EVENT 56048 1597615944 -310143659/1219231843/30341/4/0 INPUT 8 1 0 v:123
16/08/2020 10:12:32 PM,252 Event OK
16/08/2020 10:12:33 PM,EVENT 56049 1597615944 -310143618/1219231086/6180/4/0 INPUT 7 0 0 v:123
16/08/2020 10:12:33 PM,252 Event OK
16/08/2020 10:12:33 PM,EVENT 56050 1597615944 -310143618/1219231086/6180/4/0 CHECKLIST 56045 OK 0 14 432 F v:123
16/08/2020 10:12:33 PM,252 Event OK
16/08/2020 10:12:34 PM,EVENT 56051 1597615950 -310143629/1219231044/1513/4/0 INPUT 1 0 45 v:123
16/08/2020 10:12:34 PM,252 Event OK
16/08/2020 10:12:35 PM,EVENT 56052 1597615951 -310143630/1219231045/1449/4/0 INPUT 4 1 0 v:123
16/08/2020 10:12:35 PM,252 Event OK
16/08/2020 10:12:35 PM,QUIT
16/08/2020 10:12:35 PM,221 Session ended - goodbye
16/08/2020 10:13:06 PM,UNIT 9279
16/08/2020 10:13:06 PM,333 CHAL 5B1BB15B
16/08/2020 10:13:07 PM,RESP E2986A1A
16/08/2020 10:13:07 PM,230 Auth OK
16/08/2020 10:13:07 PM,TIME
16/08/2020 10:13:07 PM,211 TIME 1597615987
16/08/2020 10:13:08 PM,EVCOUNT 2
16/08/2020 10:13:08 PM,252 Event OK
16/08/2020 10:13:08 PM,TODO
16/08/2020 10:13:08 PM,226 Nothing to do
16/08/2020 10:13:09 PM,EVENT 56053 1597615983 -310143633/1219231017/699/4/0 INPUT 4 0 33 v:123
16/08/2020 10:13:09 PM,252 Event OK
16/08/2020 10:13:09 PM,EVENT 56054 1597615983 -310143633/1219231015/697/4/0 INPUT 4 1 0 v:124
16/08/2020 10:13:09 PM,252 Event OK
16/08/2020 10:13:10 PM,QUIT
16/08/2020 10:13:10 PM,221 Session ended - goodbye
16/08/2020 10:14:01 PM,UNIT 9279
16/08/2020 10:14:01 PM,333 CHAL 3B3F4299
16/08/2020 10:14:02 PM,RESP 0E998887
16/08/2020 10:14:02 PM,230 Auth OK
16/08/2020 10:14:02 PM,TIME
16/08/2020 10:14:02 PM,211 TIME 1597616042
16/08/2020 10:14:03 PM,EVCOUNT 2
16/08/2020 10:14:03 PM,252 Event OK
16/08/2020 10:14:03 PM,TODO
16/08/2020 10:14:03 PM,226 Nothing to do
16/08/2020 10:14:04 PM,EVENT 56055 1597616038 -310143531/1219231051/685/4/0 INPUT 4 0 55 v:124
16/08/2020 10:14:04 PM,252 Event OK
16/08/2020 10:14:05 PM,EVENT 56056 1597616038 -310143531/1219231050/684/4/0 INPUT 4 1 0 v:124
16/08/2020 10:14:05 PM,252 Event OK
16/08/2020 10:14:05 PM,QUIT
16/08/2020 10:14:05 PM,221 Session ended - goodbye
16/08/2020 10:14:25 PM,UNIT 9279
16/08/2020 10:14:25 PM,333 CHAL 40DE7060
16/08/2020 10:14:26 PM,RESP C09DD5AE
16/08/2020 10:14:26 PM,230 Auth OK
16/08/2020 10:14:26 PM,TIME
16/08/2020 10:14:26 PM,211 TIME 1597616066
16/08/2020 10:14:27 PM,EVCOUNT 2
16/08/2020 10:14:27 PM,252 Event OK
16/08/2020 10:14:27 PM,TODO
16/08/2020 10:14:27 PM,226 Nothing to do
16/08/2020 10:14:28 PM,EVENT 56057 1597616062 -310143544/1219231097/708/3/0 INPUT 4 0 24 v:124
16/08/2020 10:14:28 PM,252 Event OK
16/08/2020 10:14:28 PM,EVENT 56058 1597616062 -310143544/1219231097/708/3/0 INPUT 4 1 0 v:124
16/08/2020 10:14:28 PM,252 Event OK
16/08/2020 10:14:29 PM,QUIT
16/08/2020 10:14:29 PM,221 Session ended - goodbye
16/08/2020 10:14:39 PM,UNIT 9279
16/08/2020 10:14:39 PM,333 CHAL 5B23393F
16/08/2020 10:14:40 PM,RESP 3B2B80EC
16/08/2020 10:14:40 PM,230 Auth OK
16/08/2020 10:14:40 PM,TIME
16/08/2020 10:14:40 PM,211 TIME 1597616080
16/08/2020 10:14:41 PM,EVCOUNT 2
16/08/2020 10:14:41 PM,252 Event OK
16/08/2020 10:14:41 PM,TODO
16/08/2020 10:14:41 PM,226 Nothing to do
16/08/2020 10:14:42 PM,EVENT 56059 1597616074 -310143503/1219231075/746/3/0 INPUT 4 0 12 v:124
16/08/2020 10:14:42 PM,252 Event OK
16/08/2020 10:14:42 PM,EVENT 56060 1597616074 -310143503/1219231075/746/3/0 INPUT 4 1 0 v:124
16/08/2020 10:14:42 PM,252 Event OK
16/08/2020 10:14:43 PM,QUIT
16/08/2020 10:14:43 PM,221 Session ended - goodbye
16/08/2020 10:16:18 PM,UNIT 9279
16/08/2020 10:16:18 PM,333 CHAL 4492B5A0
16/08/2020 10:16:19 PM,RESP 20D6C832
16/08/2020 10:16:19 PM,230 Auth OK
16/08/2020 10:16:19 PM,TIME
16/08/2020 10:16:19 PM,211 TIME 1597616179
16/08/2020 10:16:20 PM,EVCOUNT 2
16/08/2020 10:16:20 PM,252 Event OK
16/08/2020 10:16:20 PM,TODO
16/08/2020 10:16:20 PM,226 Nothing to do
16/08/2020 10:16:21 PM,EVENT 56061 1597616175 -310143372/1219231065/709/4/0 INPUT 4 0 101 v:124
16/08/2020 10:16:21 PM,252 Event OK
16/08/2020 10:16:21 PM,EVENT 56062 1597616176 -310143372/1219231065/709/4/0 INPUT 4 1 0 v:123
16/08/2020 10:16:21 PM,252 Event OK
16/08/2020 10:16:22 PM,QUIT
16/08/2020 10:16:22 PM,221 Session ended - goodbye
16/08/2020 10:16:32 PM,UNIT 9279
16/08/2020 10:16:32 PM,333 CHAL 1EA16505
16/08/2020 10:16:33 PM,RESP E9DC6AF8
16/08/2020 10:16:33 PM,230 Auth OK
16/08/2020 10:16:33 PM,TIME
16/08/2020 10:16:33 PM,211 TIME 1597616193
16/08/2020 10:16:34 PM,EVCOUNT 4
16/08/2020 10:16:34 PM,252 Event OK
16/08/2020 10:16:34 PM,TODO
16/08/2020 10:16:34 PM,226 Nothing to do
16/08/2020 10:16:35 PM,EVENT 56063 1597616186 -310142750/1219230889/723/3/0 INPUT 4 0 11 v:123
16/08/2020 10:16:35 PM,252 Event OK
16/08/2020 10:16:36 PM,EVENT 56064 1597616187 -310142750/1219230889/723/3/0 INPUT 4 1 0 v:123
16/08/2020 10:16:36 PM,252 Event OK
16/08/2020 10:16:36 PM,EVENT 56065 1597616191 -310142752/1219230866/715/3/0 INPUT 4 0 5 v:123
16/08/2020 10:16:36 PM,252 Event OK
16/08/2020 10:16:37 PM,EVENT 56066 1597616191 -310142752/1219230866/715/3/0 INPUT 4 1 0 v:123
16/08/2020 10:16:37 PM,252 Event OK
16/08/2020 10:16:37 PM,QUIT
16/08/2020 10:16:37 PM,221 Session ended - goodbye
16/08/2020 10:16:49 PM,UNIT 9279
16/08/2020 10:16:49 PM,333 CHAL 29D4706C
16/08/2020 10:16:50 PM,RESP 220B2CC9
16/08/2020 10:16:50 PM,230 Auth OK
16/08/2020 10:16:51 PM,TIME
16/08/2020 10:16:51 PM,211 TIME 1597616211
16/08/2020 10:16:51 PM,EVCOUNT 1
16/08/2020 10:16:51 PM,252 Event OK
16/08/2020 10:16:52 PM,TODO
16/08/2020 10:16:52 PM,226 Nothing to do
16/08/2020 10:16:53 PM,EVENT 56067 1597616201 -310143088/1219232019/746/3/8 INPUT 3 1 0 v:124
16/08/2020 10:16:53 PM,252 Event OK
16/08/2020 10:16:53 PM,QUIT
16/08/2020 10:16:53 PM,221 Session ended - goodbye
16/08/2020 10:18:17 PM,UNIT 9279
16/08/2020 10:18:17 PM,333 CHAL 2A20EF3F
16/08/2020 10:18:17 PM,RESP F191F572
16/08/2020 10:18:17 PM,230 Auth OK
16/08/2020 10:18:18 PM,TIME
16/08/2020 10:18:18 PM,211 TIME 1597616298
16/08/2020 10:18:18 PM,EVCOUNT 1
16/08/2020 10:18:18 PM,252 Event OK
16/08/2020 10:18:19 PM,TODO
16/08/2020 10:18:19 PM,226 Nothing to do
16/08/2020 10:18:20 PM,EVENT 56068 1597616293 -310122056/1219236666/853/7/10 INPUT 3 0 93 v:124
16/08/2020 10:18:20 PM,252 Event OK
16/08/2020 10:18:21 PM,QUIT
16/08/2020 10:18:21 PM,221 Session ended - goodbye
16/08/2020 10:18:31 PM,UNIT 9279
16/08/2020 10:18:31 PM,333 CHAL 2A9181EF
16/08/2020 10:18:32 PM,RESP 858A2BB6
16/08/2020 10:18:32 PM,230 Auth OK
16/08/2020 10:18:32 PM,TIME
16/08/2020 10:18:32 PM,211 TIME 1597616312
16/08/2020 10:18:33 PM,EVCOUNT 7
16/08/2020 10:18:33 PM,252 Event OK
16/08/2020 10:18:34 PM,TODO
16/08/2020 10:18:34 PM,226 Nothing to do
16/08/2020 10:18:34 PM,EVENT 56069 1597616302 -310121361/1219236215/882/3/0 INPUT 7 1 0 v:124
16/08/2020 10:18:34 PM,252 Event OK
16/08/2020 10:18:35 PM,EVENT 56070 1597616302 -310121361/1219236215/882/3/0 INPUT 8 0 359 v:123
16/08/2020 10:18:35 PM,252 Event OK
16/08/2020 10:18:36 PM,EVENT 56071 1597616303 -310121363/1219236208/883/3/0 INPUT 4 0 112 v:123
16/08/2020 10:18:36 PM,252 Event OK
16/08/2020 10:18:37 PM,EVENT 56072 1597616303 -310121363/1219236208/883/3/0 INPUT 4 1 0 v:123
16/08/2020 10:18:37 PM,252 Event OK
16/08/2020 10:18:38 PM,EVENT 56073 1597616304 -310121363/1219236208/883/3/0 INPUT 1 1 0 v:123
16/08/2020 10:18:38 PM,252 Event OK
16/08/2020 10:18:39 PM,EVENT 56074 1597616305 -310121362/1219236195/880/3/0 INPUT 4 0 2 v:123
16/08/2020 10:18:39 PM,252 Event OK
16/08/2020 10:18:40 PM,EVENT 56075 1597616307 -310121359/1219236180/878/3/0 TRIP 56045 93 262 11 9 366 v:123
16/08/2020 10:18:40 PM,252 Event OK
16/08/2020 10:18:41 PM,QUIT
16/08/2020 10:18:41 PM,221 Session ended - goodbye
16/08/2020 10:18:56 PM,UNIT 9279
16/08/2020 10:18:56 PM,333 CHAL 1DEA79A5
16/08/2020 10:18:57 PM,RESP 83CBEBBD
16/08/2020 10:18:57 PM,230 Auth OK
16/08/2020 10:18:58 PM,TIME
16/08/2020 10:18:58 PM,211 TIME 1597616338
16/08/2020 10:18:59 PM,EVCOUNT 1
16/08/2020 10:18:59 PM,252 Event OK
16/08/2020 10:18:59 PM,TODO
16/08/2020 10:18:59 PM,226 Nothing to do
16/08/2020 10:19:00 PM,EVENT 56076 1597616334 -310121352/1219236064/920/3/0 REPORT * 0 66 v:123
16/08/2020 10:19:00 PM,252 Event OK
16/08/2020 10:19:01 PM,QUIT
16/08/2020 10:19:01 PM,221 Session ended - goodbye
16/08/2020 10:19:40 PM,UNIT 9279
16/08/2020 10:19:40 PM,333 CHAL 4B5BBF57
16/08/2020 10:19:41 PM,RESP 53FA06DD
16/08/2020 10:19:41 PM,230 Auth OK
16/08/2020 10:19:42 PM,TIME
16/08/2020 10:19:42 PM,211 TIME 1597616382
16/08/2020 10:19:42 PM,EVCOUNT 4
16/08/2020 10:19:42 PM,252 Event OK
16/08/2020 10:19:43 PM,TODO
16/08/2020 10:19:43 PM,226 Nothing to do
16/08/2020 10:19:43 PM,EVENT 56077 1597616377 -310121394/1219236010/990/2/0 INPUT 8 1 0 v:123
16/08/2020 10:19:43 PM,252 Event OK
16/08/2020 10:19:44 PM,EVENT 56078 1597616377 -310121393/1219236007/988/2/0 INPUT 7 0 75 v:123
16/08/2020 10:19:44 PM,252 Event OK
16/08/2020 10:19:45 PM,EVENT 56079 1597616380 -310121385/1219235999/983/2/0 INPUT 7 1 0 v:123
16/08/2020 10:19:45 PM,252 Event OK
16/08/2020 10:19:46 PM,EVENT 56080 1597616380 -310121385/1219235999/983/2/0 INPUT 8 0 3 v:124
16/08/2020 10:19:46 PM,252 Event OK
16/08/2020 10:19:47 PM,EVENT 56081 1597616381 -310121385/1219235998/981/2/0 INPUT 8 1 0 v:124
16/08/2020 10:19:47 PM,252 Event OK
16/08/2020 10:19:47 PM,EVENT 56082 1597616382 -310121387/1219235998/982/2/0 INPUT 7 0 2 v:124
16/08/2020 10:19:47 PM,252 Event OK
16/08/2020 10:19:48 PM,QUIT
16/08/2020 10:19:48 PM,221 Session ended - goodbye
16/08/2020 10:19:58 PM,UNIT 9279
16/08/2020 10:19:58 PM,333 CHAL 4D35963B
16/08/2020 10:19:59 PM,RESP C1F22D20
16/08/2020 10:19:59 PM,230 Auth OK
16/08/2020 10:20:00 PM,TIME
16/08/2020 10:20:00 PM,211 TIME 1597616400
16/08/2020 10:20:00 PM,EVCOUNT 3
16/08/2020 10:20:00 PM,252 Event OK
16/08/2020 10:20:01 PM,TODO
16/08/2020 10:20:01 PM,226 Nothing to do
16/08/2020 10:20:02 PM,EVENT 56083 1597616391 -310121427/1219236027/981/2/0 SIGNON 2472 03b1ef30 OK 26 270867 0 v:124
16/08/2020 10:20:02 PM,252 Event OK
16/08/2020 10:20:02 PM,EVENT 56084 1597616397 -310121438/1219236089/968/3/0 INPUT 1 0 93 v:123
16/08/2020 10:20:02 PM,252 Event OK
16/08/2020 10:20:03 PM,EVENT 56085 1597616397 -310121437/1219236094/968/3/0 INPUT 4 1 0 v:123
16/08/2020 10:20:03 PM,252 Event OK
16/08/2020 10:20:04 PM,QUIT
16/08/2020 10:20:04 PM,221 Session ended - goodbye
16/08/2020 10:20:14 PM,UNIT 9279
16/08/2020 10:20:14 PM,333 CHAL 189C2A6C
16/08/2020 10:20:15 PM,RESP D6F4852D
16/08/2020 10:20:15 PM,230 Auth OK
16/08/2020 10:20:15 PM,TIME
16/08/2020 10:20:15 PM,211 TIME 1597616415
16/08/2020 10:20:16 PM,EVCOUNT 2
16/08/2020 10:20:16 PM,252 Event OK
16/08/2020 10:20:16 PM,TODO
16/08/2020 10:20:16 PM,226 Nothing to do
16/08/2020 10:20:17 PM,EVENT 56086 1597616404 -310121265/1219236018/972/3/0 INPUT 4 0 7 v:123
16/08/2020 10:20:17 PM,252 Event OK
16/08/2020 10:20:18 PM,EVENT 56087 1597616405 -310121265/1219236018/972/3/0 INPUT 4 1 0 v:123
16/08/2020 10:20:18 PM,252 Event OK
16/08/2020 10:20:19 PM,EVENT 56088 1597616416 -310119979/1219235176/957/3/7 INPUT 3 1 0 v:123
16/08/2020 10:20:19 PM,252 Event OK
16/08/2020 10:20:20 PM,QUIT
16/08/2020 10:20:20 PM,221 Session ended - goodbye
16/08/2020 10:20:30 PM,UNIT 9279
16/08/2020 10:20:30 PM,333 CHAL 59456747
16/08/2020 10:20:30 PM,RESP A445EC44
16/08/2020 10:20:30 PM,230 Auth OK
16/08/2020 10:20:31 PM,TIME
16/08/2020 10:20:31 PM,211 TIME 1597616431
16/08/2020 10:20:31 PM,EVCOUNT 2
16/08/2020 10:20:31 PM,252 Event OK
16/08/2020 10:20:32 PM,TODO
16/08/2020 10:20:32 PM,226 Nothing to do
16/08/2020 10:20:33 PM,EVENT 56089 1597616419 -310119439/1219234661/943/3/9 INPUT 3 0 4 v:123
16/08/2020 10:20:33 PM,252 Event OK
16/08/2020 10:20:33 PM,EVENT 56090 1597616424 -310118910/1219234062/954/3/4 INPUT 3 1 0 v:123
16/08/2020 10:20:33 PM,252 Event OK
16/08/2020 10:20:34 PM,QUIT
16/08/2020 10:20:34 PM,221 Session ended - goodbye
17/08/2020 8:50:38 AM,UNIT 9279
17/08/2020 8:50:38 AM,333 CHAL 820B7C2
17/08/2020 8:50:38 AM,RESP 54373DA1
17/08/2020 8:50:38 AM,230 Auth OK
17/08/2020 8:50:38 AM,TIME
17/08/2020 8:50:38 AM,211 TIME 1597654238
17/08/2020 8:50:38 AM,EVCOUNT 165
17/08/2020 8:50:38 AM,252 Event OK
17/08/2020 8:50:39 AM,TODO
17/08/2020 8:50:39 AM,226 Nothing to do
17/08/2020 8:50:39 AM,EVENT 56091 1597616441 -310121361/1219229612/965/8/9 INPUT 3 0 17 v:123
17/08/2020 8:50:39 AM,252 Event OK
17/08/2020 8:50:45 AM,EVENT 56092 1597616444 -310121611/1219229287/990/8/4 INPUT 4 0 40 v:123
17/08/2020 8:50:45 AM,252 Event OK
17/08/2020 8:50:47 AM,EVENT 56093 1597616445 -310121611/1219229287/990/8/3 INPUT 4 1 0 v:123
17/08/2020 8:50:47 AM,252 Event OK
17/08/2020 8:50:47 AM,EVENT 56094 1597616465 -310121556/1219229225/996/0/0 INPUT 4 0 21 v:123
17/08/2020 8:50:47 AM,252 Event OK
17/08/2020 8:50:47 AM,EVENT 56095 1597616465 -310121556/1219229225/996/0/0 INPUT 4 1 0 v:123
17/08/2020 8:50:47 AM,252 Event OK
17/08/2020 8:50:48 AM,EVENT 56096 1597616543 -310121495/1219229200/952/0/0 INPUT 4 0 78 v:123
17/08/2020 8:50:48 AM,252 Event OK
17/08/2020 8:50:48 AM,EVENT 56097 1597616543 -310121495/1219229200/952/0/0 INPUT 4 1 0 v:123
17/08/2020 8:50:48 AM,252 Event OK
17/08/2020 8:50:48 AM,EVENT 56098 1597616588 -310121369/1219229161/918/0/0 INPUT 4 0 45 v:123
17/08/2020 8:50:48 AM,252 Event OK
17/08/2020 8:50:49 AM,EVENT 56099 1597616588 -310121369/1219229161/918/0/0 INPUT 4 1 0 v:123
17/08/2020 8:50:49 AM,252 Event OK
17/08/2020 8:50:49 AM,EVENT 56100 1597616661 -310122167/1219226575/926/0/8 INPUT 3 1 0 v:124
17/08/2020 8:50:49 AM,252 Event OK
17/08/2020 8:50:49 AM,EVENT 56101 1597616808 0/0/0/0/12 INPUT 3 0 146 v:124
17/08/2020 8:50:49 AM,252 Event OK
17/08/2020 8:50:50 AM,EVENT 56102 1597616813 0/0/0/0/0 INPUT 4 0 225 v:123
17/08/2020 8:50:50 AM,252 Event OK
17/08/2020 8:50:50 AM,EVENT 56103 1597616813 0/0/0/0/0 INPUT 4 1 0 v:123
17/08/2020 8:50:50 AM,252 Event OK
17/08/2020 8:50:51 AM,EVENT 56104 1597616836 0/0/0/0/7 INPUT 3 1 0 v:123
17/08/2020 8:50:51 AM,252 Event OK
17/08/2020 8:50:51 AM,EVENT 56105 1597616839 0/0/0/0/9 INPUT 3 0 2 v:123
17/08/2020 8:50:51 AM,252 Event OK
17/08/2020 8:50:51 AM,EVENT 56106 1597616839 0/0/0/0/8 INPUT 3 1 0 v:123
17/08/2020 8:50:51 AM,252 Event OK
17/08/2020 8:50:52 AM,EVENT 56107 1597616843 0/0/0/99/9 INPUT 3 0 3 v:124
17/08/2020 8:50:52 AM,252 Event OK
17/08/2020 8:50:52 AM,EVENT 56108 1597616846 0/0/0/99/8 INPUT 3 1 0 v:123
17/08/2020 8:50:52 AM,252 Event OK
17/08/2020 8:50:52 AM,EVENT 56109 1597616847 0/0/0/99/9 INPUT 3 0 1 v:123
17/08/2020 8:50:52 AM,252 Event OK
17/08/2020 8:50:53 AM,EVENT 56110 1597616921 0/0/0/0/0 INPUT 4 0 108 v:123
17/08/2020 8:50:53 AM,252 Event OK
17/08/2020 8:50:53 AM,EVENT 56111 1597616921 0/0/0/0/0 INPUT 4 1 0 v:123
17/08/2020 8:50:53 AM,252 Event OK
17/08/2020 8:50:54 AM,EVENT 56112 1597616936 0/0/0/0/0 INPUT 4 0 15 v:124
17/08/2020 8:50:54 AM,252 Event OK
17/08/2020 8:50:54 AM,EVENT 56113 1597616937 0/0/0/0/0 INPUT 4 1 0 v:124
17/08/2020 8:50:54 AM,252 Event OK
17/08/2020 8:50:54 AM,EVENT 56114 1597616945 0/0/0/0/3 INPUT 4 0 9 v:123
17/08/2020 8:50:54 AM,252 Event OK
17/08/2020 8:50:55 AM,EVENT 56115 1597616945 0/0/0/0/3 INPUT 4 1 0 v:123
17/08/2020 8:50:55 AM,252 Event OK
17/08/2020 8:50:55 AM,EVENT 56116 1597616952 0/0/0/0/6 INPUT 3 1 0 v:123
17/08/2020 8:50:55 AM,252 Event OK
17/08/2020 8:50:56 AM,EVENT 56117 1597617213 0/0/0/0/10 INPUT 3 0 262 v:124
17/08/2020 8:50:56 AM,252 Event OK
17/08/2020 8:50:56 AM,EVENT 56118 1597617239 0/0/0/0/0 INPUT 4 0 294 v:124
17/08/2020 8:50:56 AM,252 Event OK
17/08/2020 8:50:56 AM,EVENT 56119 1597617239 0/0/0/0/0 INPUT 4 1 0 v:124
17/08/2020 8:50:56 AM,252 Event OK
17/08/2020 8:50:57 AM,EVENT 56120 1597617243 0/0/0/0/7 INPUT 3 1 0 v:124
17/08/2020 8:50:57 AM,252 Event OK
17/08/2020 8:50:57 AM,EVENT 56121 1597617291 0/0/0/0/11 INPUT 3 0 47 v:124
17/08/2020 8:50:57 AM,252 Event OK
17/08/2020 8:50:57 AM,EVENT 56122 1597617295 0/0/0/0/0 INPUT 4 0 56 v:124
17/08/2020 8:50:57 AM,252 Event OK
17/08/2020 8:50:58 AM,EVENT 56123 1597617296 0/0/0/0/1 INPUT 4 1 0 v:124
17/08/2020 8:50:58 AM,252 Event OK
17/08/2020 8:50:58 AM,EVENT 56124 1597617298 0/0/0/0/0 INPUT 4 0 3 v:124
17/08/2020 8:50:58 AM,252 Event OK
17/08/2020 8:50:59 AM,EVENT 56125 1597617298 0/0/0/0/0 INPUT 4 1 0 v:124
17/08/2020 8:50:59 AM,252 Event OK
17/08/2020 8:51:00 AM,EVENT 56126 1597617327 0/0/0/0/5 INPUT 3 1 0 v:124
17/08/2020 8:51:00 AM,252 Event OK
17/08/2020 8:51:00 AM,EVENT 56127 1597617522 0/0/0/0/9 INPUT 3 0 194 v:124
17/08/2020 8:51:00 AM,252 Event OK
17/08/2020 8:51:03 AM,EVENT 56128 1597617523 0/0/0/0/8 INPUT 3 1 0 v:124
17/08/2020 8:51:03 AM,252 Event OK
17/08/2020 8:51:37 AM,UNIT 9279
17/08/2020 8:51:37 AM,333 CHAL 10E2B507
17/08/2020 8:51:45 AM,RESP 3D39DD96
17/08/2020 8:51:45 AM,230 Auth OK
17/08/2020 8:51:45 AM,TIME
17/08/2020 8:51:45 AM,211 TIME 1597654305
17/08/2020 8:51:45 AM,EVCOUNT 129
17/08/2020 8:51:45 AM,252 Event OK
17/08/2020 8:51:46 AM,TODO
17/08/2020 8:51:46 AM,226 Nothing to do
17/08/2020 8:51:47 AM,EVENT 56129 1597617523 0/0/0/0/8 INPUT 3 0 1 v:124
17/08/2020 8:51:47 AM,252 Event OK
17/08/2020 8:51:47 AM,EVENT 56129 1597617523 0/0/0/0/8 INPUT 3 0 1 v:124
17/08/2020 8:51:47 AM,253 Event OK - Duplicate
17/08/2020 8:51:47 AM,EVENT 56130 1597617598 0/0/0/0/0 INPUT 4 0 300 v:124
17/08/2020 8:51:47 AM,252 Event OK
17/08/2020 8:51:48 AM,EVENT 56131 1597617598 0/0/0/0/0 INPUT 4 1 0 v:124
17/08/2020 8:51:48 AM,252 Event OK
17/08/2020 8:51:48 AM,EVENT 56132 1597617619 0/0/0/0/0 INPUT 3 1 0 v:124
17/08/2020 8:51:48 AM,252 Event OK
17/08/2020 8:52:15 AM,UNIT 9279
17/08/2020 8:52:15 AM,333 CHAL 1214E324
17/08/2020 8:52:16 AM,RESP 7FFC3C3D
17/08/2020 8:52:16 AM,230 Auth OK
17/08/2020 8:52:16 AM,TIME
17/08/2020 8:52:16 AM,211 TIME 1597654336
17/08/2020 8:52:16 AM,EVCOUNT 127
17/08/2020 8:52:16 AM,252 Event OK
17/08/2020 8:52:17 AM,TODO
17/08/2020 8:52:17 AM,226 Nothing to do
17/08/2020 8:52:17 AM,EVENT 56132 1597617619 0/0/0/0/0 INPUT 3 1 0 v:124
17/08/2020 8:52:17 AM,253 Event OK - Duplicate
17/08/2020 8:52:17 AM,EVENT 56133 1597617650 0/0/0/0/11 INPUT 3 0 31 v:124
17/08/2020 8:52:17 AM,252 Event OK
17/08/2020 8:52:18 AM,EVENT 56134 1597617659 0/0/0/0/3 INPUT 3 1 0 v:124
17/08/2020 8:52:18 AM,252 Event OK
17/08/2020 8:52:18 AM,EVENT 56135 1597617667 0/0/0/0/10 INPUT 3 0 7 v:124
17/08/2020 8:52:18 AM,252 Event OK
17/08/2020 8:52:19 AM,EVENT 56136 1597617667 0/0/0/0/8 INPUT 3 1 0 v:124
17/08/2020 8:52:19 AM,252 Event OK
17/08/2020 8:52:19 AM,EVENT 56137 1597617696 0/0/0/0/16 INPUT 3 0 29 v:124
17/08/2020 8:52:19 AM,252 Event OK
17/08/2020 8:52:19 AM,EVENT 56138 1597617701 0/0/0/0/4 INPUT 3 1 0 v:124
17/08/2020 8:52:19 AM,252 Event OK
17/08/2020 8:52:20 AM,EVENT 56139 1597617711 0/0/0/0/10 INPUT 3 0 9 v:124
17/08/2020 8:52:20 AM,252 Event OK
17/08/2020 8:52:20 AM,EVENT 56140 1597617713 0/0/0/0/8 INPUT 3 1 0 v:123
17/08/2020 8:52:20 AM,252 Event OK
17/08/2020 8:52:21 AM,EVENT 56141 1597617719 0/0/0/0/9 INPUT 3 0 5 v:124
17/08/2020 8:52:21 AM,252 Event OK
17/08/2020 8:52:21 AM,EVENT 56142 1597617720 0/0/0/0/8 INPUT 3 1 0 v:124
17/08/2020 8:52:21 AM,252 Event OK
17/08/2020 8:52:22 AM,EVENT 56143 1597617721 0/0/0/0/9 INPUT 3 0 1 v:123
17/08/2020 8:52:22 AM,252 Event OK
17/08/2020 8:52:22 AM,EVENT 56144 1597617721 0/0/0/0/8 INPUT 3 1 0 v:123
17/08/2020 8:52:22 AM,252 Event OK
17/08/2020 8:52:22 AM,EVENT 56145 1597617727 0/0/0/0/9 INPUT 3 0 5 v:124
17/08/2020 8:52:22 AM,252 Event OK
17/08/2020 8:52:23 AM,EVENT 56146 1597617731 0/0/0/0/8 INPUT 3 1 0 v:124
17/08/2020 8:52:23 AM,252 Event OK
17/08/2020 8:52:23 AM,EVENT 56147 1597617740 0/0/0/0/9 INPUT 3 0 9 v:124
17/08/2020 8:52:23 AM,252 Event OK
17/08/2020 8:52:24 AM,EVENT 56148 1597617746 0/0/0/0/4 INPUT 4 0 148 v:124
17/08/2020 8:52:24 AM,252 Event OK
17/08/2020 8:52:25 AM,EVENT 56149 1597617746 0/0/0/0/3 INPUT 4 1 0 v:124
17/08/2020 8:52:25 AM,252 Event OK
17/08/2020 8:52:26 AM,EVENT 56150 1597617752 0/0/0/0/4 INPUT 4 0 6 v:124
17/08/2020 8:52:26 AM,252 Event OK
17/08/2020 8:52:37 AM,EVENT 56151 1597617752 0/0/0/0/3 INPUT 4 1 0 v:124
17/08/2020 8:52:37 AM,252 Event OK
17/08/2020 8:52:37 AM,EVENT 56152 1597617757 0/0/0/0/3 INPUT 4 0 5 v:124
17/08/2020 8:52:37 AM,252 Event OK
17/08/2020 8:52:38 AM,EVENT 56153 1597617757 0/0/0/0/3 INPUT 4 1 0 v:124
17/08/2020 8:52:38 AM,252 Event OK
17/08/2020 8:52:38 AM,EVENT 56154 1597617762 0/0/0/0/0 INPUT 4 0 5 v:124
17/08/2020 8:52:38 AM,252 Event OK
17/08/2020 8:52:38 AM,EVENT 56155 1597617762 0/0/0/0/0 INPUT 4 1 0 v:124
17/08/2020 8:52:38 AM,252 Event OK
17/08/2020 8:52:39 AM,EVENT 56156 1597617768 0/0/0/0/8 INPUT 3 1 0 v:124
17/08/2020 8:52:39 AM,252 Event OK
17/08/2020 8:52:39 AM,EVENT 56157 1597617798 0/0/0/0/11 INPUT 3 0 29 v:124
17/08/2020 8:52:39 AM,252 Event OK
17/08/2020 8:52:39 AM,EVENT 56158 1597617799 0/0/0/0/8 INPUT 3 1 0 v:124
17/08/2020 8:52:39 AM,252 Event OK
17/08/2020 8:52:39 AM,EVENT 56159 1597617820 0/0/0/0/10 INPUT 3 0 20 v:124
17/08/2020 8:52:39 AM,252 Event OK
17/08/2020 8:52:40 AM,EVENT 56160 1597617886 0/0/0/99/0 INPUT 4 0 124 v:124
17/08/2020 8:52:40 AM,252 Event OK
17/08/2020 8:52:40 AM,EVENT 56161 1597617886 0/0/0/99/0 INPUT 4 1 0 v:124
17/08/2020 8:52:40 AM,252 Event OK
17/08/2020 8:52:40 AM,EVENT 56162 1597617896 0/0/0/99/3 INPUT 4 0 10 v:124
17/08/2020 8:52:40 AM,252 Event OK
17/08/2020 8:52:41 AM,EVENT 56163 1597617896 0/0/0/99/3 INPUT 4 1 0 v:124
17/08/2020 8:52:41 AM,252 Event OK
17/08/2020 8:52:41 AM,EVENT 56164 1597617900 0/0/0/99/6 INPUT 3 1 0 v:124
17/08/2020 8:52:41 AM,252 Event OK
17/08/2020 8:52:41 AM,EVENT 56165 1597618088 0/0/0/0/11 INPUT 3 0 188 v:124
17/08/2020 8:52:41 AM,252 Event OK
17/08/2020 8:52:42 AM,EVENT 56166 1597618091 0/0/0/0/5 INPUT 4 0 195 v:124
17/08/2020 8:52:42 AM,252 Event OK
17/08/2020 8:52:42 AM,EVENT 56167 1597618091 0/0/0/0/4 INPUT 4 1 0 v:124
17/08/2020 8:52:42 AM,252 Event OK
17/08/2020 8:52:42 AM,EVENT 56168 1597618164 0/0/0/0/4 REPORT 56083 0 0 v:124
17/08/2020 8:52:42 AM,252 Event OK
17/08/2020 8:52:43 AM,EVENT 56169 1597618166 0/0/0/0/8 INPUT 3 1 0 v:124
17/08/2020 8:52:43 AM,252 Event OK
17/08/2020 8:52:43 AM,EVENT 56170 1597618238 0/0/0/99/10 INPUT 3 0 73 v:124
17/08/2020 8:52:43 AM,252 Event OK
17/08/2020 8:52:44 AM,EVENT 56171 1597618259 0/0/0/0/3 INPUT 4 0 168 v:124
17/08/2020 8:52:44 AM,252 Event OK
17/08/2020 8:52:44 AM,EVENT 56172 1597618259 0/0/0/0/3 INPUT 4 1 0 v:124
17/08/2020 8:52:44 AM,252 Event OK
17/08/2020 8:52:48 AM,EVENT 56173 1597618282 0/0/0/0/0 INPUT 3 1 0 v:124
17/08/2020 8:52:48 AM,252 Event OK
17/08/2020 8:52:50 AM,EVENT 56174 1597618284 0/0/0/0/9 INPUT 3 0 2 v:124
17/08/2020 8:52:50 AM,252 Event OK
17/08/2020 8:52:51 AM,EVENT 56175 1597618290 0/0/0/0/3 INPUT 3 1 0 v:124
17/08/2020 8:52:51 AM,252 Event OK
17/08/2020 8:52:51 AM,EVENT 56176 1597618385 0/0/0/0/9 INPUT 3 0 95 v:124
17/08/2020 8:52:51 AM,252 Event OK
17/08/2020 8:52:55 AM,EVENT 56177 1597618388 0/0/0/0/0 INPUT 7 1 0 v:124
17/08/2020 8:52:55 AM,252 Event OK
17/08/2020 8:53:22 AM,UNIT 9279
17/08/2020 8:53:22 AM,333 CHAL 71AE8683
17/08/2020 8:53:22 AM,RESP BC68B108
17/08/2020 8:53:22 AM,230 Auth OK
17/08/2020 8:53:23 AM,TIME
17/08/2020 8:53:23 AM,211 TIME 1597654403
17/08/2020 8:53:24 AM,EVCOUNT 83
17/08/2020 8:53:24 AM,252 Event OK
17/08/2020 8:53:24 AM,TODO
17/08/2020 8:53:24 AM,226 Nothing to do
17/08/2020 8:53:24 AM,EVENT 56177 1597618388 0/0/0/0/0 INPUT 7 1 0 v:124
17/08/2020 8:53:24 AM,253 Event OK - Duplicate
17/08/2020 8:53:24 AM,EVENT 56178 1597618388 0/0/0/0/0 INPUT 8 0 2007 v:124
17/08/2020 8:53:24 AM,252 Event OK
17/08/2020 8:53:25 AM,EVENT 56179 1597618389 0/0/0/0/0 INPUT 1 1 0 v:124
17/08/2020 8:53:25 AM,252 Event OK
17/08/2020 8:53:25 AM,EVENT 56180 1597618392 0/0/0/0/0 INPUT 4 0 133 v:124
17/08/2020 8:53:25 AM,252 Event OK
17/08/2020 8:53:26 AM,EVENT 56181 1597618393 0/0/0/0/0 TRIP 56083 1180 815 8 7 2003 v:124
17/08/2020 8:53:26 AM,252 Event OK
17/08/2020 8:53:26 AM,EVENT 56182 1597618687 0/0/0/0/0 INPUT 8 1 0 v:124
17/08/2020 8:53:26 AM,252 Event OK
17/08/2020 8:53:27 AM,EVENT 56183 1597618687 0/0/0/0/0 INPUT 7 0 298 v:124
17/08/2020 8:53:27 AM,252 Event OK
17/08/2020 8:53:27 AM,EVENT 56184 1597618701 0/0/0/0/0 INPUT 7 1 0 v:124
17/08/2020 8:53:27 AM,252 Event OK
17/08/2020 8:53:28 AM,EVENT 56185 1597618701 0/0/0/0/0 INPUT 8 0 14 v:124
17/08/2020 8:53:28 AM,252 Event OK
17/08/2020 8:53:28 AM,EVENT 56186 1597618701 0/0/0/0/0 INPUT 8 1 0 v:124
17/08/2020 8:53:28 AM,252 Event OK
17/08/2020 8:53:28 AM,EVENT 56187 1597618701 0/0/0/0/0 INPUT 7 0 1 v:124
17/08/2020 8:53:28 AM,252 Event OK
17/08/2020 8:53:28 AM,EVENT 56188 1597618713 0/0/0/0/0 SIGNON 2472 03b1ef30 OK 26 270867 0 v:124
17/08/2020 8:53:28 AM,252 Event OK
17/08/2020 8:53:28 AM,EVENT 56189 1597618720 0/0/0/0/0 INPUT 1 0 331 v:124
17/08/2020 8:53:28 AM,252 Event OK
17/08/2020 8:53:29 AM,EVENT 56190 1597618720 0/0/0/0/0 INPUT 4 1 0 v:124
17/08/2020 8:53:29 AM,252 Event OK
17/08/2020 8:53:29 AM,EVENT 56191 1597618724 0/0/0/0/2 INPUT 3 1 0 v:124
17/08/2020 8:53:29 AM,252 Event OK
17/08/2020 8:53:29 AM,EVENT 56192 1597618731 0/0/0/0/10 INPUT 3 0 7 v:124
17/08/2020 8:53:29 AM,252 Event OK
17/08/2020 8:53:30 AM,EVENT 56193 1597618736 0/0/0/0/0 INPUT 7 1 0 v:124
17/08/2020 8:53:30 AM,252 Event OK
17/08/2020 8:53:30 AM,EVENT 56194 1597618736 0/0/0/0/0 INPUT 8 0 36 v:124
17/08/2020 8:53:30 AM,252 Event OK
17/08/2020 8:53:30 AM,EVENT 56195 1597618737 0/0/0/0/0 INPUT 1 1 0 v:124
17/08/2020 8:53:30 AM,252 Event OK
17/08/2020 8:53:30 AM,EVENT 56196 1597618739 0/0/0/0/0 INPUT 4 0 19 v:123
17/08/2020 8:53:30 AM,252 Event OK
17/08/2020 8:53:31 AM,EVENT 56197 1597618741 0/0/0/0/0 TRIP 56188 7 11 10 7 28 v:124
17/08/2020 8:53:31 AM,252 Event OK
17/08/2020 8:53:31 AM,EVENT 56198 1597652854 0/0/0/0/0 SWSTART OpusFC 5.0.58.518 R v:124
17/08/2020 8:53:31 AM,252 Event OK
17/08/2020 8:53:32 AM,EVENT 56199 1597618741 0/0/0/0/0 POWERDOWN v:124
17/08/2020 8:53:32 AM,252 Event OK
17/08/2020 8:53:32 AM,EVENT 56200 1597652854 0/0/0/0/0 INPUT 1 1 0 v:124
17/08/2020 8:53:32 AM,252 Event OK
17/08/2020 8:53:33 AM,EVENT 56201 1597652854 0/0/0/0/0 INPUT 2 0 0 v:124
17/08/2020 8:53:33 AM,252 Event OK
17/08/2020 8:53:34 AM,EVENT 56202 1597652854 0/0/0/0/0 INPUT 3 0 0 v:124
17/08/2020 8:53:34 AM,252 Event OK
17/08/2020 8:53:34 AM,EVENT 56203 1597652854 0/0/0/0/0 INPUT 4 0 0 v:123
17/08/2020 8:53:34 AM,252 Event OK
17/08/2020 8:53:34 AM,EVENT 56204 1597652854 0/0/0/0/0 INPUT 7 0 0 v:123
17/08/2020 8:53:34 AM,252 Event OK
17/08/2020 8:53:34 AM,EVENT 56205 1597652854 0/0/0/0/0 INPUT 8 1 0 v:123
17/08/2020 8:53:34 AM,252 Event OK
17/08/2020 8:53:34 AM,EVENT 56206 1597652856 0/0/0/0/0 ZONE_OK 2 100 FW=NO VERSION v:123
17/08/2020 8:53:34 AM,252 Event OK
17/08/2020 8:53:35 AM,EVENT 56207 1597652863 0/0/0/0/0 SIGNON 2539 01d5f6d3 OK 26 150496 0 v:123
17/08/2020 8:53:35 AM,252 Event OK
17/08/2020 8:53:35 AM,EVENT 56208 1597652869 0/0/0/99/0 INPUT 1 0 15 v:124
17/08/2020 8:53:35 AM,252 Event OK
17/08/2020 8:53:35 AM,EVENT 56209 1597652870 0/0/0/99/0 INPUT 4 1 0 v:124
17/08/2020 8:53:35 AM,252 Event OK
17/08/2020 8:53:35 AM,EVENT 56210 1597652883 0/0/0/0/7 INPUT 3 1 0 v:124
17/08/2020 8:53:35 AM,252 Event OK
17/08/2020 8:53:36 AM,EVENT 56211 1597652888 0/0/0/0/9 INPUT 3 0 5 v:124
17/08/2020 8:53:36 AM,252 Event OK
17/08/2020 8:53:36 AM,EVENT 56212 1597652894 0/0/0/0/5 INPUT 4 0 25 v:124
17/08/2020 8:53:36 AM,252 Event OK
17/08/2020 8:53:36 AM,EVENT 56213 1597652894 0/0/0/0/5 INPUT 4 1 0 v:124
17/08/2020 8:53:36 AM,252 Event OK
17/08/2020 8:53:36 AM,EVENT 56214 1597652900 0/0/0/0/5 INPUT 3 1 0 v:124
17/08/2020 8:53:36 AM,252 Event OK
17/08/2020 8:53:37 AM,EVENT 56215 1597652994 0/0/0/0/9 INPUT 3 0 95 v:124
17/08/2020 8:53:37 AM,252 Event OK
17/08/2020 8:53:37 AM,EVENT 56216 1597653007 0/0/0/0/0 INPUT 4 0 113 v:124
17/08/2020 8:53:37 AM,252 Event OK
17/08/2020 8:53:37 AM,EVENT 56217 1597653007 0/0/0/0/0 INPUT 4 1 0 v:124
17/08/2020 8:53:37 AM,252 Event OK
17/08/2020 8:53:38 AM,EVENT 56218 1597653087 0/0/0/0/6 INPUT 3 1 0 v:124
17/08/2020 8:53:38 AM,252 Event OK
17/08/2020 8:53:38 AM,EVENT 56219 1597653108 0/0/0/0/11 INPUT 3 0 22 v:124
17/08/2020 8:53:38 AM,252 Event OK
17/08/2020 8:53:38 AM,EVENT 56220 1597653109 0/0/0/0/9 INPUT 3 1 0 v:124
17/08/2020 8:53:38 AM,252 Event OK
17/08/2020 8:53:38 AM,EVENT 56221 1597653110 0/0/0/0/8 INPUT 3 0 1 v:124
17/08/2020 8:53:38 AM,252 Event OK
17/08/2020 8:53:38 AM,EVENT 56222 1597653114 0/0/0/0/1 INPUT 4 0 107 v:124
17/08/2020 8:53:38 AM,252 Event OK
17/08/2020 8:53:39 AM,EVENT 56223 1597653115 0/0/0/0/0 INPUT 4 1 0 v:124
17/08/2020 8:53:39 AM,252 Event OK
17/08/2020 8:53:39 AM,EVENT 56224 1597653124 0/0/0/0/2 INPUT 3 1 0 v:124
17/08/2020 8:53:39 AM,252 Event OK
17/08/2020 8:53:39 AM,EVENT 56225 1597653128 0/0/0/0/10 INPUT 3 0 4 v:124
17/08/2020 8:53:39 AM,252 Event OK
17/08/2020 8:53:40 AM,EVENT 56226 1597653137 0/0/0/0/1 INPUT 4 0 23 v:124
17/08/2020 8:53:40 AM,252 Event OK
17/08/2020 8:53:40 AM,EVENT 56227 1597653137 0/0/0/0/1 INPUT 4 1 0 v:124
17/08/2020 8:53:40 AM,252 Event OK
17/08/2020 8:53:40 AM,EVENT 56228 1597653157 0/0/0/0/0 INPUT 4 0 20 v:124
17/08/2020 8:53:40 AM,252 Event OK
17/08/2020 8:53:40 AM,EVENT 56229 1597653157 0/0/0/0/0 INPUT 4 1 0 v:124
17/08/2020 8:53:40 AM,252 Event OK
17/08/2020 8:53:47 AM,EVENT 56230 1597653190 0/0/0/0/0 INPUT 4 0 33 v:124
17/08/2020 8:53:47 AM,252 Event OK
17/08/2020 8:53:48 AM,EVENT 56231 1597653190 0/0/0/0/0 INPUT 4 1 0 v:124
17/08/2020 8:53:48 AM,252 Event OK
17/08/2020 8:53:49 AM,EVENT 56232 1597653211 0/0/0/99/6 INPUT 3 1 0 v:124
17/08/2020 8:53:49 AM,252 Event OK
17/08/2020 8:53:49 AM,EVENT 56233 1597653239 0/0/0/0/10 INPUT 3 0 29 v:124
17/08/2020 8:53:49 AM,252 Event OK
17/08/2020 8:53:50 AM,EVENT 56234 1597653327 0/0/0/0/7 INPUT 3 1 0 v:124
17/08/2020 8:53:50 AM,252 Event OK
17/08/2020 8:53:55 AM,EVENT 56235 1597653354 0/0/0/0/10 INPUT 3 0 27 v:124
17/08/2020 8:53:55 AM,252 Event OK
17/08/2020 8:53:56 AM,EVENT 56236 1597653376 0/0/0/0/6 INPUT 3 1 0 v:124
17/08/2020 8:53:56 AM,252 Event OK
17/08/2020 8:53:56 AM,EVENT 56237 1597653376 0/0/0/0/15 INPUT 3 0 1 v:124
17/08/2020 8:53:56 AM,252 Event OK
17/08/2020 8:53:56 AM,EVENT 56238 1597653533 0/0/0/0/1 INPUT 4 0 343 v:124
17/08/2020 8:53:56 AM,252 Event OK
17/08/2020 8:53:57 AM,EVENT 56239 1597653533 0/0/0/0/1 INPUT 4 1 0 v:124
17/08/2020 8:53:57 AM,252 Event OK
17/08/2020 8:54:06 AM,EVENT 56240 1597653560 0/0/0/99/7 INPUT 3 1 0 v:124
17/08/2020 8:54:06 AM,252 Event OK
17/08/2020 8:54:06 AM,EVENT 56241 1597653562 0/0/0/99/10 INPUT 3 0 2 v:124
17/08/2020 8:54:06 AM,252 Event OK
17/08/2020 8:54:07 AM,EVENT 56242 1597653563 0/0/0/99/5 INPUT 3 1 0 v:124
17/08/2020 8:54:07 AM,252 Event OK
17/08/2020 8:54:07 AM,EVENT 56243 1597653827 0/0/0/0/9 INPUT 3 0 264 v:124
17/08/2020 8:54:07 AM,252 Event OK
17/08/2020 8:54:10 AM,EVENT 56244 1597653839 0/0/0/0/5 INPUT 4 0 306 v:124
17/08/2020 8:54:10 AM,252 Event OK
17/08/2020 8:54:10 AM,EVENT 56245 1597653840 0/0/0/0/4 INPUT 4 1 0 v:124
17/08/2020 8:54:10 AM,252 Event OK
17/08/2020 8:54:10 AM,EVENT 56246 1597653845 0/0/0/0/0 INPUT 4 0 6 v:124
17/08/2020 8:54:10 AM,252 Event OK
17/08/2020 8:54:11 AM,EVENT 56247 1597653846 0/0/0/0/0 INPUT 4 1 0 v:124
17/08/2020 8:54:11 AM,252 Event OK
17/08/2020 8:54:11 AM,EVENT 56248 1597653881 0/0/0/0/5 INPUT 3 1 0 v:124
17/08/2020 8:54:11 AM,252 Event OK
17/08/2020 8:54:12 AM,EVENT 56249 1597653882 0/0/0/0/8 INPUT 3 0 1 v:124
17/08/2020 8:54:12 AM,252 Event OK
17/08/2020 8:54:12 AM,EVENT 56250 1597653883 0/0/0/0/8 INPUT 3 1 0 v:124
17/08/2020 8:54:12 AM,252 Event OK
17/08/2020 8:54:13 AM,EVENT 56251 1597653886 0/0/0/0/11 INPUT 3 0 3 v:124
17/08/2020 8:54:13 AM,252 Event OK
17/08/2020 8:54:13 AM,EVENT 56252 1597653886 0/0/0/0/9 INPUT 3 1 0 v:124
17/08/2020 8:54:13 AM,252 Event OK
17/08/2020 8:54:13 AM,EVENT 56253 1597654222 0/0/0/0/10 INPUT 3 0 335 v:124
17/08/2020 8:54:13 AM,252 Event OK
17/08/2020 8:54:14 AM,EVENT 56254 1597654225 -310121877/1219228641/10569/99/0 INPUT 4 0 380 v:124
17/08/2020 8:54:14 AM,252 Event OK
17/08/2020 8:54:14 AM,EVENT 56255 1597654225 -310121877/1219228641/10569/99/0 INPUT 4 1 0 v:124
17/08/2020 8:54:14 AM,252 Event OK
17/08/2020 8:54:14 AM,EVENT 56256 1597654258 -310121728/1219228611/1232/0/0 INPUT 4 0 33 v:123
17/08/2020 8:54:14 AM,252 Event OK
17/08/2020 8:54:15 AM,EVENT 56257 1597654258 -310121728/1219228611/1232/0/0 INPUT 4 1 0 v:123
17/08/2020 8:54:15 AM,252 Event OK
17/08/2020 8:54:18 AM,EVENT 56258 1597654324 -310120892/1219229701/968/0/7 INPUT 3 1 0 v:124
17/08/2020 8:54:18 AM,252 Event OK
17/08/2020 8:54:18 AM,EVENT 56259 1597654383 -310128680/1219229416/966/0/10 INPUT 3 0 59 v:124
17/08/2020 8:54:18 AM,252 Event OK
17/08/2020 8:54:19 AM,QUIT
17/08/2020 8:54:19 AM,221 Session ended - goodbye
17/08/2020 8:56:33 AM,UNIT 9279
17/08/2020 8:56:33 AM,333 CHAL 56AC7950
17/08/2020 8:56:34 AM,RESP 6A96A0B2
17/08/2020 8:56:34 AM,230 Auth OK
17/08/2020 8:56:34 AM,TIME
17/08/2020 8:56:34 AM,211 TIME 1597654594
17/08/2020 8:56:35 AM,EVCOUNT 1
17/08/2020 8:56:35 AM,252 Event OK
17/08/2020 8:56:35 AM,TODO
17/08/2020 8:56:35 AM,226 Nothing to do
17/08/2020 8:56:36 AM,EVENT 56260 1597654591 -310128601/1219229084/941/1/5 INPUT 3 1 0 v:124
17/08/2020 8:56:36 AM,252 Event OK
17/08/2020 8:56:36 AM,QUIT
17/08/2020 8:56:36 AM,221 Session ended - goodbye
17/08/2020 8:57:54 AM,UNIT 9279
17/08/2020 8:57:54 AM,333 CHAL 72DFEA57
17/08/2020 8:57:54 AM,RESP 33998F05
17/08/2020 8:57:54 AM,230 Auth OK
17/08/2020 8:57:56 AM,TIME
17/08/2020 8:57:56 AM,211 TIME 1597654676
17/08/2020 8:57:57 AM,EVCOUNT 3
17/08/2020 8:57:57 AM,252 Event OK
17/08/2020 8:57:59 AM,TODO
17/08/2020 8:57:59 AM,226 Nothing to do
17/08/2020 8:58:01 AM,EVENT 56261 1597654671 -310122114/1219228418/946/7/9 INPUT 3 0 79 v:124
17/08/2020 8:58:01 AM,252 Event OK
17/08/2020 8:58:02 AM,EVENT 56262 1597654677 -310121726/1219229157/940/7/2 INPUT 7 1 0 v:124
17/08/2020 8:58:02 AM,252 Event OK
17/08/2020 8:58:03 AM,EVENT 56263 1597654677 -310121726/1219229157/940/7/2 INPUT 8 0 1822 v:124
17/08/2020 8:58:03 AM,252 Event OK
17/08/2020 8:58:04 AM,EVENT 56264 1597654677 -310121729/1219229161/934/7/1 INPUT 1 1 0 v:124
17/08/2020 8:58:04 AM,252 Event OK
17/08/2020 8:58:04 AM,EVENT 56265 1597654681 -310121763/1219229172/902/7/0 TRIP 56207 927 885 7 7 1819 v:124
17/08/2020 8:58:04 AM,252 Event OK
17/08/2020 8:58:05 AM,EVENT 56266 1597654682 -310121767/1219229176/900/7/0 INPUT 4 0 423 v:124
17/08/2020 8:58:05 AM,252 Event OK
17/08/2020 8:58:06 AM,EVENT 56267 1597654686 -310121786/1219229192/876/7/0 REPORT * 0 53 v:124
17/08/2020 8:58:06 AM,252 Event OK
17/08/2020 8:58:07 AM,QUIT
17/08/2020 8:58:07 AM,221 Session ended - goodbye
17/08/2020 9:19:10 AM,UNIT 9279
17/08/2020 9:19:10 AM,333 CHAL 356BB3F0
17/08/2020 9:19:11 AM,RESP D03FD57D
17/08/2020 9:19:11 AM,230 Auth OK
17/08/2020 9:19:11 AM,TIME
17/08/2020 9:19:11 AM,211 TIME 1597655951
17/08/2020 9:19:12 AM,EVCOUNT 7
17/08/2020 9:19:12 AM,252 Event OK
17/08/2020 9:19:14 AM,TODO
17/08/2020 9:19:14 AM,226 Nothing to do
17/08/2020 9:19:15 AM,EVENT 56268 1597655921 -310121656/1219229254/883/0/0 INPUT 8 1 0 v:124
17/08/2020 9:19:15 AM,252 Event OK
17/08/2020 9:19:16 AM,EVENT 56269 1597655922 -310121656/1219229257/885/0/0 INPUT 7 0 1245 v:124
17/08/2020 9:19:16 AM,252 Event OK
17/08/2020 9:19:17 AM,EVENT 56270 1597655933 -310121675/1219229297/911/0/0 SIGNON 2539 01d5f6d3 OK 26 150496 0 v:124
17/08/2020 9:19:17 AM,252 Event OK
17/08/2020 9:19:19 AM,EVENT 56271 1597655939 -310121698/1219229331/926/0/0 INPUT 1 0 1261 v:124
17/08/2020 9:19:19 AM,252 Event OK
17/08/2020 9:19:38 AM,EVENT 56272 1597655939 -310121698/1219229331/926/0/0 INPUT 4 1 0 v:124
17/08/2020 9:19:38 AM,252 Event OK
17/08/2020 9:19:38 AM,EVENT 56273 1597655940 -310121703/1219229338/928/0/0 INPUT 4 0 2 v:124
17/08/2020 9:19:38 AM,252 Event OK
17/08/2020 9:19:39 AM,EVENT 56274 1597655940 -310121703/1219229338/928/0/0 INPUT 4 1 0 v:124
17/08/2020 9:19:39 AM,252 Event OK
17/08/2020 9:19:40 AM,EVENT 56275 1597655961 -310121772/1219229336/929/0/0 INPUT 4 0 21 v:124
17/08/2020 9:19:40 AM,252 Event OK
17/08/2020 9:19:41 AM,EVENT 56276 1597655961 -310121772/1219229336/929/0/0 INPUT 4 1 0 v:124
17/08/2020 9:19:41 AM,252 Event OK
17/08/2020 9:19:43 AM,QUIT
17/08/2020 9:19:43 AM,221 Session ended - goodbye
17/08/2020 9:22:52 AM,UNIT 9279
17/08/2020 9:22:52 AM,333 CHAL 1E55993
17/08/2020 9:22:53 AM,RESP 51E82756
17/08/2020 9:22:53 AM,230 Auth OK
17/08/2020 9:22:57 AM,TIME
17/08/2020 9:22:57 AM,211 TIME 1597656177
17/08/2020 9:22:57 AM,EVCOUNT 4
17/08/2020 9:22:57 AM,252 Event OK
17/08/2020 9:22:58 AM,TODO
17/08/2020 9:22:58 AM,226 Nothing to do
17/08/2020 9:22:59 AM,EVENT 56277 1597656114 -310121698/1219229264/868/0/0 INPUT 4 0 153 v:124
17/08/2020 9:22:59 AM,252 Event OK
17/08/2020 9:22:59 AM,EVENT 56278 1597656114 -310121698/1219229264/868/0/0 INPUT 4 1 0 v:124
17/08/2020 9:22:59 AM,252 Event OK
17/08/2020 9:23:00 AM,EVENT 56279 1597656147 -310121654/1219229205/884/0/0 INPUT 4 0 33 v:124
17/08/2020 9:23:00 AM,252 Event OK
17/08/2020 9:23:01 AM,EVENT 56280 1597656147 -310121654/1219229205/884/0/0 INPUT 4 1 0 v:124
17/08/2020 9:23:01 AM,252 Event OK
17/08/2020 9:23:01 AM,EVENT 56281 1597656180 -310121777/1219229265/883/0/0 INPUT 4 0 33 v:124
17/08/2020 9:23:01 AM,252 Event OK
17/08/2020 9:23:02 AM,EVENT 56282 1597656180 -310121777/1219229265/883/0/0 INPUT 4 1 0 v:124
17/08/2020 9:23:02 AM,252 Event OK
17/08/2020 9:23:03 AM,QUIT
17/08/2020 9:23:03 AM,221 Session ended - goodbye
17/08/2020 9:23:43 AM,UNIT 9279
17/08/2020 9:23:43 AM,333 CHAL 43724C80
17/08/2020 9:23:51 AM,RESP B3683491
17/08/2020 9:23:51 AM,230 Auth OK
17/08/2020 9:23:52 AM,TIME
17/08/2020 9:23:52 AM,211 TIME 1597656232
17/08/2020 9:23:52 AM,EVCOUNT 2
17/08/2020 9:23:52 AM,252 Event OK
17/08/2020 9:23:53 AM,TODO
17/08/2020 9:23:53 AM,226 Nothing to do
17/08/2020 9:23:54 AM,EVENT 56283 1597656213 -310121682/1219229253/846/0/0 INPUT 4 0 33 v:124
17/08/2020 9:23:54 AM,252 Event OK
17/08/2020 9:23:56 AM,EVENT 56284 1597656213 -310121682/1219229253/846/0/0 INPUT 4 1 0 v:124
17/08/2020 9:23:56 AM,252 Event OK
17/08/2020 9:23:56 AM,EVENT 56285 1597656236 -310121657/1219229223/836/0/0 INPUT 4 0 23 v:124
17/08/2020 9:23:56 AM,252 Event OK
17/08/2020 9:23:57 AM,EVENT 56286 1597656236 -310121657/1219229223/836/0/0 INPUT 4 1 0 v:124
17/08/2020 9:23:57 AM,252 Event OK
17/08/2020 9:23:57 AM,QUIT
17/08/2020 9:23:57 AM,221 Session ended - goodbye
17/08/2020 9:26:29 AM,UNIT 9279
17/08/2020 9:26:29 AM,333 CHAL 57961916
17/08/2020 9:26:29 AM,RESP 2E4FBE55
17/08/2020 9:26:29 AM,230 Auth OK
17/08/2020 9:26:30 AM,TIME
17/08/2020 9:26:30 AM,211 TIME 1597656390
17/08/2020 9:26:31 AM,EVCOUNT 1
17/08/2020 9:26:31 AM,252 Event OK
17/08/2020 9:26:31 AM,TODO
17/08/2020 9:26:31 AM,226 Nothing to do
17/08/2020 9:26:32 AM,EVENT 56287 1597656386 -310120463/1219230450/870/0/7 INPUT 3 1 0 v:124
17/08/2020 9:26:32 AM,252 Event OK
17/08/2020 9:26:32 AM,QUIT
17/08/2020 9:26:32 AM,221 Session ended - goodbye
17/08/2020 9:28:02 AM,UNIT 9279
17/08/2020 9:28:02 AM,333 CHAL 3EA1D0B5
17/08/2020 9:28:02 AM,RESP E135CE3F
17/08/2020 9:28:02 AM,230 Auth OK
17/08/2020 9:28:03 AM,TIME
17/08/2020 9:28:03 AM,211 TIME 1597656483
17/08/2020 9:28:03 AM,EVCOUNT 1
17/08/2020 9:28:03 AM,252 Event OK
17/08/2020 9:28:04 AM,TODO
17/08/2020 9:28:04 AM,226 Nothing to do
17/08/2020 9:28:05 AM,EVENT 56288 1597656480 -310143230/1219230709/938/3/9 INPUT 3 0 94 v:124
17/08/2020 9:28:05 AM,252 Event OK
17/08/2020 9:28:06 AM,QUIT
17/08/2020 9:28:06 AM,221 Session ended - goodbye
17/08/2020 9:28:16 AM,UNIT 9279
17/08/2020 9:28:16 AM,333 CHAL 31AC505F
17/08/2020 9:28:17 AM,RESP AB7B4B18
17/08/2020 9:28:17 AM,230 Auth OK
17/08/2020 9:28:17 AM,TIME
17/08/2020 9:28:17 AM,211 TIME 1597656497
17/08/2020 9:28:18 AM,EVCOUNT 5
17/08/2020 9:28:18 AM,252 Event OK
17/08/2020 9:28:18 AM,TODO
17/08/2020 9:28:18 AM,226 Nothing to do
17/08/2020 9:28:19 AM,EVENT 56289 1597656494 -310143472/1219230614/856/3/0 INPUT 7 1 0 v:124
17/08/2020 9:28:19 AM,252 Event OK
17/08/2020 9:28:20 AM,EVENT 56290 1597656494 -310143472/1219230614/856/3/0 INPUT 8 0 572 v:124
17/08/2020 9:28:20 AM,252 Event OK
17/08/2020 9:28:21 AM,EVENT 56291 1597656495 -310143464/1219230619/851/10/0 INPUT 1 1 0 v:124
17/08/2020 9:28:21 AM,252 Event OK
17/08/2020 9:28:21 AM,EVENT 56292 1597656496 -310143456/1219230624/846/10/0 INPUT 4 0 260 v:124
17/08/2020 9:28:21 AM,252 Event OK
17/08/2020 9:28:22 AM,EVENT 56293 1597656498 -310143446/1219230634/840/10/0 TRIP 56270 94 464 8 6 566 v:124
17/08/2020 9:28:22 AM,252 Event OK
17/08/2020 9:28:23 AM,QUIT
17/08/2020 9:28:23 AM,221 Session ended - goodbye
17/08/2020 10:13:09 AM,UNIT 9279
17/08/2020 10:13:09 AM,333 CHAL 535A9DE7
17/08/2020 10:13:09 AM,RESP E8BB40AC
17/08/2020 10:13:09 AM,230 Auth OK
17/08/2020 10:13:09 AM,TIME
17/08/2020 10:13:09 AM,211 TIME 1597659189
17/08/2020 10:13:10 AM,EVCOUNT 10
17/08/2020 10:13:10 AM,252 Event OK
17/08/2020 10:13:10 AM,TODO
17/08/2020 10:13:10 AM,226 Nothing to do
17/08/2020 10:13:11 AM,EVENT 56294 1597659167 0/0/0/0/0 SWSTART OpusFC 5.0.58.518 R v:124
17/08/2020 10:13:11 AM,252 Event OK
17/08/2020 10:13:11 AM,EVENT 56295 1597656498 0/0/0/0/0 POWERDOWN v:124
17/08/2020 10:13:11 AM,252 Event OK
17/08/2020 10:13:12 AM,EVENT 56296 1597659167 0/0/0/0/0 INPUT 1 1 0 v:123
17/08/2020 10:13:12 AM,252 Event OK
17/08/2020 10:13:12 AM,EVENT 56297 1597659167 0/0/0/0/0 INPUT 2 0 0 v:123
17/08/2020 10:13:12 AM,252 Event OK
17/08/2020 10:13:12 AM,EVENT 56298 1597659167 0/0/0/0/0 INPUT 3 0 0 v:124
17/08/2020 10:13:12 AM,252 Event OK
17/08/2020 10:13:12 AM,EVENT 56299 1597659167 0/0/0/0/0 INPUT 4 0 0 v:123
17/08/2020 10:13:12 AM,252 Event OK
17/08/2020 10:13:13 AM,EVENT 56300 1597659167 0/0/0/0/0 INPUT 7 0 0 v:124
17/08/2020 10:13:13 AM,252 Event OK
17/08/2020 10:13:13 AM,EVENT 56301 1597659167 0/0/0/0/0 INPUT 8 1 0 v:124
17/08/2020 10:13:13 AM,252 Event OK
17/08/2020 10:13:13 AM,EVENT 56302 1597659169 0/0/0/0/0 ZONE_OK 2 100 FW=NO VERSION v:123
17/08/2020 10:13:13 AM,252 Event OK
17/08/2020 10:13:13 AM,EVENT 56303 1597659178 0/0/0/0/0 SIGNON 2485 03f9ef12 OK_CL 26 30876 0 v:123
17/08/2020 10:13:13 AM,252 Event OK
17/08/2020 10:13:14 AM,EVENT 56304 1597659194 -310141628/1219225682/18007/5/0 CHECKLIST 56303 OK 0 17 432 F v:123
17/08/2020 10:13:14 AM,252 Event OK
17/08/2020 10:13:14 AM,QUIT
17/08/2020 10:13:14 AM,221 Session ended - goodbye
17/08/2020 10:13:26 AM,UNIT 9279
17/08/2020 10:13:26 AM,333 CHAL 5E8DA94E
17/08/2020 10:13:26 AM,RESP C7CBBED9
17/08/2020 10:13:26 AM,230 Auth OK
17/08/2020 10:13:29 AM,TIME
17/08/2020 10:13:29 AM,211 TIME 1597659209
17/08/2020 10:13:29 AM,EVCOUNT 2
17/08/2020 10:13:29 AM,252 Event OK
17/08/2020 10:13:30 AM,TODO
17/08/2020 10:13:30 AM,226 Nothing to do
17/08/2020 10:13:31 AM,EVENT 56305 1597659202 -310141852/1219225675/8949/5/0 INPUT 1 0 35 v:124
17/08/2020 10:13:31 AM,252 Event OK
17/08/2020 10:13:31 AM,EVENT 56306 1597659202 -310141861/1219225672/8763/5/0 INPUT 4 1 0 v:124
17/08/2020 10:13:31 AM,252 Event OK
17/08/2020 10:13:32 AM,QUIT
17/08/2020 10:13:32 AM,221 Session ended - goodbye
17/08/2020 10:13:42 AM,UNIT 9279
17/08/2020 10:13:42 AM,333 CHAL 7EAFA677
17/08/2020 10:13:42 AM,RESP 37092970
17/08/2020 10:13:42 AM,230 Auth OK
17/08/2020 10:13:43 AM,TIME
17/08/2020 10:13:43 AM,211 TIME 1597659223
17/08/2020 10:13:43 AM,EVCOUNT 2
17/08/2020 10:13:43 AM,252 Event OK
17/08/2020 10:13:44 AM,TODO
17/08/2020 10:13:44 AM,226 Nothing to do
17/08/2020 10:13:45 AM,EVENT 56307 1597659220 -310143300/1219230472/1786/5/0 INPUT 4 0 18 v:124
17/08/2020 10:13:45 AM,252 Event OK
17/08/2020 10:13:45 AM,EVENT 56308 1597659220 -310143301/1219230471/1755/5/0 INPUT 4 1 0 v:124
17/08/2020 10:13:45 AM,252 Event OK
17/08/2020 10:13:46 AM,QUIT
17/08/2020 10:13:46 AM,221 Session ended - goodbye
17/08/2020 10:13:56 AM,UNIT 9279
17/08/2020 10:13:56 AM,333 CHAL 7FF89F11
17/08/2020 10:13:56 AM,RESP 28FC9414
17/08/2020 10:13:56 AM,230 Auth OK
17/08/2020 10:13:57 AM,TIME
17/08/2020 10:13:57 AM,211 TIME 1597659237
17/08/2020 10:13:57 AM,EVCOUNT 2
17/08/2020 10:13:57 AM,252 Event OK
17/08/2020 10:13:58 AM,TODO
17/08/2020 10:13:58 AM,226 Nothing to do
17/08/2020 10:13:58 AM,EVENT 56309 1597659229 -310143329/1219230472/1414/4/0 INPUT 4 0 9 v:124
17/08/2020 10:13:58 AM,252 Event OK
17/08/2020 10:13:59 AM,EVENT 56310 1597659229 -310143329/1219230472/1414/4/0 INPUT 4 1 0 v:124
17/08/2020 10:13:59 AM,252 Event OK
17/08/2020 10:14:00 AM,QUIT
17/08/2020 10:14:00 AM,221 Session ended - goodbye
17/08/2020 10:14:45 AM,UNIT 9279
17/08/2020 10:14:45 AM,333 CHAL 8FD0295
17/08/2020 10:14:45 AM,RESP 578A5FB5
17/08/2020 10:14:45 AM,230 Auth OK
17/08/2020 10:14:46 AM,TIME
17/08/2020 10:14:46 AM,211 TIME 1597659285
17/08/2020 10:14:46 AM,EVCOUNT 2
17/08/2020 10:14:46 AM,252 Event OK
17/08/2020 10:14:46 AM,TODO
17/08/2020 10:14:46 AM,226 Nothing to do
17/08/2020 10:14:47 AM,EVENT 56311 1597659283 -310143602/1219230383/1221/4/0 INPUT 4 0 54 v:124
17/08/2020 10:14:47 AM,252 Event OK
17/08/2020 10:14:48 AM,EVENT 56312 1597659283 -310143606/1219230390/1215/4/0 INPUT 4 1 0 v:124
17/08/2020 10:14:48 AM,252 Event OK
17/08/2020 10:14:48 AM,QUIT
17/08/2020 10:14:48 AM,221 Session ended - goodbye
17/08/2020 10:14:59 AM,UNIT 9279
17/08/2020 10:14:59 AM,333 CHAL 4CB89D65
17/08/2020 10:14:59 AM,RESP 5F294E8B
17/08/2020 10:14:59 AM,230 Auth OK
17/08/2020 10:15:00 AM,TIME
17/08/2020 10:15:00 AM,211 TIME 1597659300
17/08/2020 10:15:00 AM,EVCOUNT 3
17/08/2020 10:15:00 AM,252 Event OK
17/08/2020 10:15:01 AM,TODO
17/08/2020 10:15:01 AM,226 Nothing to do
17/08/2020 10:15:02 AM,EVENT 56313 1597659292 -310143678/1219230535/1163/5/0 INPUT 4 0 9 v:124
17/08/2020 10:15:02 AM,252 Event OK
17/08/2020 10:15:02 AM,EVENT 56314 1597659292 -310143678/1219230535/1163/5/0 INPUT 4 1 0 v:124
17/08/2020 10:15:02 AM,252 Event OK
17/08/2020 10:15:03 AM,EVENT 56315 1597659301 -310143781/1219230655/1151/5/0 INPUT 4 0 9 v:124
17/08/2020 10:15:03 AM,252 Event OK
17/08/2020 10:15:04 AM,EVENT 56316 1597659301 -310143781/1219230655/1151/5/0 INPUT 4 1 0 v:124
17/08/2020 10:15:04 AM,252 Event OK
17/08/2020 10:15:04 AM,QUIT
17/08/2020 10:15:04 AM,221 Session ended - goodbye
17/08/2020 10:15:15 AM,UNIT 9279
17/08/2020 10:15:15 AM,333 CHAL 4C535ADC
17/08/2020 10:15:16 AM,RESP FEE1372E
17/08/2020 10:15:16 AM,230 Auth OK
17/08/2020 10:15:16 AM,TIME
17/08/2020 10:15:16 AM,211 TIME 1597659316
17/08/2020 10:15:17 AM,EVCOUNT 2
17/08/2020 10:15:17 AM,252 Event OK
17/08/2020 10:15:17 AM,TODO
17/08/2020 10:15:17 AM,226 Nothing to do
17/08/2020 10:15:18 AM,EVENT 56317 1597659310 -310143847/1219230728/1123/5/0 INPUT 4 0 9 v:124
17/08/2020 10:15:18 AM,252 Event OK
17/08/2020 10:15:19 AM,EVENT 56318 1597659310 -310143847/1219230728/1123/5/0 INPUT 4 1 0 v:124
17/08/2020 10:15:19 AM,252 Event OK
17/08/2020 10:15:20 AM,EVENT 56319 1597659319 -310143860/1219230748/1131/5/0 INPUT 4 0 9 v:124
17/08/2020 10:15:20 AM,252 Event OK
17/08/2020 10:15:20 AM,EVENT 56320 1597659319 -310143859/1219230748/1132/5/0 INPUT 4 1 0 v:124
17/08/2020 10:15:20 AM,252 Event OK
17/08/2020 10:15:21 AM,QUIT
17/08/2020 10:15:21 AM,221 Session ended - goodbye
17/08/2020 10:16:48 AM,UNIT 9279
17/08/2020 10:16:48 AM,333 CHAL 57F09FFF
17/08/2020 10:16:48 AM,RESP 7F25CB28
17/08/2020 10:16:48 AM,230 Auth OK
17/08/2020 10:16:49 AM,TIME
17/08/2020 10:16:49 AM,211 TIME 1597659409
17/08/2020 10:16:49 AM,EVCOUNT 1
17/08/2020 10:16:49 AM,252 Event OK
17/08/2020 10:16:50 AM,TODO
17/08/2020 10:16:50 AM,226 Nothing to do
17/08/2020 10:16:51 AM,EVENT 56321 1597659406 -310142825/1219230203/1060/5/3 INPUT 3 1 0 v:124
17/08/2020 10:16:51 AM,252 Event OK
17/08/2020 10:16:52 AM,QUIT
17/08/2020 10:16:52 AM,221 Session ended - goodbye
17/08/2020 10:17:39 AM,UNIT 9279
17/08/2020 10:17:39 AM,333 CHAL 774D3978
17/08/2020 10:17:39 AM,RESP A154A6A1
17/08/2020 10:17:39 AM,230 Auth OK
17/08/2020 10:17:40 AM,TIME
17/08/2020 10:17:40 AM,211 TIME 1597659460
17/08/2020 10:17:41 AM,EVCOUNT 1
17/08/2020 10:17:41 AM,252 Event OK
17/08/2020 10:17:41 AM,TODO
17/08/2020 10:17:41 AM,226 Nothing to do
17/08/2020 10:17:42 AM,EVENT 56322 1597659457 -310127332/1219241184/974/7/21 ZONEOVERSPEED 56303 8 37 1 v:124
17/08/2020 10:17:42 AM,252 Event OK
17/08/2020 10:17:43 AM,QUIT
17/08/2020 10:17:43 AM,221 Session ended - goodbye
17/08/2020 8:55:19 PM,UNIT 9279
17/08/2020 8:55:19 PM,333 CHAL 29ED0DEB
17/08/2020 8:55:20 PM,RESP ADD9BBA5
17/08/2020 8:55:20 PM,230 Auth OK
17/08/2020 8:55:21 PM,TIME
17/08/2020 8:55:21 PM,211 TIME 1597697721
17/08/2020 8:55:21 PM,EVCOUNT 217
17/08/2020 8:55:21 PM,252 Event OK
17/08/2020 8:55:21 PM,TODO
17/08/2020 8:55:21 PM,226 Nothing to do
17/08/2020 8:55:22 PM,EVENT 56323 1597659491 -310121540/1219229373/972/5/12 INPUT 3 0 84 v:124
17/08/2020 8:55:22 PM,252 Event OK
17/08/2020 8:55:22 PM,EVENT 56324 1597659497 -310121654/1219229208/947/5/0 INPUT 7 1 0 v:124
17/08/2020 8:55:22 PM,252 Event OK
17/08/2020 8:55:22 PM,EVENT 56325 1597659497 -310121654/1219229208/947/5/0 INPUT 8 0 329 v:124
17/08/2020 8:55:22 PM,252 Event OK
17/08/2020 8:55:23 PM,EVENT 56326 1597659498 -310121656/1219229210/944/5/0 INPUT 1 1 0 v:123
17/08/2020 8:55:23 PM,252 Event OK
17/08/2020 8:55:23 PM,EVENT 56327 1597659498 -310121656/1219229212/941/5/0 INPUT 4 0 179 v:123
17/08/2020 8:55:23 PM,252 Event OK
17/08/2020 8:55:23 PM,EVENT 56328 1597659499 -310121658/1219229215/937/5/0 INPUT 4 1 0 v:123
17/08/2020 8:55:23 PM,252 Event OK
17/08/2020 8:55:24 PM,EVENT 56329 1597659501 -310121662/1219229223/931/0/0 TRIP 56303 84 214 11 10 309 v:123
17/08/2020 8:55:24 PM,252 Event OK
17/08/2020 8:55:24 PM,EVENT 56330 1597659501 -310121662/1219229223/931/0/0 TRIPSUMMARY 56303 v:124
17/08/2020 8:55:24 PM,252 Event OK
17/08/2020 8:55:24 PM,EVENT 56331 1597659502 -310121662/1219229223/931/0/0 INPUT 4 0 2 v:124
17/08/2020 8:55:24 PM,252 Event OK
17/08/2020 8:55:25 PM,EVENT 56332 1597659535 -310121678/1219229231/859/0/0 REPORT * 0 239 v:124
17/08/2020 8:55:25 PM,252 Event OK
17/08/2020 8:55:25 PM,EVENT 56333 1597659781 -310121540/1219229320/836/0/0 INPUT 8 1 0 v:124
17/08/2020 8:55:25 PM,252 Event OK
17/08/2020 8:55:25 PM,EVENT 56334 1597659781 -310121541/1219229321/836/0/0 INPUT 7 0 284 v:124
17/08/2020 8:55:25 PM,252 Event OK
17/08/2020 8:55:25 PM,EVENT 56335 1597659790 -310121556/1219229332/831/0/0 SIGNON 2485 03f9ef12 OK 26 30876 0 v:124
17/08/2020 8:55:25 PM,252 Event OK
17/08/2020 8:55:26 PM,EVENT 56336 1597659796 -310121575/1219229323/823/0/0 INPUT 1 0 298 v:124
17/08/2020 8:55:26 PM,252 Event OK
17/08/2020 8:55:26 PM,EVENT 56337 1597659796 -310121579/1219229317/820/0/0 INPUT 4 1 0 v:124
17/08/2020 8:55:26 PM,252 Event OK
17/08/2020 8:55:26 PM,EVENT 56338 1597659806 -310121735/1219229083/794/0/2 INPUT 3 1 0 v:124
17/08/2020 8:55:26 PM,252 Event OK
17/08/2020 8:55:26 PM,EVENT 56339 1597660524 0/0/0/0/10 INPUT 3 0 718 v:124
17/08/2020 8:55:26 PM,252 Event OK
17/08/2020 8:55:27 PM,EVENT 56340 1597660528 0/0/0/0/0 INPUT 4 0 732 v:124
17/08/2020 8:55:27 PM,252 Event OK
17/08/2020 8:55:27 PM,EVENT 56341 1597660528 0/0/0/0/0 INPUT 4 1 0 v:124
17/08/2020 8:55:27 PM,252 Event OK
17/08/2020 8:55:27 PM,EVENT 56342 1597660561 0/0/0/0/0 INPUT 4 0 33 v:124
17/08/2020 8:55:27 PM,252 Event OK
17/08/2020 8:55:28 PM,EVENT 56343 1597660561 0/0/0/0/0 INPUT 4 1 0 v:124
17/08/2020 8:55:28 PM,252 Event OK
17/08/2020 8:55:28 PM,EVENT 56344 1597660573 0/0/0/0/6 INPUT 3 1 0 v:124
17/08/2020 8:55:28 PM,252 Event OK
17/08/2020 8:55:28 PM,EVENT 56345 1597660846 0/0/0/0/11 INPUT 3 0 273 v:124
17/08/2020 8:55:28 PM,252 Event OK
17/08/2020 8:55:29 PM,EVENT 56346 1597660847 0/0/0/0/9 INPUT 3 1 0 v:124
17/08/2020 8:55:29 PM,252 Event OK
17/08/2020 8:55:29 PM,EVENT 56347 1597660849 0/0/0/0/11 INPUT 3 0 3 v:124
17/08/2020 8:55:29 PM,252 Event OK
17/08/2020 8:55:29 PM,EVENT 56348 1597660849 0/0/0/0/11 INPUT 4 0 288 v:124
17/08/2020 8:55:29 PM,252 Event OK
17/08/2020 8:55:30 PM,EVENT 56349 1597660849 0/0/0/0/10 INPUT 4 1 0 v:124
17/08/2020 8:55:30 PM,252 Event OK
17/08/2020 8:55:30 PM,EVENT 56350 1597660870 0/0/0/0/0 INPUT 4 0 21 v:124
17/08/2020 8:55:30 PM,252 Event OK
17/08/2020 8:55:30 PM,EVENT 56351 1597660870 0/0/0/0/0 INPUT 4 1 0 v:124
17/08/2020 8:55:30 PM,252 Event OK
17/08/2020 8:55:31 PM,EVENT 56352 1597660889 0/0/0/0/0 INPUT 4 0 19 v:124
17/08/2020 8:55:31 PM,252 Event OK
17/08/2020 8:55:31 PM,EVENT 56353 1597660890 0/0/0/0/0 INPUT 4 1 0 v:124
17/08/2020 8:55:31 PM,252 Event OK
17/08/2020 8:55:31 PM,EVENT 56354 1597660893 0/0/0/0/2 INPUT 4 0 4 v:124
17/08/2020 8:55:31 PM,252 Event OK
17/08/2020 8:55:32 PM,EVENT 56355 1597660894 0/0/0/0/1 INPUT 4 1 0 v:124
17/08/2020 8:55:32 PM,252 Event OK
17/08/2020 8:55:32 PM,EVENT 56356 1597660911 0/0/0/0/5 INPUT 4 0 18 v:124
17/08/2020 8:55:32 PM,252 Event OK
17/08/2020 8:55:32 PM,EVENT 56357 1597660911 0/0/0/0/4 INPUT 4 1 0 v:124
17/08/2020 8:55:32 PM,252 Event OK
17/08/2020 8:55:32 PM,EVENT 56358 1597660916 0/0/0/0/1 INPUT 3 1 0 v:124
17/08/2020 8:55:32 PM,252 Event OK
17/08/2020 8:55:33 PM,EVENT 56359 1597661178 0/0/0/0/11 INPUT 3 0 262 v:124
17/08/2020 8:55:33 PM,252 Event OK
17/08/2020 8:55:33 PM,EVENT 56360 1597661179 0/0/0/0/7 INPUT 4 0 268 v:124
17/08/2020 8:55:33 PM,252 Event OK
17/08/2020 8:55:33 PM,EVENT 56361 1597661180 0/0/0/0/4 INPUT 4 1 0 v:124
17/08/2020 8:55:33 PM,252 Event OK
17/08/2020 8:55:34 PM,EVENT 56362 1597661183 0/0/0/0/0 INPUT 4 0 4 v:124
17/08/2020 8:55:34 PM,252 Event OK
17/08/2020 8:55:34 PM,EVENT 56363 1597661184 0/0/0/0/0 INPUT 4 1 0 v:124
17/08/2020 8:55:34 PM,252 Event OK
17/08/2020 8:55:35 PM,EVENT 56364 1597661191 0/0/0/0/0 INPUT 4 0 8 v:124
17/08/2020 8:55:35 PM,252 Event OK
17/08/2020 8:55:36 PM,EVENT 56365 1597661191 0/0/0/0/0 INPUT 4 1 0 v:124
17/08/2020 8:55:36 PM,252 Event OK
17/08/2020 8:55:36 PM,EVENT 56366 1597661195 0/0/0/0/0 INPUT 7 1 0 v:124
17/08/2020 8:55:36 PM,252 Event OK
17/08/2020 8:55:36 PM,EVENT 56367 1597661195 0/0/0/0/0 INPUT 8 0 1414 v:124
17/08/2020 8:55:36 PM,252 Event OK
17/08/2020 8:55:36 PM,EVENT 56368 1597661196 0/0/0/0/0 INPUT 1 1 0 v:124
17/08/2020 8:55:36 PM,252 Event OK
17/08/2020 8:55:36 PM,EVENT 56369 1597661198 0/0/0/0/0 INPUT 4 0 6 v:124
17/08/2020 8:55:36 PM,252 Event OK
17/08/2020 8:55:37 PM,EVENT 56370 1597661199 0/0/0/0/0 TRIP 56335 1256 145 9 7 1410 v:124
17/08/2020 8:55:37 PM,252 Event OK
17/08/2020 8:55:37 PM,EVENT 56371 1597689821 0/0/0/0/0 SWSTART OpusFC 5.0.58.518 R v:123
17/08/2020 8:55:37 PM,252 Event OK
17/08/2020 8:55:38 PM,EVENT 56372 1597661199 0/0/0/0/0 POWERDOWN v:124
17/08/2020 8:55:38 PM,252 Event OK
17/08/2020 8:55:38 PM,EVENT 56373 1597689821 0/0/0/0/0 INPUT 1 1 0 v:123
17/08/2020 8:55:38 PM,252 Event OK
17/08/2020 8:55:38 PM,EVENT 56374 1597689821 0/0/0/0/0 INPUT 2 0 0 v:123
17/08/2020 8:55:38 PM,252 Event OK
17/08/2020 8:55:38 PM,EVENT 56375 1597689821 0/0/0/0/0 INPUT 3 0 0 v:123
17/08/2020 8:55:38 PM,252 Event OK
17/08/2020 8:55:39 PM,EVENT 56376 1597689821 0/0/0/0/0 INPUT 4 0 0 v:123
17/08/2020 8:55:39 PM,252 Event OK
17/08/2020 8:55:39 PM,EVENT 56377 1597689821 0/0/0/0/0 INPUT 7 0 0 v:123
17/08/2020 8:55:39 PM,252 Event OK
17/08/2020 8:55:39 PM,EVENT 56378 1597689821 0/0/0/0/0 INPUT 8 1 0 v:123
17/08/2020 8:55:39 PM,252 Event OK
17/08/2020 8:55:40 PM,EVENT 56379 1597689823 0/0/0/0/0 ZONE_OK 2 100 FW=NO VERSION v:123
17/08/2020 8:55:40 PM,252 Event OK
17/08/2020 8:55:40 PM,EVENT 56380 1597689832 0/0/0/0/0 SIGNON 2503 03d7f2de OK 26 140690 0 v:123
17/08/2020 8:55:40 PM,252 Event OK
17/08/2020 8:55:40 PM,EVENT 56381 1597689845 0/0/0/0/0 INPUT 7 1 0 v:124
17/08/2020 8:55:40 PM,252 Event OK
17/08/2020 8:55:40 PM,EVENT 56382 1597689846 0/0/0/0/0 INPUT 7 0 0 v:124
17/08/2020 8:55:40 PM,252 Event OK
17/08/2020 8:55:41 PM,EVENT 56383 1597689847 0/0/0/0/0 INPUT 4 1 0 v:124
17/08/2020 8:55:41 PM,252 Event OK
17/08/2020 8:55:41 PM,EVENT 56384 1597689848 0/0/0/0/0 INPUT 1 0 27 v:124
17/08/2020 8:55:41 PM,252 Event OK
17/08/2020 8:55:41 PM,EVENT 56385 1597689852 0/0/0/0/0 OILPRESSURE 56380 1 v:124
17/08/2020 8:55:41 PM,252 Event OK
17/08/2020 8:55:41 PM,EVENT 56386 1597689892 0/0/0/0/2 INPUT 3 1 0 v:124
17/08/2020 8:55:41 PM,252 Event OK
17/08/2020 8:55:41 PM,EVENT 56387 1597689977 0/0/0/0/12 INPUT 3 0 86 v:124
17/08/2020 8:55:41 PM,252 Event OK
17/08/2020 8:55:42 PM,EVENT 56388 1597689977 0/0/0/0/12 INPUT 4 0 131 v:124
17/08/2020 8:55:42 PM,252 Event OK
17/08/2020 8:55:42 PM,EVENT 56389 1597689978 0/0/0/0/6 INPUT 4 1 0 v:124
17/08/2020 8:55:42 PM,252 Event OK
17/08/2020 8:55:42 PM,EVENT 56390 1597689983 0/0/0/0/0 INPUT 4 0 6 v:124
17/08/2020 8:55:42 PM,252 Event OK
17/08/2020 8:55:42 PM,EVENT 56391 1597689983 0/0/0/0/0 INPUT 4 1 0 v:124
17/08/2020 8:55:42 PM,252 Event OK
17/08/2020 8:55:43 PM,EVENT 56392 1597689988 0/0/0/0/2 INPUT 3 1 0 v:124
17/08/2020 8:55:43 PM,252 Event OK
17/08/2020 8:55:43 PM,EVENT 56393 1597690170 0/0/0/0/12 INPUT 3 0 182 v:124
17/08/2020 8:55:43 PM,252 Event OK
17/08/2020 8:55:43 PM,EVENT 56394 1597690181 0/0/0/99/1 INPUT 4 0 198 v:124
17/08/2020 8:55:43 PM,252 Event OK
17/08/2020 8:55:43 PM,EVENT 56395 1597690181 0/0/0/99/1 INPUT 4 1 0 v:124
17/08/2020 8:55:43 PM,252 Event OK
17/08/2020 8:55:44 PM,EVENT 56396 1597690190 0/0/0/0/0 INPUT 4 0 9 v:124
17/08/2020 8:55:44 PM,252 Event OK
17/08/2020 8:55:44 PM,EVENT 56397 1597690190 0/0/0/0/0 INPUT 4 1 0 v:124
17/08/2020 8:55:44 PM,252 Event OK
17/08/2020 8:55:44 PM,EVENT 56398 1597690223 0/0/0/0/0 INPUT 4 0 33 v:124
17/08/2020 8:55:44 PM,252 Event OK
17/08/2020 8:55:44 PM,EVENT 56399 1597690224 0/0/0/0/0 INPUT 4 1 0 v:124
17/08/2020 8:55:44 PM,252 Event OK
17/08/2020 8:55:45 PM,EVENT 56400 1597690226 0/0/0/0/0 INPUT 4 0 3 v:124
17/08/2020 8:55:45 PM,252 Event OK
17/08/2020 8:55:45 PM,EVENT 56401 1597690227 0/0/0/0/0 INPUT 4 1 0 v:124
17/08/2020 8:55:45 PM,252 Event OK
17/08/2020 8:55:45 PM,EVENT 56402 1597690240 0/0/0/0/8 INPUT 3 1 0 v:124
17/08/2020 8:55:45 PM,252 Event OK
17/08/2020 8:55:46 PM,EVENT 56403 1597690291 0/0/0/0/16 INPUT 3 0 51 v:124
17/08/2020 8:55:46 PM,252 Event OK
17/08/2020 8:55:46 PM,EVENT 56404 1597690346 0/0/0/0/5 INPUT 3 1 0 v:124
17/08/2020 8:55:46 PM,252 Event OK
17/08/2020 8:55:46 PM,EVENT 56405 1597690357 0/0/0/0/12 INPUT 3 0 11 v:124
17/08/2020 8:55:46 PM,252 Event OK
17/08/2020 8:55:47 PM,EVENT 56406 1597690368 0/0/0/0/8 INPUT 3 1 0 v:124
17/08/2020 8:55:47 PM,252 Event OK
17/08/2020 8:55:47 PM,EVENT 56407 1597690370 0/0/0/0/9 INPUT 3 0 2 v:124
17/08/2020 8:55:47 PM,252 Event OK
17/08/2020 8:55:47 PM,EVENT 56408 1597690382 0/0/0/0/0 INPUT 7 1 0 v:124
17/08/2020 8:55:47 PM,252 Event OK
17/08/2020 8:55:48 PM,EVENT 56409 1597690382 0/0/0/0/0 INPUT 8 0 560 v:124
17/08/2020 8:55:48 PM,252 Event OK
17/08/2020 8:55:48 PM,EVENT 56410 1597690383 0/0/0/0/0 INPUT 1 1 0 v:124
17/08/2020 8:55:48 PM,252 Event OK
17/08/2020 8:55:49 PM,EVENT 56411 1597690386 0/0/0/0/0 TRIP 56380 332 208 15 15 555 v:124
17/08/2020 8:55:49 PM,252 Event OK
17/08/2020 8:55:49 PM,EVENT 56412 1597690386 0/0/0/0/0 TRIPSUMMARY 56380 v:124
17/08/2020 8:55:49 PM,252 Event OK
17/08/2020 8:55:49 PM,EVENT 56413 1597690387 0/0/0/0/0 INPUT 4 0 160 v:124
17/08/2020 8:55:49 PM,252 Event OK
17/08/2020 8:55:50 PM,EVENT 56414 1597690433 0/0/0/0/0 REPORT * 0 0 v:124
17/08/2020 8:55:50 PM,252 Event OK
17/08/2020 8:55:50 PM,EVENT 56415 1597690433 0/0/0/0/0 INPUT 8 1 0 v:124
17/08/2020 8:55:50 PM,252 Event OK
17/08/2020 8:55:50 PM,EVENT 56416 1597690434 0/0/0/0/0 INPUT 7 0 52 v:124
17/08/2020 8:55:50 PM,252 Event OK
17/08/2020 8:55:51 PM,EVENT 56417 1597690446 0/0/0/0/0 SIGNON 2503 03d7f2de OK 26 140690 0 v:124
17/08/2020 8:55:51 PM,252 Event OK
17/08/2020 8:55:51 PM,EVENT 56418 1597690452 0/0/0/0/0 INPUT 1 0 69 v:124
17/08/2020 8:55:51 PM,252 Event OK
17/08/2020 8:55:51 PM,EVENT 56419 1597690453 0/0/0/0/0 INPUT 4 1 0 v:124
17/08/2020 8:55:51 PM,252 Event OK
17/08/2020 8:55:51 PM,EVENT 56420 1597690456 0/0/0/0/0 INPUT 4 0 4 v:124
17/08/2020 8:55:51 PM,252 Event OK
17/08/2020 8:55:52 PM,EVENT 56421 1597690457 0/0/0/0/0 INPUT 4 1 0 v:124
17/08/2020 8:55:52 PM,252 Event OK
17/08/2020 8:55:52 PM,EVENT 56422 1597690472 0/0/0/0/3 INPUT 4 0 16 v:124
17/08/2020 8:55:52 PM,252 Event OK
17/08/2020 8:55:52 PM,EVENT 56423 1597690472 0/0/0/0/3 INPUT 4 1 0 v:124
17/08/2020 8:55:52 PM,252 Event OK
17/08/2020 8:55:52 PM,EVENT 56424 1597690481 0/0/0/0/1 INPUT 4 0 9 v:124
17/08/2020 8:55:52 PM,252 Event OK
17/08/2020 8:55:53 PM,EVENT 56425 1597690481 0/0/0/0/1 INPUT 4 1 0 v:124
17/08/2020 8:55:53 PM,252 Event OK
17/08/2020 8:55:53 PM,EVENT 56426 1597690488 0/0/0/0/4 INPUT 3 1 0 v:124
17/08/2020 8:55:53 PM,252 Event OK
17/08/2020 8:55:53 PM,EVENT 56427 1597690494 0/0/0/0/10 INPUT 3 0 6 v:124
17/08/2020 8:55:53 PM,252 Event OK
17/08/2020 8:55:53 PM,EVENT 56428 1597690532 0/0/0/99/0 INPUT 4 0 51 v:124
17/08/2020 8:55:53 PM,252 Event OK
17/08/2020 8:55:54 PM,EVENT 56429 1597690532 0/0/0/99/0 INPUT 4 1 0 v:124
17/08/2020 8:55:54 PM,252 Event OK
17/08/2020 8:55:54 PM,EVENT 56430 1597690556 0/0/0/99/8 INPUT 3 1 0 v:124
17/08/2020 8:55:54 PM,252 Event OK
17/08/2020 8:55:54 PM,EVENT 56431 1597690705 0/0/0/0/9 INPUT 3 0 149 v:124
17/08/2020 8:55:54 PM,252 Event OK
17/08/2020 8:55:54 PM,EVENT 56432 1597690710 0/0/0/0/8 INPUT 3 1 0 v:124
17/08/2020 8:55:54 PM,252 Event OK
17/08/2020 8:55:55 PM,EVENT 56433 1597690718 0/0/0/0/9 INPUT 3 0 8 v:124
17/08/2020 8:55:55 PM,252 Event OK
17/08/2020 8:55:55 PM,EVENT 56434 1597690780 0/0/0/0/1 INPUT 7 1 0 v:124
17/08/2020 8:55:55 PM,252 Event OK
17/08/2020 8:55:55 PM,EVENT 56435 1597690780 0/0/0/0/1 INPUT 8 0 346 v:124
17/08/2020 8:55:55 PM,252 Event OK
17/08/2020 8:55:56 PM,EVENT 56436 1597690781 0/0/0/0/0 INPUT 1 1 0 v:124
17/08/2020 8:55:56 PM,252 Event OK
17/08/2020 8:55:56 PM,EVENT 56437 1597690782 0/0/0/0/0 INPUT 4 0 250 v:124
17/08/2020 8:55:56 PM,252 Event OK
17/08/2020 8:55:56 PM,EVENT 56438 1597690784 0/0/0/0/0 TRIP 56417 163 167 9 7 339 v:124
17/08/2020 8:55:56 PM,252 Event OK
17/08/2020 8:55:57 PM,EVENT 56439 1597690812 0/0/0/0/0 INPUT 8 1 0 v:124
17/08/2020 8:55:57 PM,252 Event OK
17/08/2020 8:55:57 PM,EVENT 56440 1597690812 0/0/0/0/0 INPUT 7 0 33 v:124
17/08/2020 8:55:57 PM,252 Event OK
17/08/2020 8:55:57 PM,EVENT 56441 1597690825 0/0/0/0/0 SIGNON 2503 03d7f2de OK 26 140690 0 v:124
17/08/2020 8:55:57 PM,252 Event OK
17/08/2020 8:55:58 PM,EVENT 56442 1597690831 0/0/0/0/0 INPUT 1 0 50 v:124
17/08/2020 8:55:58 PM,252 Event OK
17/08/2020 8:55:58 PM,EVENT 56443 1597690831 0/0/0/0/0 INPUT 4 1 0 v:124
17/08/2020 8:55:58 PM,252 Event OK
17/08/2020 8:55:58 PM,EVENT 56444 1597690838 0/0/0/0/7 INPUT 3 1 0 v:124
17/08/2020 8:55:58 PM,252 Event OK
17/08/2020 8:55:59 PM,EVENT 56445 1597690848 0/0/0/0/9 INPUT 3 0 10 v:124
17/08/2020 8:55:59 PM,252 Event OK
17/08/2020 8:55:59 PM,EVENT 56446 1597690849 0/0/0/0/8 INPUT 3 1 0 v:124
17/08/2020 8:55:59 PM,252 Event OK
17/08/2020 8:55:59 PM,EVENT 56447 1597690857 0/0/0/99/9 INPUT 3 0 7 v:124
17/08/2020 8:55:59 PM,252 Event OK
17/08/2020 8:56:00 PM,EVENT 56448 1597690873 0/0/0/99/8 INPUT 3 1 0 v:124
17/08/2020 8:56:00 PM,252 Event OK
17/08/2020 8:56:00 PM,EVENT 56449 1597690888 0/0/0/0/9 INPUT 3 0 15 v:124
17/08/2020 8:56:00 PM,252 Event OK
17/08/2020 8:56:00 PM,EVENT 56450 1597690928 0/0/0/0/3 INPUT 4 0 97 v:124
17/08/2020 8:56:00 PM,252 Event OK
17/08/2020 8:56:00 PM,EVENT 56451 1597690928 0/0/0/0/3 INPUT 4 1 0 v:124
17/08/2020 8:56:00 PM,252 Event OK
17/08/2020 8:56:01 PM,EVENT 56452 1597690942 0/0/0/0/0 INPUT 7 1 0 v:124
17/08/2020 8:56:01 PM,252 Event OK
17/08/2020 8:56:01 PM,EVENT 56453 1597690942 0/0/0/0/0 INPUT 8 0 130 v:124
17/08/2020 8:56:01 PM,252 Event OK
17/08/2020 8:56:02 PM,EVENT 56454 1597690942 0/0/0/0/0 INPUT 1 1 0 v:124
17/08/2020 8:56:02 PM,252 Event OK
17/08/2020 8:56:02 PM,EVENT 56455 1597690946 0/0/0/0/0 TRIP 56441 32 83 7 7 122 v:123
17/08/2020 8:56:02 PM,252 Event OK
17/08/2020 8:56:02 PM,EVENT 56456 1597690947 0/0/0/0/0 INPUT 4 0 18 v:124
17/08/2020 8:56:02 PM,252 Event OK
17/08/2020 8:56:03 PM,EVENT 56457 1597695624 0/0/0/0/0 SWSTART OpusFC 5.0.58.518 R v:124
17/08/2020 8:56:03 PM,252 Event OK
17/08/2020 8:56:04 PM,EVENT 56458 1597690946 0/0/0/0/0 POWERDOWN v:124
17/08/2020 8:56:04 PM,252 Event OK
17/08/2020 8:56:04 PM,EVENT 56459 1597695624 0/0/0/0/0 INPUT 1 1 0 v:123
17/08/2020 8:56:04 PM,252 Event OK
17/08/2020 8:56:05 PM,EVENT 56460 1597695624 0/0/0/0/0 INPUT 2 0 0 v:123
17/08/2020 8:56:05 PM,252 Event OK
17/08/2020 8:56:05 PM,EVENT 56461 1597695624 0/0/0/0/0 INPUT 3 0 0 v:123
17/08/2020 8:56:05 PM,252 Event OK
17/08/2020 8:56:05 PM,EVENT 56462 1597695624 0/0/0/0/0 INPUT 4 0 0 v:124
17/08/2020 8:56:05 PM,252 Event OK
17/08/2020 8:56:06 PM,EVENT 56463 1597695624 0/0/0/0/0 INPUT 7 0 0 v:124
17/08/2020 8:56:06 PM,252 Event OK
17/08/2020 8:56:06 PM,EVENT 56464 1597695624 0/0/0/0/0 INPUT 8 1 0 v:124
17/08/2020 8:56:06 PM,252 Event OK
17/08/2020 8:56:06 PM,EVENT 56465 1597695626 0/0/0/0/0 ZONE_OK 2 100 FW=NO VERSION v:123
17/08/2020 8:56:06 PM,252 Event OK
17/08/2020 8:56:07 PM,EVENT 56466 1597695634 0/0/0/0/0 SIGNON 2503 03d7f2de OK 26 140690 0 v:124
17/08/2020 8:56:07 PM,252 Event OK
17/08/2020 8:56:07 PM,EVENT 56467 1597695640 0/0/0/99/0 INPUT 4 1 0 v:124
17/08/2020 8:56:07 PM,252 Event OK
17/08/2020 8:56:07 PM,EVENT 56468 1597695641 0/0/0/99/0 INPUT 1 0 16 v:124
17/08/2020 8:56:07 PM,252 Event OK
17/08/2020 8:56:08 PM,EVENT 56469 1597695649 0/0/0/0/0 INPUT 4 0 9 v:124
17/08/2020 8:56:08 PM,252 Event OK
17/08/2020 8:56:08 PM,EVENT 56470 1597695649 0/0/0/0/0 INPUT 4 1 0 v:124
17/08/2020 8:56:08 PM,252 Event OK
17/08/2020 8:56:08 PM,EVENT 56471 1597695652 0/0/0/0/0 INPUT 4 0 3 v:124
17/08/2020 8:56:08 PM,252 Event OK
17/08/2020 8:56:09 PM,EVENT 56472 1597695652 0/0/0/0/0 INPUT 4 1 0 v:124
17/08/2020 8:56:09 PM,252 Event OK
17/08/2020 8:56:09 PM,EVENT 56473 1597695655 0/0/0/0/0 INPUT 4 0 3 v:124
17/08/2020 8:56:09 PM,252 Event OK
17/08/2020 8:56:09 PM,EVENT 56474 1597695655 0/0/0/0/0 INPUT 4 1 0 v:124
17/08/2020 8:56:09 PM,252 Event OK
17/08/2020 8:56:10 PM,EVENT 56475 1597695658 0/0/0/0/0 INPUT 4 0 3 v:124
17/08/2020 8:56:10 PM,252 Event OK
17/08/2020 8:56:10 PM,EVENT 56476 1597695659 0/0/0/0/0 INPUT 4 1 0 v:124
17/08/2020 8:56:10 PM,252 Event OK
17/08/2020 8:56:10 PM,EVENT 56477 1597695661 0/0/0/0/0 INPUT 4 0 3 v:124
17/08/2020 8:56:10 PM,252 Event OK
17/08/2020 8:56:11 PM,EVENT 56478 1597695662 0/0/0/0/0 INPUT 4 1 0 v:124
17/08/2020 8:56:11 PM,252 Event OK
17/08/2020 8:56:11 PM,EVENT 56479 1597695664 0/0/0/0/0 INPUT 4 0 3 v:124
17/08/2020 8:56:11 PM,252 Event OK
17/08/2020 8:56:11 PM,EVENT 56480 1597695665 0/0/0/0/0 INPUT 4 1 0 v:124
17/08/2020 8:56:11 PM,252 Event OK
17/08/2020 8:56:12 PM,EVENT 56481 1597695669 0/0/0/0/0 INPUT 4 0 5 v:124
17/08/2020 8:56:12 PM,252 Event OK
17/08/2020 8:56:12 PM,EVENT 56482 1597695669 0/0/0/0/0 INPUT 4 1 0 v:124
17/08/2020 8:56:12 PM,252 Event OK
17/08/2020 8:56:13 PM,EVENT 56483 1597695672 0/0/0/0/0 INPUT 4 0 3 v:124
17/08/2020 8:56:13 PM,252 Event OK
17/08/2020 8:56:13 PM,EVENT 56484 1597695673 0/0/0/0/0 INPUT 4 1 0 v:124
17/08/2020 8:56:13 PM,252 Event OK
17/08/2020 8:56:13 PM,EVENT 56485 1597695675 0/0/0/0/0 INPUT 4 0 3 v:124
17/08/2020 8:56:13 PM,252 Event OK
17/08/2020 8:56:13 PM,EVENT 56486 1597695676 0/0/0/0/0 INPUT 4 1 0 v:124
17/08/2020 8:56:13 PM,252 Event OK
17/08/2020 8:56:14 PM,EVENT 56487 1597695678 0/0/0/0/0 INPUT 4 0 3 v:124
17/08/2020 8:56:14 PM,252 Event OK
17/08/2020 8:56:14 PM,EVENT 56488 1597695679 0/0/0/0/0 INPUT 4 1 0 v:123
17/08/2020 8:56:14 PM,252 Event OK
17/08/2020 8:56:15 PM,EVENT 56489 1597695681 0/0/0/0/0 INPUT 4 0 3 v:123
17/08/2020 8:56:15 PM,252 Event OK
17/08/2020 8:56:15 PM,EVENT 56490 1597695681 0/0/0/0/0 INPUT 4 1 0 v:123
17/08/2020 8:56:15 PM,252 Event OK
17/08/2020 8:56:15 PM,EVENT 56491 1597695706 0/0/0/0/0 INPUT 4 0 25 v:124
17/08/2020 8:56:15 PM,252 Event OK
17/08/2020 8:56:16 PM,EVENT 56492 1597695706 0/0/0/0/0 INPUT 4 1 0 v:124
17/08/2020 8:56:16 PM,252 Event OK
17/08/2020 8:56:16 PM,EVENT 56493 1597695709 0/0/0/0/0 INPUT 4 0 3 v:124
17/08/2020 8:56:16 PM,252 Event OK
17/08/2020 8:56:16 PM,EVENT 56494 1597695709 0/0/0/0/0 INPUT 4 1 0 v:124
17/08/2020 8:56:16 PM,252 Event OK
17/08/2020 8:56:16 PM,EVENT 56495 1597695712 0/0/0/0/0 INPUT 4 0 3 v:124
17/08/2020 8:56:16 PM,252 Event OK
17/08/2020 8:56:17 PM,EVENT 56496 1597695712 0/0/0/0/0 INPUT 4 1 0 v:124
17/08/2020 8:56:17 PM,252 Event OK
17/08/2020 8:56:17 PM,EVENT 56497 1597695715 0/0/0/0/0 INPUT 4 0 3 v:124
17/08/2020 8:56:17 PM,252 Event OK
17/08/2020 8:56:17 PM,EVENT 56498 1597695715 0/0/0/0/0 INPUT 4 1 0 v:124
17/08/2020 8:56:17 PM,252 Event OK
17/08/2020 8:56:18 PM,EVENT 56499 1597695718 0/0/0/0/0 INPUT 4 0 3 v:124
17/08/2020 8:56:18 PM,252 Event OK
17/08/2020 8:56:19 PM,EVENT 56500 1597695719 0/0/0/0/0 INPUT 4 1 0 v:124
17/08/2020 8:56:19 PM,252 Event OK
17/08/2020 8:56:19 PM,EVENT 56501 1597695721 0/0/0/0/0 INPUT 4 0 3 v:123
17/08/2020 8:56:19 PM,252 Event OK
17/08/2020 8:56:19 PM,EVENT 56502 1597695722 0/0/0/0/0 INPUT 4 1 0 v:124
17/08/2020 8:56:19 PM,252 Event OK
17/08/2020 8:56:20 PM,EVENT 56503 1597695733 0/0/0/0/0 INPUT 4 0 12 v:124
17/08/2020 8:56:20 PM,252 Event OK
17/08/2020 8:56:20 PM,EVENT 56504 1597695733 0/0/0/0/0 INPUT 4 1 0 v:123
17/08/2020 8:56:20 PM,252 Event OK
17/08/2020 8:56:20 PM,EVENT 56505 1597695750 0/0/0/0/0 INPUT 4 0 17 v:124
17/08/2020 8:56:20 PM,252 Event OK
17/08/2020 8:56:21 PM,EVENT 56506 1597695750 0/0/0/0/0 INPUT 4 1 0 v:124
17/08/2020 8:56:21 PM,252 Event OK
17/08/2020 8:56:21 PM,EVENT 56507 1597695760 0/0/0/0/0 INPUT 7 1 0 v:124
17/08/2020 8:56:21 PM,252 Event OK
17/08/2020 8:56:22 PM,EVENT 56508 1597695760 0/0/0/0/0 INPUT 8 0 136 v:123
17/08/2020 8:56:22 PM,252 Event OK
17/08/2020 8:56:22 PM,EVENT 56509 1597695761 0/0/0/0/0 INPUT 1 1 0 v:123
17/08/2020 8:56:22 PM,252 Event OK
17/08/2020 8:56:22 PM,EVENT 56510 1597695765 0/0/0/0/0 TRIP 56466 0 125 6 6 131 v:123
17/08/2020 8:56:22 PM,252 Event OK
17/08/2020 8:56:23 PM,EVENT 56511 1597695766 0/0/0/0/0 INPUT 4 0 15 v:124
17/08/2020 8:56:23 PM,252 Event OK
17/08/2020 8:56:23 PM,EVENT 56512 1597695809 0/0/0/0/0 REPORT * 0 0 v:124
17/08/2020 8:56:23 PM,252 Event OK
17/08/2020 8:56:24 PM,EVENT 56513 1597696652 0/0/0/99/0 INPUT 8 1 0 v:124
17/08/2020 8:56:24 PM,252 Event OK
17/08/2020 8:56:24 PM,EVENT 56514 1597696652 0/0/0/99/0 INPUT 7 0 891 v:124
17/08/2020 8:56:24 PM,252 Event OK
17/08/2020 8:56:25 PM,EVENT 56515 1597696661 0/0/0/0/0 SIGNON 2503 03d7f2de OK 26 140690 0 v:124
17/08/2020 8:56:25 PM,252 Event OK
17/08/2020 8:56:25 PM,EVENT 56516 1597696668 0/0/0/0/0 INPUT 1 0 906 v:124
17/08/2020 8:56:25 PM,252 Event OK
17/08/2020 8:56:25 PM,EVENT 56517 1597696668 0/0/0/0/0 INPUT 4 1 0 v:124
17/08/2020 8:56:25 PM,252 Event OK
17/08/2020 8:56:26 PM,EVENT 56518 1597696706 0/0/0/0/0 INPUT 4 0 39 v:124
17/08/2020 8:56:26 PM,252 Event OK
17/08/2020 8:56:26 PM,EVENT 56519 1597696706 0/0/0/0/0 INPUT 4 1 0 v:124
17/08/2020 8:56:26 PM,252 Event OK
17/08/2020 8:56:26 PM,EVENT 56520 1597696711 0/0/0/0/0 INPUT 4 0 5 v:124
17/08/2020 8:56:26 PM,252 Event OK
17/08/2020 8:56:27 PM,EVENT 56521 1597696711 0/0/0/0/0 INPUT 4 1 0 v:124
17/08/2020 8:56:27 PM,252 Event OK
17/08/2020 8:56:27 PM,EVENT 56522 1597696739 0/0/0/0/0 INPUT 4 0 28 v:124
17/08/2020 8:56:27 PM,252 Event OK
17/08/2020 8:56:27 PM,EVENT 56523 1597696739 0/0/0/0/0 INPUT 4 1 0 v:124
17/08/2020 8:56:27 PM,252 Event OK
17/08/2020 8:56:27 PM,EVENT 56524 1597696754 0/0/0/0/5 INPUT 3 1 0 v:124
17/08/2020 8:56:27 PM,252 Event OK
17/08/2020 8:56:28 PM,EVENT 56525 1597696769 0/0/0/0/10 INPUT 3 0 14 v:124
17/08/2020 8:56:28 PM,252 Event OK
17/08/2020 8:56:28 PM,EVENT 56526 1597696800 0/0/0/0/0 INPUT 3 1 0 v:124
17/08/2020 8:56:28 PM,252 Event OK
17/08/2020 8:56:28 PM,EVENT 56527 1597696884 0/0/0/0/11 INPUT 3 0 84 v:124
17/08/2020 8:56:28 PM,252 Event OK
17/08/2020 8:56:29 PM,EVENT 56528 1597696910 0/0/0/0/6 INPUT 3 1 0 v:124
17/08/2020 8:56:29 PM,252 Event OK
17/08/2020 8:56:29 PM,EVENT 56529 1597696945 0/0/0/0/11 INPUT 3 0 36 v:124
17/08/2020 8:56:29 PM,252 Event OK
17/08/2020 8:56:29 PM,EVENT 56530 1597696951 0/0/0/0/0 INPUT 4 0 212 v:124
17/08/2020 8:56:29 PM,252 Event OK
17/08/2020 8:56:30 PM,EVENT 56531 1597696951 0/0/0/0/0 INPUT 4 1 0 v:124
17/08/2020 8:56:30 PM,252 Event OK
17/08/2020 8:56:30 PM,EVENT 56532 1597696972 0/0/0/0/2 INPUT 3 1 0 v:124
17/08/2020 8:56:30 PM,252 Event OK
17/08/2020 8:56:30 PM,EVENT 56533 1597697641 0/0/0/0/27 REPORT 56515 0 0 v:124
17/08/2020 8:56:30 PM,252 Event OK
17/08/2020 8:56:30 PM,EVENT 56534 1597697709 0/0/0/0/11 INPUT 3 0 737 v:124
17/08/2020 8:56:30 PM,252 Event OK
17/08/2020 8:56:31 PM,EVENT 56535 1597697714 0/0/0/1/0 INPUT 7 1 0 v:124
17/08/2020 8:56:31 PM,252 Event OK
17/08/2020 8:56:31 PM,EVENT 56536 1597697714 0/0/0/1/0 INPUT 8 0 1062 v:124
17/08/2020 8:56:31 PM,252 Event OK
17/08/2020 8:56:32 PM,EVENT 56537 1597697714 0/0/0/1/0 INPUT 1 1 0 v:124
17/08/2020 8:56:32 PM,252 Event OK
17/08/2020 8:56:32 PM,EVENT 56538 1597697718 0/0/0/1/0 TRIP 56515 871 180 6 6 1057 v:123
17/08/2020 8:56:32 PM,252 Event OK
17/08/2020 8:56:32 PM,EVENT 56539 1597697719 0/0/0/1/0 INPUT 4 0 767 v:123
17/08/2020 8:56:32 PM,252 Event OK
17/08/2020 8:56:33 PM,QUIT
17/08/2020 8:56:33 PM,221 Session ended - goodbye
17/08/2020 8:57:00 PM,UNIT 9279
17/08/2020 8:57:00 PM,333 CHAL 501412DC
17/08/2020 8:57:00 PM,RESP 8C8FB5F2
17/08/2020 8:57:00 PM,230 Auth OK
17/08/2020 8:57:01 PM,TIME
17/08/2020 8:57:01 PM,211 TIME 1597697821
17/08/2020 8:57:01 PM,EVCOUNT 2
17/08/2020 8:57:01 PM,252 Event OK
17/08/2020 8:57:02 PM,TODO
17/08/2020 8:57:02 PM,226 Nothing to do
17/08/2020 8:57:03 PM,EVENT 56540 1597697818 -310121629/1219228767/913/0/0 INPUT 8 1 0 v:123
17/08/2020 8:57:03 PM,252 Event OK
17/08/2020 8:57:03 PM,EVENT 56541 1597697819 -310121632/1219228770/913/0/0 INPUT 7 0 105 v:123
17/08/2020 8:57:03 PM,252 Event OK
17/08/2020 8:57:04 PM,QUIT
17/08/2020 8:57:04 PM,221 Session ended - goodbye
17/08/2020 8:57:14 PM,UNIT 9279
17/08/2020 8:57:14 PM,333 CHAL 5C8695C0
17/08/2020 8:57:14 PM,RESP 825B0CBA
17/08/2020 8:57:14 PM,230 Auth OK
17/08/2020 8:57:15 PM,TIME
17/08/2020 8:57:15 PM,211 TIME 1597697835
17/08/2020 8:57:15 PM,EVCOUNT 3
17/08/2020 8:57:15 PM,252 Event OK
17/08/2020 8:57:16 PM,TODO
17/08/2020 8:57:16 PM,226 Nothing to do
17/08/2020 8:57:17 PM,EVENT 56542 1597697827 -310121660/1219228798/912/0/0 SIGNON 2503 03d7f2de OK 26 140690 0 v:124
17/08/2020 8:57:17 PM,252 Event OK
17/08/2020 8:57:17 PM,EVENT 56543 1597697834 -310121622/1219228793/899/0/0 INPUT 1 0 119 v:124
17/08/2020 8:57:17 PM,252 Event OK
17/08/2020 8:57:18 PM,EVENT 56544 1597697834 -310121620/1219228791/899/0/0 INPUT 4 1 0 v:124
17/08/2020 8:57:18 PM,252 Event OK
17/08/2020 8:57:19 PM,EVENT 56545 1597697839 -310121480/1219229037/911/1/5 INPUT 3 1 0 v:124
17/08/2020 8:57:19 PM,252 Event OK
17/08/2020 8:57:20 PM,QUIT
17/08/2020 8:57:20 PM,221 Session ended - goodbye
17/08/2020 8:58:16 PM,UNIT 9279
17/08/2020 8:58:16 PM,333 CHAL 64976921
17/08/2020 8:58:16 PM,RESP CB6DD093
17/08/2020 8:58:16 PM,230 Auth OK
17/08/2020 8:58:17 PM,TIME
17/08/2020 8:58:17 PM,211 TIME 1597697897
17/08/2020 8:58:18 PM,EVCOUNT 1
17/08/2020 8:58:18 PM,252 Event OK
17/08/2020 8:58:18 PM,TODO
17/08/2020 8:58:18 PM,226 Nothing to do
17/08/2020 8:58:19 PM,EVENT 56546 1597697895 -310128388/1219229465/815/3/10 INPUT 3 0 55 v:124
17/08/2020 8:58:19 PM,252 Event OK
17/08/2020 8:58:20 PM,QUIT
17/08/2020 8:58:20 PM,221 Session ended - goodbye
17/08/2020 8:58:55 PM,UNIT 9279
17/08/2020 8:58:55 PM,333 CHAL 7DCAE6F5
17/08/2020 8:58:56 PM,RESP 12149427
17/08/2020 8:58:56 PM,230 Auth OK
17/08/2020 8:58:56 PM,TIME
17/08/2020 8:58:56 PM,211 TIME 1597697936
17/08/2020 8:58:57 PM,EVCOUNT 2
17/08/2020 8:58:57 PM,252 Event OK
17/08/2020 8:58:57 PM,TODO
17/08/2020 8:58:57 PM,226 Nothing to do
17/08/2020 8:58:58 PM,EVENT 56547 1597697933 -310128302/1219229285/805/3/0 INPUT 4 0 99 v:124
17/08/2020 8:58:58 PM,252 Event OK
17/08/2020 8:58:59 PM,EVENT 56548 1597697933 -310128300/1219229280/806/3/0 INPUT 4 1 0 v:124
17/08/2020 8:58:59 PM,252 Event OK
17/08/2020 8:59:00 PM,QUIT
17/08/2020 8:59:00 PM,221 Session ended - goodbye
17/08/2020 9:00:01 PM,UNIT 9279
17/08/2020 9:00:01 PM,333 CHAL 34C61E4E
17/08/2020 9:00:01 PM,RESP 0992CD36
17/08/2020 9:00:01 PM,230 Auth OK
17/08/2020 9:00:02 PM,TIME
17/08/2020 9:00:02 PM,211 TIME 1597698002
17/08/2020 9:00:03 PM,EVCOUNT 2
17/08/2020 9:00:03 PM,252 Event OK
17/08/2020 9:00:03 PM,TODO
17/08/2020 9:00:03 PM,226 Nothing to do
17/08/2020 9:00:04 PM,EVENT 56549 1597697999 -310128117/1219229244/776/3/0 INPUT 4 0 66 v:124
17/08/2020 9:00:04 PM,252 Event OK
17/08/2020 9:00:05 PM,EVENT 56550 1597697999 -310128117/1219229244/778/3/0 INPUT 4 1 0 v:124
17/08/2020 9:00:05 PM,252 Event OK
17/08/2020 9:00:05 PM,QUIT
17/08/2020 9:00:05 PM,221 Session ended - goodbye
17/08/2020 9:00:50 PM,UNIT 9279
17/08/2020 9:00:50 PM,333 CHAL 55622F44
17/08/2020 9:00:50 PM,RESP AB7C050D
17/08/2020 9:00:50 PM,230 Auth OK
17/08/2020 9:00:51 PM,TIME
17/08/2020 9:00:51 PM,211 TIME 1597698051
17/08/2020 9:00:52 PM,EVCOUNT 3
17/08/2020 9:00:52 PM,252 Event OK
17/08/2020 9:00:52 PM,TODO
17/08/2020 9:00:52 PM,226 Nothing to do
17/08/2020 9:00:53 PM,EVENT 56551 1597698046 -310128795/1219229042/784/3/5 INPUT 4 0 47 v:124
17/08/2020 9:00:53 PM,252 Event OK
17/08/2020 9:00:54 PM,EVENT 56552 1597698047 -310128823/1219229011/783/3/4 INPUT 4 1 0 v:124
17/08/2020 9:00:54 PM,252 Event OK
17/08/2020 9:00:55 PM,EVENT 56553 1597698049 -310128684/1219229149/784/3/4 INPUT 3 1 0 v:124
17/08/2020 9:00:55 PM,252 Event OK
17/08/2020 9:00:55 PM,QUIT
17/08/2020 9:00:55 PM,221 Session ended - goodbye
17/08/2020 9:01:17 PM,UNIT 9279
17/08/2020 9:01:17 PM,333 CHAL 7736C74B
17/08/2020 9:01:17 PM,RESP E6DA53FD
17/08/2020 9:01:17 PM,230 Auth OK
17/08/2020 9:01:18 PM,TIME
17/08/2020 9:01:18 PM,211 TIME 1597698078
17/08/2020 9:01:19 PM,EVCOUNT 1
17/08/2020 9:01:19 PM,252 Event OK
17/08/2020 9:01:19 PM,TODO
17/08/2020 9:01:19 PM,226 Nothing to do
17/08/2020 9:01:20 PM,EVENT 56554 1597698075 -310123572/1219230927/820/1/9 INPUT 3 0 26 v:124
17/08/2020 9:01:20 PM,252 Event OK
17/08/2020 9:01:21 PM,QUIT
17/08/2020 9:01:21 PM,221 Session ended - goodbye
17/08/2020 9:01:31 PM,UNIT 9279
17/08/2020 9:01:31 PM,333 CHAL 2A0B2D7B
17/08/2020 9:01:32 PM,RESP C035AA81
17/08/2020 9:01:32 PM,230 Auth OK
17/08/2020 9:01:32 PM,TIME
17/08/2020 9:01:32 PM,211 TIME 1597698092
17/08/2020 9:01:33 PM,EVCOUNT 2
17/08/2020 9:01:33 PM,252 Event OK
17/08/2020 9:01:34 PM,TODO
17/08/2020 9:01:34 PM,226 Nothing to do
17/08/2020 9:01:35 PM,EVENT 56555 1597698086 -310123585/1219230901/887/5/0 INPUT 4 0 40 v:124
17/08/2020 9:01:35 PM,252 Event OK
17/08/2020 9:01:35 PM,EVENT 56556 1597698086 -310123585/1219230901/887/5/0 INPUT 4 1 0 v:124
17/08/2020 9:01:35 PM,252 Event OK
17/08/2020 9:01:36 PM,EVENT 56557 1597698094 -310123139/1219230912/953/5/0 INPUT 4 0 8 v:124
17/08/2020 9:01:36 PM,252 Event OK
17/08/2020 9:01:37 PM,EVENT 56558 1597698094 -310123109/1219230904/961/5/0 INPUT 4 1 0 v:124
17/08/2020 9:01:37 PM,252 Event OK
17/08/2020 9:01:38 PM,EVENT 56559 1597698098 -310122949/1219230827/998/5/0 INPUT 4 0 4 v:123
17/08/2020 9:01:38 PM,252 Event OK
17/08/2020 9:01:39 PM,EVENT 56560 1597698099 -310122929/1219230813/1005/5/0 INPUT 4 1 0 v:123
17/08/2020 9:01:39 PM,252 Event OK
17/08/2020 9:01:40 PM,QUIT
17/08/2020 9:01:40 PM,221 Session ended - goodbye
17/08/2020 9:01:50 PM,UNIT 9279
17/08/2020 9:01:50 PM,333 CHAL 66CC3728
17/08/2020 9:01:51 PM,RESP F63358FE
17/08/2020 9:01:51 PM,230 Auth OK
17/08/2020 9:01:51 PM,TIME
17/08/2020 9:01:51 PM,211 TIME 1597698111
17/08/2020 9:01:52 PM,EVCOUNT 7
17/08/2020 9:01:52 PM,252 Event OK
17/08/2020 9:01:52 PM,TODO
17/08/2020 9:01:52 PM,226 Nothing to do
17/08/2020 9:01:53 PM,EVENT 56561 1597698107 -310122697/1219230836/944/5/0 INPUT 7 1 0 v:124
17/08/2020 9:01:53 PM,252 Event OK
17/08/2020 9:01:54 PM,EVENT 56562 1597698107 -310122697/1219230836/944/5/0 INPUT 8 0 288 v:124
17/08/2020 9:01:54 PM,252 Event OK
17/08/2020 9:01:55 PM,EVENT 56563 1597698108 -310122686/1219230847/941/5/0 INPUT 1 1 0 v:124
17/08/2020 9:01:55 PM,252 Event OK
17/08/2020 9:01:56 PM,EVENT 56564 1597698108 -310122679/1219230852/939/5/0 INPUT 4 0 9 v:124
17/08/2020 9:01:56 PM,252 Event OK
17/08/2020 9:01:57 PM,EVENT 56565 1597698109 -310122665/1219230862/933/5/0 INPUT 4 1 0 v:124
17/08/2020 9:01:57 PM,252 Event OK
17/08/2020 9:01:58 PM,EVENT 56566 1597698110 -310122651/1219230871/925/5/0 INPUT 4 0 2 v:124
17/08/2020 9:01:58 PM,252 Event OK
17/08/2020 9:01:59 PM,EVENT 56567 1597698111 -310122634/1219230883/912/5/0 TRIP 56542 82 193 10 7 285 v:124
17/08/2020 9:01:59 PM,252 Event OK
17/08/2020 9:02:00 PM,QUIT
17/08/2020 9:02:00 PM,221 Session ended - goodbye
17/08/2020 9:15:48 PM,UNIT 9279
17/08/2020 9:15:48 PM,333 CHAL 7DD46717
17/08/2020 9:15:49 PM,RESP 1F9FCD60
17/08/2020 9:15:49 PM,230 Auth OK
17/08/2020 9:15:50 PM,TIME
17/08/2020 9:15:50 PM,211 TIME 1597698950
17/08/2020 9:15:51 PM,EVCOUNT 2
17/08/2020 9:15:51 PM,252 Event OK
17/08/2020 9:15:51 PM,TODO
17/08/2020 9:15:51 PM,226 Nothing to do
17/08/2020 9:15:52 PM,EVENT 56568 1597698946 -310122815/1219231046/749/3/0 INPUT 8 1 0 v:124
17/08/2020 9:15:52 PM,252 Event OK
17/08/2020 9:15:53 PM,EVENT 56569 1597698947 -310122815/1219231046/749/3/0 INPUT 7 0 840 v:124
17/08/2020 9:15:53 PM,252 Event OK
17/08/2020 9:15:54 PM,QUIT
17/08/2020 9:15:54 PM,221 Session ended - goodbye
17/08/2020 9:16:04 PM,UNIT 9279
17/08/2020 9:16:04 PM,333 CHAL 1090513B
17/08/2020 9:16:05 PM,RESP 8C5956BC
17/08/2020 9:16:05 PM,230 Auth OK
17/08/2020 9:16:05 PM,TIME
17/08/2020 9:16:05 PM,211 TIME 1597698965
17/08/2020 9:16:06 PM,EVCOUNT 3
17/08/2020 9:16:06 PM,252 Event OK
17/08/2020 9:16:06 PM,TODO
17/08/2020 9:16:06 PM,226 Nothing to do
17/08/2020 9:16:07 PM,EVENT 56570 1597698956 -310122756/1219231044/755/4/0 SIGNON 2503 03d7f2de OK 26 140690 0 v:124
17/08/2020 9:16:07 PM,252 Event OK
17/08/2020 9:16:08 PM,EVENT 56571 1597698964 -310122728/1219231046/757/4/0 INPUT 1 0 856 v:124
17/08/2020 9:16:08 PM,252 Event OK
17/08/2020 9:16:09 PM,EVENT 56572 1597698964 -310122727/1219231046/758/4/0 INPUT 4 1 0 v:124
17/08/2020 9:16:09 PM,252 Event OK
17/08/2020 9:16:10 PM,QUIT
17/08/2020 9:16:10 PM,221 Session ended - goodbye
17/08/2020 9:16:30 PM,UNIT 9279
17/08/2020 9:16:30 PM,333 CHAL 2A4B2C3C
17/08/2020 9:16:30 PM,RESP BE8051B1
17/08/2020 9:16:30 PM,230 Auth OK
17/08/2020 9:16:31 PM,TIME
17/08/2020 9:16:31 PM,211 TIME 1597698991
17/08/2020 9:16:32 PM,EVCOUNT 1
17/08/2020 9:16:32 PM,252 Event OK
17/08/2020 9:16:32 PM,TODO
17/08/2020 9:16:32 PM,226 Nothing to do
17/08/2020 9:16:33 PM,EVENT 56573 1597698989 -310124530/1219232722/804/4/8 INPUT 3 1 0 v:124
17/08/2020 9:16:33 PM,252 Event OK
17/08/2020 9:16:33 PM,QUIT
17/08/2020 9:16:33 PM,221 Session ended - goodbye
17/08/2020 9:18:00 PM,UNIT 9279
17/08/2020 9:18:00 PM,333 CHAL 2F65047
17/08/2020 9:18:00 PM,RESP E18CA031
17/08/2020 9:18:00 PM,230 Auth OK
17/08/2020 9:18:01 PM,TIME
17/08/2020 9:18:01 PM,211 TIME 1597699081
17/08/2020 9:18:01 PM,EVCOUNT 1
17/08/2020 9:18:01 PM,252 Event OK
17/08/2020 9:18:02 PM,TODO
17/08/2020 9:18:02 PM,226 Nothing to do
17/08/2020 9:18:02 PM,EVENT 56574 1597699078 -310143163/1219231569/849/2/10 INPUT 3 0 90 v:124
17/08/2020 9:18:02 PM,252 Event OK
17/08/2020 9:18:03 PM,EVENT 56575 1597699083 -310143486/1219231617/829/2/0 INPUT 7 1 0 v:124
17/08/2020 9:18:03 PM,252 Event OK
17/08/2020 9:18:04 PM,EVENT 56576 1597699083 -310143486/1219231617/829/2/0 INPUT 8 0 136 v:124
17/08/2020 9:18:04 PM,252 Event OK
17/08/2020 9:18:04 PM,EVENT 56577 1597699084 -310143486/1219231624/824/2/0 INPUT 1 1 0 v:124
17/08/2020 9:18:04 PM,252 Event OK
17/08/2020 9:18:05 PM,EVENT 56578 1597699084 -310143487/1219231628/820/2/0 INPUT 4 0 121 v:124
17/08/2020 9:18:05 PM,252 Event OK
17/08/2020 9:18:06 PM,EVENT 56579 1597699086 -310143490/1219231638/808/2/0 INPUT 4 1 0 v:124
17/08/2020 9:18:06 PM,252 Event OK
17/08/2020 9:18:06 PM,QUIT
17/08/2020 9:18:06 PM,221 Session ended - goodbye
17/08/2020 9:18:16 PM,UNIT 9279
17/08/2020 9:18:16 PM,333 CHAL 69953D78
17/08/2020 9:18:17 PM,RESP F6526FAE
17/08/2020 9:18:17 PM,230 Auth OK
17/08/2020 9:18:17 PM,TIME
17/08/2020 9:18:17 PM,211 TIME 1597699097
17/08/2020 9:18:18 PM,EVCOUNT 2
17/08/2020 9:18:18 PM,252 Event OK
17/08/2020 9:18:18 PM,TODO
17/08/2020 9:18:18 PM,226 Nothing to do
17/08/2020 9:18:19 PM,EVENT 56580 1597699087 -310143494/1219231646/799/2/0 TRIP 56570 90 33 8 7 131 v:124
17/08/2020 9:18:19 PM,252 Event OK
17/08/2020 9:18:19 PM,EVENT 56581 1597699088 -310143494/1219231646/799/2/0 INPUT 4 0 2 v:123
17/08/2020 9:18:19 PM,252 Event OK
17/08/2020 9:18:20 PM,QUIT
17/08/2020 9:18:20 PM,221 Session ended - goodbye
17/08/2020 10:09:50 PM,UNIT 9279
17/08/2020 10:09:50 PM,333 CHAL 2449410A
17/08/2020 10:09:50 PM,RESP 14275392
17/08/2020 10:09:50 PM,230 Auth OK
17/08/2020 10:09:50 PM,TIME
17/08/2020 10:09:50 PM,211 TIME 1597702190
17/08/2020 10:09:50 PM,EVCOUNT 11
17/08/2020 10:09:50 PM,252 Event OK
17/08/2020 10:09:51 PM,TODO
17/08/2020 10:09:51 PM,226 Nothing to do
17/08/2020 10:09:51 PM,EVENT 56582 1597702168 0/0/0/0/0 SWSTART OpusFC 5.0.58.518 R v:123
17/08/2020 10:09:51 PM,252 Event OK
17/08/2020 10:09:51 PM,EVENT 56583 1597699087 0/0/0/0/0 POWERDOWN v:124
17/08/2020 10:09:51 PM,252 Event OK
17/08/2020 10:09:52 PM,EVENT 56584 1597702168 0/0/0/0/0 INPUT 1 1 0 v:123
17/08/2020 10:09:52 PM,252 Event OK
17/08/2020 10:09:52 PM,EVENT 56585 1597702168 0/0/0/0/0 INPUT 2 0 0 v:123
17/08/2020 10:09:52 PM,252 Event OK
17/08/2020 10:09:52 PM,EVENT 56586 1597702168 0/0/0/0/0 INPUT 3 0 0 v:123
17/08/2020 10:09:52 PM,252 Event OK
17/08/2020 10:09:53 PM,EVENT 56587 1597702168 0/0/0/0/0 INPUT 4 0 0 v:123
17/08/2020 10:09:53 PM,252 Event OK
17/08/2020 10:09:53 PM,EVENT 56588 1597702168 0/0/0/0/0 INPUT 7 0 0 v:123
17/08/2020 10:09:53 PM,252 Event OK
17/08/2020 10:09:53 PM,EVENT 56589 1597702168 0/0/0/0/0 INPUT 8 1 0 v:123
17/08/2020 10:09:53 PM,252 Event OK
17/08/2020 10:09:54 PM,EVENT 56590 1597702170 0/0/0/0/0 ZONE_OK 2 100 FW=NO VERSION v:123
17/08/2020 10:09:54 PM,252 Event OK
17/08/2020 10:09:54 PM,EVENT 56591 1597702178 0/0/0/0/0 SIGNON 2539 01d5f6d3 OK_CL 26 150496 0 v:123
17/08/2020 10:09:54 PM,252 Event OK
17/08/2020 10:09:54 PM,EVENT 56592 1597702184 0/0/0/4/0 CHECKLIST 56591 OK 0 7 432 F v:123
17/08/2020 10:09:54 PM,252 Event OK
17/08/2020 10:09:54 PM,QUIT
17/08/2020 10:09:54 PM,221 Session ended - goodbye
17/08/2020 10:10:04 PM,UNIT 9279
17/08/2020 10:10:04 PM,333 CHAL 52A72672
17/08/2020 10:10:05 PM,RESP A395A6F2
17/08/2020 10:10:05 PM,230 Auth OK
17/08/2020 10:10:05 PM,TIME
17/08/2020 10:10:05 PM,211 TIME 1597702205
17/08/2020 10:10:06 PM,EVCOUNT 2
17/08/2020 10:10:06 PM,252 Event OK
17/08/2020 10:10:06 PM,TODO
17/08/2020 10:10:06 PM,226 Nothing to do
17/08/2020 10:10:07 PM,EVENT 56593 1597702198 0/0/0/0/0 INPUT 4 1 0 v:124
17/08/2020 10:10:07 PM,252 Event OK
17/08/2020 10:10:07 PM,EVENT 56594 1597702199 0/0/0/0/0 INPUT 1 0 30 v:123
17/08/2020 10:10:07 PM,252 Event OK
17/08/2020 10:10:08 PM,EVENT 56595 1597702208 -310143367/1219231658/1886/0/0 INPUT 4 0 10 v:123
17/08/2020 10:10:08 PM,252 Event OK
17/08/2020 10:10:09 PM,EVENT 56596 1597702208 -310143367/1219231658/1886/0/0 INPUT 4 1 0 v:123
17/08/2020 10:10:09 PM,252 Event OK
17/08/2020 10:10:09 PM,QUIT
17/08/2020 10:10:09 PM,221 Session ended - goodbye
17/08/2020 10:10:40 PM,UNIT 9279
17/08/2020 10:10:40 PM,333 CHAL 3879BF88
17/08/2020 10:10:41 PM,RESP AB501CA0
17/08/2020 10:10:41 PM,230 Auth OK
17/08/2020 10:10:41 PM,TIME
17/08/2020 10:10:41 PM,211 TIME 1597702241
17/08/2020 10:10:42 PM,EVCOUNT 2
17/08/2020 10:10:42 PM,252 Event OK
17/08/2020 10:10:42 PM,TODO
17/08/2020 10:10:42 PM,226 Nothing to do
17/08/2020 10:10:46 PM,EVENT 56597 1597702238 -310143403/1219231580/810/3/0 INPUT 4 0 30 v:124
17/08/2020 10:10:46 PM,252 Event OK
17/08/2020 10:10:46 PM,EVENT 56598 1597702238 -310143403/1219231580/810/3/0 INPUT 4 1 0 v:124
17/08/2020 10:10:46 PM,252 Event OK
17/08/2020 10:10:46 PM,EVENT 56599 1597702245 -310142711/1219231992/768/3/6 INPUT 4 0 7 v:123
17/08/2020 10:10:46 PM,252 Event OK
17/08/2020 10:10:46 PM,EVENT 56600 1597702246 -310142699/1219232023/764/3/5 INPUT 4 1 0 v:123
17/08/2020 10:10:46 PM,252 Event OK
17/08/2020 10:10:47 PM,QUIT
17/08/2020 10:10:47 PM,221 Session ended - goodbye
17/08/2020 10:10:57 PM,UNIT 9279
17/08/2020 10:10:57 PM,333 CHAL B0220E2
17/08/2020 10:10:57 PM,RESP 822919FB
17/08/2020 10:10:57 PM,230 Auth OK
17/08/2020 10:10:58 PM,TIME
17/08/2020 10:10:58 PM,211 TIME 1597702258
17/08/2020 10:10:58 PM,EVCOUNT 2
17/08/2020 10:10:58 PM,252 Event OK
17/08/2020 10:10:59 PM,TODO
17/08/2020 10:10:59 PM,226 Nothing to do
17/08/2020 10:11:00 PM,EVENT 56601 1597702248 -310142898/1219231708/757/3/5 INPUT 3 1 0 v:123
17/08/2020 10:11:00 PM,252 Event OK
17/08/2020 10:11:01 PM,EVENT 56602 1597702255 -310144355/1219232082/755/3/10 INPUT 3 0 7 v:123
17/08/2020 10:11:01 PM,252 Event OK
17/08/2020 10:11:01 PM,QUIT
17/08/2020 10:11:01 PM,221 Session ended - goodbye
17/08/2020 10:11:28 PM,UNIT 9279
17/08/2020 10:11:28 PM,333 CHAL 76F6E530
17/08/2020 10:11:28 PM,RESP CA102D40
17/08/2020 10:11:28 PM,230 Auth OK
17/08/2020 10:11:29 PM,TIME
17/08/2020 10:11:29 PM,211 TIME 1597702289
17/08/2020 10:11:29 PM,EVCOUNT 2
17/08/2020 10:11:29 PM,252 Event OK
17/08/2020 10:11:30 PM,TODO
17/08/2020 10:11:30 PM,226 Nothing to do
17/08/2020 10:11:31 PM,EVENT 56603 1597702286 -310144585/1219232124/786/6/0 INPUT 4 0 41 v:124
17/08/2020 10:11:31 PM,252 Event OK
17/08/2020 10:11:32 PM,EVENT 56604 1597702286 -310144585/1219232124/786/6/0 INPUT 4 1 0 v:124
17/08/2020 10:11:32 PM,252 Event OK
17/08/2020 10:11:33 PM,QUIT
17/08/2020 10:11:33 PM,221 Session ended - goodbye
17/08/2020 10:11:47 PM,UNIT 9279
17/08/2020 10:11:47 PM,333 CHAL 5366C8A6
17/08/2020 10:11:48 PM,RESP 5A35C8D1
17/08/2020 10:11:48 PM,230 Auth OK
17/08/2020 10:11:48 PM,TIME
17/08/2020 10:11:48 PM,211 TIME 1597702308
17/08/2020 10:11:49 PM,EVCOUNT 2
17/08/2020 10:11:49 PM,252 Event OK
17/08/2020 10:11:49 PM,TODO
17/08/2020 10:11:49 PM,226 Nothing to do
17/08/2020 10:11:50 PM,EVENT 56605 1597702305 -310144435/1219232093/782/6/0 INPUT 4 0 19 v:123
17/08/2020 10:11:50 PM,252 Event OK
17/08/2020 10:11:51 PM,EVENT 56606 1597702305 -310144411/1219232086/782/6/0 INPUT 4 1 0 v:123
17/08/2020 10:11:51 PM,252 Event OK
17/08/2020 10:11:51 PM,QUIT
17/08/2020 10:11:51 PM,221 Session ended - goodbye
17/08/2020 10:12:03 PM,UNIT 9279
17/08/2020 10:12:03 PM,333 CHAL 2F485E83
17/08/2020 10:12:04 PM,RESP F1FEB48F
17/08/2020 10:12:04 PM,230 Auth OK
17/08/2020 10:12:04 PM,TIME
17/08/2020 10:12:04 PM,211 TIME 1597702324
17/08/2020 10:12:05 PM,EVCOUNT 2
17/08/2020 10:12:05 PM,252 Event OK
17/08/2020 10:12:05 PM,TODO
17/08/2020 10:12:05 PM,226 Nothing to do
17/08/2020 10:12:06 PM,EVENT 56607 1597702313 -310143458/1219231761/783/6/6 INPUT 4 0 8 v:123
17/08/2020 10:12:06 PM,252 Event OK
17/08/2020 10:12:07 PM,EVENT 56608 1597702313 -310143421/1219231747/780/6/5 INPUT 4 1 0 v:123
17/08/2020 10:12:07 PM,252 Event OK
17/08/2020 10:12:07 PM,QUIT
17/08/2020 10:12:07 PM,221 Session ended - goodbye
17/08/2020 10:12:38 PM,UNIT 9279
17/08/2020 10:12:38 PM,333 CHAL 4305B9A0
17/08/2020 10:12:40 PM,RESP 2A3CDE0D
17/08/2020 10:12:40 PM,230 Auth OK
17/08/2020 10:12:41 PM,TIME
17/08/2020 10:12:41 PM,211 TIME 1597702361
17/08/2020 10:12:42 PM,EVCOUNT 2
17/08/2020 10:12:42 PM,252 Event OK
17/08/2020 10:12:43 PM,TODO
17/08/2020 10:12:43 PM,226 Nothing to do
17/08/2020 10:12:45 PM,EVENT 56609 1597702355 -310143392/1219231608/661/1/0 INPUT 4 0 42 v:124
17/08/2020 10:12:45 PM,252 Event OK
17/08/2020 10:12:47 PM,EVENT 56610 1597702355 -310143392/1219231608/661/1/0 INPUT 4 1 0 v:124
17/08/2020 10:12:47 PM,252 Event OK
17/08/2020 10:12:48 PM,QUIT
17/08/2020 10:12:48 PM,221 Session ended - goodbye
17/08/2020 10:13:43 PM,UNIT 9279
17/08/2020 10:13:43 PM,333 CHAL 52A7B43
17/08/2020 10:13:44 PM,RESP 140A5B39
17/08/2020 10:13:44 PM,230 Auth OK
17/08/2020 10:13:45 PM,TIME
17/08/2020 10:13:45 PM,211 TIME 1597702425
17/08/2020 10:13:46 PM,EVCOUNT 2
17/08/2020 10:13:46 PM,252 Event OK
17/08/2020 10:13:47 PM,TODO
17/08/2020 10:13:47 PM,226 Nothing to do
17/08/2020 10:13:48 PM,EVENT 56611 1597702421 -310143347/1219231708/695/4/0 INPUT 4 0 66 v:124
17/08/2020 10:13:48 PM,252 Event OK
17/08/2020 10:13:50 PM,EVENT 56612 1597702421 -310143347/1219231708/695/4/0 INPUT 4 1 0 v:124
17/08/2020 10:13:50 PM,252 Event OK
17/08/2020 10:13:51 PM,QUIT
17/08/2020 10:13:51 PM,221 Session ended - goodbye
17/08/2020 10:14:12 PM,UNIT 9279
17/08/2020 10:14:12 PM,333 CHAL 370DE201
17/08/2020 10:14:13 PM,RESP 25F21873
17/08/2020 10:14:13 PM,230 Auth OK
17/08/2020 10:14:14 PM,TIME
17/08/2020 10:14:14 PM,211 TIME 1597702454
17/08/2020 10:14:15 PM,EVCOUNT 1
17/08/2020 10:14:15 PM,252 Event OK
17/08/2020 10:14:16 PM,TODO
17/08/2020 10:14:16 PM,226 Nothing to do
17/08/2020 10:14:17 PM,EVENT 56613 1597702450 -310143100/1219231555/713/4/6 INPUT 3 1 0 v:124
17/08/2020 10:14:17 PM,252 Event OK
17/08/2020 10:14:18 PM,QUIT
17/08/2020 10:14:18 PM,221 Session ended - goodbye
17/08/2020 10:15:09 PM,UNIT 9279
17/08/2020 10:15:09 PM,333 CHAL 7C8767D6
17/08/2020 10:15:10 PM,RESP 84213035
17/08/2020 10:15:10 PM,230 Auth OK
17/08/2020 10:15:11 PM,TIME
17/08/2020 10:15:11 PM,211 TIME 1597702511
17/08/2020 10:15:12 PM,EVCOUNT 2
17/08/2020 10:15:12 PM,252 Event OK
17/08/2020 10:15:13 PM,TODO
17/08/2020 10:15:13 PM,226 Nothing to do
17/08/2020 10:15:14 PM,EVENT 56614 1597702508 -310124888/1219239381/804/8/9 INPUT 3 0 57 v:124
17/08/2020 10:15:14 PM,252 Event OK
17/08/2020 10:15:15 PM,EVENT 56615 1597702509 -310124733/1219239205/809/8/8 INPUT 3 1 0 v:124
17/08/2020 10:15:15 PM,252 Event OK
17/08/2020 10:15:16 PM,QUIT
17/08/2020 10:15:16 PM,221 Session ended - goodbye
17/08/2020 10:15:34 PM,UNIT 9279
17/08/2020 10:15:34 PM,333 CHAL B825AD2
17/08/2020 10:15:34 PM,RESP 1068EACE
17/08/2020 10:15:34 PM,230 Auth OK
17/08/2020 10:15:35 PM,TIME
17/08/2020 10:15:35 PM,211 TIME 1597702535
17/08/2020 10:15:36 PM,EVCOUNT 1
17/08/2020 10:15:36 PM,252 Event OK
17/08/2020 10:15:36 PM,TODO
17/08/2020 10:15:36 PM,226 Nothing to do
17/08/2020 10:15:37 PM,EVENT 56616 1597702533 -310124071/1219230199/813/8/10 INPUT 3 0 24 v:124
17/08/2020 10:15:37 PM,252 Event OK
17/08/2020 10:15:38 PM,EVENT 56617 1597702538 -310124182/1219230181/843/6/0 INPUT 7 1 0 v:124
17/08/2020 10:15:38 PM,252 Event OK
17/08/2020 10:15:39 PM,EVENT 56618 1597702538 -310124182/1219230181/843/6/0 INPUT 8 0 370 v:124
17/08/2020 10:15:39 PM,252 Event OK
17/08/2020 10:15:40 PM,EVENT 56619 1597702539 -310124180/1219230195/848/6/0 INPUT 1 1 0 v:124
17/08/2020 10:15:40 PM,252 Event OK
17/08/2020 10:15:41 PM,EVENT 56620 1597702541 -310124177/1219230214/849/6/0 INPUT 4 0 120 v:123
17/08/2020 10:15:41 PM,252 Event OK
17/08/2020 10:15:41 PM,QUIT
17/08/2020 10:15:41 PM,221 Session ended - goodbye
17/08/2020 10:15:52 PM,UNIT 9279
17/08/2020 10:15:52 PM,333 CHAL 2D773E73
17/08/2020 10:15:52 PM,RESP DD612365
17/08/2020 10:15:52 PM,230 Auth OK
17/08/2020 10:15:53 PM,TIME
17/08/2020 10:15:53 PM,211 TIME 1597702553
17/08/2020 10:15:53 PM,EVCOUNT 1
17/08/2020 10:15:53 PM,252 Event OK
17/08/2020 10:15:54 PM,TODO
17/08/2020 10:15:54 PM,226 Nothing to do
17/08/2020 10:15:55 PM,EVENT 56621 1597702543 -310124176/1219230226/854/6/0 TRIP 56591 88 255 18 16 361 v:123
17/08/2020 10:15:55 PM,252 Event OK
17/08/2020 10:15:55 PM,QUIT
17/08/2020 10:15:55 PM,221 Session ended - goodbye
17/08/2020 10:16:39 PM,UNIT 9279
17/08/2020 10:16:39 PM,333 CHAL 7965F61
17/08/2020 10:16:40 PM,RESP 601712AE
17/08/2020 10:16:40 PM,230 Auth OK
17/08/2020 10:16:41 PM,TIME
17/08/2020 10:16:41 PM,211 TIME 1597702601
17/08/2020 10:16:41 PM,EVCOUNT 2
17/08/2020 10:16:41 PM,252 Event OK
17/08/2020 10:16:42 PM,TODO
17/08/2020 10:16:42 PM,226 Nothing to do
17/08/2020 10:16:43 PM,EVENT 56622 1597702597 -310123897/1219230380/854/7/0 INPUT 8 1 0 v:123
17/08/2020 10:16:43 PM,252 Event OK
17/08/2020 10:16:44 PM,EVENT 56623 1597702597 -310123891/1219230377/856/7/0 INPUT 7 0 58 v:123
17/08/2020 10:16:44 PM,252 Event OK
17/08/2020 10:16:45 PM,QUIT
17/08/2020 10:16:45 PM,221 Session ended - goodbye
17/08/2020 10:16:55 PM,UNIT 9279
17/08/2020 10:16:55 PM,333 CHAL 334E19C9
17/08/2020 10:16:55 PM,RESP 1DED6EE9
17/08/2020 10:16:55 PM,230 Auth OK
17/08/2020 10:16:56 PM,TIME
17/08/2020 10:16:56 PM,211 TIME 1597702616
17/08/2020 10:16:57 PM,EVCOUNT 3
17/08/2020 10:16:57 PM,252 Event OK
17/08/2020 10:16:58 PM,TODO
17/08/2020 10:16:58 PM,226 Nothing to do
17/08/2020 10:16:59 PM,EVENT 56624 1597702607 -310123814/1219230322/896/7/0 SIGNON 2539 01d5f6d3 OK 26 150496 0 v:124
17/08/2020 10:16:59 PM,252 Event OK
17/08/2020 10:17:01 PM,EVENT 56625 1597702613 -310123805/1219230298/914/7/0 INPUT 1 0 74 v:124
17/08/2020 10:17:01 PM,252 Event OK
17/08/2020 10:17:02 PM,EVENT 56626 1597702614 -310123805/1219230298/915/7/0 INPUT 4 1 0 v:124
17/08/2020 10:17:02 PM,252 Event OK
17/08/2020 10:17:03 PM,QUIT
17/08/2020 10:17:03 PM,221 Session ended - goodbye
17/08/2020 10:17:26 PM,UNIT 9279
17/08/2020 10:17:26 PM,333 CHAL 5859BB1A
17/08/2020 10:17:27 PM,RESP 67C07A56
17/08/2020 10:17:27 PM,230 Auth OK
17/08/2020 10:17:28 PM,TIME
17/08/2020 10:17:28 PM,211 TIME 1597702648
17/08/2020 10:17:29 PM,EVCOUNT 2
17/08/2020 10:17:29 PM,252 Event OK
17/08/2020 10:17:30 PM,TODO
17/08/2020 10:17:30 PM,226 Nothing to do
17/08/2020 10:17:31 PM,EVENT 56627 1597702644 -310123741/1219230642/819/6/0 INPUT 4 0 31 v:124
17/08/2020 10:17:31 PM,252 Event OK
17/08/2020 10:17:32 PM,EVENT 56628 1597702645 -310123741/1219230657/817/6/0 INPUT 4 1 0 v:124
17/08/2020 10:17:32 PM,252 Event OK
17/08/2020 10:17:34 PM,QUIT
17/08/2020 10:17:34 PM,221 Session ended - goodbye
17/08/2020 10:18:00 PM,UNIT 9279
17/08/2020 10:18:00 PM,333 CHAL 7ECC0FEE
17/08/2020 10:18:00 PM,RESP 88CC4097
17/08/2020 10:18:00 PM,230 Auth OK
17/08/2020 10:18:01 PM,TIME
17/08/2020 10:18:01 PM,211 TIME 1597702681
17/08/2020 10:18:02 PM,EVCOUNT 3
17/08/2020 10:18:02 PM,252 Event OK
17/08/2020 10:18:02 PM,TODO
17/08/2020 10:18:02 PM,226 Nothing to do
17/08/2020 10:18:03 PM,EVENT 56629 1597702678 -310124045/1219231869/825/8/8 INPUT 3 1 0 v:124
17/08/2020 10:18:03 PM,252 Event OK
17/08/2020 10:18:03 PM,EVENT 56630 1597702679 -310124361/1219231991/814/8/9 INPUT 3 0 2 v:124
17/08/2020 10:18:03 PM,252 Event OK
17/08/2020 10:18:04 PM,EVENT 56631 1597702681 -310124589/1219232183/797/8/8 INPUT 3 1 0 v:124
17/08/2020 10:18:04 PM,252 Event OK
17/08/2020 10:18:05 PM,QUIT
17/08/2020 10:18:05 PM,221 Session ended - goodbye
17/08/2020 10:18:52 PM,UNIT 9279
17/08/2020 10:18:52 PM,333 CHAL 286AE23
17/08/2020 10:18:53 PM,RESP C7C22AFB
17/08/2020 10:18:53 PM,230 Auth OK
17/08/2020 10:18:54 PM,TIME
17/08/2020 10:18:54 PM,211 TIME 1597702734
17/08/2020 10:18:54 PM,EVCOUNT 1
17/08/2020 10:18:54 PM,252 Event OK
17/08/2020 10:18:55 PM,TODO
17/08/2020 10:18:55 PM,226 Nothing to do
17/08/2020 10:18:55 PM,EVENT 56632 1597702728 -310121156/1219229229/866/6/9 INPUT 3 0 48 v:124
17/08/2020 10:18:55 PM,252 Event OK
17/08/2020 10:18:56 PM,QUIT
17/08/2020 10:18:56 PM,221 Session ended - goodbye
18/08/2020 9:00:50 AM,UNIT 9279
18/08/2020 9:00:50 AM,333 CHAL A9D9B50
18/08/2020 9:00:50 AM,RESP 2594F1BB
18/08/2020 9:00:50 AM,230 Auth OK
18/08/2020 9:00:50 AM,TIME
18/08/2020 9:00:50 AM,211 TIME 1597741250
18/08/2020 9:00:51 AM,EVCOUNT 96
18/08/2020 9:00:51 AM,252 Event OK
18/08/2020 9:00:51 AM,TODO
18/08/2020 9:00:51 AM,226 Nothing to do
18/08/2020 9:00:51 AM,EVENT 56633 1597702759 -310121604/1219229047/877/7/0 INPUT 4 0 115 v:124
18/08/2020 9:00:51 AM,252 Event OK
18/08/2020 9:00:51 AM,EVENT 56634 1597702759 -310121604/1219229047/877/7/0 INPUT 4 1 0 v:124
18/08/2020 9:00:51 AM,252 Event OK
18/08/2020 9:00:52 AM,EVENT 56635 1597702764 -310122119/1219228532/839/7/7 INPUT 3 1 0 v:124
18/08/2020 9:00:52 AM,252 Event OK
18/08/2020 9:00:52 AM,EVENT 56636 1597703063 0/0/0/0/11 INPUT 3 0 299 v:124
18/08/2020 9:00:52 AM,252 Event OK
18/08/2020 9:00:53 AM,EVENT 56637 1597703071 0/0/0/0/7 INPUT 3 1 0 v:124
18/08/2020 9:00:53 AM,252 Event OK
18/08/2020 9:00:53 AM,EVENT 56638 1597703072 0/0/0/0/9 INPUT 3 0 1 v:124
18/08/2020 9:00:53 AM,252 Event OK
18/08/2020 9:00:53 AM,EVENT 56639 1597703072 0/0/0/0/8 INPUT 3 1 0 v:124
18/08/2020 9:00:53 AM,252 Event OK
18/08/2020 9:00:57 AM,EVENT 56640 1597703247 0/0/0/0/13 INPUT 3 0 174 v:124
18/08/2020 9:00:57 AM,252 Event OK
18/08/2020 9:00:57 AM,EVENT 56641 1597703249 0/0/0/0/5 INPUT 4 0 490 v:124
18/08/2020 9:00:57 AM,252 Event OK
18/08/2020 9:00:58 AM,EVENT 56642 1597703249 0/0/0/0/4 INPUT 4 1 0 v:124
18/08/2020 9:00:58 AM,252 Event OK
18/08/2020 9:00:58 AM,EVENT 56643 1597703278 0/0/0/0/1 INPUT 4 0 29 v:124
18/08/2020 9:00:58 AM,252 Event OK
18/08/2020 9:00:58 AM,EVENT 56644 1597703278 0/0/0/0/1 INPUT 4 1 0 v:124
18/08/2020 9:00:58 AM,252 Event OK
18/08/2020 9:00:58 AM,EVENT 56645 1597703321 0/0/0/0/0 INPUT 4 0 43 v:124
18/08/2020 9:00:58 AM,252 Event OK
18/08/2020 9:00:58 AM,EVENT 56646 1597703321 0/0/0/0/0 INPUT 4 1 0 v:124
18/08/2020 9:00:58 AM,252 Event OK
18/08/2020 9:00:59 AM,EVENT 56647 1597703356 0/0/0/0/7 INPUT 3 1 0 v:124
18/08/2020 9:00:59 AM,252 Event OK
18/08/2020 9:00:59 AM,EVENT 56648 1597703844 0/0/0/0/10 INPUT 3 0 489 v:124
18/08/2020 9:00:59 AM,252 Event OK
18/08/2020 9:00:59 AM,EVENT 56649 1597703880 0/0/0/99/3 INPUT 4 0 559 v:124
18/08/2020 9:00:59 AM,252 Event OK
18/08/2020 9:01:01 AM,EVENT 56650 1597703881 0/0/0/99/2 INPUT 4 1 0 v:124
18/08/2020 9:01:01 AM,252 Event OK
18/08/2020 9:01:01 AM,EVENT 56651 1597703886 0/0/0/99/0 INPUT 4 0 6 v:123
18/08/2020 9:01:01 AM,252 Event OK
18/08/2020 9:01:01 AM,EVENT 56652 1597703887 0/0/0/99/0 INPUT 4 1 0 v:123
18/08/2020 9:01:01 AM,252 Event OK
18/08/2020 9:01:02 AM,EVENT 56653 1597703897 0/0/0/99/0 INPUT 4 0 11 v:124
18/08/2020 9:01:02 AM,252 Event OK
18/08/2020 9:01:03 AM,EVENT 56654 1597703897 0/0/0/99/0 INPUT 4 1 0 v:124
18/08/2020 9:01:03 AM,252 Event OK
18/08/2020 9:01:03 AM,EVENT 56655 1597703900 0/0/0/99/0 INPUT 4 0 3 v:124
18/08/2020 9:01:03 AM,252 Event OK
18/08/2020 9:01:03 AM,EVENT 56656 1597703900 0/0/0/99/0 INPUT 4 1 0 v:123
18/08/2020 9:01:03 AM,252 Event OK
18/08/2020 9:01:04 AM,EVENT 56657 1597703903 0/0/0/0/0 INPUT 4 0 3 v:123
18/08/2020 9:01:04 AM,252 Event OK
18/08/2020 9:01:04 AM,EVENT 56658 1597703903 0/0/0/0/0 INPUT 4 1 0 v:123
18/08/2020 9:01:04 AM,252 Event OK
18/08/2020 9:01:04 AM,EVENT 56659 1597703906 0/0/0/0/0 INPUT 4 0 3 v:123
18/08/2020 9:01:04 AM,252 Event OK
18/08/2020 9:01:05 AM,EVENT 56660 1597703907 0/0/0/0/0 INPUT 4 1 0 v:123
18/08/2020 9:01:05 AM,252 Event OK
18/08/2020 9:01:05 AM,EVENT 56661 1597703909 0/0/0/0/0 INPUT 4 0 3 v:124
18/08/2020 9:01:05 AM,252 Event OK
18/08/2020 9:01:06 AM,EVENT 56662 1597703910 0/0/0/0/0 INPUT 4 1 0 v:124
18/08/2020 9:01:06 AM,252 Event OK
18/08/2020 9:01:06 AM,EVENT 56663 1597703914 0/0/0/0/0 INPUT 7 1 0 v:124
18/08/2020 9:01:06 AM,252 Event OK
18/08/2020 9:01:06 AM,EVENT 56664 1597703914 0/0/0/0/0 INPUT 8 0 1318 v:124
18/08/2020 9:01:06 AM,252 Event OK
18/08/2020 9:01:06 AM,EVENT 56665 1597703916 0/0/0/0/0 INPUT 1 1 0 v:124
18/08/2020 9:01:06 AM,252 Event OK
18/08/2020 9:01:06 AM,EVENT 56666 1597703916 0/0/0/0/0 INPUT 4 0 6 v:124
18/08/2020 9:01:06 AM,252 Event OK
18/08/2020 9:01:07 AM,EVENT 56667 1597703917 0/0/0/0/0 INPUT 4 1 0 v:124
18/08/2020 9:01:07 AM,252 Event OK
18/08/2020 9:01:07 AM,EVENT 56668 1597703919 0/0/0/0/0 TRIP 56624 1013 291 8 6 1312 v:124
18/08/2020 9:01:07 AM,252 Event OK
18/08/2020 9:01:07 AM,EVENT 56669 1597703920 0/0/0/0/0 INPUT 4 0 2 v:124
18/08/2020 9:01:07 AM,252 Event OK
18/08/2020 9:01:08 AM,EVENT 56670 1597703939 0/0/0/0/0 REPORT * 0 0 v:124
18/08/2020 9:01:08 AM,252 Event OK
18/08/2020 9:01:08 AM,EVENT 56671 1597738310 0/0/0/0/0 SWSTART OpusFC 5.0.58.518 R v:123
18/08/2020 9:01:08 AM,252 Event OK
18/08/2020 9:01:09 AM,EVENT 56672 1597703919 0/0/0/0/0 POWERDOWN v:124
18/08/2020 9:01:09 AM,252 Event OK
18/08/2020 9:01:11 AM,EVENT 56673 1597738310 0/0/0/0/0 INPUT 1 1 0 v:123
18/08/2020 9:01:11 AM,252 Event OK
18/08/2020 9:01:11 AM,EVENT 56674 1597738310 0/0/0/0/0 INPUT 2 0 0 v:123
18/08/2020 9:01:11 AM,252 Event OK
18/08/2020 9:01:11 AM,EVENT 56675 1597738310 0/0/0/0/0 INPUT 3 0 0 v:123
18/08/2020 9:01:11 AM,252 Event OK
18/08/2020 9:01:12 AM,EVENT 56676 1597738310 0/0/0/0/0 INPUT 4 0 0 v:123
18/08/2020 9:01:12 AM,252 Event OK
18/08/2020 9:01:12 AM,EVENT 56677 1597738310 0/0/0/0/0 INPUT 7 0 0 v:123
18/08/2020 9:01:12 AM,252 Event OK
18/08/2020 9:01:13 AM,EVENT 56678 1597738310 0/0/0/0/0 INPUT 8 1 0 v:123
18/08/2020 9:01:13 AM,252 Event OK
18/08/2020 9:01:13 AM,EVENT 56679 1597738312 0/0/0/0/0 ZONE_OK 2 100 FW=NO VERSION v:123
18/08/2020 9:01:13 AM,252 Event OK
18/08/2020 9:01:13 AM,EVENT 56680 1597738319 0/0/0/0/0 SIGNON 2539 01d5f6d3 OK 26 150496 0 v:123
18/08/2020 9:01:13 AM,252 Event OK
18/08/2020 9:01:13 AM,EVENT 56681 1597738325 0/0/0/99/0 INPUT 4 1 0 v:123
18/08/2020 9:01:13 AM,252 Event OK
18/08/2020 9:01:13 AM,EVENT 56682 1597738326 0/0/0/99/0 INPUT 1 0 15 v:123
18/08/2020 9:01:13 AM,252 Event OK
18/08/2020 9:01:14 AM,EVENT 56683 1597738350 0/0/0/0/5 INPUT 3 1 0 v:124
18/08/2020 9:01:14 AM,252 Event OK
18/08/2020 9:01:14 AM,EVENT 56684 1597738354 0/0/0/0/10 INPUT 3 0 5 v:123
18/08/2020 9:01:14 AM,252 Event OK
18/08/2020 9:01:20 AM,EVENT 56685 1597738363 0/0/0/0/6 INPUT 3 1 0 v:123
18/08/2020 9:01:20 AM,252 Event OK
18/08/2020 9:01:23 AM,EVENT 56686 1597738413 0/0/0/0/11 INPUT 3 0 49 v:124
18/08/2020 9:01:23 AM,252 Event OK
18/08/2020 9:01:24 AM,EVENT 56687 1597738579 0/0/0/0/0 INPUT 4 0 255 v:124
18/08/2020 9:01:24 AM,252 Event OK
18/08/2020 9:01:33 AM,EVENT 56688 1597738579 0/0/0/0/0 INPUT 4 1 0 v:124
18/08/2020 9:01:33 AM,252 Event OK
18/08/2020 9:01:34 AM,EVENT 56689 1597738639 0/0/0/0/7 INPUT 3 1 0 v:124
18/08/2020 9:01:34 AM,252 Event OK
18/08/2020 9:01:34 AM,EVENT 56690 1597738843 0/0/0/0/11 INPUT 3 0 204 v:124
18/08/2020 9:01:34 AM,252 Event OK
18/08/2020 9:01:34 AM,EVENT 56691 1597738848 0/0/0/0/8 INPUT 3 1 0 v:124
18/08/2020 9:01:34 AM,252 Event OK
18/08/2020 9:01:35 AM,EVENT 56692 1597738852 0/0/0/0/9 INPUT 3 0 4 v:124
18/08/2020 9:01:35 AM,252 Event OK
18/08/2020 9:01:35 AM,EVENT 56693 1597738860 0/0/0/0/8 INPUT 3 1 0 v:124
18/08/2020 9:01:35 AM,252 Event OK
18/08/2020 9:01:36 AM,EVENT 56694 1597739106 0/0/0/0/13 INPUT 3 0 246 v:124
18/08/2020 9:01:36 AM,252 Event OK
18/08/2020 9:01:36 AM,EVENT 56695 1597739107 0/0/0/0/7 INPUT 4 0 528 v:124
18/08/2020 9:01:36 AM,252 Event OK
18/08/2020 9:01:36 AM,EVENT 56696 1597739108 0/0/0/0/4 INPUT 4 1 0 v:124
18/08/2020 9:01:36 AM,252 Event OK
18/08/2020 9:01:36 AM,EVENT 56697 1597739112 0/0/0/0/7 INPUT 3 1 0 v:124
18/08/2020 9:01:36 AM,252 Event OK
18/08/2020 9:01:37 AM,EVENT 56698 1597739119 0/0/0/0/9 INPUT 3 0 6 v:124
18/08/2020 9:01:37 AM,252 Event OK
18/08/2020 9:01:37 AM,EVENT 56699 1597739121 0/0/0/0/8 INPUT 3 1 0 v:124
18/08/2020 9:01:37 AM,252 Event OK
18/08/2020 9:01:37 AM,EVENT 56700 1597739122 0/0/0/0/8 INPUT 3 0 1 v:124
18/08/2020 9:01:37 AM,252 Event OK
18/08/2020 9:01:38 AM,EVENT 56701 1597739132 0/0/0/0/6 INPUT 3 1 0 v:124
18/08/2020 9:01:38 AM,252 Event OK
18/08/2020 9:01:38 AM,EVENT 56702 1597739171 0/0/0/0/9 INPUT 3 0 38 v:124
18/08/2020 9:01:38 AM,252 Event OK
18/08/2020 9:01:38 AM,EVENT 56703 1597739181 0/0/0/0/5 INPUT 4 0 74 v:124
18/08/2020 9:01:38 AM,252 Event OK
18/08/2020 9:01:38 AM,EVENT 56704 1597739181 0/0/0/0/5 INPUT 4 1 0 v:124
18/08/2020 9:01:38 AM,252 Event OK
18/08/2020 9:01:39 AM,EVENT 56705 1597739188 0/0/0/0/8 INPUT 3 1 0 v:124
18/08/2020 9:01:39 AM,252 Event OK
18/08/2020 9:01:43 AM,EVENT 56706 1597739190 0/0/0/0/9 INPUT 3 0 1 v:124
18/08/2020 9:01:43 AM,252 Event OK
18/08/2020 9:02:11 AM,UNIT 9279
18/08/2020 9:02:11 AM,333 CHAL 1C386057
18/08/2020 9:02:12 AM,RESP 009277C9
18/08/2020 9:02:12 AM,230 Auth OK
18/08/2020 9:02:13 AM,TIME
18/08/2020 9:02:13 AM,211 TIME 1597741333
18/08/2020 9:02:14 AM,EVCOUNT 24
18/08/2020 9:02:14 AM,252 Event OK
18/08/2020 9:02:15 AM,TODO
18/08/2020 9:02:15 AM,226 Nothing to do
18/08/2020 9:02:17 AM,EVENT 56706 1597739190 0/0/0/0/9 INPUT 3 0 1 v:124
18/08/2020 9:02:17 AM,253 Event OK - Duplicate
18/08/2020 9:02:18 AM,EVENT 56707 1597739193 0/0/0/0/1 INPUT 7 1 0 v:124
18/08/2020 9:02:18 AM,252 Event OK
18/08/2020 9:02:19 AM,EVENT 56708 1597739193 0/0/0/0/1 INPUT 8 0 882 v:124
18/08/2020 9:02:19 AM,252 Event OK
18/08/2020 9:02:20 AM,EVENT 56709 1597739194 0/0/0/0/0 INPUT 1 1 0 v:123
18/08/2020 9:02:20 AM,252 Event OK
18/08/2020 9:02:21 AM,EVENT 56710 1597739194 0/0/0/0/0 INPUT 4 0 13 v:124
18/08/2020 9:02:21 AM,252 Event OK
18/08/2020 9:02:22 AM,EVENT 56711 1597739197 0/0/0/0/0 TRIP 56680 554 316 8 5 878 v:124
18/08/2020 9:02:22 AM,252 Event OK
18/08/2020 9:02:23 AM,EVENT 56712 1597739227 0/0/0/0/0 REPORT * 0 0 v:124
18/08/2020 9:02:23 AM,252 Event OK
18/08/2020 9:02:25 AM,EVENT 56713 1597740025 0/0/0/0/0 INPUT 8 1 0 v:124
18/08/2020 9:02:25 AM,252 Event OK
18/08/2020 9:02:26 AM,EVENT 56714 1597740025 0/0/0/0/0 INPUT 7 0 832 v:124
18/08/2020 9:02:26 AM,252 Event OK
18/08/2020 9:02:27 AM,EVENT 56715 1597740033 0/0/0/0/0 SIGNON 2539 01d5f6d3 OK 26 150496 0 v:124
18/08/2020 9:02:27 AM,252 Event OK
18/08/2020 9:02:28 AM,EVENT 56716 1597740039 0/0/0/0/0 INPUT 4 1 0 v:124
18/08/2020 9:02:28 AM,252 Event OK
18/08/2020 9:02:29 AM,EVENT 56717 1597740040 0/0/0/0/0 INPUT 1 0 846 v:124
18/08/2020 9:02:29 AM,252 Event OK
18/08/2020 9:02:30 AM,EVENT 56718 1597740074 0/0/0/0/7 INPUT 3 1 0 v:124
18/08/2020 9:02:30 AM,252 Event OK
18/08/2020 9:02:31 AM,EVENT 56719 1597740792 0/0/0/0/15 INPUT 3 0 718 v:124
18/08/2020 9:02:31 AM,252 Event OK
18/08/2020 9:02:32 AM,EVENT 56720 1597740823 0/0/0/0/2 INPUT 3 1 0 v:124
18/08/2020 9:02:32 AM,252 Event OK
18/08/2020 9:02:33 AM,EVENT 56721 1597741057 0/0/0/0/26 REPORT 56715 0 0 v:124
18/08/2020 9:02:33 AM,252 Event OK
18/08/2020 9:02:34 AM,EVENT 56722 1597741238 0/0/0/0/9 INPUT 3 0 415 v:124
18/08/2020 9:02:34 AM,252 Event OK
18/08/2020 9:02:35 AM,EVENT 56723 1597741240 0/0/0/0/7 INPUT 3 1 0 v:124
18/08/2020 9:02:35 AM,252 Event OK
18/08/2020 9:02:36 AM,EVENT 56724 1597741244 0/0/0/0/11 INPUT 3 0 4 v:124
18/08/2020 9:02:36 AM,252 Event OK
18/08/2020 9:02:37 AM,EVENT 56725 1597741249 0/0/0/4/0 INPUT 7 1 0 v:123
18/08/2020 9:02:37 AM,252 Event OK
18/08/2020 9:02:38 AM,EVENT 56726 1597741249 0/0/0/4/0 INPUT 8 0 1225 v:123
18/08/2020 9:02:38 AM,252 Event OK
18/08/2020 9:02:40 AM,EVENT 56727 1597741250 0/0/0/4/0 INPUT 1 1 0 v:123
18/08/2020 9:02:40 AM,252 Event OK
18/08/2020 9:02:41 AM,EVENT 56728 1597741252 -310122151/1219228474/3477/4/0 INPUT 4 0 1213 v:123
18/08/2020 9:02:41 AM,252 Event OK
18/08/2020 9:02:42 AM,EVENT 56729 1597741254 -310122165/1219228462/2343/4/0 TRIP 56715 1137 76 8 6 1221 v:123
18/08/2020 9:02:42 AM,252 Event OK
18/08/2020 9:02:43 AM,QUIT
18/08/2020 9:02:43 AM,221 Session ended - goodbye
18/08/2020 9:07:55 AM,UNIT 9279
18/08/2020 9:07:55 AM,333 CHAL 63566D61
18/08/2020 9:07:56 AM,RESP B02716CE
18/08/2020 9:07:56 AM,230 Auth OK
18/08/2020 9:07:57 AM,TIME
18/08/2020 9:07:57 AM,211 TIME 1597741677
18/08/2020 9:07:58 AM,EVCOUNT 2
18/08/2020 9:07:58 AM,252 Event OK
18/08/2020 9:07:58 AM,TODO
18/08/2020 9:07:58 AM,226 Nothing to do
18/08/2020 9:08:00 AM,EVENT 56730 1597741674 -310121885/1219228537/980/4/0 INPUT 8 1 0 v:123
18/08/2020 9:08:00 AM,252 Event OK
18/08/2020 9:08:01 AM,EVENT 56731 1597741675 -310121885/1219228537/980/4/0 INPUT 7 0 425 v:123
18/08/2020 9:08:01 AM,252 Event OK
18/08/2020 9:08:02 AM,EVENT 56732 1597741683 -310121922/1219228560/981/4/0 SIGNON 2539 01d5f6d3 OK 26 150496 0 v:124
18/08/2020 9:08:02 AM,252 Event OK
18/08/2020 9:08:03 AM,QUIT
18/08/2020 9:08:03 AM,221 Session ended - goodbye
18/08/2020 9:08:12 AM,UNIT 9279
18/08/2020 9:08:12 AM,333 CHAL 785490E
18/08/2020 9:08:13 AM,RESP 74E0AD1B
18/08/2020 9:08:13 AM,230 Auth OK
18/08/2020 9:08:13 AM,TIME
18/08/2020 9:08:13 AM,211 TIME 1597741693
18/08/2020 9:08:14 AM,EVCOUNT 2
18/08/2020 9:08:14 AM,252 Event OK
18/08/2020 9:08:14 AM,TODO
18/08/2020 9:08:14 AM,226 Nothing to do
18/08/2020 9:08:15 AM,EVENT 56733 1597741689 -310121967/1219228576/951/4/0 INPUT 4 1 0 v:124
18/08/2020 9:08:15 AM,252 Event OK
18/08/2020 9:08:16 AM,EVENT 56734 1597741690 -310121969/1219228578/949/4/0 INPUT 1 0 440 v:124
18/08/2020 9:08:16 AM,252 Event OK
18/08/2020 9:08:16 AM,QUIT
18/08/2020 9:08:16 AM,221 Session ended - goodbye
18/08/2020 9:08:27 AM,UNIT 9279
18/08/2020 9:08:27 AM,333 CHAL 2B25D721
18/08/2020 9:08:28 AM,RESP 98165D7E
18/08/2020 9:08:28 AM,230 Auth OK
18/08/2020 9:08:29 AM,TIME
18/08/2020 9:08:29 AM,211 TIME 1597741709
18/08/2020 9:08:30 AM,EVCOUNT 3
18/08/2020 9:08:30 AM,252 Event OK
18/08/2020 9:08:31 AM,TODO
18/08/2020 9:08:31 AM,226 Nothing to do
18/08/2020 9:08:32 AM,EVENT 56735 1597741701 -310122066/1219228450/935/4/0 INPUT 4 0 12 v:124
18/08/2020 9:08:32 AM,252 Event OK
18/08/2020 9:08:33 AM,EVENT 56736 1597741701 -310122066/1219228450/935/4/0 INPUT 4 1 0 v:124
18/08/2020 9:08:33 AM,252 Event OK
18/08/2020 9:08:34 AM,EVENT 56737 1597741707 -310121360/1219228842/931/4/7 INPUT 3 1 0 v:124
18/08/2020 9:08:34 AM,252 Event OK
18/08/2020 9:08:35 AM,QUIT
18/08/2020 9:08:35 AM,221 Session ended - goodbye
18/08/2020 9:09:33 AM,UNIT 9279
18/08/2020 9:09:33 AM,333 CHAL 6148A88F
18/08/2020 9:09:34 AM,RESP 57664081
18/08/2020 9:09:34 AM,230 Auth OK
18/08/2020 9:09:34 AM,TIME
18/08/2020 9:09:34 AM,211 TIME 1597741774
18/08/2020 9:09:35 AM,EVCOUNT 1
18/08/2020 9:09:35 AM,252 Event OK
18/08/2020 9:09:35 AM,TODO
18/08/2020 9:09:35 AM,226 Nothing to do
18/08/2020 9:09:36 AM,EVENT 56738 1597741772 -310128901/1219229108/1043/3/10 INPUT 3 0 64 v:124
18/08/2020 9:09:36 AM,252 Event OK
18/08/2020 9:09:36 AM,QUIT
18/08/2020 9:09:36 AM,221 Session ended - goodbye
18/08/2020 9:11:23 AM,UNIT 9279
18/08/2020 9:11:23 AM,333 CHAL 7ECC029C
18/08/2020 9:11:24 AM,RESP 6FEFD162
18/08/2020 9:11:24 AM,230 Auth OK
18/08/2020 9:11:24 AM,TIME
18/08/2020 9:11:24 AM,211 TIME 1597741884
18/08/2020 9:11:25 AM,EVCOUNT 2
18/08/2020 9:11:25 AM,252 Event OK
18/08/2020 9:11:25 AM,TODO
18/08/2020 9:11:25 AM,226 Nothing to do
18/08/2020 9:11:26 AM,EVENT 56739 1597741882 -310128272/1219228362/1145/3/0 INPUT 4 0 181 v:124
18/08/2020 9:11:26 AM,252 Event OK
18/08/2020 9:11:27 AM,EVENT 56740 1597741882 -310128271/1219228361/1141/3/0 INPUT 4 1 0 v:124
18/08/2020 9:11:27 AM,252 Event OK
18/08/2020 9:11:27 AM,QUIT
18/08/2020 9:11:27 AM,221 Session ended - goodbye
18/08/2020 9:14:41 AM,UNIT 9279
18/08/2020 9:14:41 AM,333 CHAL 5A97FCEC
18/08/2020 9:14:41 AM,RESP 3CC675AB
18/08/2020 9:14:41 AM,230 Auth OK
18/08/2020 9:14:42 AM,TIME
18/08/2020 9:14:42 AM,211 TIME 1597742082
18/08/2020 9:14:42 AM,EVCOUNT 2
18/08/2020 9:14:42 AM,252 Event OK
18/08/2020 9:14:43 AM,TODO
18/08/2020 9:14:43 AM,226 Nothing to do
18/08/2020 9:14:44 AM,EVENT 56741 1597742080 -310128607/1219228502/1171/3/0 INPUT 4 0 198 v:124
18/08/2020 9:14:44 AM,252 Event OK
18/08/2020 9:14:45 AM,EVENT 56742 1597742080 -310128609/1219228503/1172/3/0 INPUT 4 1 0 v:124
18/08/2020 9:14:45 AM,252 Event OK
18/08/2020 9:14:45 AM,QUIT
18/08/2020 9:14:45 AM,221 Session ended - goodbye
18/08/2020 9:15:38 AM,UNIT 9279
18/08/2020 9:15:38 AM,333 CHAL 6766D8B4
18/08/2020 9:15:40 AM,RESP 3B3395AE
18/08/2020 9:15:40 AM,230 Auth OK
18/08/2020 9:15:41 AM,TIME
18/08/2020 9:15:41 AM,211 TIME 1597742141
18/08/2020 9:15:41 AM,EVCOUNT 3
18/08/2020 9:15:41 AM,252 Event OK
18/08/2020 9:15:42 AM,TODO
18/08/2020 9:15:42 AM,226 Nothing to do
18/08/2020 9:15:43 AM,EVENT 56743 1597742128 -310128873/1219228559/1182/3/2 INPUT 4 0 48 v:124
18/08/2020 9:15:43 AM,252 Event OK
18/08/2020 9:15:45 AM,EVENT 56744 1597742128 -310128922/1219228567/1182/3/2 INPUT 4 1 0 v:124
18/08/2020 9:15:45 AM,252 Event OK
18/08/2020 9:15:46 AM,EVENT 56745 1597742139 -310128758/1219228966/1147/3/8 INPUT 3 1 0 v:124
18/08/2020 9:15:46 AM,252 Event OK
18/08/2020 9:15:47 AM,QUIT
18/08/2020 9:15:47 AM,221 Session ended - goodbye
18/08/2020 9:16:07 AM,UNIT 9279
18/08/2020 9:16:07 AM,333 CHAL 458BD00
18/08/2020 9:16:07 AM,RESP 2B316ADD
18/08/2020 9:16:07 AM,230 Auth OK
18/08/2020 9:16:08 AM,TIME
18/08/2020 9:16:08 AM,211 TIME 1597742168
18/08/2020 9:16:08 AM,EVCOUNT 3
18/08/2020 9:16:08 AM,252 Event OK
18/08/2020 9:16:09 AM,TODO
18/08/2020 9:16:09 AM,226 Nothing to do
18/08/2020 9:16:10 AM,EVENT 56746 1597742167 -310124137/1219237857/1023/0/9 INPUT 3 0 28 v:124
18/08/2020 9:16:10 AM,252 Event OK
18/08/2020 9:16:11 AM,EVENT 56747 1597742169 -310123912/1219238521/1017/0/8 INPUT 3 1 0 v:124
18/08/2020 9:16:11 AM,252 Event OK
18/08/2020 9:16:12 AM,EVENT 56748 1597742170 -310123877/1219238639/1015/0/8 INPUT 3 0 1 v:124
18/08/2020 9:16:12 AM,252 Event OK
18/08/2020 9:16:12 AM,EVENT 56749 1597742172 -310123682/1219239064/1001/0/8 INPUT 3 1 0 v:124
18/08/2020 9:16:12 AM,252 Event OK
18/08/2020 9:16:13 AM,QUIT
18/08/2020 9:16:13 AM,221 Session ended - goodbye
18/08/2020 9:17:01 AM,UNIT 9279
18/08/2020 9:17:01 AM,333 CHAL 6D694FCB
18/08/2020 9:17:02 AM,RESP B27C8291
18/08/2020 9:17:02 AM,230 Auth OK
18/08/2020 9:17:03 AM,TIME
18/08/2020 9:17:03 AM,211 TIME 1597742223
18/08/2020 9:17:04 AM,EVCOUNT 2
18/08/2020 9:17:04 AM,252 Event OK
18/08/2020 9:17:05 AM,TODO
18/08/2020 9:17:05 AM,226 Nothing to do
18/08/2020 9:17:06 AM,EVENT 56750 1597742220 -310122666/1219226522/956/8/10 INPUT 3 0 49 v:124
18/08/2020 9:17:06 AM,252 Event OK
18/08/2020 9:17:06 AM,EVENT 56751 1597742225 -310122737/1219227291/977/7/8 INPUT 3 1 0 v:124
18/08/2020 9:17:06 AM,252 Event OK
18/08/2020 9:17:07 AM,QUIT
18/08/2020 9:17:07 AM,221 Session ended - goodbye
18/08/2020 9:17:16 AM,UNIT 9279
18/08/2020 9:17:16 AM,333 CHAL 507EDAB
18/08/2020 9:17:17 AM,RESP 65DBC4A0
18/08/2020 9:17:17 AM,230 Auth OK
18/08/2020 9:17:17 AM,TIME
18/08/2020 9:17:17 AM,211 TIME 1597742237
18/08/2020 9:17:18 AM,EVCOUNT 1
18/08/2020 9:17:18 AM,252 Event OK
18/08/2020 9:17:18 AM,TODO
18/08/2020 9:17:18 AM,226 Nothing to do
18/08/2020 9:17:19 AM,EVENT 56752 1597742230 -310121809/1219228253/946/7/9 INPUT 3 0 6 v:124
18/08/2020 9:17:19 AM,252 Event OK
18/08/2020 9:17:19 AM,QUIT
18/08/2020 9:17:19 AM,221 Session ended - goodbye
18/08/2020 9:17:57 AM,UNIT 9279
18/08/2020 9:17:57 AM,333 CHAL 3AD7E752
18/08/2020 9:17:58 AM,RESP 57C6253A
18/08/2020 9:17:58 AM,230 Auth OK
18/08/2020 9:17:59 AM,TIME
18/08/2020 9:17:59 AM,211 TIME 1597742279
18/08/2020 9:17:59 AM,EVCOUNT 1
18/08/2020 9:17:59 AM,252 Event OK
18/08/2020 9:18:00 AM,TODO
18/08/2020 9:18:00 AM,226 Nothing to do
18/08/2020 9:18:01 AM,EVENT 56753 1597742277 -310121194/1219229114/870/0/7 INPUT 3 1 0 v:124
18/08/2020 9:18:01 AM,252 Event OK
18/08/2020 9:18:01 AM,QUIT
18/08/2020 9:18:01 AM,221 Session ended - goodbye
18/08/2020 9:19:30 AM,UNIT 9279
18/08/2020 9:19:30 AM,333 CHAL 7D52116C
18/08/2020 9:19:31 AM,RESP 7B98D5B6
18/08/2020 9:19:31 AM,230 Auth OK
18/08/2020 9:19:32 AM,TIME
18/08/2020 9:19:32 AM,211 TIME 1597742372
18/08/2020 9:19:32 AM,EVCOUNT 1
18/08/2020 9:19:32 AM,252 Event OK
18/08/2020 9:19:33 AM,TODO
18/08/2020 9:19:33 AM,226 Nothing to do
18/08/2020 9:19:34 AM,EVENT 56754 1597742369 -310143291/1219232686/1021/3/13 INPUT 3 0 93 v:124
18/08/2020 9:19:34 AM,252 Event OK
18/08/2020 9:19:35 AM,QUIT
18/08/2020 9:19:35 AM,221 Session ended - goodbye
18/08/2020 9:19:46 AM,UNIT 9279
18/08/2020 9:19:46 AM,333 CHAL 1654D21E
18/08/2020 9:19:48 AM,RESP BD70543C
18/08/2020 9:19:48 AM,230 Auth OK
18/08/2020 9:19:49 AM,TIME
18/08/2020 9:19:49 AM,211 TIME 1597742389
18/08/2020 9:19:49 AM,EVCOUNT 2
18/08/2020 9:19:49 AM,252 Event OK
18/08/2020 9:19:50 AM,TODO
18/08/2020 9:19:50 AM,226 Nothing to do
18/08/2020 9:19:51 AM,EVENT 56755 1597742377 -310143333/1219232620/1044/3/0 INPUT 4 0 249 v:124
18/08/2020 9:19:51 AM,252 Event OK
18/08/2020 9:19:52 AM,EVENT 56756 1597742377 -310143337/1219232620/1045/3/0 INPUT 4 1 0 v:124
18/08/2020 9:19:52 AM,252 Event OK
18/08/2020 9:19:52 AM,QUIT
18/08/2020 9:19:52 AM,221 Session ended - goodbye
18/08/2020 9:20:24 AM,UNIT 9279
18/08/2020 9:20:24 AM,333 CHAL 1689EEFC
18/08/2020 9:20:25 AM,RESP 40753B0E
18/08/2020 9:20:25 AM,230 Auth OK
18/08/2020 9:20:25 AM,TIME
18/08/2020 9:20:25 AM,211 TIME 1597742425
18/08/2020 9:20:26 AM,EVCOUNT 1
18/08/2020 9:20:26 AM,252 Event OK
18/08/2020 9:20:27 AM,TODO
18/08/2020 9:20:27 AM,226 Nothing to do
18/08/2020 9:20:28 AM,EVENT 56757 1597742423 -310143431/1219232208/1020/4/2 INPUT 3 1 0 v:124
18/08/2020 9:20:28 AM,252 Event OK
18/08/2020 9:20:29 AM,QUIT
18/08/2020 9:20:29 AM,221 Session ended - goodbye
18/08/2020 9:22:09 AM,UNIT 9279
18/08/2020 9:22:09 AM,333 CHAL 789537F5
18/08/2020 9:22:10 AM,RESP 7A14D51C
18/08/2020 9:22:10 AM,230 Auth OK
18/08/2020 9:22:11 AM,TIME
18/08/2020 9:22:11 AM,211 TIME 1597742531
18/08/2020 9:22:12 AM,EVCOUNT 1
18/08/2020 9:22:12 AM,252 Event OK
18/08/2020 9:22:13 AM,TODO
18/08/2020 9:22:13 AM,226 Nothing to do
18/08/2020 9:22:14 AM,EVENT 56758 1597742527 -310121968/1219228775/924/0/11 INPUT 3 0 105 v:124
18/08/2020 9:22:14 AM,252 Event OK
18/08/2020 9:22:15 AM,QUIT
18/08/2020 9:22:15 AM,221 Session ended - goodbye
18/08/2020 9:22:49 AM,UNIT 9279
18/08/2020 9:22:49 AM,333 CHAL 6C61530C
18/08/2020 9:22:50 AM,RESP BC6A5DFC
18/08/2020 9:22:50 AM,230 Auth OK
18/08/2020 9:22:50 AM,TIME
18/08/2020 9:22:50 AM,211 TIME 1597742570
18/08/2020 9:22:51 AM,EVCOUNT 2
18/08/2020 9:22:51 AM,252 Event OK
18/08/2020 9:22:51 AM,TODO
18/08/2020 9:22:51 AM,226 Nothing to do
18/08/2020 9:22:52 AM,EVENT 56759 1597742569 -310121819/1219228836/900/0/0 INPUT 4 0 192 v:124
18/08/2020 9:22:52 AM,252 Event OK
18/08/2020 9:22:53 AM,EVENT 56760 1597742569 -310121816/1219228833/898/0/0 INPUT 4 1 0 v:124
18/08/2020 9:22:53 AM,252 Event OK
18/08/2020 9:22:53 AM,QUIT
18/08/2020 9:22:53 AM,221 Session ended - goodbye
18/08/2020 9:23:08 AM,UNIT 9279
18/08/2020 9:23:08 AM,333 CHAL 72B1AAB7
18/08/2020 9:23:08 AM,RESP F2FEF225
18/08/2020 9:23:08 AM,230 Auth OK
18/08/2020 9:23:09 AM,TIME
18/08/2020 9:23:09 AM,211 TIME 1597742589
18/08/2020 9:23:10 AM,EVCOUNT 5
18/08/2020 9:23:10 AM,252 Event OK
18/08/2020 9:23:10 AM,TODO
18/08/2020 9:23:10 AM,226 Nothing to do
18/08/2020 9:23:11 AM,EVENT 56761 1597742587 -310121712/1219228790/906/0/0 INPUT 7 1 0 v:124
18/08/2020 9:23:11 AM,252 Event OK
18/08/2020 9:23:12 AM,EVENT 56762 1597742587 -310121712/1219228790/906/0/0 INPUT 8 0 912 v:124
18/08/2020 9:23:12 AM,252 Event OK
18/08/2020 9:23:13 AM,EVENT 56763 1597742588 -310121709/1219228791/906/0/0 INPUT 1 1 0 v:124
18/08/2020 9:23:13 AM,252 Event OK
18/08/2020 9:23:13 AM,EVENT 56764 1597742588 -310121709/1219228791/906/0/0 INPUT 4 0 19 v:124
18/08/2020 9:23:13 AM,252 Event OK
18/08/2020 9:23:14 AM,EVENT 56765 1597742591 -310121707/1219228797/903/0/0 TRIP 56732 346 553 9 6 908 v:124
18/08/2020 9:23:14 AM,252 Event OK
18/08/2020 9:23:15 AM,QUIT
18/08/2020 9:23:15 AM,221 Session ended - goodbye
18/08/2020 9:29:49 AM,UNIT 9279
18/08/2020 9:29:49 AM,333 CHAL 2DA2C345
18/08/2020 9:29:50 AM,RESP E2DFAA78
18/08/2020 9:29:50 AM,230 Auth OK
18/08/2020 9:29:51 AM,TIME
18/08/2020 9:29:51 AM,211 TIME 1597742991
18/08/2020 9:29:52 AM,EVCOUNT 2
18/08/2020 9:29:52 AM,252 Event OK
18/08/2020 9:29:52 AM,TODO
18/08/2020 9:29:52 AM,226 Nothing to do
18/08/2020 9:29:54 AM,EVENT 56766 1597742989 -310121707/1219229058/951/0/0 INPUT 8 1 0 v:124
18/08/2020 9:29:54 AM,252 Event OK
18/08/2020 9:29:55 AM,EVENT 56767 1597742989 -310121707/1219229058/951/0/0 INPUT 7 0 402 v:124
18/08/2020 9:29:55 AM,252 Event OK
18/08/2020 9:29:56 AM,QUIT
18/08/2020 9:29:56 AM,221 Session ended - goodbye
18/08/2020 9:30:07 AM,UNIT 9279
18/08/2020 9:30:07 AM,333 CHAL 7A03D803
18/08/2020 9:30:08 AM,RESP 4C877476
18/08/2020 9:30:08 AM,230 Auth OK
18/08/2020 9:30:09 AM,TIME
18/08/2020 9:30:09 AM,211 TIME 1597743009
18/08/2020 9:30:12 AM,EVCOUNT 4
18/08/2020 9:30:12 AM,252 Event OK
18/08/2020 9:30:13 AM,TODO
18/08/2020 9:30:13 AM,226 Nothing to do
18/08/2020 9:30:15 AM,EVENT 56768 1597742999 -310121649/1219229045/924/0/0 SIGNON 2536 01b9faf7 OK 26 230284 0 v:124
18/08/2020 9:30:15 AM,252 Event OK
18/08/2020 9:30:17 AM,EVENT 56769 1597743005 -310121634/1219229024/918/0/0 INPUT 4 1 0 v:124
18/08/2020 9:30:17 AM,252 Event OK
18/08/2020 9:30:18 AM,EVENT 56770 1597743005 -310121636/1219229022/917/0/0 INPUT 1 0 418 v:124
18/08/2020 9:30:18 AM,252 Event OK
18/08/2020 9:30:19 AM,EVENT 56771 1597743009 -310121645/1219229001/917/0/0 REPORT 56768 0 44 v:123
18/08/2020 9:30:19 AM,252 Event OK
18/08/2020 9:30:21 AM,EVENT 56772 1597743013 -310121391/1219229472/909/0/7 INPUT 3 1 0 v:123
18/08/2020 9:30:21 AM,252 Event OK
18/08/2020 9:30:22 AM,QUIT
18/08/2020 9:30:22 AM,221 Session ended - goodbye
18/08/2020 9:31:39 AM,UNIT 9279
18/08/2020 9:31:39 AM,333 CHAL 36349ADF
18/08/2020 9:31:40 AM,RESP 42231CC1
18/08/2020 9:31:40 AM,230 Auth OK
18/08/2020 9:31:40 AM,TIME
18/08/2020 9:31:40 AM,211 TIME 1597743100
18/08/2020 9:31:41 AM,EVCOUNT 3
18/08/2020 9:31:41 AM,252 Event OK
18/08/2020 9:31:41 AM,TODO
18/08/2020 9:31:41 AM,226 Nothing to do
18/08/2020 9:31:42 AM,EVENT 56773 1597743098 -310143443/1219230757/967/2/10 INPUT 3 0 85 v:124
18/08/2020 9:31:42 AM,252 Event OK
18/08/2020 9:31:42 AM,EVENT 56774 1597743098 -310143443/1219230757/967/2/10 INPUT 4 0 93 v:124
18/08/2020 9:31:42 AM,252 Event OK
18/08/2020 9:31:43 AM,EVENT 56775 1597743098 -310143443/1219230757/967/2/9 INPUT 4 1 0 v:124
18/08/2020 9:31:43 AM,252 Event OK
18/08/2020 9:31:44 AM,EVENT 56776 1597743103 -310143448/1219230750/923/2/0 INPUT 7 1 0 v:123
18/08/2020 9:31:44 AM,252 Event OK
18/08/2020 9:31:45 AM,EVENT 56777 1597743103 -310143448/1219230750/923/2/0 INPUT 8 0 114 v:123
18/08/2020 9:31:45 AM,252 Event OK
18/08/2020 9:31:45 AM,EVENT 56778 1597743104 -310143441/1219230753/920/2/0 INPUT 1 1 0 v:123
18/08/2020 9:31:45 AM,252 Event OK
18/08/2020 9:31:46 AM,EVENT 56779 1597743107 -310143404/1219230762/912/2/0 TRIP 56768 85 17 6 6 108 v:123
18/08/2020 9:31:46 AM,252 Event OK
18/08/2020 9:31:47 AM,EVENT 56780 1597743108 -310143404/1219230762/912/2/0 INPUT 4 0 9 v:124
18/08/2020 9:31:47 AM,252 Event OK
18/08/2020 9:31:47 AM,QUIT
18/08/2020 9:31:47 AM,221 Session ended - goodbye
18/08/2020 10:13:14 AM,UNIT 9279
18/08/2020 10:13:14 AM,333 CHAL 63F383BC
18/08/2020 10:13:14 AM,RESP 03F728A9
18/08/2020 10:13:14 AM,230 Auth OK
18/08/2020 10:13:15 AM,TIME
18/08/2020 10:13:15 AM,211 TIME 1597745595
18/08/2020 10:13:15 AM,EVCOUNT 14
18/08/2020 10:13:15 AM,252 Event OK
18/08/2020 10:13:16 AM,TODO
18/08/2020 10:13:16 AM,226 Nothing to do
18/08/2020 10:13:17 AM,EVENT 56781 1597745534 0/0/0/0/0 INPUT 1 1 0 v:123
18/08/2020 10:13:17 AM,252 Event OK
18/08/2020 10:13:17 AM,EVENT 56782 1597745534 0/0/0/0/0 INPUT 2 0 0 v:123
18/08/2020 10:13:17 AM,252 Event OK
18/08/2020 10:13:18 AM,EVENT 56783 1597745534 0/0/0/0/0 INPUT 3 0 0 v:123
18/08/2020 10:13:18 AM,252 Event OK
18/08/2020 10:13:19 AM,EVENT 56784 1597745534 0/0/0/0/0 INPUT 4 0 0 v:123
18/08/2020 10:13:19 AM,252 Event OK
18/08/2020 10:13:19 AM,EVENT 56785 1597745534 0/0/0/0/0 INPUT 7 1 0 v:123
18/08/2020 10:13:19 AM,252 Event OK
18/08/2020 10:13:20 AM,EVENT 56786 1597745534 0/0/0/0/0 INPUT 8 0 0 v:123
18/08/2020 10:13:20 AM,252 Event OK
18/08/2020 10:13:21 AM,EVENT 56787 1597745536 0/0/0/0/0 ZONE_OK 2 100 FW=NO VERSION v:123
18/08/2020 10:13:21 AM,252 Event OK
18/08/2020 10:13:21 AM,EVENT 56788 1597745536 0/0/0/0/0 REPORT * 0 0 v:123
18/08/2020 10:13:21 AM,252 Event OK
18/08/2020 10:13:22 AM,EVENT 56789 1597745572 0/0/0/5/0 INPUT 8 1 0 v:123
18/08/2020 10:13:22 AM,252 Event OK
18/08/2020 10:13:22 AM,EVENT 56790 1597745572 0/0/0/5/0 INPUT 7 0 37 v:123
18/08/2020 10:13:22 AM,252 Event OK
18/08/2020 10:13:23 AM,EVENT 56791 1597745583 -310143679/1219230765/1832/5/1 SIGNON 2487 03d1f4d1 OK_CL 26 170597 0 v:123
18/08/2020 10:13:23 AM,252 Event OK
18/08/2020 10:13:24 AM,EVENT 56792 1597745589 -310143711/1219230794/1430/5/1 CHECKLIST 56791 OK 0 6 432 F v:123
18/08/2020 10:13:24 AM,252 Event OK
18/08/2020 10:13:25 AM,EVENT 56793 1597745595 -310143719/1219230800/1170/4/0 INPUT 1 0 61 v:124
18/08/2020 10:13:25 AM,252 Event OK
18/08/2020 10:13:25 AM,EVENT 56794 1597745595 -310143719/1219230800/1170/4/0 INPUT 4 1 0 v:124
18/08/2020 10:13:25 AM,252 Event OK
18/08/2020 10:13:26 AM,QUIT
18/08/2020 10:13:26 AM,221 Session ended - goodbye
18/08/2020 10:13:35 AM,UNIT 9279
18/08/2020 10:13:35 AM,333 CHAL 43CBCEC
18/08/2020 10:13:36 AM,RESP 46630B9C
18/08/2020 10:13:36 AM,230 Auth OK
18/08/2020 10:13:36 AM,TIME
18/08/2020 10:13:36 AM,211 TIME 1597745616
18/08/2020 10:13:37 AM,EVCOUNT 4
18/08/2020 10:13:37 AM,252 Event OK
18/08/2020 10:13:37 AM,TODO
18/08/2020 10:13:37 AM,226 Nothing to do
18/08/2020 10:13:38 AM,EVENT 56795 1597745613 -310143278/1219230613/980/4/0 INPUT 4 0 18 v:124
18/08/2020 10:13:38 AM,252 Event OK
18/08/2020 10:13:39 AM,EVENT 56796 1597745613 -310143278/1219230613/980/4/0 INPUT 4 1 0 v:124
18/08/2020 10:13:39 AM,252 Event OK
18/08/2020 10:13:39 AM,EVENT 56797 1597745618 -310143030/1219230299/964/4/3 INPUT 4 0 5 v:124
18/08/2020 10:13:39 AM,252 Event OK
18/08/2020 10:13:40 AM,EVENT 56798 1597745618 -310143030/1219230299/964/4/2 INPUT 4 1 0 v:124
18/08/2020 10:13:40 AM,252 Event OK
18/08/2020 10:13:40 AM,QUIT
18/08/2020 10:13:40 AM,221 Session ended - goodbye
18/08/2020 10:13:52 AM,UNIT 9279
18/08/2020 10:13:52 AM,333 CHAL 269B42D1
18/08/2020 10:13:52 AM,RESP EF1FB75A
18/08/2020 10:13:52 AM,230 Auth OK
18/08/2020 10:13:53 AM,TIME
18/08/2020 10:13:53 AM,211 TIME 1597745633
18/08/2020 10:13:53 AM,EVCOUNT 1
18/08/2020 10:13:53 AM,252 Event OK
18/08/2020 10:13:54 AM,TODO
18/08/2020 10:13:54 AM,226 Nothing to do
18/08/2020 10:13:55 AM,EVENT 56799 1597745628 -310143122/1219231638/922/3/8 INPUT 3 1 0 v:124
18/08/2020 10:13:55 AM,252 Event OK
18/08/2020 10:13:56 AM,QUIT
18/08/2020 10:13:56 AM,221 Session ended - goodbye
18/08/2020 10:19:23 AM,UNIT 9279
18/08/2020 10:19:23 AM,333 CHAL 47DEC9BD
18/08/2020 10:19:23 AM,RESP 1A5E0B9F
18/08/2020 10:19:23 AM,230 Auth OK
18/08/2020 10:19:23 AM,TIME
18/08/2020 10:19:23 AM,211 TIME 1597745963
18/08/2020 10:19:23 AM,EVCOUNT 6
18/08/2020 10:19:23 AM,252 Event OK
18/08/2020 10:19:24 AM,TODO
18/08/2020 10:19:24 AM,226 Nothing to do
18/08/2020 10:19:24 AM,EVENT 56800 1597745730 -310121457/1219229155/940/8/10 INPUT 3 0 102 v:124
18/08/2020 10:19:24 AM,252 Event OK
18/08/2020 10:19:24 AM,EVENT 56801 1597745733 -310121711/1219228808/938/8/7 INPUT 7 1 0 v:124
18/08/2020 10:19:24 AM,252 Event OK
18/08/2020 10:19:25 AM,EVENT 56802 1597745733 -310121711/1219228808/938/8/7 INPUT 8 0 161 v:124
18/08/2020 10:19:25 AM,252 Event OK
18/08/2020 10:19:25 AM,EVENT 56803 1597745734 -310121731/1219228792/937/8/4 INPUT 1 1 0 v:124
18/08/2020 10:19:25 AM,252 Event OK
18/08/2020 10:19:25 AM,EVENT 56804 1597745735 -310121739/1219228801/937/8/0 INPUT 4 0 117 v:123
18/08/2020 10:19:25 AM,252 Event OK
18/08/2020 10:19:26 AM,EVENT 56805 1597745737 -310121748/1219228819/932/8/0 TRIP 56791 102 38 11 9 151 v:123
18/08/2020 10:19:26 AM,252 Event OK
18/08/2020 10:19:26 AM,QUIT
18/08/2020 10:19:26 AM,221 Session ended - goodbye
18/08/2020 10:22:45 AM,UNIT 9279
18/08/2020 10:22:45 AM,333 CHAL 37E88BEB
18/08/2020 10:22:46 AM,RESP A4B5FB78
18/08/2020 10:22:46 AM,230 Auth OK
18/08/2020 10:22:46 AM,TIME
18/08/2020 10:22:46 AM,211 TIME 1597746166
18/08/2020 10:22:47 AM,EVCOUNT 2
18/08/2020 10:22:47 AM,252 Event OK
18/08/2020 10:22:47 AM,TODO
18/08/2020 10:22:47 AM,226 Nothing to do
18/08/2020 10:22:48 AM,EVENT 56806 1597746162 -310121789/1219229227/782/0/0 INPUT 8 1 0 v:124
18/08/2020 10:22:48 AM,252 Event OK
18/08/2020 10:22:48 AM,EVENT 56807 1597746162 -310121788/1219229225/781/0/0 INPUT 7 0 430 v:124
18/08/2020 10:22:48 AM,252 Event OK
18/08/2020 10:22:49 AM,QUIT
18/08/2020 10:22:49 AM,221 Session ended - goodbye
18/08/2020 10:23:01 AM,UNIT 9279
18/08/2020 10:23:01 AM,333 CHAL 1815B06
18/08/2020 10:23:02 AM,RESP 6B682911
18/08/2020 10:23:02 AM,230 Auth OK
18/08/2020 10:23:02 AM,TIME
18/08/2020 10:23:02 AM,211 TIME 1597746182
18/08/2020 10:23:03 AM,EVCOUNT 3
18/08/2020 10:23:03 AM,252 Event OK
18/08/2020 10:23:03 AM,TODO
18/08/2020 10:23:03 AM,226 Nothing to do
18/08/2020 10:23:04 AM,EVENT 56808 1597746177 -310121759/1219229159/771/0/0 SIGNON 2487 03d1f4d1 OK 26 170597 0 v:124
18/08/2020 10:23:04 AM,252 Event OK
18/08/2020 10:23:05 AM,EVENT 56809 1597746183 -310121752/1219229130/781/0/0 INPUT 1 0 450 v:124
18/08/2020 10:23:05 AM,252 Event OK
18/08/2020 10:23:06 AM,EVENT 56810 1597746184 -310121751/1219229129/782/0/0 INPUT 4 1 0 v:124
18/08/2020 10:23:06 AM,252 Event OK
18/08/2020 10:23:06 AM,QUIT
18/08/2020 10:23:06 AM,221 Session ended - goodbye
18/08/2020 10:23:24 AM,UNIT 9279
18/08/2020 10:23:24 AM,333 CHAL 3E671008
18/08/2020 10:23:26 AM,RESP 22108B73
18/08/2020 10:23:26 AM,230 Auth OK
18/08/2020 10:23:27 AM,TIME
18/08/2020 10:23:27 AM,211 TIME 1597746207
18/08/2020 10:23:28 AM,EVCOUNT 1
18/08/2020 10:23:28 AM,252 Event OK
18/08/2020 10:23:28 AM,TODO
18/08/2020 10:23:28 AM,226 Nothing to do
18/08/2020 10:23:29 AM,EVENT 56811 1597746203 -310122047/1219228298/801/0/7 INPUT 3 1 0 v:124
18/08/2020 10:23:29 AM,252 Event OK
18/08/2020 10:23:30 AM,QUIT
18/08/2020 10:23:30 AM,221 Session ended - goodbye
18/08/2020 4:25:22 PM,UNIT 9279
18/08/2020 4:25:22 PM,333 CHAL D838A06
18/08/2020 4:25:22 PM,RESP 5CCCB3DC
18/08/2020 4:25:22 PM,230 Auth OK
18/08/2020 4:25:23 PM,TIME
18/08/2020 4:25:23 PM,211 TIME 1597767923
18/08/2020 4:25:23 PM,EVCOUNT 52
18/08/2020 4:25:23 PM,252 Event OK
18/08/2020 4:25:23 PM,TODO
18/08/2020 4:25:23 PM,226 Nothing to do
18/08/2020 4:25:23 PM,EVENT 56812 1597746682 0/0/0/0/15 INPUT 3 0 480 v:124
18/08/2020 4:25:23 PM,252 Event OK
18/08/2020 4:25:24 PM,EVENT 56813 1597746689 0/0/0/0/7 INPUT 3 1 0 v:124
18/08/2020 4:25:24 PM,252 Event OK
18/08/2020 4:25:24 PM,EVENT 56814 1597746691 0/0/0/0/9 INPUT 3 0 1 v:124
18/08/2020 4:25:24 PM,252 Event OK
18/08/2020 4:25:24 PM,EVENT 56815 1597746715 0/0/0/0/0 INPUT 4 0 532 v:124
18/08/2020 4:25:24 PM,252 Event OK
18/08/2020 4:25:24 PM,EVENT 56816 1597746715 0/0/0/0/0 INPUT 4 1 0 v:124
18/08/2020 4:25:24 PM,252 Event OK
18/08/2020 4:25:24 PM,EVENT 56817 1597746726 0/0/0/0/6 INPUT 3 1 0 v:124
18/08/2020 4:25:24 PM,252 Event OK
18/08/2020 4:25:25 PM,EVENT 56818 1597746926 0/0/0/0/11 INPUT 3 0 200 v:124
18/08/2020 4:25:25 PM,252 Event OK
18/08/2020 4:25:25 PM,EVENT 56819 1597746967 0/0/0/0/0 INPUT 4 0 252 v:124
18/08/2020 4:25:25 PM,252 Event OK
18/08/2020 4:25:25 PM,EVENT 56820 1597746967 0/0/0/0/0 INPUT 4 1 0 v:124
18/08/2020 4:25:25 PM,252 Event OK
18/08/2020 4:25:25 PM,EVENT 56821 1597746979 0/0/0/0/8 INPUT 3 1 0 v:123
18/08/2020 4:25:25 PM,252 Event OK
18/08/2020 4:25:25 PM,EVENT 56822 1597746995 0/0/0/0/9 INPUT 3 0 16 v:123
18/08/2020 4:25:25 PM,252 Event OK
18/08/2020 4:25:26 PM,EVENT 56823 1597747009 0/0/0/0/0 INPUT 4 0 42 v:124
18/08/2020 4:25:26 PM,252 Event OK
18/08/2020 4:25:26 PM,EVENT 56824 1597747009 0/0/0/0/0 INPUT 4 1 0 v:124
18/08/2020 4:25:26 PM,252 Event OK
18/08/2020 4:25:26 PM,EVENT 56825 1597747010 0/0/0/0/2 INPUT 3 1 0 v:124
18/08/2020 4:25:26 PM,252 Event OK
18/08/2020 4:25:27 PM,EVENT 56826 1597747055 0/0/0/0/13 INPUT 3 0 46 v:124
18/08/2020 4:25:27 PM,252 Event OK
18/08/2020 4:25:28 PM,EVENT 56827 1597747071 0/0/0/0/7 INPUT 3 1 0 v:124
18/08/2020 4:25:28 PM,252 Event OK
18/08/2020 4:26:10 PM,EVENT 56828 1597747366 0/0/0/0/21 REPORT 56808 0 0 v:124
18/08/2020 4:26:10 PM,252 Event OK
18/08/2020 4:26:12 PM,UNIT 9279
18/08/2020 4:26:12 PM,333 CHAL 625654F3
18/08/2020 4:26:12 PM,RESP B532C236
18/08/2020 4:26:12 PM,230 Auth OK
18/08/2020 4:26:12 PM,TIME
18/08/2020 4:26:12 PM,211 TIME 1597767972
18/08/2020 4:26:12 PM,EVCOUNT 36
18/08/2020 4:26:12 PM,252 Event OK
18/08/2020 4:26:12 PM,TODO
18/08/2020 4:26:12 PM,226 Nothing to do
18/08/2020 4:26:13 PM,EVENT 56828 1597747366 0/0/0/0/21 REPORT 56808 0 0 v:124
18/08/2020 4:26:13 PM,253 Event OK - Duplicate
18/08/2020 4:26:13 PM,EVENT 56829 1597747377 0/0/0/0/12 INPUT 3 0 306 v:124
18/08/2020 4:26:13 PM,252 Event OK
18/08/2020 4:26:13 PM,EVENT 56830 1597747385 0/0/0/0/0 INPUT 7 1 0 v:124
18/08/2020 4:26:13 PM,252 Event OK
18/08/2020 4:26:13 PM,EVENT 56831 1597747385 0/0/0/0/0 INPUT 8 0 1223 v:123
18/08/2020 4:26:13 PM,252 Event OK
18/08/2020 4:26:14 PM,EVENT 56832 1597747386 0/0/0/0/0 INPUT 1 1 0 v:123
18/08/2020 4:26:14 PM,252 Event OK
18/08/2020 4:26:14 PM,EVENT 56833 1597747387 0/0/0/0/0 INPUT 4 0 378 v:123
18/08/2020 4:26:14 PM,252 Event OK
18/08/2020 4:26:14 PM,EVENT 56834 1597747389 0/0/0/0/0 TRIP 56808 1049 155 9 7 1213 v:124
18/08/2020 4:26:14 PM,252 Event OK
18/08/2020 4:26:14 PM,EVENT 56835 1597747426 0/0/0/0/0 INPUT 8 1 0 v:124
18/08/2020 4:26:14 PM,252 Event OK
18/08/2020 4:26:14 PM,EVENT 56836 1597747426 0/0/0/0/0 INPUT 7 0 42 v:124
18/08/2020 4:26:14 PM,252 Event OK
18/08/2020 4:26:15 PM,EVENT 56837 1597747434 0/0/0/0/0 SIGNON 2487 03d1f4d1 OK 26 170597 0 v:124
18/08/2020 4:26:15 PM,252 Event OK
18/08/2020 4:26:15 PM,EVENT 56838 1597747440 0/0/0/0/0 INPUT 4 1 0 v:124
18/08/2020 4:26:15 PM,252 Event OK
18/08/2020 4:26:15 PM,EVENT 56839 1597747440 0/0/0/0/0 INPUT 1 0 55 v:124
18/08/2020 4:26:15 PM,252 Event OK
18/08/2020 4:26:15 PM,EVENT 56840 1597747446 0/0/0/0/5 INPUT 3 1 0 v:124
18/08/2020 4:26:15 PM,252 Event OK
18/08/2020 4:26:15 PM,EVENT 56841 1597747622 0/0/0/0/10 INPUT 3 0 175 v:124
18/08/2020 4:26:15 PM,252 Event OK
18/08/2020 4:26:16 PM,EVENT 56842 1597747625 0/0/0/0/5 INPUT 7 1 0 v:124
18/08/2020 4:26:16 PM,252 Event OK
18/08/2020 4:26:16 PM,EVENT 56843 1597747625 0/0/0/0/5 INPUT 8 0 200 v:124
18/08/2020 4:26:16 PM,252 Event OK
18/08/2020 4:26:16 PM,EVENT 56844 1597747626 0/0/0/0/1 INPUT 1 1 0 v:124
18/08/2020 4:26:16 PM,252 Event OK
18/08/2020 4:26:16 PM,EVENT 56845 1597747630 0/0/0/0/0 TRIP 56837 175 15 6 6 196 v:124
18/08/2020 4:26:16 PM,252 Event OK
18/08/2020 4:26:16 PM,EVENT 56846 1597747631 0/0/0/0/0 INPUT 4 0 190 v:124
18/08/2020 4:26:16 PM,252 Event OK
18/08/2020 4:26:17 PM,EVENT 56847 1597767090 0/0/0/0/0 SWSTART OpusFC 5.0.58.518 R v:123
18/08/2020 4:26:17 PM,252 Event OK
18/08/2020 4:26:17 PM,EVENT 56848 1597747630 0/0/0/0/0 POWERDOWN v:124
18/08/2020 4:26:17 PM,252 Event OK
18/08/2020 4:26:17 PM,EVENT 56849 1597767090 0/0/0/0/0 INPUT 1 1 0 v:123
18/08/2020 4:26:17 PM,252 Event OK
18/08/2020 4:26:18 PM,EVENT 56850 1597767090 0/0/0/0/0 INPUT 2 0 0 v:123
18/08/2020 4:26:18 PM,252 Event OK
18/08/2020 4:26:18 PM,EVENT 56851 1597767090 0/0/0/0/0 INPUT 3 0 0 v:123
18/08/2020 4:26:18 PM,252 Event OK
18/08/2020 4:26:18 PM,EVENT 56852 1597767090 0/0/0/0/0 INPUT 4 0 0 v:123
18/08/2020 4:26:18 PM,252 Event OK
18/08/2020 4:26:18 PM,EVENT 56853 1597767090 0/0/0/0/0 INPUT 7 0 0 v:123
18/08/2020 4:26:18 PM,252 Event OK
18/08/2020 4:26:18 PM,EVENT 56854 1597767090 0/0/0/0/0 INPUT 8 1 0 v:123
18/08/2020 4:26:18 PM,252 Event OK
18/08/2020 4:26:19 PM,EVENT 56855 1597767092 0/0/0/0/0 ZONE_OK 2 100 FW=NO VERSION v:123
18/08/2020 4:26:19 PM,252 Event OK
18/08/2020 4:26:19 PM,EVENT 56856 1597767100 0/0/0/0/0 SIGNON 2487 03d1f4d1 OK 26 170597 0 v:123
18/08/2020 4:26:19 PM,252 Event OK
18/08/2020 4:26:19 PM,EVENT 56857 1597767106 0/0/0/99/0 INPUT 4 1 0 v:123
18/08/2020 4:26:19 PM,252 Event OK
18/08/2020 4:26:19 PM,EVENT 56858 1597767107 0/0/0/99/0 INPUT 1 0 16 v:123
18/08/2020 4:26:19 PM,252 Event OK
18/08/2020 4:26:19 PM,EVENT 56859 1597767113 0/0/0/99/0 INPUT 4 0 7 v:123
18/08/2020 4:26:19 PM,252 Event OK
18/08/2020 4:26:20 PM,EVENT 56860 1597767113 0/0/0/99/0 INPUT 4 1 0 v:123
18/08/2020 4:26:20 PM,252 Event OK
18/08/2020 4:26:20 PM,EVENT 56861 1597767115 0/0/0/0/5 INPUT 3 1 0 v:123
18/08/2020 4:26:20 PM,252 Event OK
18/08/2020 4:26:20 PM,EVENT 56862 1597767122 0/0/0/0/10 INPUT 3 0 7 v:123
18/08/2020 4:26:20 PM,252 Event OK
18/08/2020 4:26:20 PM,EVENT 56863 1597767125 0/0/0/0/3 INPUT 3 1 0 v:123
18/08/2020 4:26:20 PM,252 Event OK
18/08/2020 4:26:20 PM,QUIT
18/08/2020 4:26:20 PM,221 Session ended - goodbye
18/08/2020 4:26:39 PM,UNIT 9279
18/08/2020 4:26:39 PM,333 CHAL 267FF1C3
18/08/2020 4:26:40 PM,RESP AF8FD8D7
18/08/2020 4:26:40 PM,230 Auth OK
18/08/2020 4:26:40 PM,TIME
18/08/2020 4:26:40 PM,211 TIME 1597768000
18/08/2020 4:26:41 PM,EVCOUNT 1
18/08/2020 4:26:41 PM,252 Event OK
18/08/2020 4:26:41 PM,TODO
18/08/2020 4:26:41 PM,226 Nothing to do
18/08/2020 4:26:42 PM,EVENT 56864 1597767999 -310146191/1219235108/866/6/10 INPUT 3 0 875 v:124
18/08/2020 4:26:42 PM,252 Event OK
18/08/2020 4:26:43 PM,QUIT
18/08/2020 4:26:43 PM,221 Session ended - goodbye
18/08/2020 4:27:02 PM,UNIT 9279
18/08/2020 4:27:02 PM,333 CHAL 6AF11632
18/08/2020 4:27:02 PM,RESP CDFAC759
18/08/2020 4:27:02 PM,230 Auth OK
18/08/2020 4:27:03 PM,TIME
18/08/2020 4:27:03 PM,211 TIME 1597768023
18/08/2020 4:27:04 PM,EVCOUNT 5
18/08/2020 4:27:04 PM,252 Event OK
18/08/2020 4:27:04 PM,TODO
18/08/2020 4:27:04 PM,226 Nothing to do
18/08/2020 4:27:05 PM,EVENT 56865 1597768023 -310146611/1219235647/910/6/0 INPUT 7 1 0 v:124
18/08/2020 4:27:05 PM,252 Event OK
18/08/2020 4:27:06 PM,EVENT 56866 1597768023 -310146611/1219235647/910/6/0 INPUT 8 0 932 v:124
18/08/2020 4:27:06 PM,252 Event OK
18/08/2020 4:27:07 PM,EVENT 56867 1597768023 -310146613/1219235643/909/6/0 INPUT 4 0 910 v:124
18/08/2020 4:27:07 PM,252 Event OK
18/08/2020 4:27:08 PM,EVENT 56868 1597768023 -310146615/1219235638/907/6/0 INPUT 4 1 0 v:124
18/08/2020 4:27:08 PM,252 Event OK
18/08/2020 4:27:09 PM,EVENT 56869 1597768023 -310146615/1219235638/907/6/0 INPUT 1 1 0 v:124
18/08/2020 4:27:09 PM,252 Event OK
18/08/2020 4:27:10 PM,EVENT 56870 1597768027 -310146618/1219235623/901/7/0 TRIP 56856 882 39 7 7 928 v:124
18/08/2020 4:27:10 PM,252 Event OK
18/08/2020 4:27:11 PM,EVENT 56871 1597768028 -310146618/1219235623/901/7/0 INPUT 4 0 4 v:124
18/08/2020 4:27:11 PM,252 Event OK
18/08/2020 4:27:12 PM,QUIT
18/08/2020 4:27:12 PM,221 Session ended - goodbye
18/08/2020 4:27:48 PM,UNIT 9279
18/08/2020 4:27:48 PM,333 CHAL 19C90F68
18/08/2020 4:27:48 PM,RESP 8ED5EAAE
18/08/2020 4:27:48 PM,230 Auth OK
18/08/2020 4:27:49 PM,TIME
18/08/2020 4:27:49 PM,211 TIME 1597768069
18/08/2020 4:27:49 PM,EVCOUNT 1
18/08/2020 4:27:49 PM,252 Event OK
18/08/2020 4:27:49 PM,TODO
18/08/2020 4:27:49 PM,226 Nothing to do
18/08/2020 4:27:49 PM,EVENT 56872 1597768068 -310146545/1219235512/803/6/0 REPORT * 0 163 v:124
18/08/2020 4:27:49 PM,252 Event OK
18/08/2020 4:27:49 PM,QUIT
18/08/2020 4:27:49 PM,221 Session ended - goodbye
18/08/2020 5:10:33 PM,UNIT 9279
18/08/2020 5:10:33 PM,333 CHAL 7141C7EC
18/08/2020 5:10:33 PM,RESP 5C75EAA7
18/08/2020 5:10:33 PM,230 Auth OK
18/08/2020 5:10:33 PM,TIME
18/08/2020 5:10:33 PM,211 TIME 1597770633
18/08/2020 5:10:34 PM,EVCOUNT 12
18/08/2020 5:10:34 PM,252 Event OK
18/08/2020 5:10:34 PM,TODO
18/08/2020 5:10:34 PM,226 Nothing to do
18/08/2020 5:10:34 PM,EVENT 56873 1597770613 -310146545/1219235512/803/0/0 SWSTART OpusFC 5.0.58.518 R v:124
18/08/2020 5:10:34 PM,252 Event OK
18/08/2020 5:10:35 PM,EVENT 56874 1597768027 0/0/0/0/0 POWERDOWN v:124
18/08/2020 5:10:35 PM,252 Event OK
18/08/2020 5:10:35 PM,EVENT 56875 1597770613 0/0/0/0/0 INPUT 1 1 0 v:124
18/08/2020 5:10:35 PM,252 Event OK
18/08/2020 5:10:35 PM,EVENT 56876 1597770613 0/0/0/0/0 INPUT 2 0 0 v:124
18/08/2020 5:10:35 PM,252 Event OK
18/08/2020 5:10:35 PM,EVENT 56877 1597770613 0/0/0/0/0 INPUT 3 0 0 v:124
18/08/2020 5:10:35 PM,252 Event OK
18/08/2020 5:10:36 PM,EVENT 56878 1597770613 0/0/0/0/0 INPUT 4 0 0 v:124
18/08/2020 5:10:36 PM,252 Event OK
18/08/2020 5:10:36 PM,EVENT 56879 1597770613 0/0/0/0/0 INPUT 7 0 0 v:124
18/08/2020 5:10:36 PM,252 Event OK
18/08/2020 5:10:36 PM,EVENT 56880 1597770613 0/0/0/0/0 INPUT 8 1 0 v:124
18/08/2020 5:10:36 PM,252 Event OK
18/08/2020 5:10:36 PM,EVENT 56881 1597770615 0/0/0/0/0 ZONE_OK 2 100 FW=NO VERSION v:124
18/08/2020 5:10:36 PM,252 Event OK
18/08/2020 5:10:37 PM,EVENT 56882 1597770626 0/0/0/0/0 SIGNON 2487 03d1f4d1 OK 26 170597 0 v:124
18/08/2020 5:10:37 PM,252 Event OK
18/08/2020 5:10:37 PM,EVENT 56883 1597770632 0/0/0/99/0 INPUT 4 1 0 v:124
18/08/2020 5:10:37 PM,252 Event OK
18/08/2020 5:10:37 PM,EVENT 56884 1597770633 0/0/0/99/0 INPUT 1 0 19 v:124
18/08/2020 5:10:37 PM,252 Event OK
18/08/2020 5:10:37 PM,QUIT
18/08/2020 5:10:37 PM,221 Session ended - goodbye
18/08/2020 5:10:52 PM,UNIT 9279
18/08/2020 5:10:52 PM,333 CHAL 4DB1AB62
18/08/2020 5:10:52 PM,RESP 2825C96A
18/08/2020 5:10:52 PM,230 Auth OK
18/08/2020 5:10:53 PM,TIME
18/08/2020 5:10:53 PM,211 TIME 1597770653
18/08/2020 5:10:54 PM,EVCOUNT 2
18/08/2020 5:10:54 PM,252 Event OK
18/08/2020 5:10:54 PM,TODO
18/08/2020 5:10:54 PM,226 Nothing to do
18/08/2020 5:10:55 PM,EVENT 56885 1597770652 -310146989/1219235445/6763/0/0 INPUT 4 0 20 v:124
18/08/2020 5:10:55 PM,252 Event OK
18/08/2020 5:10:56 PM,EVENT 56886 1597770652 -310146989/1219235445/6763/0/0 INPUT 4 1 0 v:124
18/08/2020 5:10:56 PM,252 Event OK
18/08/2020 5:10:56 PM,QUIT
18/08/2020 5:10:56 PM,221 Session ended - goodbye
18/08/2020 5:11:13 PM,UNIT 9279
18/08/2020 5:11:13 PM,333 CHAL 371DFF9A
18/08/2020 5:11:13 PM,RESP 7202504A
18/08/2020 5:11:13 PM,230 Auth OK
18/08/2020 5:11:14 PM,TIME
18/08/2020 5:11:14 PM,211 TIME 1597770674
18/08/2020 5:11:15 PM,EVCOUNT 2
18/08/2020 5:11:15 PM,252 Event OK
18/08/2020 5:11:15 PM,TODO
18/08/2020 5:11:15 PM,226 Nothing to do
18/08/2020 5:11:16 PM,EVENT 56887 1597770673 -310146680/1219235887/1489/8/0 INPUT 4 0 21 v:124
18/08/2020 5:11:16 PM,252 Event OK
18/08/2020 5:11:17 PM,EVENT 56888 1597770673 -310146677/1219235888/1469/8/0 INPUT 4 1 0 v:124
18/08/2020 5:11:17 PM,252 Event OK
18/08/2020 5:11:18 PM,QUIT
18/08/2020 5:11:18 PM,221 Session ended - goodbye
18/08/2020 5:12:04 PM,UNIT 9279
18/08/2020 5:12:04 PM,333 CHAL 4431D251
18/08/2020 5:12:04 PM,RESP 5909B61C
18/08/2020 5:12:04 PM,230 Auth OK
18/08/2020 5:12:05 PM,TIME
18/08/2020 5:12:05 PM,211 TIME 1597770725
18/08/2020 5:12:06 PM,EVCOUNT 1
18/08/2020 5:12:06 PM,252 Event OK
18/08/2020 5:12:06 PM,TODO
18/08/2020 5:12:06 PM,226 Nothing to do
18/08/2020 5:12:07 PM,EVENT 56889 1597770724 -310145968/1219235555/942/9/7 INPUT 3 1 0 v:124
18/08/2020 5:12:07 PM,252 Event OK
18/08/2020 5:12:07 PM,QUIT
18/08/2020 5:12:07 PM,221 Session ended - goodbye
18/08/2020 8:55:59 PM,UNIT 9279
18/08/2020 8:55:59 PM,333 CHAL 54F65860
18/08/2020 8:55:59 PM,RESP 12F109B2
18/08/2020 8:55:59 PM,230 Auth OK
18/08/2020 8:55:59 PM,TIME
18/08/2020 8:55:59 PM,211 TIME 1597784159
18/08/2020 8:55:59 PM,EVCOUNT 66
18/08/2020 8:55:59 PM,252 Event OK
18/08/2020 8:56:00 PM,TODO
18/08/2020 8:56:00 PM,226 Nothing to do
18/08/2020 8:56:00 PM,EVENT 56890 1597771322 0/0/0/0/10 INPUT 3 0 597 v:124
18/08/2020 8:56:00 PM,252 Event OK
18/08/2020 8:56:00 PM,EVENT 56891 1597771325 0/0/0/0/5 INPUT 3 1 0 v:124
18/08/2020 8:56:00 PM,252 Event OK
18/08/2020 8:56:01 PM,EVENT 56892 1597771330 0/0/0/0/9 INPUT 3 0 6 v:124
18/08/2020 8:56:01 PM,252 Event OK
18/08/2020 8:56:01 PM,EVENT 56893 1597771338 0/0/0/0/6 INPUT 3 1 0 v:124
18/08/2020 8:56:01 PM,252 Event OK
18/08/2020 8:56:02 PM,EVENT 56894 1597771365 0/0/0/0/11 INPUT 3 0 28 v:124
18/08/2020 8:56:02 PM,252 Event OK
18/08/2020 8:56:02 PM,EVENT 56895 1597771375 0/0/0/0/0 INPUT 4 0 702 v:124
18/08/2020 8:56:02 PM,252 Event OK
18/08/2020 8:56:02 PM,EVENT 56896 1597771375 0/0/0/0/0 INPUT 4 1 0 v:124
18/08/2020 8:56:02 PM,252 Event OK
18/08/2020 8:56:03 PM,EVENT 56897 1597771397 0/0/0/0/5 INPUT 4 0 22 v:124
18/08/2020 8:56:03 PM,252 Event OK
18/08/2020 8:56:03 PM,EVENT 56898 1597771397 0/0/0/0/4 INPUT 4 1 0 v:124
18/08/2020 8:56:03 PM,252 Event OK
18/08/2020 8:56:03 PM,EVENT 56899 1597771400 0/0/0/0/6 INPUT 3 1 0 v:124
18/08/2020 8:56:03 PM,252 Event OK
18/08/2020 8:56:03 PM,EVENT 56900 1597771666 0/0/0/0/12 INPUT 3 0 266 v:124
18/08/2020 8:56:03 PM,252 Event OK
18/08/2020 8:56:04 PM,EVENT 56901 1597771667 0/0/0/0/6 INPUT 4 0 270 v:124
18/08/2020 8:56:04 PM,252 Event OK
18/08/2020 8:56:04 PM,EVENT 56902 1597771667 0/0/0/0/5 INPUT 4 1 0 v:124
18/08/2020 8:56:04 PM,252 Event OK
18/08/2020 8:56:04 PM,EVENT 56903 1597771759 0/0/0/0/2 INPUT 3 1 0 v:124
18/08/2020 8:56:04 PM,252 Event OK
18/08/2020 8:56:04 PM,EVENT 56904 1597771918 0/0/0/0/10 INPUT 3 0 160 v:124
18/08/2020 8:56:04 PM,252 Event OK
18/08/2020 8:56:04 PM,EVENT 56905 1597771922 0/0/0/0/2 INPUT 7 1 0 v:124
18/08/2020 8:56:04 PM,252 Event OK
18/08/2020 8:56:05 PM,EVENT 56906 1597771922 0/0/0/0/2 INPUT 8 0 1308 v:124
18/08/2020 8:56:05 PM,252 Event OK
18/08/2020 8:56:05 PM,EVENT 56907 1597771923 0/0/0/0/0 INPUT 1 1 0 v:124
18/08/2020 8:56:05 PM,252 Event OK
18/08/2020 8:56:05 PM,EVENT 56908 1597771923 0/0/0/0/0 INPUT 4 0 256 v:124
18/08/2020 8:56:05 PM,252 Event OK
18/08/2020 8:56:05 PM,EVENT 56909 1597771926 0/0/0/0/0 TRIP 56882 1057 234 9 6 1300 v:124
18/08/2020 8:56:05 PM,252 Event OK
18/08/2020 8:56:06 PM,EVENT 56910 1597771957 0/0/0/0/0 REPORT * 0 0 v:124
18/08/2020 8:56:06 PM,252 Event OK
18/08/2020 8:56:06 PM,EVENT 56911 1597783110 0/0/0/0/0 SWSTART OpusFC 5.0.58.518 R v:124
18/08/2020 8:56:06 PM,252 Event OK
18/08/2020 8:56:07 PM,EVENT 56912 1597771926 0/0/0/0/0 POWERDOWN v:124
18/08/2020 8:56:07 PM,252 Event OK
18/08/2020 8:56:07 PM,EVENT 56913 1597783110 0/0/0/0/0 INPUT 1 1 0 v:124
18/08/2020 8:56:07 PM,252 Event OK
18/08/2020 8:56:07 PM,EVENT 56914 1597783110 0/0/0/0/0 INPUT 2 0 0 v:124
18/08/2020 8:56:07 PM,252 Event OK
18/08/2020 8:56:07 PM,EVENT 56915 1597783110 0/0/0/0/0 INPUT 3 0 0 v:124
18/08/2020 8:56:07 PM,252 Event OK
18/08/2020 8:56:08 PM,EVENT 56916 1597783110 0/0/0/0/0 INPUT 4 0 0 v:124
18/08/2020 8:56:08 PM,252 Event OK
18/08/2020 8:56:08 PM,EVENT 56917 1597783110 0/0/0/0/0 INPUT 7 0 0 v:124
18/08/2020 8:56:08 PM,252 Event OK
18/08/2020 8:56:08 PM,EVENT 56918 1597783110 0/0/0/0/0 INPUT 8 1 0 v:124
18/08/2020 8:56:08 PM,252 Event OK
18/08/2020 8:56:08 PM,EVENT 56919 1597783112 0/0/0/0/0 ZONE_OK 2 100 FW=NO VERSION v:124
18/08/2020 8:56:08 PM,252 Event OK
18/08/2020 8:56:08 PM,EVENT 56920 1597783119 0/0/0/0/0 SIGNON 2487 03d1f4d1 OK 26 170597 0 v:124
18/08/2020 8:56:08 PM,252 Event OK
18/08/2020 8:56:09 PM,EVENT 56921 1597783126 0/0/0/99/0 INPUT 1 0 16 v:124
18/08/2020 8:56:09 PM,252 Event OK
18/08/2020 8:56:09 PM,EVENT 56922 1597783126 0/0/0/99/0 INPUT 4 1 0 v:124
18/08/2020 8:56:09 PM,252 Event OK
18/08/2020 8:56:09 PM,EVENT 56923 1597783152 0/0/0/0/0 INPUT 3 1 0 v:124
18/08/2020 8:56:09 PM,252 Event OK
18/08/2020 8:56:10 PM,EVENT 56924 1597783162 0/0/0/0/10 INPUT 3 0 11 v:124
18/08/2020 8:56:10 PM,252 Event OK
18/08/2020 8:56:10 PM,EVENT 56925 1597783177 0/0/0/0/0 INPUT 4 0 51 v:124
18/08/2020 8:56:10 PM,252 Event OK
18/08/2020 8:56:10 PM,EVENT 56926 1597783177 0/0/0/0/0 INPUT 4 1 0 v:124
18/08/2020 8:56:10 PM,252 Event OK
18/08/2020 8:56:11 PM,EVENT 56927 1597783186 0/0/0/0/0 INPUT 4 0 9 v:124
18/08/2020 8:56:11 PM,252 Event OK
18/08/2020 8:56:11 PM,EVENT 56928 1597783186 0/0/0/0/0 INPUT 4 1 0 v:124
18/08/2020 8:56:11 PM,252 Event OK
18/08/2020 8:56:11 PM,EVENT 56929 1597783219 0/0/0/0/5 INPUT 4 0 33 v:124
18/08/2020 8:56:11 PM,252 Event OK
18/08/2020 8:56:11 PM,EVENT 56930 1597783219 0/0/0/0/4 INPUT 4 1 0 v:124
18/08/2020 8:56:11 PM,252 Event OK
18/08/2020 8:56:11 PM,EVENT 56931 1597783227 0/0/0/0/2 INPUT 3 1 0 v:124
18/08/2020 8:56:11 PM,252 Event OK
18/08/2020 8:56:12 PM,EVENT 56932 1597783302 0/0/0/0/10 INPUT 3 0 75 v:124
18/08/2020 8:56:12 PM,252 Event OK
18/08/2020 8:56:12 PM,EVENT 56933 1597783328 0/0/0/0/7 INPUT 3 1 0 v:124
18/08/2020 8:56:12 PM,252 Event OK
18/08/2020 8:56:12 PM,EVENT 56934 1597783598 0/0/0/0/11 INPUT 3 0 271 v:124
18/08/2020 8:56:12 PM,252 Event OK
18/08/2020 8:56:12 PM,EVENT 56935 1597783612 0/0/0/0/8 INPUT 3 1 0 v:124
18/08/2020 8:56:12 PM,252 Event OK
18/08/2020 8:56:13 PM,EVENT 56936 1597783615 0/0/0/0/9 INPUT 3 0 2 v:124
18/08/2020 8:56:13 PM,252 Event OK
18/08/2020 8:56:13 PM,EVENT 56937 1597783648 0/0/0/0/7 INPUT 3 1 0 v:124
18/08/2020 8:56:13 PM,252 Event OK
18/08/2020 8:56:13 PM,EVENT 56938 1597783666 0/0/0/0/9 INPUT 3 0 18 v:124
18/08/2020 8:56:13 PM,252 Event OK
18/08/2020 8:56:13 PM,EVENT 56939 1597783683 0/0/0/0/7 INPUT 3 1 0 v:124
18/08/2020 8:56:13 PM,252 Event OK
18/08/2020 8:56:13 PM,EVENT 56940 1597783685 0/0/0/0/9 INPUT 3 0 2 v:124
18/08/2020 8:56:13 PM,252 Event OK
18/08/2020 8:56:14 PM,EVENT 56941 1597783687 0/0/0/0/2 INPUT 4 0 468 v:124
18/08/2020 8:56:14 PM,252 Event OK
18/08/2020 8:56:14 PM,EVENT 56942 1597783687 0/0/0/0/2 INPUT 4 1 0 v:124
18/08/2020 8:56:14 PM,252 Event OK
18/08/2020 8:56:14 PM,EVENT 56943 1597783692 0/0/0/0/0 INPUT 4 0 5 v:124
18/08/2020 8:56:14 PM,252 Event OK
18/08/2020 8:56:14 PM,EVENT 56944 1597783692 0/0/0/0/0 INPUT 4 1 0 v:124
18/08/2020 8:56:14 PM,252 Event OK
18/08/2020 8:56:14 PM,EVENT 56945 1597783695 0/0/0/0/1 INPUT 4 0 3 v:124
18/08/2020 8:56:14 PM,252 Event OK
18/08/2020 8:56:15 PM,EVENT 56946 1597783695 0/0/0/0/1 INPUT 4 1 0 v:124
18/08/2020 8:56:15 PM,252 Event OK
18/08/2020 8:56:15 PM,EVENT 56947 1597783700 0/0/0/0/0 INPUT 4 0 5 v:124
18/08/2020 8:56:15 PM,252 Event OK
18/08/2020 8:56:15 PM,EVENT 56948 1597783701 0/0/0/0/0 INPUT 4 1 0 v:124
18/08/2020 8:56:15 PM,252 Event OK
18/08/2020 8:56:15 PM,EVENT 56949 1597783705 0/0/0/0/2 INPUT 3 1 0 v:124
18/08/2020 8:56:15 PM,252 Event OK
18/08/2020 8:56:16 PM,EVENT 56950 1597784154 0/0/0/99/10 INPUT 3 0 450 v:124
18/08/2020 8:56:16 PM,252 Event OK
18/08/2020 8:56:16 PM,EVENT 56951 1597784156 0/0/0/99/5 INPUT 7 1 0 v:124
18/08/2020 8:56:16 PM,252 Event OK
18/08/2020 8:56:16 PM,EVENT 56952 1597784156 0/0/0/99/5 INPUT 8 0 1046 v:124
18/08/2020 8:56:16 PM,252 Event OK
18/08/2020 8:56:17 PM,EVENT 56953 1597784157 0/0/0/99/3 INPUT 1 1 0 v:123
18/08/2020 8:56:17 PM,252 Event OK
18/08/2020 8:56:17 PM,EVENT 56954 1597784158 0/0/0/99/1 INPUT 4 0 458 v:123
18/08/2020 8:56:17 PM,252 Event OK
18/08/2020 8:56:17 PM,EVENT 56955 1597784161 0/0/0/2/0 TRIP 56920 829 203 10 7 1042 v:123
18/08/2020 8:56:17 PM,252 Event OK
18/08/2020 8:56:17 PM,QUIT
18/08/2020 8:56:17 PM,221 Session ended - goodbye
18/08/2020 8:56:48 PM,UNIT 9279
18/08/2020 8:56:48 PM,333 CHAL 49E4300B
18/08/2020 8:56:49 PM,RESP C7864F37
18/08/2020 8:56:49 PM,230 Auth OK
18/08/2020 8:56:49 PM,TIME
18/08/2020 8:56:49 PM,211 TIME 1597784209
18/08/2020 8:56:50 PM,EVCOUNT 1
18/08/2020 8:56:50 PM,252 Event OK
18/08/2020 8:56:50 PM,TODO
18/08/2020 8:56:50 PM,226 Nothing to do
18/08/2020 8:56:51 PM,EVENT 56956 1597784210 -310121712/1219228679/777/2/0 REPORT * 0 53 v:124
18/08/2020 8:56:51 PM,252 Event OK
18/08/2020 8:56:51 PM,QUIT
18/08/2020 8:56:51 PM,221 Session ended - goodbye
18/08/2020 9:07:34 PM,UNIT 9279
18/08/2020 9:07:34 PM,333 CHAL F0D0929
18/08/2020 9:07:34 PM,RESP 8EFA09F2
18/08/2020 9:07:34 PM,230 Auth OK
18/08/2020 9:07:35 PM,TIME
18/08/2020 9:07:35 PM,211 TIME 1597784855
18/08/2020 9:07:35 PM,EVCOUNT 2
18/08/2020 9:07:35 PM,252 Event OK
18/08/2020 9:07:36 PM,TODO
18/08/2020 9:07:36 PM,226 Nothing to do
18/08/2020 9:07:36 PM,EVENT 56957 1597784855 -310121707/1219228690/725/2/0 INPUT 8 1 0 v:124
18/08/2020 9:07:36 PM,252 Event OK
18/08/2020 9:07:37 PM,EVENT 56958 1597784855 -310121706/1219228690/727/2/0 INPUT 7 0 698 v:124
18/08/2020 9:07:37 PM,252 Event OK
18/08/2020 9:07:38 PM,QUIT
18/08/2020 9:07:38 PM,221 Session ended - goodbye
18/08/2020 9:07:48 PM,UNIT 9279
18/08/2020 9:07:48 PM,333 CHAL 5666BED6
18/08/2020 9:07:49 PM,RESP E52AFAC2
18/08/2020 9:07:49 PM,230 Auth OK
18/08/2020 9:07:49 PM,TIME
18/08/2020 9:07:49 PM,211 TIME 1597784869
18/08/2020 9:07:50 PM,EVCOUNT 3
18/08/2020 9:07:50 PM,252 Event OK
18/08/2020 9:07:50 PM,TODO
18/08/2020 9:07:50 PM,226 Nothing to do
18/08/2020 9:07:51 PM,EVENT 56959 1597784865 -310121694/1219228674/742/2/0 SIGNON 2487 03d1f4d1 OK 26 170597 0 v:124
18/08/2020 9:07:51 PM,252 Event OK
18/08/2020 9:07:52 PM,EVENT 56960 1597784872 -310121691/1219228663/753/2/0 INPUT 4 1 0 v:124
18/08/2020 9:07:52 PM,252 Event OK
18/08/2020 9:07:52 PM,EVENT 56961 1597784872 -310121690/1219228663/753/2/0 INPUT 1 0 716 v:124
18/08/2020 9:07:52 PM,252 Event OK
18/08/2020 9:07:53 PM,QUIT
18/08/2020 9:07:53 PM,221 Session ended - goodbye
18/08/2020 9:08:04 PM,UNIT 9279
18/08/2020 9:08:04 PM,333 CHAL B7A3E73
18/08/2020 9:08:05 PM,RESP 98369703
18/08/2020 9:08:05 PM,230 Auth OK
18/08/2020 9:08:05 PM,TIME
18/08/2020 9:08:05 PM,211 TIME 1597784885
18/08/2020 9:08:06 PM,EVCOUNT 1
18/08/2020 9:08:06 PM,252 Event OK
18/08/2020 9:08:06 PM,TODO
18/08/2020 9:08:06 PM,226 Nothing to do
18/08/2020 9:08:07 PM,EVENT 56962 1597784884 -310121036/1219229395/762/2/7 INPUT 3 1 0 v:124
18/08/2020 9:08:07 PM,252 Event OK
18/08/2020 9:08:08 PM,QUIT
18/08/2020 9:08:08 PM,221 Session ended - goodbye
18/08/2020 9:09:12 PM,UNIT 9279
18/08/2020 9:09:12 PM,333 CHAL 3609E353
18/08/2020 9:09:13 PM,RESP 129B1255
18/08/2020 9:09:13 PM,230 Auth OK
18/08/2020 9:09:13 PM,TIME
18/08/2020 9:09:13 PM,211 TIME 1597784953
18/08/2020 9:09:14 PM,EVCOUNT 1
18/08/2020 9:09:14 PM,252 Event OK
18/08/2020 9:09:14 PM,TODO
18/08/2020 9:09:14 PM,226 Nothing to do
18/08/2020 9:09:15 PM,EVENT 56963 1597784954 -310128802/1219229124/838/5/9 INPUT 3 0 70 v:124
18/08/2020 9:09:15 PM,252 Event OK
18/08/2020 9:09:16 PM,EVENT 56964 1597784958 -310128404/1219228673/862/5/3 INPUT 7 1 0 v:124
18/08/2020 9:09:16 PM,252 Event OK
18/08/2020 9:09:17 PM,EVENT 56965 1597784958 -310128404/1219228673/862/5/3 INPUT 8 0 103 v:124
18/08/2020 9:09:17 PM,252 Event OK
18/08/2020 9:09:17 PM,EVENT 56966 1597784959 -310128405/1219228670/871/5/2 INPUT 1 1 0 v:124
18/08/2020 9:09:17 PM,252 Event OK
18/08/2020 9:09:18 PM,EVENT 56967 1597784960 -310128404/1219228667/883/5/0 INPUT 4 0 89 v:124
18/08/2020 9:09:18 PM,252 Event OK
18/08/2020 9:09:19 PM,QUIT
18/08/2020 9:09:19 PM,221 Session ended - goodbye
18/08/2020 9:09:29 PM,UNIT 9279
18/08/2020 9:09:29 PM,333 CHAL 1E79264C
18/08/2020 9:09:29 PM,RESP EF48BA20
18/08/2020 9:09:29 PM,230 Auth OK
18/08/2020 9:09:30 PM,TIME
18/08/2020 9:09:30 PM,211 TIME 1597784970
18/08/2020 9:09:31 PM,EVCOUNT 1
18/08/2020 9:09:31 PM,252 Event OK
18/08/2020 9:09:31 PM,TODO
18/08/2020 9:09:31 PM,226 Nothing to do
18/08/2020 9:09:32 PM,EVENT 56968 1597784962 -310128403/1219228664/907/5/0 TRIP 56959 70 19 8 6 97 v:124
18/08/2020 9:09:32 PM,252 Event OK
18/08/2020 9:09:33 PM,QUIT
18/08/2020 9:09:33 PM,221 Session ended - goodbye
18/08/2020 9:12:06 PM,UNIT 9279
18/08/2020 9:12:06 PM,333 CHAL 13DF188B
18/08/2020 9:12:07 PM,RESP 1B00A046
18/08/2020 9:12:07 PM,230 Auth OK
18/08/2020 9:12:07 PM,TIME
18/08/2020 9:12:07 PM,211 TIME 1597785127
18/08/2020 9:12:08 PM,EVCOUNT 2
18/08/2020 9:12:08 PM,252 Event OK
18/08/2020 9:12:08 PM,TODO
18/08/2020 9:12:08 PM,226 Nothing to do
18/08/2020 9:12:09 PM,EVENT 56969 1597785128 -310128401/1219228584/843/2/0 INPUT 8 1 0 v:124
18/08/2020 9:12:09 PM,252 Event OK
18/08/2020 9:12:10 PM,EVENT 56970 1597785128 -310128403/1219228582/842/2/0 INPUT 7 0 170 v:124
18/08/2020 9:12:10 PM,252 Event OK
18/08/2020 9:12:10 PM,QUIT
18/08/2020 9:12:10 PM,221 Session ended - goodbye
18/08/2020 9:12:20 PM,UNIT 9279
18/08/2020 9:12:20 PM,333 CHAL 507B76E3
18/08/2020 9:12:20 PM,RESP B64C8FB9
18/08/2020 9:12:20 PM,230 Auth OK
18/08/2020 9:12:21 PM,TIME
18/08/2020 9:12:21 PM,211 TIME 1597785141
18/08/2020 9:12:21 PM,EVCOUNT 3
18/08/2020 9:12:21 PM,252 Event OK
18/08/2020 9:12:22 PM,TODO
18/08/2020 9:12:22 PM,226 Nothing to do
18/08/2020 9:12:23 PM,EVENT 56971 1597785137 -310128425/1219228550/833/2/0 SIGNON 2487 03d1f4d1 OK 26 170597 0 v:124
18/08/2020 9:12:23 PM,252 Event OK
18/08/2020 9:12:23 PM,EVENT 56972 1597785143 -310128427/1219228529/832/3/0 INPUT 1 0 185 v:124
18/08/2020 9:12:23 PM,252 Event OK
18/08/2020 9:12:24 PM,EVENT 56973 1597785144 -310128427/1219228529/832/3/0 INPUT 4 1 0 v:124
18/08/2020 9:12:24 PM,252 Event OK
18/08/2020 9:12:25 PM,QUIT
18/08/2020 9:12:25 PM,221 Session ended - goodbye
18/08/2020 9:12:59 PM,UNIT 9279
18/08/2020 9:12:59 PM,333 CHAL 7BF7BB79
18/08/2020 9:13:00 PM,RESP DA3E9E92
18/08/2020 9:13:00 PM,230 Auth OK
18/08/2020 9:13:00 PM,TIME
18/08/2020 9:13:00 PM,211 TIME 1597785180
18/08/2020 9:13:01 PM,EVCOUNT 2
18/08/2020 9:13:01 PM,252 Event OK
18/08/2020 9:13:02 PM,TODO
18/08/2020 9:13:02 PM,226 Nothing to do
18/08/2020 9:13:03 PM,EVENT 56974 1597785180 -310128892/1219229298/839/2/0 INPUT 4 0 37 v:124
18/08/2020 9:13:03 PM,252 Event OK
18/08/2020 9:13:04 PM,EVENT 56975 1597785180 -310128884/1219229250/837/2/0 INPUT 4 1 0 v:124
18/08/2020 9:13:04 PM,252 Event OK
18/08/2020 9:13:05 PM,QUIT
18/08/2020 9:13:05 PM,221 Session ended - goodbye
18/08/2020 9:13:37 PM,UNIT 9279
18/08/2020 9:13:37 PM,333 CHAL 17653159
18/08/2020 9:13:37 PM,RESP D8D94419
18/08/2020 9:13:37 PM,230 Auth OK
18/08/2020 9:13:38 PM,TIME
18/08/2020 9:13:38 PM,211 TIME 1597785218
18/08/2020 9:13:39 PM,EVCOUNT 1
18/08/2020 9:13:39 PM,252 Event OK
18/08/2020 9:13:40 PM,TODO
18/08/2020 9:13:40 PM,226 Nothing to do
18/08/2020 9:13:40 PM,EVENT 56976 1597785217 -310131117/1219222598/836/0/8 INPUT 3 1 0 v:124
18/08/2020 9:13:40 PM,252 Event OK
18/08/2020 9:13:41 PM,QUIT
18/08/2020 9:13:41 PM,221 Session ended - goodbye
18/08/2020 9:14:38 PM,UNIT 9279
18/08/2020 9:14:38 PM,333 CHAL 39B3DD2D
18/08/2020 9:14:38 PM,RESP BAF00EA9
18/08/2020 9:14:38 PM,230 Auth OK
18/08/2020 9:14:38 PM,TIME
18/08/2020 9:14:38 PM,211 TIME 1597785278
18/08/2020 9:14:38 PM,EVCOUNT 2
18/08/2020 9:14:38 PM,252 Event OK
18/08/2020 9:14:38 PM,TODO
18/08/2020 9:14:38 PM,226 Nothing to do
18/08/2020 9:14:39 PM,EVENT 56977 1597785237 -310134438/1219217943/838/1/9 INPUT 3 0 20 v:124
18/08/2020 9:14:39 PM,252 Event OK
18/08/2020 9:14:39 PM,EVENT 56978 1597785246 -310135188/1219216808/819/1/7 INPUT 3 1 0 v:124
18/08/2020 9:14:39 PM,252 Event OK
18/08/2020 9:14:39 PM,QUIT
18/08/2020 9:14:39 PM,221 Session ended - goodbye
18/08/2020 9:15:10 PM,UNIT 9279
18/08/2020 9:15:10 PM,333 CHAL E10F409
18/08/2020 9:15:11 PM,RESP A21E0EBD
18/08/2020 9:15:11 PM,230 Auth OK
18/08/2020 9:15:11 PM,TIME
18/08/2020 9:15:11 PM,211 TIME 1597785311
18/08/2020 9:15:11 PM,EVCOUNT 1
18/08/2020 9:15:11 PM,252 Event OK
18/08/2020 9:15:12 PM,TODO
18/08/2020 9:15:12 PM,226 Nothing to do
18/08/2020 9:15:13 PM,EVENT 56979 1597785311 -310142923/1219231296/892/3/9 INPUT 3 0 65 v:124
18/08/2020 9:15:13 PM,252 Event OK
18/08/2020 9:15:13 PM,QUIT
18/08/2020 9:15:13 PM,221 Session ended - goodbye
18/08/2020 9:15:23 PM,UNIT 9279
18/08/2020 9:15:23 PM,333 CHAL 4DBFB056
18/08/2020 9:15:24 PM,RESP 1BD4830F
18/08/2020 9:15:24 PM,230 Auth OK
18/08/2020 9:15:24 PM,TIME
18/08/2020 9:15:24 PM,211 TIME 1597785324
18/08/2020 9:15:24 PM,EVCOUNT 7
18/08/2020 9:15:24 PM,252 Event OK
18/08/2020 9:15:25 PM,TODO
18/08/2020 9:15:25 PM,226 Nothing to do
18/08/2020 9:15:25 PM,EVENT 56980 1597785318 -310143478/1219231526/859/3/0 INPUT 7 1 0 v:124
18/08/2020 9:15:25 PM,252 Event OK
18/08/2020 9:15:26 PM,EVENT 56981 1597785318 -310143478/1219231526/859/3/0 INPUT 8 0 190 v:124
18/08/2020 9:15:26 PM,252 Event OK
18/08/2020 9:15:27 PM,EVENT 56982 1597785318 -310143478/1219231526/859/3/0 INPUT 4 0 138 v:124
18/08/2020 9:15:27 PM,252 Event OK
18/08/2020 9:15:27 PM,EVENT 56983 1597785318 -310143477/1219231530/856/3/0 INPUT 4 1 0 v:124
18/08/2020 9:15:27 PM,252 Event OK
18/08/2020 9:15:28 PM,EVENT 56984 1597785319 -310143477/1219231530/856/3/0 INPUT 1 1 0 v:124
18/08/2020 9:15:28 PM,252 Event OK
18/08/2020 9:15:29 PM,EVENT 56985 1597785320 -310143473/1219231543/851/3/0 INPUT 4 0 2 v:124
18/08/2020 9:15:29 PM,252 Event OK
18/08/2020 9:15:29 PM,EVENT 56986 1597785322 -310143462/1219231556/851/3/0 TRIP 56971 85 92 9 7 186 v:124
18/08/2020 9:15:29 PM,252 Event OK
18/08/2020 9:15:30 PM,QUIT
18/08/2020 9:15:30 PM,221 Session ended - goodbye
18/08/2020 10:09:53 PM,UNIT 9279
18/08/2020 10:09:53 PM,333 CHAL 681BCF97
18/08/2020 10:09:53 PM,RESP AE204C66
18/08/2020 10:09:53 PM,230 Auth OK
18/08/2020 10:09:53 PM,TIME
18/08/2020 10:09:53 PM,211 TIME 1597788593
18/08/2020 10:09:53 PM,EVCOUNT 11
18/08/2020 10:09:53 PM,252 Event OK
18/08/2020 10:09:53 PM,TODO
18/08/2020 10:09:53 PM,226 Nothing to do
18/08/2020 10:09:54 PM,EVENT 56987 1597788570 0/0/0/0/0 SWSTART OpusFC 5.0.58.518 R v:123
18/08/2020 10:09:54 PM,252 Event OK
18/08/2020 10:09:54 PM,EVENT 56988 1597785322 0/0/0/0/0 POWERDOWN v:124
18/08/2020 10:09:54 PM,252 Event OK
18/08/2020 10:09:55 PM,EVENT 56989 1597788570 0/0/0/0/0 INPUT 1 1 0 v:123
18/08/2020 10:09:55 PM,252 Event OK
18/08/2020 10:09:55 PM,EVENT 56990 1597788570 0/0/0/0/0 INPUT 2 0 0 v:123
18/08/2020 10:09:55 PM,252 Event OK
18/08/2020 10:09:55 PM,EVENT 56991 1597788570 0/0/0/0/0 INPUT 3 0 0 v:123
18/08/2020 10:09:55 PM,252 Event OK
18/08/2020 10:09:55 PM,EVENT 56992 1597788570 0/0/0/0/0 INPUT 4 0 0 v:123
18/08/2020 10:09:55 PM,252 Event OK
18/08/2020 10:09:55 PM,EVENT 56993 1597788570 0/0/0/0/0 INPUT 7 0 0 v:123
18/08/2020 10:09:55 PM,252 Event OK
18/08/2020 10:09:56 PM,EVENT 56994 1597788570 0/0/0/0/0 INPUT 8 1 0 v:123
18/08/2020 10:09:56 PM,252 Event OK
18/08/2020 10:09:56 PM,EVENT 56995 1597788572 0/0/0/0/0 ZONE_OK 2 100 FW=NO VERSION v:123
18/08/2020 10:09:56 PM,252 Event OK
18/08/2020 10:09:56 PM,EVENT 56996 1597788582 0/0/0/0/0 SIGNON 2534 03b9dad0 OK_CL 26 231297 0 v:123
18/08/2020 10:09:56 PM,252 Event OK
18/08/2020 10:09:56 PM,EVENT 56997 1597788589 0/0/0/3/0 CHECKLIST 56996 OK 0 7 432 F v:123
18/08/2020 10:09:56 PM,252 Event OK
18/08/2020 10:09:56 PM,EVENT 56998 1597788597 0/0/0/4/0 INPUT 4 1 0 v:124
18/08/2020 10:09:56 PM,252 Event OK
18/08/2020 10:09:57 PM,EVENT 56999 1597788598 0/0/0/4/0 INPUT 1 0 27 v:124
18/08/2020 10:09:57 PM,252 Event OK
18/08/2020 10:09:57 PM,QUIT
18/08/2020 10:09:57 PM,221 Session ended - goodbye
18/08/2020 10:10:07 PM,UNIT 9279
18/08/2020 10:10:07 PM,333 CHAL 2AFF047E
18/08/2020 10:10:08 PM,RESP D1AC5EEA
18/08/2020 10:10:08 PM,230 Auth OK
18/08/2020 10:10:08 PM,TIME
18/08/2020 10:10:08 PM,211 TIME 1597788608
18/08/2020 10:10:09 PM,EVCOUNT 2
18/08/2020 10:10:09 PM,252 Event OK
18/08/2020 10:10:09 PM,TODO
18/08/2020 10:10:09 PM,226 Nothing to do
18/08/2020 10:10:10 PM,EVENT 57000 1597788608 -310143455/1219231605/1848/4/0 INPUT 4 0 11 v:123
18/08/2020 10:10:10 PM,252 Event OK
18/08/2020 10:10:10 PM,EVENT 57001 1597788608 -310143463/1219231600/1759/4/0 INPUT 4 1 0 v:123
18/08/2020 10:10:10 PM,252 Event OK
18/08/2020 10:10:11 PM,QUIT
18/08/2020 10:10:11 PM,221 Session ended - goodbye
18/08/2020 10:10:26 PM,UNIT 9279
18/08/2020 10:10:26 PM,333 CHAL 1C606A67
18/08/2020 10:10:27 PM,RESP DD36E49F
18/08/2020 10:10:27 PM,230 Auth OK
18/08/2020 10:10:28 PM,TIME
18/08/2020 10:10:28 PM,211 TIME 1597788628
18/08/2020 10:10:28 PM,EVCOUNT 1
18/08/2020 10:10:28 PM,252 Event OK
18/08/2020 10:10:29 PM,TODO
18/08/2020 10:10:29 PM,226 Nothing to do
18/08/2020 10:10:30 PM,EVENT 57002 1597788626 -310142744/1219230994/875/3/3 INPUT 3 1 0 v:124
18/08/2020 10:10:30 PM,252 Event OK
18/08/2020 10:10:30 PM,QUIT
18/08/2020 10:10:30 PM,221 Session ended - goodbye
18/08/2020 10:11:40 PM,UNIT 9279
18/08/2020 10:11:40 PM,333 CHAL 16813CE4
18/08/2020 10:11:41 PM,RESP 60002D70
18/08/2020 10:11:41 PM,230 Auth OK
18/08/2020 10:11:41 PM,TIME
18/08/2020 10:11:41 PM,211 TIME 1597788701
18/08/2020 10:11:42 PM,EVCOUNT 1
18/08/2020 10:11:42 PM,252 Event OK
18/08/2020 10:11:42 PM,TODO
18/08/2020 10:11:42 PM,226 Nothing to do
18/08/2020 10:11:43 PM,EVENT 57003 1597788700 -310122180/1219233157/895/10/10 INPUT 3 0 74 v:124
18/08/2020 10:11:43 PM,252 Event OK
18/08/2020 10:11:44 PM,QUIT
18/08/2020 10:11:44 PM,221 Session ended - goodbye
18/08/2020 10:11:54 PM,UNIT 9279
18/08/2020 10:11:54 PM,333 CHAL 7BDF778
18/08/2020 10:11:55 PM,RESP 45270608
18/08/2020 10:11:55 PM,230 Auth OK
18/08/2020 10:11:56 PM,TIME
18/08/2020 10:11:56 PM,211 TIME 1597788716
18/08/2020 10:11:56 PM,EVCOUNT 7
18/08/2020 10:11:56 PM,252 Event OK
18/08/2020 10:11:57 PM,TODO
18/08/2020 10:11:57 PM,226 Nothing to do
18/08/2020 10:11:58 PM,EVENT 57004 1597788710 -310121651/1219232649/1294/10/0 INPUT 7 1 0 v:124
18/08/2020 10:11:58 PM,252 Event OK
18/08/2020 10:11:59 PM,EVENT 57005 1597788710 -310121651/1219232649/1294/10/0 INPUT 8 0 139 v:124
18/08/2020 10:11:59 PM,252 Event OK
18/08/2020 10:12:00 PM,EVENT 57006 1597788710 -310121653/1219232644/1312/10/0 INPUT 4 0 102 v:123
18/08/2020 10:12:00 PM,252 Event OK
18/08/2020 10:12:00 PM,EVENT 57007 1597788710 -310121657/1219232640/1333/10/0 INPUT 4 1 0 v:123
18/08/2020 10:12:00 PM,252 Event OK
18/08/2020 10:12:01 PM,EVENT 57008 1597788711 -310121661/1219232636/1351/10/0 INPUT 1 1 0 v:123
18/08/2020 10:12:01 PM,252 Event OK
18/08/2020 10:12:02 PM,EVENT 57009 1597788712 -310121664/1219232618/1411/10/0 INPUT 4 0 2 v:123
18/08/2020 10:12:02 PM,252 Event OK
18/08/2020 10:12:03 PM,EVENT 57010 1597788714 -310121682/1219232603/1479/10/0 TRIP 56996 74 41 12 10 127 v:123
18/08/2020 10:12:03 PM,252 Event OK
18/08/2020 10:12:04 PM,QUIT
18/08/2020 10:12:04 PM,221 Session ended - goodbye
18/08/2020 10:12:34 PM,UNIT 9279
18/08/2020 10:12:34 PM,333 CHAL 74D4785A
18/08/2020 10:12:35 PM,RESP DEC4B897
18/08/2020 10:12:35 PM,230 Auth OK
18/08/2020 10:12:35 PM,TIME
18/08/2020 10:12:35 PM,211 TIME 1597788755
18/08/2020 10:12:36 PM,EVCOUNT 1
18/08/2020 10:12:36 PM,252 Event OK
18/08/2020 10:12:37 PM,TODO
18/08/2020 10:12:37 PM,226 Nothing to do
18/08/2020 10:12:37 PM,EVENT 57011 1597788755 -310122078/1219232513/1823/6/0 REPORT * 0 77 v:123
18/08/2020 10:12:37 PM,252 Event OK
18/08/2020 10:12:38 PM,QUIT
18/08/2020 10:12:38 PM,221 Session ended - goodbye
18/08/2020 10:24:19 PM,UNIT 9279
18/08/2020 10:24:19 PM,333 CHAL 2ECADD89
18/08/2020 10:24:20 PM,RESP F3BAE17B
18/08/2020 10:24:20 PM,230 Auth OK
18/08/2020 10:24:21 PM,TIME
18/08/2020 10:24:21 PM,211 TIME 1597789461
18/08/2020 10:24:22 PM,EVCOUNT 4
18/08/2020 10:24:22 PM,252 Event OK
18/08/2020 10:24:23 PM,TODO
18/08/2020 10:24:23 PM,226 Nothing to do
18/08/2020 10:24:24 PM,EVENT 57012 1597789459 -310122338/1219232922/1728/6/0 INPUT 8 1 0 v:123
18/08/2020 10:24:24 PM,252 Event OK
18/08/2020 10:24:25 PM,EVENT 57013 1597789459 -310122334/1219232920/1730/6/0 INPUT 7 0 750 v:124
18/08/2020 10:24:25 PM,252 Event OK
18/08/2020 10:24:26 PM,EVENT 57014 1597789460 -310122334/1219232920/1730/6/0 INPUT 7 1 0 v:124
18/08/2020 10:24:26 PM,252 Event OK
18/08/2020 10:24:26 PM,EVENT 57015 1597789460 -310122334/1219232920/1730/6/0 INPUT 8 0 1 v:124
18/08/2020 10:24:26 PM,252 Event OK
18/08/2020 10:24:27 PM,QUIT
18/08/2020 10:24:27 PM,221 Session ended - goodbye
18/08/2020 10:25:31 PM,UNIT 9279
18/08/2020 10:25:31 PM,333 CHAL E892C3E
18/08/2020 10:25:31 PM,RESP D03050D8
18/08/2020 10:25:31 PM,230 Auth OK
18/08/2020 10:25:32 PM,TIME
18/08/2020 10:25:32 PM,211 TIME 1597789532
18/08/2020 10:25:33 PM,EVCOUNT 2
18/08/2020 10:25:33 PM,252 Event OK
18/08/2020 10:25:33 PM,TODO
18/08/2020 10:25:33 PM,226 Nothing to do
18/08/2020 10:25:34 PM,EVENT 57016 1597789532 -310121847/1219232834/1403/6/0 INPUT 8 1 0 v:124
18/08/2020 10:25:34 PM,252 Event OK
18/08/2020 10:25:35 PM,EVENT 57017 1597789532 -310121847/1219232834/1403/6/0 INPUT 7 0 72 v:124
18/08/2020 10:25:35 PM,252 Event OK
18/08/2020 10:25:36 PM,QUIT
18/08/2020 10:25:36 PM,221 Session ended - goodbye
18/08/2020 10:25:46 PM,UNIT 9279
18/08/2020 10:25:46 PM,333 CHAL 2C6EA0AB
18/08/2020 10:25:47 PM,RESP 6BA41235
18/08/2020 10:25:47 PM,230 Auth OK
18/08/2020 10:25:47 PM,TIME
18/08/2020 10:25:47 PM,211 TIME 1597789547
18/08/2020 10:25:48 PM,EVCOUNT 1
18/08/2020 10:25:48 PM,252 Event OK
18/08/2020 10:25:49 PM,TODO
18/08/2020 10:25:49 PM,226 Nothing to do
18/08/2020 10:25:49 PM,EVENT 57018 1597789541 -310121930/1219232888/1501/6/0 SIGNON * 0 NOCARD 26 0 268882 v:124
18/08/2020 10:25:49 PM,252 Event OK
18/08/2020 10:25:50 PM,EVENT 57019 1597789553 -310122034/1219232937/1593/6/0 SIGNON 2528 01b3eefb OK 26 260882 0 v:124
18/08/2020 10:25:50 PM,252 Event OK
18/08/2020 10:25:51 PM,QUIT
18/08/2020 10:25:51 PM,221 Session ended - goodbye
18/08/2020 10:26:00 PM,UNIT 9279
18/08/2020 10:26:00 PM,333 CHAL 4D66730D
18/08/2020 10:26:01 PM,RESP 18B3156F
18/08/2020 10:26:01 PM,230 Auth OK
18/08/2020 10:26:02 PM,TIME
18/08/2020 10:26:02 PM,211 TIME 1597789562
18/08/2020 10:26:02 PM,EVCOUNT 2
18/08/2020 10:26:02 PM,252 Event OK
18/08/2020 10:26:03 PM,TODO
18/08/2020 10:26:03 PM,125 TODO GETXML 2000 Operators 
225 Work list complete
18/08/2020 10:26:03 PM,GETXML
18/08/2020 10:26:03 PM,Binary data 4241 bytes
18/08/2020 10:26:05 PM,GOT Operators 4193 B22E2A56
18/08/2020 10:26:05 PM,250 Download OK
18/08/2020 10:26:06 PM,EVENT 57020 1597789559 -310122118/1219232961/1633/6/0 INPUT 4 1 0 v:124
18/08/2020 10:26:06 PM,252 Event OK
18/08/2020 10:26:06 PM,EVENT 57021 1597789559 -310122124/1219232962/1638/6/0 INPUT 1 0 848 v:124
18/08/2020 10:26:06 PM,252 Event OK
18/08/2020 10:26:06 PM,QUIT
18/08/2020 10:26:06 PM,221 Session ended - goodbye
18/08/2020 10:26:17 PM,UNIT 9279
18/08/2020 10:26:17 PM,333 CHAL 34719334
18/08/2020 10:26:17 PM,RESP DE88F808
18/08/2020 10:26:17 PM,230 Auth OK
18/08/2020 10:26:18 PM,TIME
18/08/2020 10:26:18 PM,211 TIME 1597789578
18/08/2020 10:26:19 PM,EVCOUNT 6
18/08/2020 10:26:19 PM,252 Event OK
18/08/2020 10:26:20 PM,TODO
18/08/2020 10:26:20 PM,226 Nothing to do
18/08/2020 10:26:21 PM,EVENT 57022 1597789570 -310122386/1219233123/1784/6/0 INPUT 4 0 12 v:123
18/08/2020 10:26:21 PM,252 Event OK
18/08/2020 10:26:22 PM,EVENT 57023 1597789570 -310122386/1219233123/1784/6/0 INPUT 4 1 0 v:123
18/08/2020 10:26:22 PM,252 Event OK
18/08/2020 10:26:23 PM,EVENT 57024 1597789573 -310122474/1219233172/1803/6/0 INPUT 4 0 3 v:123
18/08/2020 10:26:23 PM,252 Event OK
18/08/2020 10:26:24 PM,EVENT 57025 1597789574 -310122474/1219233172/1803/6/0 INPUT 4 1 0 v:123
18/08/2020 10:26:24 PM,252 Event OK
18/08/2020 10:26:24 PM,EVENT 57026 1597789580 -310122841/1219233256/1777/6/3 INPUT 4 0 7 v:123
18/08/2020 10:26:24 PM,252 Event OK
18/08/2020 10:26:25 PM,EVENT 57027 1597789580 -310122841/1219233256/1777/6/3 INPUT 4 1 0 v:123
18/08/2020 10:26:25 PM,252 Event OK
18/08/2020 10:26:26 PM,EVENT 57028 1597789583 -310122859/1219233067/1473/6/3 INPUT 4 0 3 v:123
18/08/2020 10:26:26 PM,252 Event OK
18/08/2020 10:26:27 PM,EVENT 57029 1597789583 -310122859/1219233067/1473/6/3 INPUT 4 1 0 v:123
18/08/2020 10:26:27 PM,252 Event OK
18/08/2020 10:26:27 PM,QUIT
18/08/2020 10:26:27 PM,221 Session ended - goodbye
18/08/2020 10:26:37 PM,UNIT 9279
18/08/2020 10:26:37 PM,333 CHAL 676FC61A
18/08/2020 10:26:38 PM,RESP EF4BCCA6
18/08/2020 10:26:38 PM,230 Auth OK
18/08/2020 10:26:39 PM,TIME
18/08/2020 10:26:39 PM,211 TIME 1597789599
18/08/2020 10:26:39 PM,EVCOUNT 1
18/08/2020 10:26:39 PM,252 Event OK
18/08/2020 10:26:40 PM,TODO
18/08/2020 10:26:40 PM,226 Nothing to do
18/08/2020 10:26:41 PM,EVENT 57030 1597789598 -310122894/1219234096/993/4/7 INPUT 3 1 0 v:123
18/08/2020 10:26:41 PM,252 Event OK
18/08/2020 10:26:41 PM,QUIT
18/08/2020 10:26:41 PM,221 Session ended - goodbye
18/08/2020 10:27:00 PM,UNIT 9279
18/08/2020 10:27:00 PM,333 CHAL 44DCBACF
18/08/2020 10:27:02 PM,RESP 0B33BA4E
18/08/2020 10:27:02 PM,230 Auth OK
18/08/2020 10:27:03 PM,TIME
18/08/2020 10:27:03 PM,211 TIME 1597789623
18/08/2020 10:27:04 PM,EVCOUNT 5
18/08/2020 10:27:04 PM,252 Event OK
18/08/2020 10:27:05 PM,TODO
18/08/2020 10:27:05 PM,226 Nothing to do
18/08/2020 10:27:07 PM,EVENT 57031 1597789620 -310121548/1219236281/856/7/11 INPUT 3 0 22 v:124
18/08/2020 10:27:07 PM,252 Event OK
18/08/2020 10:27:08 PM,EVENT 57032 1597789623 -310121462/1219236229/857/7/3 INPUT 7 1 0 v:124
18/08/2020 10:27:08 PM,252 Event OK
18/08/2020 10:27:10 PM,EVENT 57033 1597789623 -310121462/1219236229/857/7/3 INPUT 8 0 91 v:124
18/08/2020 10:27:10 PM,252 Event OK
18/08/2020 10:27:11 PM,EVENT 57034 1597789624 -310121463/1219236231/857/7/0 INPUT 1 1 0 v:123
18/08/2020 10:27:11 PM,252 Event OK
18/08/2020 10:27:13 PM,EVENT 57035 1597789624 -310121463/1219236231/858/7/0 INPUT 4 0 41 v:123
18/08/2020 10:27:13 PM,252 Event OK
18/08/2020 10:27:14 PM,EVENT 57036 1597789627 -310121467/1219236225/847/7/0 TRIP 57019 22 44 9 6 75 v:123
18/08/2020 10:27:14 PM,252 Event OK
18/08/2020 10:27:15 PM,QUIT
18/08/2020 10:27:15 PM,221 Session ended - goodbye
18/08/2020 10:28:34 PM,UNIT 9279
18/08/2020 10:28:34 PM,333 CHAL 2DB8C835
18/08/2020 10:28:34 PM,RESP 33E83610
18/08/2020 10:28:34 PM,230 Auth OK
18/08/2020 10:28:35 PM,TIME
18/08/2020 10:28:35 PM,211 TIME 1597789715
18/08/2020 10:28:36 PM,EVCOUNT 2
18/08/2020 10:28:36 PM,252 Event OK
18/08/2020 10:28:37 PM,TODO
18/08/2020 10:28:37 PM,226 Nothing to do
18/08/2020 10:28:38 PM,EVENT 57037 1597789714 -310121505/1219236262/801/3/0 INPUT 8 1 0 v:123
18/08/2020 10:28:38 PM,252 Event OK
18/08/2020 10:28:39 PM,EVENT 57038 1597789714 -310121505/1219236262/801/3/0 INPUT 7 0 91 v:123
18/08/2020 10:28:39 PM,252 Event OK
18/08/2020 10:28:40 PM,QUIT
18/08/2020 10:28:40 PM,221 Session ended - goodbye
18/08/2020 10:28:50 PM,UNIT 9279
18/08/2020 10:28:50 PM,333 CHAL 2FFC415D
18/08/2020 10:28:51 PM,RESP 8704C813
18/08/2020 10:28:51 PM,230 Auth OK
18/08/2020 10:28:51 PM,TIME
18/08/2020 10:28:51 PM,211 TIME 1597789731
18/08/2020 10:28:52 PM,EVCOUNT 3
18/08/2020 10:28:52 PM,252 Event OK
18/08/2020 10:28:53 PM,TODO
18/08/2020 10:28:53 PM,226 Nothing to do
18/08/2020 10:28:53 PM,EVENT 57039 1597789724 -310121510/1219236267/803/3/0 SIGNON 2528 01b3eefb OK 26 260882 0 v:123
18/08/2020 10:28:53 PM,252 Event OK
18/08/2020 10:28:54 PM,EVENT 57040 1597789730 -310121508/1219236277/809/3/0 INPUT 1 0 106 v:124
18/08/2020 10:28:54 PM,252 Event OK
18/08/2020 10:28:55 PM,EVENT 57041 1597789730 -310121508/1219236277/809/3/0 INPUT 4 1 0 v:124
18/08/2020 10:28:55 PM,252 Event OK
18/08/2020 10:28:56 PM,EVENT 57042 1597789736 -310121152/1219236084/812/3/6 INPUT 3 1 0 v:124
18/08/2020 10:28:56 PM,252 Event OK
18/08/2020 10:28:56 PM,QUIT
18/08/2020 10:28:56 PM,221 Session ended - goodbye
18/08/2020 10:29:12 PM,UNIT 9279
18/08/2020 10:29:12 PM,333 CHAL 6B39BDE
18/08/2020 10:29:12 PM,RESP AE917CD7
18/08/2020 10:29:12 PM,230 Auth OK
18/08/2020 10:29:13 PM,TIME
18/08/2020 10:29:13 PM,211 TIME 1597789753
18/08/2020 10:29:13 PM,EVCOUNT 4
18/08/2020 10:29:13 PM,252 Event OK
18/08/2020 10:29:14 PM,TODO
18/08/2020 10:29:14 PM,226 Nothing to do
18/08/2020 10:29:15 PM,EVENT 57043 1597789752 -310120124/1219231591/818/7/12 INPUT 3 0 17 v:124
18/08/2020 10:29:15 PM,252 Event OK
18/08/2020 10:29:15 PM,EVENT 57044 1597789754 -310120202/1219231524/835/7/6 INPUT 7 1 0 v:124
18/08/2020 10:29:15 PM,252 Event OK
18/08/2020 10:29:16 PM,EVENT 57045 1597789754 -310120202/1219231524/835/7/6 INPUT 8 0 40 v:124
18/08/2020 10:29:16 PM,252 Event OK
18/08/2020 10:29:17 PM,EVENT 57046 1597789754 -310120205/1219231525/839/7/5 INPUT 1 1 0 v:124
18/08/2020 10:29:17 PM,252 Event OK
18/08/2020 10:29:18 PM,EVENT 57047 1597789756 -310120221/1219231528/852/7/0 INPUT 4 0 27 v:123
18/08/2020 10:29:18 PM,252 Event OK
18/08/2020 10:29:19 PM,EVENT 57048 1597789758 -310120232/1219231541/869/7/0 TRIP 57039 17 10 8 6 35 v:123
18/08/2020 10:29:19 PM,252 Event OK
18/08/2020 10:29:19 PM,QUIT
18/08/2020 10:29:19 PM,221 Session ended - goodbye
18/08/2020 10:37:15 PM,UNIT 9279
18/08/2020 10:37:15 PM,333 CHAL 1F74F270
18/08/2020 10:37:16 PM,RESP C981A272
18/08/2020 10:37:16 PM,230 Auth OK
18/08/2020 10:37:17 PM,TIME
18/08/2020 10:37:17 PM,211 TIME 1597790237
18/08/2020 10:37:17 PM,EVCOUNT 2
18/08/2020 10:37:17 PM,252 Event OK
18/08/2020 10:37:18 PM,TODO
18/08/2020 10:37:18 PM,226 Nothing to do
18/08/2020 10:37:18 PM,EVENT 57049 1597790234 -310120310/1219231860/903/3/0 INPUT 8 1 0 v:123
18/08/2020 10:37:18 PM,252 Event OK
18/08/2020 10:37:19 PM,EVENT 57050 1597790235 -310120310/1219231860/903/3/0 INPUT 7 0 481 v:123
18/08/2020 10:37:19 PM,252 Event OK
18/08/2020 10:37:20 PM,QUIT
18/08/2020 10:37:20 PM,221 Session ended - goodbye
18/08/2020 10:37:30 PM,UNIT 9279
18/08/2020 10:37:30 PM,333 CHAL 22FA73C6
18/08/2020 10:37:30 PM,RESP 6201EE9D
18/08/2020 10:37:30 PM,230 Auth OK
18/08/2020 10:37:31 PM,TIME
18/08/2020 10:37:31 PM,211 TIME 1597790251
18/08/2020 10:37:31 PM,EVCOUNT 3
18/08/2020 10:37:31 PM,252 Event OK
18/08/2020 10:37:32 PM,TODO
18/08/2020 10:37:32 PM,226 Nothing to do
18/08/2020 10:37:33 PM,EVENT 57051 1597790245 -310120377/1219231833/866/2/0 SIGNON 2528 01b3eefb OK 26 260882 0 v:123
18/08/2020 10:37:33 PM,252 Event OK
18/08/2020 10:37:34 PM,EVENT 57052 1597790251 -310120406/1219231805/846/2/0 INPUT 4 1 0 v:124
18/08/2020 10:37:34 PM,252 Event OK
18/08/2020 10:37:34 PM,EVENT 57053 1597790251 -310120406/1219231805/846/2/0 INPUT 1 0 496 v:124
18/08/2020 10:37:34 PM,252 Event OK
18/08/2020 10:37:35 PM,EVENT 57054 1597790257 -310120688/1219231390/863/2/7 INPUT 3 1 0 v:123
18/08/2020 10:37:35 PM,252 Event OK
18/08/2020 10:37:36 PM,QUIT
18/08/2020 10:37:36 PM,221 Session ended - goodbye
19/08/2020 9:13:45 AM,UNIT 9279
19/08/2020 9:13:45 AM,333 CHAL 58EE74F3
19/08/2020 9:13:46 AM,RESP 28F8612E
19/08/2020 9:13:46 AM,230 Auth OK
19/08/2020 9:13:46 AM,TIME
19/08/2020 9:13:46 AM,211 TIME 1597828426
19/08/2020 9:13:46 AM,EVCOUNT 262
19/08/2020 9:13:46 AM,252 Event OK
19/08/2020 9:13:47 AM,TODO
19/08/2020 9:13:47 AM,226 Nothing to do
19/08/2020 9:13:47 AM,EVENT 57055 1597790585 0/0/0/0/21 REPORT 57051 0 0 v:124
19/08/2020 9:13:47 AM,252 Event OK
19/08/2020 9:13:51 AM,EVENT 57056 1597790801 0/0/0/0/10 INPUT 3 0 545 v:124
19/08/2020 9:13:51 AM,252 Event OK
19/08/2020 9:13:53 AM,EVENT 57057 1597790802 0/0/0/0/8 INPUT 3 1 0 v:124
19/08/2020 9:13:53 AM,252 Event OK
19/08/2020 9:13:53 AM,EVENT 57058 1597790805 0/0/0/0/10 INPUT 3 0 3 v:124
19/08/2020 9:13:53 AM,252 Event OK
19/08/2020 9:13:53 AM,EVENT 57059 1597790828 0/0/0/0/0 INPUT 4 0 578 v:124
19/08/2020 9:13:53 AM,252 Event OK
19/08/2020 9:13:54 AM,EVENT 57060 1597790828 0/0/0/0/0 INPUT 4 1 0 v:124
19/08/2020 9:13:54 AM,252 Event OK
19/08/2020 9:13:54 AM,EVENT 57061 1597790844 0/0/0/0/0 INPUT 4 0 16 v:124
19/08/2020 9:13:54 AM,252 Event OK
19/08/2020 9:13:54 AM,EVENT 57062 1597790844 0/0/0/0/0 INPUT 4 1 0 v:124
19/08/2020 9:13:54 AM,252 Event OK
19/08/2020 9:13:54 AM,EVENT 57063 1597790847 0/0/0/0/0 INPUT 4 0 3 v:123
19/08/2020 9:13:54 AM,252 Event OK
19/08/2020 9:13:55 AM,EVENT 57064 1597790848 0/0/0/0/0 INPUT 4 1 0 v:123
19/08/2020 9:13:55 AM,252 Event OK
19/08/2020 9:13:55 AM,EVENT 57065 1597790850 0/0/0/0/0 INPUT 4 0 3 v:123
19/08/2020 9:13:55 AM,252 Event OK
19/08/2020 9:13:55 AM,EVENT 57066 1597790851 0/0/0/0/0 INPUT 4 1 0 v:123
19/08/2020 9:13:55 AM,252 Event OK
19/08/2020 9:13:56 AM,EVENT 57067 1597790853 0/0/0/0/0 INPUT 4 0 3 v:123
19/08/2020 9:13:56 AM,252 Event OK
19/08/2020 9:13:56 AM,EVENT 57068 1597790854 0/0/0/0/0 INPUT 4 1 0 v:123
19/08/2020 9:13:56 AM,252 Event OK
19/08/2020 9:13:56 AM,EVENT 57069 1597790860 0/0/0/0/0 INPUT 4 0 7 v:124
19/08/2020 9:13:56 AM,252 Event OK
19/08/2020 9:13:56 AM,EVENT 57070 1597790860 0/0/0/0/0 INPUT 4 1 0 v:124
19/08/2020 9:13:56 AM,252 Event OK
19/08/2020 9:13:57 AM,EVENT 57071 1597790865 0/0/0/0/3 INPUT 4 0 5 v:123
19/08/2020 9:13:57 AM,252 Event OK
19/08/2020 9:13:57 AM,EVENT 57072 1597790865 0/0/0/0/3 INPUT 4 1 0 v:123
19/08/2020 9:13:57 AM,252 Event OK
19/08/2020 9:13:57 AM,EVENT 57073 1597790874 0/0/0/0/0 INPUT 4 0 9 v:124
19/08/2020 9:13:57 AM,252 Event OK
19/08/2020 9:13:57 AM,EVENT 57074 1597790874 0/0/0/0/0 INPUT 4 1 0 v:124
19/08/2020 9:13:57 AM,252 Event OK
19/08/2020 9:13:58 AM,EVENT 57075 1597790876 0/0/0/0/4 INPUT 3 1 0 v:124
19/08/2020 9:13:58 AM,252 Event OK
19/08/2020 9:13:58 AM,EVENT 57076 1597791194 0/0/0/0/10 INPUT 3 0 317 v:124
19/08/2020 9:13:58 AM,252 Event OK
19/08/2020 9:13:58 AM,EVENT 57077 1597791254 0/0/0/0/8 INPUT 3 1 0 v:124
19/08/2020 9:13:58 AM,252 Event OK
19/08/2020 9:13:59 AM,EVENT 57078 1597791497 0/0/0/0/16 INPUT 3 0 242 v:124
19/08/2020 9:13:59 AM,252 Event OK
19/08/2020 9:13:59 AM,EVENT 57079 1597791505 0/0/0/0/3 INPUT 3 1 0 v:124
19/08/2020 9:13:59 AM,252 Event OK
19/08/2020 9:13:59 AM,EVENT 57080 1597791869 0/0/0/0/12 INPUT 3 0 365 v:124
19/08/2020 9:13:59 AM,252 Event OK
19/08/2020 9:14:00 AM,EVENT 57081 1597791908 0/0/0/0/7 INPUT 3 1 0 v:124
19/08/2020 9:14:00 AM,252 Event OK
19/08/2020 9:14:00 AM,EVENT 57082 1597791946 0/0/0/0/9 INPUT 3 0 39 v:124
19/08/2020 9:14:00 AM,252 Event OK
19/08/2020 9:14:00 AM,EVENT 57083 1597791960 0/0/0/0/6 INPUT 3 1 0 v:124
19/08/2020 9:14:00 AM,252 Event OK
19/08/2020 9:14:01 AM,EVENT 57084 1597791981 0/0/0/0/10 INPUT 3 0 21 v:124
19/08/2020 9:14:01 AM,252 Event OK
19/08/2020 9:14:02 AM,EVENT 57085 1597791990 0/0/0/0/0 INPUT 4 0 1116 v:124
19/08/2020 9:14:02 AM,252 Event OK
19/08/2020 9:14:02 AM,EVENT 57086 1597791990 0/0/0/0/0 INPUT 4 1 0 v:124
19/08/2020 9:14:02 AM,252 Event OK
19/08/2020 9:14:02 AM,EVENT 57087 1597791992 0/0/0/0/5 INPUT 3 1 0 v:124
19/08/2020 9:14:02 AM,252 Event OK
19/08/2020 9:14:03 AM,EVENT 57088 1597791999 0/0/0/0/11 INPUT 3 0 7 v:124
19/08/2020 9:14:03 AM,252 Event OK
19/08/2020 9:14:03 AM,EVENT 57089 1597792025 0/0/0/0/0 INPUT 4 0 35 v:124
19/08/2020 9:14:03 AM,252 Event OK
19/08/2020 9:14:03 AM,EVENT 57090 1597792025 0/0/0/0/0 INPUT 4 1 0 v:124
19/08/2020 9:14:03 AM,252 Event OK
19/08/2020 9:14:04 AM,EVENT 57091 1597792042 0/0/0/0/0 INPUT 4 0 17 v:124
19/08/2020 9:14:04 AM,252 Event OK
19/08/2020 9:14:06 AM,EVENT 57092 1597792042 0/0/0/0/0 INPUT 4 1 0 v:124
19/08/2020 9:14:06 AM,252 Event OK
19/08/2020 9:14:06 AM,EVENT 57093 1597792053 0/0/0/0/1 INPUT 4 0 11 v:124
19/08/2020 9:14:06 AM,252 Event OK
19/08/2020 9:14:07 AM,EVENT 57094 1597792053 0/0/0/0/1 INPUT 4 1 0 v:124
19/08/2020 9:14:07 AM,252 Event OK
19/08/2020 9:14:07 AM,EVENT 57095 1597792056 0/0/0/0/0 INPUT 4 0 3 v:123
19/08/2020 9:14:07 AM,252 Event OK
19/08/2020 9:14:07 AM,EVENT 57096 1597792057 0/0/0/0/0 INPUT 4 1 0 v:123
19/08/2020 9:14:07 AM,252 Event OK
19/08/2020 9:14:08 AM,EVENT 57097 1597792059 0/0/0/0/0 INPUT 4 0 3 v:124
19/08/2020 9:14:08 AM,252 Event OK
19/08/2020 9:14:09 AM,EVENT 57098 1597792059 0/0/0/0/0 INPUT 4 1 0 v:124
19/08/2020 9:14:09 AM,252 Event OK
19/08/2020 9:14:14 AM,EVENT 57099 1597792064 0/0/0/0/3 INPUT 4 0 5 v:124
19/08/2020 9:14:14 AM,252 Event OK
19/08/2020 9:14:20 AM,EVENT 57100 1597792064 0/0/0/0/3 INPUT 4 1 0 v:124
19/08/2020 9:14:20 AM,252 Event OK
19/08/2020 9:14:21 AM,EVENT 57101 1597792069 0/0/0/0/1 INPUT 4 0 5 v:124
19/08/2020 9:14:21 AM,252 Event OK
19/08/2020 9:14:24 AM,EVENT 57102 1597792069 0/0/0/0/1 INPUT 4 1 0 v:124
19/08/2020 9:14:24 AM,252 Event OK
19/08/2020 9:14:25 AM,EVENT 57103 1597792073 0/0/0/0/0 INPUT 4 0 4 v:124
19/08/2020 9:14:25 AM,252 Event OK
19/08/2020 9:14:25 AM,EVENT 57104 1597792073 0/0/0/0/0 INPUT 4 1 0 v:124
19/08/2020 9:14:25 AM,252 Event OK
19/08/2020 9:14:26 AM,EVENT 57105 1597792081 0/0/0/0/0 INPUT 4 0 8 v:124
19/08/2020 9:14:26 AM,252 Event OK
19/08/2020 9:14:26 AM,EVENT 57106 1597792082 0/0/0/0/0 INPUT 4 1 0 v:124
19/08/2020 9:14:26 AM,252 Event OK
19/08/2020 9:14:26 AM,EVENT 57107 1597792084 0/0/0/0/0 INPUT 4 0 3 v:123
19/08/2020 9:14:26 AM,252 Event OK
19/08/2020 9:14:27 AM,EVENT 57108 1597792085 0/0/0/0/0 INPUT 4 1 0 v:123
19/08/2020 9:14:27 AM,252 Event OK
19/08/2020 9:14:27 AM,EVENT 57109 1597792095 0/0/0/0/0 INPUT 4 0 11 v:124
19/08/2020 9:14:27 AM,252 Event OK
19/08/2020 9:14:28 AM,EVENT 57110 1597792095 0/0/0/0/0 INPUT 4 1 0 v:124
19/08/2020 9:14:28 AM,252 Event OK
19/08/2020 9:14:29 AM,EVENT 57111 1597792098 0/0/0/0/0 INPUT 4 0 3 v:124
19/08/2020 9:14:29 AM,252 Event OK
19/08/2020 9:14:29 AM,EVENT 57112 1597792098 0/0/0/0/0 INPUT 4 1 0 v:124
19/08/2020 9:14:29 AM,252 Event OK
19/08/2020 9:14:30 AM,EVENT 57113 1597792109 0/0/0/0/0 INPUT 4 0 11 v:124
19/08/2020 9:14:30 AM,252 Event OK
19/08/2020 9:14:30 AM,EVENT 57114 1597792109 0/0/0/0/0 INPUT 4 1 0 v:124
19/08/2020 9:14:30 AM,252 Event OK
19/08/2020 9:14:31 AM,EVENT 57115 1597792112 0/0/0/0/0 INPUT 4 0 3 v:123
19/08/2020 9:14:31 AM,252 Event OK
19/08/2020 9:14:31 AM,EVENT 57116 1597792112 0/0/0/0/0 INPUT 4 1 0 v:124
19/08/2020 9:14:31 AM,252 Event OK
19/08/2020 9:14:37 AM,EVENT 57117 1597792125 0/0/0/0/0 INPUT 4 0 13 v:124
19/08/2020 9:14:37 AM,252 Event OK
19/08/2020 9:14:38 AM,EVENT 57118 1597792125 0/0/0/0/0 INPUT 4 1 0 v:124
19/08/2020 9:14:38 AM,252 Event OK
19/08/2020 9:14:38 AM,EVENT 57119 1597792128 0/0/0/0/0 INPUT 4 0 3 v:124
19/08/2020 9:14:38 AM,252 Event OK
19/08/2020 9:14:38 AM,EVENT 57120 1597792128 0/0/0/0/0 INPUT 4 1 0 v:124
19/08/2020 9:14:38 AM,252 Event OK
19/08/2020 9:14:39 AM,EVENT 57121 1597792131 0/0/0/0/0 INPUT 4 0 3 v:124
19/08/2020 9:14:39 AM,252 Event OK
19/08/2020 9:14:39 AM,EVENT 57122 1597792131 0/0/0/0/0 INPUT 4 1 0 v:124
19/08/2020 9:14:39 AM,252 Event OK
19/08/2020 9:14:40 AM,EVENT 57123 1597792134 0/0/0/0/0 INPUT 4 0 3 v:124
19/08/2020 9:14:40 AM,252 Event OK
19/08/2020 9:14:40 AM,EVENT 57124 1597792135 0/0/0/0/0 INPUT 4 1 0 v:124
19/08/2020 9:14:40 AM,252 Event OK
19/08/2020 9:14:40 AM,EVENT 57125 1597792137 0/0/0/0/0 INPUT 4 0 3 v:124
19/08/2020 9:14:40 AM,252 Event OK
19/08/2020 9:14:41 AM,EVENT 57126 1597792138 0/0/0/0/0 INPUT 4 1 0 v:124
19/08/2020 9:14:41 AM,252 Event OK
19/08/2020 9:14:42 AM,EVENT 57127 1597792143 0/0/0/0/0 INPUT 4 0 6 v:124
19/08/2020 9:14:42 AM,252 Event OK
19/08/2020 9:14:44 AM,EVENT 57128 1597792143 0/0/0/0/0 INPUT 4 1 0 v:124
19/08/2020 9:14:44 AM,252 Event OK
19/08/2020 9:14:44 AM,EVENT 57129 1597792146 0/0/0/0/0 INPUT 4 0 3 v:124
19/08/2020 9:14:44 AM,252 Event OK
19/08/2020 9:14:45 AM,EVENT 57130 1597792147 0/0/0/0/0 INPUT 4 1 0 v:124
19/08/2020 9:14:45 AM,252 Event OK
19/08/2020 9:14:45 AM,EVENT 57131 1597792149 0/0/0/0/0 INPUT 4 0 3 v:123
19/08/2020 9:14:45 AM,252 Event OK
19/08/2020 9:14:47 AM,EVENT 57132 1597792149 0/0/0/0/0 INPUT 4 1 0 v:123
19/08/2020 9:14:47 AM,252 Event OK
19/08/2020 9:14:50 AM,EVENT 57133 1597792153 0/0/0/0/0 INPUT 4 0 4 v:124
19/08/2020 9:14:50 AM,252 Event OK
19/08/2020 9:14:50 AM,EVENT 57134 1597792153 0/0/0/0/0 INPUT 4 1 0 v:124
19/08/2020 9:14:50 AM,252 Event OK
19/08/2020 9:14:51 AM,EVENT 57135 1597792167 0/0/0/0/0 INPUT 4 0 14 v:124
19/08/2020 9:14:51 AM,252 Event OK
19/08/2020 9:14:51 AM,EVENT 57136 1597792167 0/0/0/0/0 INPUT 4 1 0 v:124
19/08/2020 9:14:51 AM,252 Event OK
19/08/2020 9:14:52 AM,EVENT 57137 1597792170 0/0/0/0/0 INPUT 4 0 3 v:123
19/08/2020 9:14:52 AM,252 Event OK
19/08/2020 9:14:52 AM,EVENT 57138 1597792170 0/0/0/0/0 INPUT 4 1 0 v:123
19/08/2020 9:14:52 AM,252 Event OK
19/08/2020 9:14:54 AM,EVENT 57139 1597792177 0/0/0/0/0 INPUT 4 0 7 v:124
19/08/2020 9:14:54 AM,252 Event OK
19/08/2020 9:15:19 AM,UNIT 9279
19/08/2020 9:15:19 AM,333 CHAL 4ABA1498
19/08/2020 9:15:20 AM,RESP D23DD490
19/08/2020 9:15:20 AM,230 Auth OK
19/08/2020 9:15:21 AM,TIME
19/08/2020 9:15:21 AM,211 TIME 1597828521
19/08/2020 9:15:21 AM,EVCOUNT 188
19/08/2020 9:15:21 AM,252 Event OK
19/08/2020 9:15:21 AM,TODO
19/08/2020 9:15:21 AM,226 Nothing to do
19/08/2020 9:15:21 AM,EVENT 57139 1597792177 0/0/0/0/0 INPUT 4 0 7 v:124
19/08/2020 9:15:21 AM,253 Event OK - Duplicate
19/08/2020 9:15:21 AM,EVENT 57140 1597792177 0/0/0/0/0 INPUT 4 1 0 v:124
19/08/2020 9:15:21 AM,252 Event OK
19/08/2020 9:15:22 AM,EVENT 57141 1597792192 0/0/0/0/0 INPUT 4 0 15 v:124
19/08/2020 9:15:22 AM,252 Event OK
19/08/2020 9:15:22 AM,EVENT 57142 1597792193 0/0/0/0/0 INPUT 4 1 0 v:124
19/08/2020 9:15:22 AM,252 Event OK
19/08/2020 9:15:22 AM,EVENT 57143 1597792195 0/0/0/0/0 INPUT 4 0 3 v:123
19/08/2020 9:15:22 AM,252 Event OK
19/08/2020 9:15:23 AM,EVENT 57144 1597792196 0/0/0/0/0 INPUT 4 1 0 v:123
19/08/2020 9:15:23 AM,252 Event OK
19/08/2020 9:15:23 AM,EVENT 57145 1597792199 0/0/0/0/2 INPUT 4 0 4 v:123
19/08/2020 9:15:23 AM,252 Event OK
19/08/2020 9:15:24 AM,EVENT 57146 1597792199 0/0/0/0/2 INPUT 4 1 0 v:124
19/08/2020 9:15:24 AM,252 Event OK
19/08/2020 9:15:24 AM,EVENT 57147 1597792208 0/0/0/0/4 INPUT 3 1 0 v:124
19/08/2020 9:15:24 AM,252 Event OK
19/08/2020 9:15:25 AM,EVENT 57148 1597792209 0/0/0/0/10 INPUT 3 0 2 v:124
19/08/2020 9:15:25 AM,252 Event OK
19/08/2020 9:15:25 AM,EVENT 57149 1597792210 0/0/0/0/9 INPUT 3 1 0 v:124
19/08/2020 9:15:25 AM,252 Event OK
19/08/2020 9:15:25 AM,EVENT 57150 1597792274 0/0/0/0/11 INPUT 3 0 64 v:124
19/08/2020 9:15:25 AM,252 Event OK
19/08/2020 9:15:26 AM,EVENT 57151 1597792282 0/0/0/0/3 INPUT 3 1 0 v:124
19/08/2020 9:15:26 AM,252 Event OK
19/08/2020 9:15:26 AM,EVENT 57152 1597792292 0/0/0/0/9 INPUT 3 0 10 v:124
19/08/2020 9:15:26 AM,252 Event OK
19/08/2020 9:15:26 AM,EVENT 57153 1597792332 0/0/0/0/5 INPUT 3 1 0 v:124
19/08/2020 9:15:26 AM,252 Event OK
19/08/2020 9:15:27 AM,EVENT 57154 1597792415 0/0/0/0/23 REPORT 57051 0 0 v:124
19/08/2020 9:15:27 AM,252 Event OK
19/08/2020 9:15:29 AM,EVENT 57155 1597792527 0/0/0/0/13 INPUT 3 0 195 v:124
19/08/2020 9:15:29 AM,252 Event OK
19/08/2020 9:15:29 AM,EVENT 57156 1597792562 0/0/0/0/0 INPUT 4 0 363 v:124
19/08/2020 9:15:29 AM,252 Event OK
19/08/2020 9:15:31 AM,EVENT 57157 1597792562 0/0/0/0/0 INPUT 4 1 0 v:124
19/08/2020 9:15:31 AM,252 Event OK
19/08/2020 9:15:32 AM,EVENT 57158 1597792570 0/0/0/0/0 INPUT 4 0 8 v:124
19/08/2020 9:15:32 AM,252 Event OK
19/08/2020 9:15:38 AM,EVENT 57159 1597792571 0/0/0/0/0 INPUT 4 1 0 v:124
19/08/2020 9:15:38 AM,252 Event OK
19/08/2020 9:15:40 AM,EVENT 57160 1597792576 0/0/0/0/6 INPUT 3 1 0 v:124
19/08/2020 9:15:40 AM,252 Event OK
19/08/2020 9:15:41 AM,EVENT 57161 1597792810 0/0/0/0/12 INPUT 3 0 233 v:124
19/08/2020 9:15:41 AM,252 Event OK
19/08/2020 9:15:41 AM,EVENT 57162 1597792814 0/0/0/0/0 INPUT 4 0 244 v:124
19/08/2020 9:15:41 AM,252 Event OK
19/08/2020 9:15:41 AM,EVENT 57163 1597792814 0/0/0/0/0 INPUT 4 1 0 v:124
19/08/2020 9:15:41 AM,252 Event OK
19/08/2020 9:15:41 AM,EVENT 57164 1597792824 0/0/0/0/0 INPUT 7 1 0 v:124
19/08/2020 9:15:41 AM,252 Event OK
19/08/2020 9:15:41 AM,EVENT 57165 1597792824 0/0/0/0/0 INPUT 8 0 2589 v:124
19/08/2020 9:15:41 AM,252 Event OK
19/08/2020 9:15:42 AM,EVENT 57166 1597792824 0/0/0/0/0 INPUT 4 0 10 v:124
19/08/2020 9:15:42 AM,252 Event OK
19/08/2020 9:15:42 AM,EVENT 57167 1597792824 0/0/0/0/0 INPUT 4 1 0 v:124
19/08/2020 9:15:42 AM,252 Event OK
19/08/2020 9:15:42 AM,EVENT 57168 1597792825 0/0/0/0/0 INPUT 1 1 0 v:124
19/08/2020 9:15:42 AM,252 Event OK
19/08/2020 9:15:42 AM,EVENT 57169 1597792828 0/0/0/0/0 TRIP 57051 2043 535 6 6 2584 v:124
19/08/2020 9:15:42 AM,252 Event OK
19/08/2020 9:15:43 AM,EVENT 57170 1597792829 0/0/0/0/0 INPUT 4 0 4 v:124
19/08/2020 9:15:43 AM,252 Event OK
19/08/2020 9:15:43 AM,EVENT 57171 1597825808 0/0/0/0/0 SWSTART OpusFC 5.0.58.518 R v:124
19/08/2020 9:15:43 AM,252 Event OK
19/08/2020 9:15:43 AM,EVENT 57172 1597792828 0/0/0/0/0 POWERDOWN v:124
19/08/2020 9:15:43 AM,252 Event OK
19/08/2020 9:15:44 AM,EVENT 57173 1597825808 0/0/0/0/0 INPUT 1 1 0 v:123
19/08/2020 9:15:44 AM,252 Event OK
19/08/2020 9:15:44 AM,EVENT 57174 1597825808 0/0/0/0/0 INPUT 2 0 0 v:124
19/08/2020 9:15:44 AM,252 Event OK
19/08/2020 9:15:44 AM,EVENT 57175 1597825808 0/0/0/0/0 INPUT 3 0 0 v:123
19/08/2020 9:15:44 AM,252 Event OK
19/08/2020 9:15:44 AM,EVENT 57176 1597825808 0/0/0/0/0 INPUT 4 0 0 v:123
19/08/2020 9:15:44 AM,252 Event OK
19/08/2020 9:15:45 AM,EVENT 57177 1597825808 0/0/0/0/0 INPUT 7 0 0 v:124
19/08/2020 9:15:45 AM,252 Event OK
19/08/2020 9:15:45 AM,EVENT 57178 1597825808 0/0/0/0/0 INPUT 8 1 0 v:124
19/08/2020 9:15:45 AM,252 Event OK
19/08/2020 9:15:45 AM,EVENT 57179 1597825810 0/0/0/0/0 ZONE_OK 2 100 FW=NO VERSION v:124
19/08/2020 9:15:45 AM,252 Event OK
19/08/2020 9:15:45 AM,EVENT 57180 1597825820 0/0/0/0/0 SIGNON 2497 039ff32f OK 26 300668 0 v:124
19/08/2020 9:15:45 AM,252 Event OK
19/08/2020 9:15:45 AM,EVENT 57181 1597825831 0/0/0/99/0 INPUT 1 0 22 v:124
19/08/2020 9:15:45 AM,252 Event OK
19/08/2020 9:15:46 AM,EVENT 57182 1597825831 0/0/0/99/0 INPUT 4 1 0 v:124
19/08/2020 9:15:46 AM,252 Event OK
19/08/2020 9:15:46 AM,EVENT 57183 1597825855 0/0/0/0/0 INPUT 4 0 25 v:124
19/08/2020 9:15:46 AM,252 Event OK
19/08/2020 9:15:46 AM,EVENT 57184 1597825856 0/0/0/0/0 INPUT 4 1 0 v:124
19/08/2020 9:15:46 AM,252 Event OK
19/08/2020 9:15:46 AM,EVENT 57185 1597825860 0/0/0/0/0 INPUT 4 0 5 v:124
19/08/2020 9:15:46 AM,252 Event OK
19/08/2020 9:15:46 AM,EVENT 57186 1597825860 0/0/0/0/0 INPUT 4 1 0 v:124
19/08/2020 9:15:46 AM,252 Event OK
19/08/2020 9:15:47 AM,EVENT 57187 1597825877 0/0/0/0/3 INPUT 4 0 17 v:124
19/08/2020 9:15:47 AM,252 Event OK
19/08/2020 9:15:47 AM,EVENT 57188 1597825877 0/0/0/0/3 INPUT 4 1 0 v:124
19/08/2020 9:15:47 AM,252 Event OK
19/08/2020 9:15:47 AM,EVENT 57189 1597825884 0/0/0/0/0 INPUT 4 0 7 v:124
19/08/2020 9:15:47 AM,252 Event OK
19/08/2020 9:15:47 AM,EVENT 57190 1597825884 0/0/0/0/0 INPUT 4 1 0 v:124
19/08/2020 9:15:47 AM,252 Event OK
19/08/2020 9:15:48 AM,EVENT 57191 1597825898 0/0/0/0/8 INPUT 3 1 0 v:124
19/08/2020 9:15:48 AM,252 Event OK
19/08/2020 9:15:48 AM,EVENT 57192 1597826133 0/0/0/0/9 INPUT 3 0 236 v:124
19/08/2020 9:15:48 AM,252 Event OK
19/08/2020 9:15:48 AM,EVENT 57193 1597826300 0/0/0/0/7 INPUT 3 1 0 v:124
19/08/2020 9:15:48 AM,252 Event OK
19/08/2020 9:15:48 AM,EVENT 57194 1597826309 0/0/0/0/9 INPUT 3 0 9 v:124
19/08/2020 9:15:48 AM,252 Event OK
19/08/2020 9:15:48 AM,EVENT 57195 1597826337 0/0/0/0/0 INPUT 4 0 453 v:124
19/08/2020 9:15:48 AM,252 Event OK
19/08/2020 9:15:49 AM,EVENT 57196 1597826337 0/0/0/0/0 INPUT 4 1 0 v:124
19/08/2020 9:15:49 AM,252 Event OK
19/08/2020 9:15:49 AM,EVENT 57197 1597826423 0/0/0/0/0 INPUT 4 0 86 v:124
19/08/2020 9:15:49 AM,252 Event OK
19/08/2020 9:15:49 AM,EVENT 57198 1597826423 0/0/0/0/0 INPUT 4 1 0 v:124
19/08/2020 9:15:49 AM,252 Event OK
19/08/2020 9:15:49 AM,EVENT 57199 1597826427 0/0/0/0/7 INPUT 3 1 0 v:124
19/08/2020 9:15:49 AM,252 Event OK
19/08/2020 9:15:50 AM,EVENT 57200 1597826429 0/0/0/0/11 INPUT 3 0 2 v:124
19/08/2020 9:15:50 AM,252 Event OK
19/08/2020 9:15:50 AM,EVENT 57201 1597826431 0/0/0/0/6 INPUT 3 1 0 v:124
19/08/2020 9:15:50 AM,252 Event OK
19/08/2020 9:15:50 AM,EVENT 57202 1597826660 0/0/0/0/10 INPUT 3 0 229 v:124
19/08/2020 9:15:50 AM,252 Event OK
19/08/2020 9:15:50 AM,EVENT 57203 1597826661 0/0/0/0/8 INPUT 3 1 0 v:124
19/08/2020 9:15:50 AM,252 Event OK
19/08/2020 9:15:51 AM,EVENT 57204 1597826757 0/0/0/0/10 INPUT 3 0 97 v:124
19/08/2020 9:15:51 AM,252 Event OK
19/08/2020 9:15:51 AM,EVENT 57205 1597826771 0/0/0/0/1 INPUT 4 0 348 v:124
19/08/2020 9:15:51 AM,252 Event OK
19/08/2020 9:15:52 AM,EVENT 57206 1597826771 0/0/0/0/1 INPUT 4 1 0 v:124
19/08/2020 9:15:52 AM,252 Event OK
19/08/2020 9:15:52 AM,EVENT 57207 1597826772 0/0/0/0/2 INPUT 3 1 0 v:124
19/08/2020 9:15:52 AM,252 Event OK
19/08/2020 9:15:53 AM,EVENT 57208 1597826779 0/0/0/0/10 INPUT 3 0 8 v:124
19/08/2020 9:15:53 AM,252 Event OK
19/08/2020 9:15:53 AM,EVENT 57209 1597826788 0/0/0/0/0 INPUT 4 0 17 v:124
19/08/2020 9:15:53 AM,252 Event OK
19/08/2020 9:15:53 AM,EVENT 57210 1597826789 0/0/0/0/0 INPUT 4 1 0 v:124
19/08/2020 9:15:53 AM,252 Event OK
19/08/2020 9:15:53 AM,EVENT 57211 1597826799 0/0/0/0/2 INPUT 4 0 11 v:124
19/08/2020 9:15:53 AM,252 Event OK
19/08/2020 9:15:53 AM,EVENT 57212 1597826799 0/0/0/0/2 INPUT 4 1 0 v:124
19/08/2020 9:15:53 AM,252 Event OK
19/08/2020 9:15:54 AM,EVENT 57213 1597826803 0/0/0/0/0 INPUT 4 0 4 v:124
19/08/2020 9:15:54 AM,252 Event OK
19/08/2020 9:15:54 AM,EVENT 57214 1597826803 0/0/0/0/0 INPUT 4 1 0 v:124
19/08/2020 9:15:54 AM,252 Event OK
19/08/2020 9:15:54 AM,EVENT 57215 1597826816 0/0/0/0/0 INPUT 4 0 13 v:124
19/08/2020 9:15:54 AM,252 Event OK
19/08/2020 9:15:54 AM,EVENT 57216 1597826817 0/0/0/0/0 INPUT 4 1 0 v:124
19/08/2020 9:15:54 AM,252 Event OK
19/08/2020 9:15:55 AM,EVENT 57217 1597826823 0/0/0/0/0 INPUT 4 0 7 v:124
19/08/2020 9:15:55 AM,252 Event OK
19/08/2020 9:15:55 AM,EVENT 57218 1597826823 0/0/0/0/0 INPUT 4 1 0 v:124
19/08/2020 9:15:55 AM,252 Event OK
19/08/2020 9:15:55 AM,EVENT 57219 1597826829 0/0/0/99/2 INPUT 4 0 6 v:124
19/08/2020 9:15:55 AM,252 Event OK
19/08/2020 9:15:55 AM,EVENT 57220 1597826829 0/0/0/99/2 INPUT 4 1 0 v:124
19/08/2020 9:15:55 AM,252 Event OK
19/08/2020 9:15:56 AM,EVENT 57221 1597826832 0/0/0/99/0 INPUT 4 0 3 v:124
19/08/2020 9:15:56 AM,252 Event OK
19/08/2020 9:16:34 AM,EVENT 57222 1597826832 0/0/0/99/0 INPUT 4 1 0 v:124
19/08/2020 9:16:34 AM,252 Event OK
19/08/2020 9:16:37 AM,UNIT 9279
19/08/2020 9:16:37 AM,333 CHAL 35C9299D
19/08/2020 9:16:40 AM,RESP 7FC8DE04
19/08/2020 9:16:40 AM,230 Auth OK
19/08/2020 9:16:40 AM,TIME
19/08/2020 9:16:40 AM,211 TIME 1597828600
19/08/2020 9:16:40 AM,EVCOUNT 106
19/08/2020 9:16:40 AM,252 Event OK
19/08/2020 9:16:40 AM,TODO
19/08/2020 9:16:40 AM,226 Nothing to do
19/08/2020 9:16:41 AM,EVENT 57222 1597826832 0/0/0/99/0 INPUT 4 1 0 v:124
19/08/2020 9:16:41 AM,253 Event OK - Duplicate
19/08/2020 9:16:41 AM,EVENT 57223 1597826835 0/0/0/0/0 INPUT 4 0 3 v:124
19/08/2020 9:16:41 AM,252 Event OK
19/08/2020 9:16:41 AM,EVENT 57224 1597826835 0/0/0/0/0 INPUT 4 1 0 v:124
19/08/2020 9:16:41 AM,252 Event OK
19/08/2020 9:16:41 AM,EVENT 57225 1597826840 0/0/0/0/5 INPUT 3 1 0 v:124
19/08/2020 9:16:41 AM,252 Event OK
19/08/2020 9:16:42 AM,EVENT 57226 1597826878 0/0/0/0/10 INPUT 3 0 38 v:124
19/08/2020 9:16:42 AM,252 Event OK
19/08/2020 9:16:48 AM,EVENT 57227 1597826883 0/0/0/0/0 INPUT 4 0 48 v:124
19/08/2020 9:16:48 AM,252 Event OK
19/08/2020 9:16:48 AM,EVENT 57228 1597826883 0/0/0/0/0 INPUT 4 1 0 v:124
19/08/2020 9:16:48 AM,252 Event OK
19/08/2020 9:17:08 AM,EVENT 57229 1597826892 0/0/0/0/1 INPUT 4 0 9 v:124
19/08/2020 9:17:08 AM,252 Event OK
19/08/2020 9:17:08 AM,EVENT 57230 1597826892 0/0/0/0/1 INPUT 4 1 0 v:124
19/08/2020 9:17:08 AM,252 Event OK
19/08/2020 9:17:09 AM,EVENT 57231 1597826903 0/0/0/0/0 INPUT 4 0 11 v:124
19/08/2020 9:17:09 AM,252 Event OK
19/08/2020 9:17:09 AM,EVENT 57232 1597826904 0/0/0/0/0 INPUT 4 1 0 v:124
19/08/2020 9:17:09 AM,252 Event OK
19/08/2020 9:17:09 AM,EVENT 57233 1597826906 0/0/0/0/0 INPUT 4 0 3 v:124
19/08/2020 9:17:09 AM,252 Event OK
19/08/2020 9:17:09 AM,EVENT 57234 1597826907 0/0/0/0/0 INPUT 4 1 0 v:124
19/08/2020 9:17:09 AM,252 Event OK
19/08/2020 9:17:10 AM,EVENT 57235 1597826918 0/0/0/0/5 INPUT 3 1 0 v:124
19/08/2020 9:17:10 AM,252 Event OK
19/08/2020 9:17:10 AM,EVENT 57236 1597826950 0/0/0/0/11 INPUT 3 0 32 v:124
19/08/2020 9:17:10 AM,252 Event OK
19/08/2020 9:17:11 AM,EVENT 57237 1597826960 0/0/0/0/6 INPUT 3 1 0 v:124
19/08/2020 9:17:11 AM,252 Event OK
19/08/2020 9:17:11 AM,EVENT 57238 1597826969 0/0/0/0/9 INPUT 3 0 9 v:124
19/08/2020 9:17:11 AM,252 Event OK
19/08/2020 9:17:11 AM,EVENT 57239 1597826970 0/0/0/0/8 INPUT 3 1 0 v:124
19/08/2020 9:17:11 AM,252 Event OK
19/08/2020 9:17:11 AM,EVENT 57240 1597826970 0/0/0/0/9 INPUT 3 0 1 v:124
19/08/2020 9:17:11 AM,252 Event OK
19/08/2020 9:17:12 AM,EVENT 57241 1597827000 0/0/0/0/0 INPUT 4 0 94 v:124
19/08/2020 9:17:12 AM,252 Event OK
19/08/2020 9:17:13 AM,EVENT 57242 1597827000 0/0/0/0/0 INPUT 4 1 0 v:124
19/08/2020 9:17:13 AM,252 Event OK
19/08/2020 9:17:13 AM,EVENT 57243 1597827018 0/0/0/0/0 INPUT 4 0 18 v:124
19/08/2020 9:17:13 AM,252 Event OK
19/08/2020 9:17:14 AM,EVENT 57244 1597827019 0/0/0/0/0 INPUT 4 1 0 v:124
19/08/2020 9:17:14 AM,252 Event OK
19/08/2020 9:17:14 AM,EVENT 57245 1597827025 0/0/0/0/0 INPUT 4 0 7 v:124
19/08/2020 9:17:14 AM,252 Event OK
19/08/2020 9:17:14 AM,EVENT 57246 1597827026 0/0/0/0/0 INPUT 4 1 0 v:124
19/08/2020 9:17:14 AM,252 Event OK
19/08/2020 9:17:15 AM,EVENT 57247 1597827028 0/0/0/0/0 INPUT 4 0 3 v:124
19/08/2020 9:17:15 AM,252 Event OK
19/08/2020 9:17:15 AM,EVENT 57248 1597827029 0/0/0/0/0 INPUT 4 1 0 v:124
19/08/2020 9:17:15 AM,252 Event OK
19/08/2020 9:17:15 AM,EVENT 57249 1597827033 0/0/0/0/0 INPUT 4 0 5 v:124
19/08/2020 9:17:15 AM,252 Event OK
19/08/2020 9:17:16 AM,EVENT 57250 1597827033 0/0/0/0/0 INPUT 4 1 0 v:124
19/08/2020 9:17:16 AM,252 Event OK
19/08/2020 9:17:16 AM,EVENT 57251 1597827039 0/0/0/0/0 INPUT 4 0 6 v:124
19/08/2020 9:17:16 AM,252 Event OK
19/08/2020 9:17:16 AM,EVENT 57252 1597827039 0/0/0/0/0 INPUT 4 1 0 v:124
19/08/2020 9:17:16 AM,252 Event OK
19/08/2020 9:17:17 AM,EVENT 57253 1597827090 0/0/0/0/0 INPUT 4 0 51 v:124
19/08/2020 9:17:17 AM,252 Event OK
19/08/2020 9:17:17 AM,EVENT 57254 1597827090 0/0/0/0/0 INPUT 4 1 0 v:124
19/08/2020 9:17:17 AM,252 Event OK
19/08/2020 9:17:17 AM,EVENT 57255 1597827108 0/0/0/0/0 INPUT 4 0 18 v:124
19/08/2020 9:17:17 AM,252 Event OK
19/08/2020 9:17:18 AM,EVENT 57256 1597827108 0/0/0/0/0 INPUT 4 1 0 v:124
19/08/2020 9:17:18 AM,252 Event OK
19/08/2020 9:17:18 AM,EVENT 57257 1597827154 0/0/0/0/1 INPUT 4 0 46 v:124
19/08/2020 9:17:18 AM,252 Event OK
19/08/2020 9:17:18 AM,EVENT 57258 1597827154 0/0/0/0/1 INPUT 4 1 0 v:124
19/08/2020 9:17:18 AM,252 Event OK
19/08/2020 9:17:18 AM,EVENT 57259 1597827159 0/0/0/0/3 INPUT 4 0 5 v:124
19/08/2020 9:17:18 AM,252 Event OK
19/08/2020 9:17:19 AM,EVENT 57260 1597827159 0/0/0/0/3 INPUT 4 1 0 v:124
19/08/2020 9:17:19 AM,252 Event OK
19/08/2020 9:17:19 AM,EVENT 57261 1597827195 0/0/0/0/4 INPUT 4 0 36 v:124
19/08/2020 9:17:19 AM,252 Event OK
19/08/2020 9:17:19 AM,EVENT 57262 1597827195 0/0/0/0/4 INPUT 4 1 0 v:124
19/08/2020 9:17:19 AM,252 Event OK
19/08/2020 9:17:20 AM,EVENT 57263 1597827205 0/0/0/0/5 INPUT 3 1 0 v:124
19/08/2020 9:17:20 AM,252 Event OK
19/08/2020 9:17:20 AM,EVENT 57264 1597827221 0/0/0/0/10 INPUT 3 0 16 v:124
19/08/2020 9:17:20 AM,252 Event OK
19/08/2020 9:17:20 AM,EVENT 57265 1597827224 0/0/0/0/5 INPUT 3 1 0 v:124
19/08/2020 9:17:20 AM,252 Event OK
19/08/2020 9:17:21 AM,EVENT 57266 1597827245 0/0/0/0/10 INPUT 3 0 21 v:124
19/08/2020 9:17:21 AM,252 Event OK
19/08/2020 9:17:21 AM,EVENT 57267 1597827258 0/0/0/0/0 INPUT 4 0 63 v:124
19/08/2020 9:17:21 AM,252 Event OK
19/08/2020 9:17:22 AM,EVENT 57268 1597827258 0/0/0/0/0 INPUT 4 1 0 v:124
19/08/2020 9:17:22 AM,252 Event OK
19/08/2020 9:17:22 AM,EVENT 57269 1597827261 0/0/0/0/0 INPUT 4 0 3 v:124
19/08/2020 9:17:22 AM,252 Event OK
19/08/2020 9:17:23 AM,EVENT 57270 1597827261 0/0/0/0/0 INPUT 4 1 0 v:124
19/08/2020 9:17:23 AM,252 Event OK
19/08/2020 9:17:23 AM,EVENT 57271 1597827266 0/0/0/0/0 INPUT 4 0 5 v:124
19/08/2020 9:17:23 AM,252 Event OK
19/08/2020 9:17:23 AM,EVENT 57272 1597827267 0/0/0/0/0 INPUT 4 1 0 v:124
19/08/2020 9:17:23 AM,252 Event OK
19/08/2020 9:17:24 AM,EVENT 57273 1597827274 0/0/0/0/7 INPUT 3 1 0 v:124
19/08/2020 9:17:24 AM,252 Event OK
19/08/2020 9:17:24 AM,EVENT 57274 1597827307 0/0/0/0/12 INPUT 3 0 32 v:124
19/08/2020 9:17:24 AM,252 Event OK
19/08/2020 9:17:25 AM,EVENT 57275 1597827385 0/0/0/0/3 INPUT 3 1 0 v:124
19/08/2020 9:17:25 AM,252 Event OK
19/08/2020 9:17:25 AM,EVENT 57276 1597827395 0/0/0/0/14 INPUT 3 0 10 v:124
19/08/2020 9:17:25 AM,252 Event OK
19/08/2020 9:17:26 AM,EVENT 57277 1597827420 0/0/0/0/0 INPUT 4 0 154 v:124
19/08/2020 9:17:26 AM,252 Event OK
19/08/2020 9:17:26 AM,EVENT 57278 1597827420 0/0/0/0/0 INPUT 4 1 0 v:124
19/08/2020 9:17:26 AM,252 Event OK
19/08/2020 9:17:26 AM,EVENT 57279 1597827435 0/0/0/0/0 INPUT 4 0 15 v:124
19/08/2020 9:17:26 AM,252 Event OK
19/08/2020 9:17:27 AM,EVENT 57280 1597827435 0/0/0/0/0 INPUT 4 1 0 v:124
19/08/2020 9:17:27 AM,252 Event OK
19/08/2020 9:17:27 AM,EVENT 57281 1597827445 0/0/0/0/3 INPUT 4 0 10 v:124
19/08/2020 9:17:27 AM,252 Event OK
19/08/2020 9:17:27 AM,EVENT 57282 1597827445 0/0/0/0/3 INPUT 4 1 0 v:124
19/08/2020 9:17:27 AM,252 Event OK
19/08/2020 9:17:28 AM,EVENT 57283 1597827464 0/0/0/0/4 INPUT 3 1 0 v:124
19/08/2020 9:17:28 AM,252 Event OK
19/08/2020 9:17:28 AM,EVENT 57284 1597827489 0/0/0/0/9 INPUT 3 0 25 v:124
19/08/2020 9:17:28 AM,252 Event OK
19/08/2020 9:17:28 AM,EVENT 57285 1597827492 0/0/0/0/7 INPUT 3 1 0 v:124
19/08/2020 9:17:28 AM,252 Event OK
19/08/2020 9:17:28 AM,EVENT 57286 1597827513 0/0/0/0/10 INPUT 3 0 21 v:124
19/08/2020 9:17:28 AM,252 Event OK
19/08/2020 9:17:29 AM,EVENT 57287 1597827516 0/0/0/0/7 INPUT 3 1 0 v:124
19/08/2020 9:17:29 AM,252 Event OK
19/08/2020 9:17:29 AM,EVENT 57288 1597827522 0/0/0/99/13 INPUT 3 0 7 v:124
19/08/2020 9:17:29 AM,252 Event OK
19/08/2020 9:17:30 AM,EVENT 57289 1597827524 0/0/0/99/8 INPUT 3 1 0 v:124
19/08/2020 9:17:30 AM,252 Event OK
19/08/2020 9:17:30 AM,EVENT 57290 1597827528 0/0/0/99/10 INPUT 3 0 4 v:124
19/08/2020 9:17:30 AM,252 Event OK
19/08/2020 9:17:31 AM,EVENT 57291 1597827530 0/0/0/99/5 INPUT 4 0 85 v:124
19/08/2020 9:17:31 AM,252 Event OK
19/08/2020 9:17:31 AM,EVENT 57292 1597827531 0/0/0/99/4 INPUT 4 1 0 v:124
19/08/2020 9:17:31 AM,252 Event OK
19/08/2020 9:17:31 AM,EVENT 57293 1597827537 0/0/0/99/0 INPUT 4 0 7 v:124
19/08/2020 9:17:31 AM,252 Event OK
19/08/2020 9:17:32 AM,EVENT 57294 1597827537 0/0/0/99/0 INPUT 4 1 0 v:124
19/08/2020 9:17:32 AM,252 Event OK
19/08/2020 9:17:32 AM,EVENT 57295 1597827555 0/0/0/0/0 INPUT 4 0 18 v:124
19/08/2020 9:17:32 AM,252 Event OK
19/08/2020 9:17:32 AM,EVENT 57296 1597827555 0/0/0/0/0 INPUT 4 1 0 v:124
19/08/2020 9:17:32 AM,252 Event OK
19/08/2020 9:17:32 AM,EVENT 57297 1597827558 0/0/0/0/3 INPUT 4 0 3 v:124
19/08/2020 9:17:32 AM,252 Event OK
19/08/2020 9:17:33 AM,EVENT 57298 1597827558 0/0/0/0/2 INPUT 4 1 0 v:124
19/08/2020 9:17:33 AM,252 Event OK
19/08/2020 9:17:33 AM,EVENT 57299 1597827571 0/0/0/0/2 INPUT 4 0 13 v:124
19/08/2020 9:17:33 AM,252 Event OK
19/08/2020 9:17:33 AM,EVENT 57300 1597827572 0/0/0/0/2 INPUT 4 1 0 v:124
19/08/2020 9:17:33 AM,252 Event OK
19/08/2020 9:17:34 AM,EVENT 57301 1597827579 0/0/0/0/0 INPUT 4 0 8 v:124
19/08/2020 9:17:34 AM,252 Event OK
19/08/2020 9:17:34 AM,EVENT 57302 1597827579 0/0/0/0/0 INPUT 4 1 0 v:124
19/08/2020 9:17:34 AM,252 Event OK
19/08/2020 9:17:34 AM,EVENT 57303 1597827583 0/0/0/0/7 INPUT 3 1 0 v:124
19/08/2020 9:17:34 AM,252 Event OK
19/08/2020 9:17:35 AM,EVENT 57304 1597827585 0/0/0/0/9 INPUT 3 0 3 v:124
19/08/2020 9:17:35 AM,252 Event OK
19/08/2020 9:17:35 AM,EVENT 57305 1597827640 0/0/0/0/0 REPORT 57180 0 0 v:124
19/08/2020 9:17:35 AM,252 Event OK
19/08/2020 9:17:36 AM,EVENT 57306 1597827842 0/0/0/0/8 INPUT 3 1 0 v:124
19/08/2020 9:17:36 AM,252 Event OK
19/08/2020 9:17:36 AM,EVENT 57307 1597827843 0/0/0/0/9 INPUT 3 0 1 v:124
19/08/2020 9:17:36 AM,252 Event OK
19/08/2020 9:17:36 AM,EVENT 57308 1597827897 0/0/0/0/0 INPUT 4 0 318 v:124
19/08/2020 9:17:36 AM,252 Event OK
19/08/2020 9:17:37 AM,EVENT 57309 1597827897 0/0/0/0/0 INPUT 4 1 0 v:124
19/08/2020 9:17:37 AM,252 Event OK
19/08/2020 9:17:37 AM,EVENT 57310 1597827905 0/0/0/0/4 INPUT 3 1 0 v:124
19/08/2020 9:17:37 AM,252 Event OK
19/08/2020 9:17:37 AM,EVENT 57311 1597828407 0/0/0/0/9 INPUT 3 0 503 v:124
19/08/2020 9:17:37 AM,252 Event OK
19/08/2020 9:17:38 AM,EVENT 57312 1597828414 -310122213/1219229118/6353/0/0 INPUT 7 1 0 v:124
19/08/2020 9:17:38 AM,252 Event OK
19/08/2020 9:17:38 AM,EVENT 57313 1597828414 -310122213/1219229118/6353/0/0 INPUT 8 0 2606 v:124
19/08/2020 9:17:38 AM,252 Event OK
19/08/2020 9:17:38 AM,EVENT 57314 1597828415 -310122212/1219229128/6211/0/0 INPUT 1 1 0 v:124
19/08/2020 9:17:38 AM,252 Event OK
19/08/2020 9:17:39 AM,EVENT 57315 1597828419 -310122212/1219229165/2970/0/0 TRIP 57180 1304 1285 11 11 2600 v:124
19/08/2020 9:17:39 AM,252 Event OK
19/08/2020 9:17:39 AM,EVENT 57316 1597828420 -310122212/1219229165/2970/0/0 INPUT 4 0 522 v:124
19/08/2020 9:17:39 AM,252 Event OK
19/08/2020 9:17:39 AM,EVENT 57317 1597828469 -310122039/1219228689/873/1/0 INPUT 8 1 0 v:124
19/08/2020 9:17:39 AM,252 Event OK
19/08/2020 9:17:40 AM,EVENT 57318 1597828469 -310122039/1219228689/873/1/0 INPUT 7 0 54 v:124
19/08/2020 9:17:40 AM,252 Event OK
19/08/2020 9:17:40 AM,EVENT 57319 1597828484 -310122033/1219228632/914/1/0 SIGNON 2497 039ff32f OK 26 300668 0 v:124
19/08/2020 9:17:40 AM,252 Event OK
19/08/2020 9:17:40 AM,EVENT 57320 1597828490 -310122019/1219228609/960/1/0 INPUT 1 0 75 v:124
19/08/2020 9:17:40 AM,252 Event OK
19/08/2020 9:17:41 AM,EVENT 57321 1597828491 -310122017/1219228607/962/1/0 INPUT 4 1 0 v:124
19/08/2020 9:17:41 AM,252 Event OK
19/08/2020 9:17:41 AM,EVENT 57322 1597828499 -310121976/1219228648/947/0/0 INPUT 4 0 9 v:124
19/08/2020 9:17:41 AM,252 Event OK
19/08/2020 9:17:42 AM,EVENT 57323 1597828500 -310121972/1219228657/944/0/0 INPUT 4 1 0 v:124
19/08/2020 9:17:42 AM,252 Event OK
19/08/2020 9:17:42 AM,EVENT 57324 1597828501 -310121955/1219228693/946/0/0 INPUT 4 0 2 v:124
19/08/2020 9:17:42 AM,252 Event OK
19/08/2020 9:17:44 AM,EVENT 57325 1597828501 -310121949/1219228707/949/0/0 INPUT 4 1 0 v:124
19/08/2020 9:17:44 AM,252 Event OK
19/08/2020 9:17:44 AM,EVENT 57326 1597828511 -310121253/1219229313/937/0/8 INPUT 3 1 0 v:124
19/08/2020 9:17:44 AM,252 Event OK
19/08/2020 9:18:23 AM,UNIT 9279
19/08/2020 9:18:23 AM,333 CHAL 3719AA1B
19/08/2020 9:18:25 AM,RESP F3C9110D
19/08/2020 9:18:25 AM,230 Auth OK
19/08/2020 9:18:25 AM,TIME
19/08/2020 9:18:25 AM,211 TIME 1597828705
19/08/2020 9:18:25 AM,EVCOUNT 6
19/08/2020 9:18:25 AM,252 Event OK
19/08/2020 9:18:26 AM,TODO
19/08/2020 9:18:26 AM,226 Nothing to do
19/08/2020 9:18:26 AM,EVENT 57326 1597828511 -310121253/1219229313/937/0/8 INPUT 3 1 0 v:124
19/08/2020 9:18:26 AM,253 Event OK - Duplicate
19/08/2020 9:18:27 AM,EVENT 57327 1597828569 -310128703/1219229102/1018/9/9 INPUT 3 0 58 v:124
19/08/2020 9:18:27 AM,252 Event OK
19/08/2020 9:18:27 AM,EVENT 57328 1597828613 -310128482/1219228594/1073/3/0 INPUT 4 0 112 v:124
19/08/2020 9:18:27 AM,252 Event OK
19/08/2020 9:18:27 AM,EVENT 57329 1597828613 -310128479/1219228589/1072/3/0 INPUT 4 1 0 v:124
19/08/2020 9:18:27 AM,252 Event OK
19/08/2020 9:18:28 AM,EVENT 57330 1597828657 -310128392/1219228434/1057/2/0 INPUT 4 0 44 v:124
19/08/2020 9:18:28 AM,252 Event OK
19/08/2020 9:18:29 AM,EVENT 57331 1597828657 -310128393/1219228436/1059/2/0 INPUT 4 1 0 v:124
19/08/2020 9:18:29 AM,252 Event OK
19/08/2020 9:18:29 AM,QUIT
19/08/2020 9:18:29 AM,221 Session ended - goodbye
19/08/2020 9:19:23 AM,UNIT 9279
19/08/2020 9:19:23 AM,333 CHAL 454F3966
19/08/2020 9:19:24 AM,RESP A3C1ADDF
19/08/2020 9:19:24 AM,230 Auth OK
19/08/2020 9:19:25 AM,TIME
19/08/2020 9:19:25 AM,211 TIME 1597828765
19/08/2020 9:19:25 AM,EVCOUNT 4
19/08/2020 9:19:25 AM,252 Event OK
19/08/2020 9:19:26 AM,TODO
19/08/2020 9:19:26 AM,226 Nothing to do
19/08/2020 9:19:35 AM,EVENT 57332 1597828763 -310128260/1219228690/1036/3/0 INPUT 4 0 106 v:124
19/08/2020 9:19:35 AM,252 Event OK
19/08/2020 9:19:41 AM,EVENT 57333 1597828763 -310128281/1219228706/1038/3/0 INPUT 4 1 0 v:124
19/08/2020 9:19:41 AM,252 Event OK
19/08/2020 9:19:42 AM,EVENT 57334 1597828766 -310128383/1219228762/1034/3/0 INPUT 4 0 3 v:124
19/08/2020 9:19:42 AM,252 Event OK
19/08/2020 9:19:43 AM,EVENT 57335 1597828767 -310128403/1219228770/1032/3/0 INPUT 4 1 0 v:124
19/08/2020 9:19:43 AM,252 Event OK
19/08/2020 9:19:44 AM,EVENT 57336 1597828782 -310128155/1219229904/1002/3/7 INPUT 3 1 0 v:124
19/08/2020 9:19:44 AM,252 Event OK
19/08/2020 9:19:44 AM,QUIT
19/08/2020 9:19:44 AM,221 Session ended - goodbye
19/08/2020 9:22:44 AM,UNIT 9279
19/08/2020 9:22:44 AM,333 CHAL 386B5989
19/08/2020 9:22:44 AM,RESP 1B09707A
19/08/2020 9:22:44 AM,230 Auth OK
19/08/2020 9:22:45 AM,TIME
19/08/2020 9:22:45 AM,211 TIME 1597828965
19/08/2020 9:22:45 AM,EVCOUNT 8
19/08/2020 9:22:45 AM,252 Event OK
19/08/2020 9:22:45 AM,TODO
19/08/2020 9:22:45 AM,226 Nothing to do
19/08/2020 9:22:46 AM,EVENT 57337 1597828832 -310121360/1219229555/997/8/10 INPUT 3 0 51 v:124
19/08/2020 9:22:46 AM,252 Event OK
19/08/2020 9:22:47 AM,EVENT 57338 1597828869 -310121024/1219228548/935/0/8 INPUT 3 1 0 v:124
19/08/2020 9:22:47 AM,252 Event OK
19/08/2020 9:22:47 AM,EVENT 57339 1597828958 -310142973/1219230847/957/1/10 INPUT 3 0 88 v:124
19/08/2020 9:22:47 AM,252 Event OK
19/08/2020 9:22:48 AM,EVENT 57340 1597828961 -310143302/1219230708/948/1/3 INPUT 4 0 195 v:124
19/08/2020 9:22:48 AM,252 Event OK
19/08/2020 9:22:48 AM,EVENT 57341 1597828962 -310143338/1219230707/946/1/2 INPUT 4 1 0 v:124
19/08/2020 9:22:48 AM,252 Event OK
19/08/2020 9:22:48 AM,EVENT 57342 1597828968 -310143365/1219230718/944/1/0 INPUT 7 1 0 v:124
19/08/2020 9:22:48 AM,252 Event OK
19/08/2020 9:22:49 AM,EVENT 57343 1597828968 -310143365/1219230718/944/1/0 INPUT 8 0 500 v:123
19/08/2020 9:22:49 AM,252 Event OK
19/08/2020 9:22:49 AM,EVENT 57344 1597828968 -310143365/1219230718/944/1/0 INPUT 4 0 7 v:124
19/08/2020 9:22:49 AM,252 Event OK
19/08/2020 9:22:49 AM,EVENT 57345 1597828969 -310143365/1219230719/945/1/0 INPUT 4 1 0 v:124
19/08/2020 9:22:49 AM,252 Event OK
19/08/2020 9:22:49 AM,EVENT 57346 1597828969 -310143366/1219230720/947/1/0 INPUT 1 1 0 v:124
19/08/2020 9:22:49 AM,252 Event OK
19/08/2020 9:22:50 AM,EVENT 57347 1597828972 -310143369/1219230730/953/1/0 TRIP 57319 198 284 6 6 488 v:124
19/08/2020 9:22:50 AM,252 Event OK
19/08/2020 9:22:50 AM,EVENT 57348 1597828973 -310143369/1219230730/953/1/0 INPUT 4 0 4 v:124
19/08/2020 9:22:50 AM,252 Event OK
19/08/2020 9:22:50 AM,QUIT
19/08/2020 9:22:50 AM,221 Session ended - goodbye
19/08/2020 10:12:19 AM,UNIT 9279
19/08/2020 10:12:19 AM,333 CHAL 66C30D3B
19/08/2020 10:12:19 AM,RESP 558F2D2A
19/08/2020 10:12:19 AM,230 Auth OK
19/08/2020 10:12:19 AM,TIME
19/08/2020 10:12:19 AM,211 TIME 1597831939
19/08/2020 10:12:20 AM,EVCOUNT 11
19/08/2020 10:12:20 AM,252 Event OK
19/08/2020 10:12:20 AM,TODO
19/08/2020 10:12:20 AM,226 Nothing to do
19/08/2020 10:12:20 AM,EVENT 57349 1597831918 0/0/0/0/0 SWSTART OpusFC 5.0.58.518 R v:123
19/08/2020 10:12:20 AM,252 Event OK
19/08/2020 10:12:21 AM,EVENT 57350 1597828972 0/0/0/0/0 POWERDOWN v:124
19/08/2020 10:12:21 AM,252 Event OK
19/08/2020 10:12:21 AM,EVENT 57351 1597831918 0/0/0/0/0 INPUT 1 1 0 v:123
19/08/2020 10:12:21 AM,252 Event OK
19/08/2020 10:12:22 AM,EVENT 57352 1597831918 0/0/0/0/0 INPUT 2 0 0 v:124
19/08/2020 10:12:22 AM,252 Event OK
19/08/2020 10:12:22 AM,EVENT 57353 1597831918 0/0/0/0/0 INPUT 3 0 0 v:124
19/08/2020 10:12:22 AM,252 Event OK
19/08/2020 10:12:22 AM,EVENT 57354 1597831918 0/0/0/0/0 INPUT 4 0 0 v:124
19/08/2020 10:12:22 AM,252 Event OK
19/08/2020 10:12:22 AM,EVENT 57355 1597831918 0/0/0/0/0 INPUT 7 0 0 v:124
19/08/2020 10:12:22 AM,252 Event OK
19/08/2020 10:12:23 AM,EVENT 57356 1597831918 0/0/0/0/0 INPUT 8 1 0 v:124
19/08/2020 10:12:23 AM,252 Event OK
19/08/2020 10:12:23 AM,EVENT 57357 1597831920 0/0/0/0/0 ZONE_OK 2 100 FW=NO VERSION v:124
19/08/2020 10:12:23 AM,252 Event OK
19/08/2020 10:12:23 AM,EVENT 57358 1597831934 0/0/0/99/0 SIGNON 2515 03cffacd OK_CL 26 180299 0 v:124
19/08/2020 10:12:23 AM,252 Event OK
19/08/2020 10:12:23 AM,EVENT 57359 1597831939 0/0/0/99/0 CHECKLIST 57358 OK 0 6 432 F v:124
19/08/2020 10:12:23 AM,252 Event OK
19/08/2020 10:12:24 AM,QUIT
19/08/2020 10:12:24 AM,221 Session ended - goodbye
19/08/2020 10:12:33 AM,UNIT 9279
19/08/2020 10:12:33 AM,333 CHAL 204A7CEE
19/08/2020 10:12:34 AM,RESP 7E907CAC
19/08/2020 10:12:34 AM,230 Auth OK
19/08/2020 10:12:34 AM,TIME
19/08/2020 10:12:34 AM,211 TIME 1597831954
19/08/2020 10:12:35 AM,EVCOUNT 6
19/08/2020 10:12:35 AM,252 Event OK
19/08/2020 10:12:36 AM,TODO
19/08/2020 10:12:36 AM,226 Nothing to do
19/08/2020 10:12:36 AM,EVENT 57360 1597831947 0/0/0/3/0 INPUT 4 1 0 v:124
19/08/2020 10:12:36 AM,252 Event OK
19/08/2020 10:12:37 AM,EVENT 57361 1597831947 0/0/0/3/0 INPUT 1 0 28 v:124
19/08/2020 10:12:37 AM,252 Event OK
19/08/2020 10:12:38 AM,EVENT 57362 1597831952 0/0/0/3/0 INPUT 4 0 6 v:124
19/08/2020 10:12:38 AM,252 Event OK
19/08/2020 10:12:39 AM,EVENT 57363 1597831952 0/0/0/3/0 INPUT 4 1 0 v:124
19/08/2020 10:12:39 AM,252 Event OK
19/08/2020 10:12:40 AM,EVENT 57364 1597831956 -310142569/1219230440/4706/3/8 INPUT 3 1 0 v:124
19/08/2020 10:12:40 AM,252 Event OK
19/08/2020 10:12:40 AM,EVENT 57365 1597831957 -310142473/1219230404/4444/3/8 INPUT 3 0 1 v:124
19/08/2020 10:12:40 AM,252 Event OK
19/08/2020 10:12:41 AM,EVENT 57366 1597831963 -310142694/1219230685/2677/3/7 INPUT 3 1 0 v:124
19/08/2020 10:12:41 AM,252 Event OK
19/08/2020 10:12:41 AM,QUIT
19/08/2020 10:12:41 AM,221 Session ended - goodbye
19/08/2020 10:22:26 AM,UNIT 9279
19/08/2020 10:22:26 AM,333 CHAL 22C7373C
19/08/2020 10:22:27 AM,RESP F43BC907
19/08/2020 10:22:27 AM,230 Auth OK
19/08/2020 10:22:27 AM,TIME
19/08/2020 10:22:27 AM,211 TIME 1597832547
19/08/2020 10:22:28 AM,EVCOUNT 7
19/08/2020 10:22:28 AM,252 Event OK
19/08/2020 10:22:28 AM,TODO
19/08/2020 10:22:28 AM,226 Nothing to do
19/08/2020 10:22:29 AM,EVENT 57367 1597832041 -310121636/1219229226/924/6/11 INPUT 3 0 79 v:124
19/08/2020 10:22:29 AM,252 Event OK
19/08/2020 10:22:29 AM,EVENT 57368 1597832045 -310121644/1219229208/919/6/0 INPUT 7 1 0 v:124
19/08/2020 10:22:29 AM,252 Event OK
19/08/2020 10:22:29 AM,EVENT 57369 1597832045 -310121644/1219229208/919/6/0 INPUT 8 0 127 v:124
19/08/2020 10:22:29 AM,252 Event OK
19/08/2020 10:22:30 AM,EVENT 57370 1597832046 -310121640/1219229212/918/6/0 INPUT 1 1 0 v:123
19/08/2020 10:22:30 AM,252 Event OK
19/08/2020 10:22:30 AM,EVENT 57371 1597832047 -310121635/1219229214/917/6/0 INPUT 4 0 95 v:123
19/08/2020 10:22:30 AM,252 Event OK
19/08/2020 10:22:30 AM,EVENT 57372 1597832050 -310121620/1219229220/912/6/0 TRIP 57358 80 21 12 9 113 v:124
19/08/2020 10:22:30 AM,252 Event OK
19/08/2020 10:22:31 AM,EVENT 57373 1597832103 -310121659/1219229297/866/0/0 REPORT * 0 230 v:124
19/08/2020 10:22:31 AM,252 Event OK
19/08/2020 10:22:31 AM,QUIT
19/08/2020 10:22:31 AM,221 Session ended - goodbye
19/08/2020 10:38:18 AM,UNIT 9279
19/08/2020 10:38:18 AM,333 CHAL 47D4D0CB
19/08/2020 10:38:19 AM,RESP CAC55DC4
19/08/2020 10:38:19 AM,230 Auth OK
19/08/2020 10:38:19 AM,TIME
19/08/2020 10:38:19 AM,211 TIME 1597833499
19/08/2020 10:38:20 AM,EVCOUNT 2
19/08/2020 10:38:20 AM,252 Event OK
19/08/2020 10:38:21 AM,TODO
19/08/2020 10:38:21 AM,226 Nothing to do
19/08/2020 10:38:22 AM,EVENT 57374 1597833498 -310121784/1219229503/842/0/0 INPUT 8 1 0 v:124
19/08/2020 10:38:22 AM,252 Event OK
19/08/2020 10:38:22 AM,EVENT 57375 1597833499 -310121784/1219229503/842/0/0 INPUT 7 0 1453 v:124
19/08/2020 10:38:22 AM,252 Event OK
19/08/2020 10:38:23 AM,QUIT
19/08/2020 10:38:23 AM,221 Session ended - goodbye
19/08/2020 10:38:33 AM,UNIT 9279
19/08/2020 10:38:33 AM,333 CHAL 6692AB22
19/08/2020 10:38:33 AM,RESP 320552BA
19/08/2020 10:38:33 AM,230 Auth OK
19/08/2020 10:38:34 AM,TIME
19/08/2020 10:38:34 AM,211 TIME 1597833514
19/08/2020 10:38:34 AM,EVCOUNT 1
19/08/2020 10:38:34 AM,252 Event OK
19/08/2020 10:38:35 AM,TODO
19/08/2020 10:38:35 AM,226 Nothing to do
19/08/2020 10:38:36 AM,EVENT 57376 1597833512 -310121760/1219229435/835/0/0 SIGNON 2515 03cffacd OK 26 180299 0 v:124
19/08/2020 10:38:36 AM,252 Event OK
19/08/2020 10:38:36 AM,QUIT
19/08/2020 10:38:36 AM,221 Session ended - goodbye
19/08/2020 10:38:46 AM,UNIT 9279
19/08/2020 10:38:46 AM,333 CHAL 4EDD42C6
19/08/2020 10:38:46 AM,RESP 21BABF7F
19/08/2020 10:38:46 AM,230 Auth OK
19/08/2020 10:38:47 AM,TIME
19/08/2020 10:38:47 AM,211 TIME 1597833527
19/08/2020 10:38:47 AM,EVCOUNT 2
19/08/2020 10:38:47 AM,252 Event OK
19/08/2020 10:38:48 AM,TODO
19/08/2020 10:38:48 AM,226 Nothing to do
19/08/2020 10:38:48 AM,EVENT 57377 1597833523 -310121742/1219229434/830/0/0 INPUT 4 1 0 v:124
19/08/2020 10:38:48 AM,252 Event OK
19/08/2020 10:38:49 AM,EVENT 57378 1597833524 -310121742/1219229436/830/0/0 INPUT 1 0 1477 v:124
19/08/2020 10:38:49 AM,252 Event OK
19/08/2020 10:38:50 AM,QUIT
19/08/2020 10:38:50 AM,221 Session ended - goodbye
19/08/2020 10:39:01 AM,UNIT 9279
19/08/2020 10:39:01 AM,333 CHAL CDDC3F1
19/08/2020 10:39:01 AM,RESP C4ACDDE7
19/08/2020 10:39:01 AM,230 Auth OK
19/08/2020 10:39:02 AM,TIME
19/08/2020 10:39:02 AM,211 TIME 1597833542
19/08/2020 10:39:03 AM,EVCOUNT 1
19/08/2020 10:39:03 AM,252 Event OK
19/08/2020 10:39:04 AM,TODO
19/08/2020 10:39:04 AM,226 Nothing to do
19/08/2020 10:39:05 AM,EVENT 57379 1597833541 -310121884/1219229142/827/0/5 INPUT 3 1 0 v:124
19/08/2020 10:39:05 AM,252 Event OK
19/08/2020 10:39:06 AM,QUIT
19/08/2020 10:39:06 AM,221 Session ended - goodbye
19/08/2020 8:50:22 PM,UNIT 9279
19/08/2020 8:50:22 PM,333 CHAL 268AEE31
19/08/2020 8:50:22 PM,RESP C19B97A7
19/08/2020 8:50:22 PM,230 Auth OK
19/08/2020 8:50:22 PM,TIME
19/08/2020 8:50:22 PM,211 TIME 1597870222
19/08/2020 8:50:23 PM,EVCOUNT 146
19/08/2020 8:50:23 PM,252 Event OK
19/08/2020 8:50:23 PM,TODO
19/08/2020 8:50:23 PM,226 Nothing to do
19/08/2020 8:50:23 PM,EVENT 57380 1597833933 0/0/0/0/21 REPORT 57376 0 0 v:124
19/08/2020 8:50:23 PM,252 Event OK
19/08/2020 8:50:23 PM,EVENT 57381 1597834117 0/0/0/0/12 INPUT 3 0 576 v:124
19/08/2020 8:50:23 PM,252 Event OK
19/08/2020 8:50:24 PM,EVENT 57382 1597834131 0/0/0/0/3 INPUT 4 0 609 v:124
19/08/2020 8:50:24 PM,252 Event OK
19/08/2020 8:50:24 PM,EVENT 57383 1597834131 0/0/0/0/2 INPUT 4 1 0 v:124
19/08/2020 8:50:24 PM,252 Event OK
19/08/2020 8:50:24 PM,EVENT 57384 1597834138 0/0/0/0/7 INPUT 3 1 0 v:124
19/08/2020 8:50:24 PM,252 Event OK
19/08/2020 8:50:24 PM,EVENT 57385 1597834180 0/0/0/0/11 INPUT 3 0 43 v:124
19/08/2020 8:50:24 PM,252 Event OK
19/08/2020 8:50:24 PM,EVENT 57386 1597834182 0/0/0/0/7 INPUT 3 1 0 v:124
19/08/2020 8:50:24 PM,252 Event OK
19/08/2020 8:50:25 PM,EVENT 57387 1597834304 0/0/0/0/11 INPUT 3 0 122 v:124
19/08/2020 8:50:25 PM,252 Event OK
19/08/2020 8:50:25 PM,EVENT 57388 1597834355 0/0/0/0/0 INPUT 4 0 224 v:124
19/08/2020 8:50:25 PM,252 Event OK
19/08/2020 8:50:25 PM,EVENT 57389 1597834355 0/0/0/0/0 INPUT 4 1 0 v:124
19/08/2020 8:50:25 PM,252 Event OK
19/08/2020 8:50:25 PM,EVENT 57390 1597834357 0/0/0/0/5 INPUT 3 1 0 v:124
19/08/2020 8:50:25 PM,252 Event OK
19/08/2020 8:50:25 PM,EVENT 57391 1597834875 0/0/0/0/12 INPUT 3 0 519 v:124
19/08/2020 8:50:25 PM,252 Event OK
19/08/2020 8:50:26 PM,EVENT 57392 1597834880 0/0/0/0/0 INPUT 7 1 0 v:124
19/08/2020 8:50:26 PM,252 Event OK
19/08/2020 8:50:26 PM,EVENT 57393 1597834880 0/0/0/0/0 INPUT 8 0 1382 v:124
19/08/2020 8:50:26 PM,252 Event OK
19/08/2020 8:50:26 PM,EVENT 57394 1597834881 0/0/0/0/0 INPUT 1 1 0 v:124
19/08/2020 8:50:26 PM,252 Event OK
19/08/2020 8:50:26 PM,EVENT 57395 1597834882 0/0/0/0/0 INPUT 4 0 527 v:124
19/08/2020 8:50:26 PM,252 Event OK
19/08/2020 8:50:27 PM,EVENT 57396 1597834885 0/0/0/0/0 TRIP 57376 1260 100 14 11 1374 v:124
19/08/2020 8:50:27 PM,252 Event OK
19/08/2020 8:50:27 PM,EVENT 57397 1597834917 0/0/0/0/0 INPUT 8 1 0 v:124
19/08/2020 8:50:27 PM,252 Event OK
19/08/2020 8:50:27 PM,EVENT 57398 1597834918 0/0/0/0/0 INPUT 7 0 37 v:124
19/08/2020 8:50:27 PM,252 Event OK
19/08/2020 8:50:27 PM,EVENT 57399 1597834926 0/0/0/0/0 SIGNON 2515 03cffacd OK 26 180299 0 v:124
19/08/2020 8:50:27 PM,252 Event OK
19/08/2020 8:50:27 PM,EVENT 57400 1597834933 0/0/0/0/0 INPUT 1 0 51 v:124
19/08/2020 8:50:27 PM,252 Event OK
19/08/2020 8:50:28 PM,EVENT 57401 1597834933 0/0/0/0/0 INPUT 4 1 0 v:124
19/08/2020 8:50:28 PM,252 Event OK
19/08/2020 8:50:28 PM,EVENT 57402 1597834945 0/0/0/0/0 INPUT 7 1 0 v:124
19/08/2020 8:50:28 PM,252 Event OK
19/08/2020 8:50:28 PM,EVENT 57403 1597834945 0/0/0/0/0 INPUT 8 0 28 v:124
19/08/2020 8:50:28 PM,252 Event OK
19/08/2020 8:50:28 PM,EVENT 57404 1597834946 0/0/0/0/0 INPUT 1 1 0 v:124
19/08/2020 8:50:28 PM,252 Event OK
19/08/2020 8:50:29 PM,EVENT 57405 1597834946 0/0/0/0/0 INPUT 4 0 14 v:124
19/08/2020 8:50:29 PM,252 Event OK
19/08/2020 8:50:29 PM,EVENT 57406 1597834949 0/0/0/0/0 TRIP 57399 0 14 9 6 23 v:124
19/08/2020 8:50:29 PM,252 Event OK
19/08/2020 8:50:32 PM,EVENT 57407 1597835365 0/0/0/0/0 INPUT 8 1 0 v:124
19/08/2020 8:50:32 PM,252 Event OK
19/08/2020 8:50:36 PM,EVENT 57408 1597835366 0/0/0/0/0 INPUT 7 0 421 v:124
19/08/2020 8:50:36 PM,252 Event OK
19/08/2020 8:50:37 PM,EVENT 57409 1597835372 0/0/0/0/0 SIGNON * 0 NOCARD 26 0 802999 v:124
19/08/2020 8:50:37 PM,252 Event OK
19/08/2020 8:50:38 PM,EVENT 57410 1597835382 0/0/0/0/0 SIGNON 2515 03cffacd OK 26 180299 0 v:124
19/08/2020 8:50:38 PM,252 Event OK
19/08/2020 8:50:39 PM,EVENT 57411 1597835388 0/0/0/0/0 INPUT 4 1 0 v:124
19/08/2020 8:50:39 PM,252 Event OK
19/08/2020 8:50:40 PM,EVENT 57412 1597835388 0/0/0/0/0 INPUT 1 0 443 v:124
19/08/2020 8:50:40 PM,252 Event OK
19/08/2020 8:50:40 PM,EVENT 57413 1597835396 0/0/0/99/6 INPUT 3 1 0 v:124
19/08/2020 8:50:40 PM,252 Event OK
19/08/2020 8:50:41 PM,EVENT 57414 1597835398 0/0/0/99/9 INPUT 3 0 1 v:124
19/08/2020 8:50:41 PM,252 Event OK
19/08/2020 8:50:42 PM,EVENT 57415 1597835401 0/0/0/99/0 INPUT 7 1 0 v:124
19/08/2020 8:50:42 PM,252 Event OK
19/08/2020 8:50:42 PM,EVENT 57416 1597835401 0/0/0/99/0 INPUT 8 0 36 v:124
19/08/2020 8:50:42 PM,252 Event OK
19/08/2020 8:50:43 PM,EVENT 57417 1597835401 0/0/0/99/0 INPUT 4 0 13 v:124
19/08/2020 8:50:43 PM,252 Event OK
19/08/2020 8:50:43 PM,EVENT 57418 1597835402 0/0/0/99/0 INPUT 4 1 0 v:124
19/08/2020 8:50:43 PM,252 Event OK
19/08/2020 8:50:44 PM,EVENT 57419 1597835402 0/0/0/99/0 INPUT 1 1 0 v:123
19/08/2020 8:50:44 PM,252 Event OK
19/08/2020 8:50:45 PM,EVENT 57420 1597835403 0/0/0/99/0 INPUT 4 0 2 v:123
19/08/2020 8:50:45 PM,252 Event OK
19/08/2020 8:50:46 PM,EVENT 57421 1597835405 0/0/0/99/0 TRIP 57410 1 14 9 7 24 v:123
19/08/2020 8:50:46 PM,252 Event OK
19/08/2020 8:50:46 PM,EVENT 57422 1597865208 0/0/0/0/0 SWSTART OpusFC 5.0.58.518 R v:124
19/08/2020 8:50:46 PM,252 Event OK
19/08/2020 8:50:47 PM,EVENT 57423 1597835405 0/0/0/0/0 POWERDOWN v:123
19/08/2020 8:50:47 PM,252 Event OK
19/08/2020 8:50:48 PM,EVENT 57424 1597865208 0/0/0/0/0 INPUT 1 1 0 v:123
19/08/2020 8:50:48 PM,252 Event OK
19/08/2020 8:50:49 PM,EVENT 57425 1597865208 0/0/0/0/0 INPUT 2 0 0 v:123
19/08/2020 8:50:49 PM,252 Event OK
19/08/2020 8:50:50 PM,EVENT 57426 1597865208 0/0/0/0/0 INPUT 3 0 0 v:123
19/08/2020 8:50:50 PM,252 Event OK
19/08/2020 8:50:50 PM,EVENT 57427 1597865208 0/0/0/0/0 INPUT 4 0 0 v:124
19/08/2020 8:50:50 PM,252 Event OK
19/08/2020 8:50:51 PM,EVENT 57428 1597865208 0/0/0/0/0 INPUT 7 0 0 v:124
19/08/2020 8:50:51 PM,252 Event OK
19/08/2020 8:50:52 PM,EVENT 57429 1597865208 0/0/0/0/0 INPUT 8 1 0 v:124
19/08/2020 8:50:52 PM,252 Event OK
19/08/2020 8:50:52 PM,EVENT 57430 1597865210 0/0/0/0/0 ZONE_OK 2 100 FW=NO VERSION v:124
19/08/2020 8:50:52 PM,252 Event OK
19/08/2020 8:50:53 PM,EVENT 57431 1597865218 0/0/0/0/0 SIGNON 2515 03cffacd OK 26 180299 0 v:124
19/08/2020 8:50:53 PM,252 Event OK
19/08/2020 8:50:54 PM,EVENT 57432 1597865225 0/0/0/99/0 INPUT 4 1 0 v:124
19/08/2020 8:50:54 PM,252 Event OK
19/08/2020 8:50:55 PM,EVENT 57433 1597865225 0/0/0/99/0 INPUT 1 0 17 v:124
19/08/2020 8:50:55 PM,252 Event OK
19/08/2020 8:50:55 PM,EVENT 57434 1597865229 0/0/0/99/0 INPUT 4 0 5 v:124
19/08/2020 8:50:55 PM,252 Event OK
19/08/2020 8:50:56 PM,EVENT 57435 1597865229 0/0/0/99/0 INPUT 4 1 0 v:124
19/08/2020 8:50:56 PM,252 Event OK
19/08/2020 8:50:57 PM,EVENT 57436 1597865241 0/0/0/0/6 INPUT 3 1 0 v:124
19/08/2020 8:50:57 PM,252 Event OK
19/08/2020 8:50:57 PM,EVENT 57437 1597865258 0/0/0/0/13 INPUT 3 0 16 v:124
19/08/2020 8:50:57 PM,252 Event OK
19/08/2020 8:50:58 PM,EVENT 57438 1597865260 0/0/0/0/2 INPUT 7 1 0 v:124
19/08/2020 8:50:58 PM,252 Event OK
19/08/2020 8:50:59 PM,EVENT 57439 1597865260 0/0/0/0/2 INPUT 8 0 52 v:124
19/08/2020 8:50:59 PM,252 Event OK
19/08/2020 8:50:59 PM,EVENT 57440 1597865261 0/0/0/0/0 INPUT 1 1 0 v:124
19/08/2020 8:50:59 PM,252 Event OK
19/08/2020 8:51:00 PM,EVENT 57441 1597865262 0/0/0/0/0 INPUT 4 0 33 v:124
19/08/2020 8:51:00 PM,252 Event OK
19/08/2020 8:51:01 PM,EVENT 57442 1597865265 0/0/0/0/0 TRIP 57431 16 22 9 6 47 v:124
19/08/2020 8:51:01 PM,252 Event OK
19/08/2020 8:51:01 PM,EVENT 57443 1597865271 0/0/0/0/0 REPORT * 0 0 v:124
19/08/2020 8:51:01 PM,252 Event OK
19/08/2020 8:51:02 PM,EVENT 57444 1597867490 0/0/0/0/0 SWSTART OpusFC 5.0.58.518 R v:124
19/08/2020 8:51:02 PM,252 Event OK
19/08/2020 8:51:03 PM,EVENT 57445 1597865265 0/0/0/0/0 POWERDOWN v:124
19/08/2020 8:51:03 PM,252 Event OK
19/08/2020 8:51:04 PM,EVENT 57446 1597867490 0/0/0/0/0 INPUT 1 1 0 v:124
19/08/2020 8:51:04 PM,252 Event OK
19/08/2020 8:51:05 PM,EVENT 57447 1597867490 0/0/0/0/0 INPUT 2 0 0 v:124
19/08/2020 8:51:05 PM,252 Event OK
19/08/2020 8:51:05 PM,EVENT 57448 1597867490 0/0/0/0/0 INPUT 3 0 0 v:124
19/08/2020 8:51:05 PM,252 Event OK
19/08/2020 8:51:06 PM,EVENT 57449 1597867490 0/0/0/0/0 INPUT 4 0 0 v:124
19/08/2020 8:51:06 PM,252 Event OK
19/08/2020 8:51:07 PM,EVENT 57450 1597867490 0/0/0/0/0 INPUT 7 0 0 v:124
19/08/2020 8:51:07 PM,252 Event OK
19/08/2020 8:51:07 PM,EVENT 57451 1597867490 0/0/0/0/0 INPUT 8 1 0 v:124
19/08/2020 8:51:07 PM,252 Event OK
19/08/2020 8:51:08 PM,EVENT 57452 1597867492 0/0/0/0/0 ZONE_OK 2 100 FW=NO VERSION v:124
19/08/2020 8:51:08 PM,252 Event OK
19/08/2020 8:51:09 PM,EVENT 57453 1597867503 0/0/0/0/0 SIGNON 2515 03cffacd OK 26 180299 0 v:124
19/08/2020 8:51:09 PM,252 Event OK
19/08/2020 8:51:10 PM,EVENT 57454 1597867513 0/0/0/99/0 INPUT 1 0 22 v:124
19/08/2020 8:51:10 PM,252 Event OK
19/08/2020 8:51:10 PM,EVENT 57455 1597867514 0/0/0/99/0 INPUT 4 1 0 v:124
19/08/2020 8:51:10 PM,252 Event OK
19/08/2020 8:51:11 PM,EVENT 57456 1597867538 0/0/0/0/5 INPUT 3 1 0 v:124
19/08/2020 8:51:11 PM,252 Event OK
19/08/2020 8:51:12 PM,EVENT 57457 1597867544 0/0/0/0/12 INPUT 3 0 6 v:124
19/08/2020 8:51:12 PM,252 Event OK
19/08/2020 8:51:13 PM,EVENT 57458 1597867563 0/0/0/0/4 INPUT 3 1 0 v:124
19/08/2020 8:51:13 PM,252 Event OK
19/08/2020 8:51:13 PM,EVENT 57459 1597867564 0/0/0/0/9 INPUT 3 0 1 v:124
19/08/2020 8:51:13 PM,252 Event OK
19/08/2020 8:51:14 PM,EVENT 57460 1597867582 0/0/0/0/2 INPUT 3 1 0 v:124
19/08/2020 8:51:14 PM,252 Event OK
19/08/2020 8:51:14 PM,EVENT 57461 1597867594 0/0/0/0/9 INPUT 3 0 12 v:124
19/08/2020 8:51:14 PM,252 Event OK
19/08/2020 8:51:15 PM,EVENT 57462 1597867602 0/0/0/0/4 INPUT 7 1 0 v:124
19/08/2020 8:51:15 PM,252 Event OK
19/08/2020 8:51:16 PM,EVENT 57463 1597867602 0/0/0/0/4 INPUT 8 0 111 v:124
19/08/2020 8:51:16 PM,252 Event OK
19/08/2020 8:51:16 PM,EVENT 57464 1597867603 0/0/0/0/0 INPUT 1 1 0 v:124
19/08/2020 8:51:16 PM,252 Event OK
19/08/2020 8:51:17 PM,EVENT 57465 1597867604 0/0/0/0/0 INPUT 4 0 91 v:124
19/08/2020 8:51:17 PM,252 Event OK
19/08/2020 8:51:18 PM,EVENT 57466 1597867606 0/0/0/0/0 TRIP 57453 19 72 12 10 103 v:124
19/08/2020 8:51:18 PM,252 Event OK
19/08/2020 8:51:19 PM,EVENT 57467 1597867614 0/0/0/0/0 REPORT * 0 0 v:124
19/08/2020 8:51:19 PM,252 Event OK
19/08/2020 8:51:20 PM,EVENT 57468 1597868296 0/0/0/0/0 INPUT 8 1 0 v:124
19/08/2020 8:51:20 PM,252 Event OK
19/08/2020 8:51:21 PM,EVENT 57469 1597868296 0/0/0/0/0 INPUT 7 0 694 v:124
19/08/2020 8:51:21 PM,252 Event OK
19/08/2020 8:51:21 PM,EVENT 57470 1597868307 0/0/0/0/0 SIGNON 2515 03cffacd OK 26 180299 0 v:124
19/08/2020 8:51:21 PM,252 Event OK
19/08/2020 8:51:22 PM,EVENT 57471 1597868317 0/0/0/0/0 INPUT 1 0 714 v:124
19/08/2020 8:51:22 PM,252 Event OK
19/08/2020 8:51:23 PM,EVENT 57472 1597868317 0/0/0/0/0 INPUT 4 1 0 v:124
19/08/2020 8:51:23 PM,252 Event OK
19/08/2020 8:51:23 PM,EVENT 57473 1597868321 0/0/0/0/0 INPUT 4 0 5 v:124
19/08/2020 8:51:23 PM,252 Event OK
19/08/2020 8:51:24 PM,EVENT 57474 1597868321 0/0/0/0/0 INPUT 4 1 0 v:124
19/08/2020 8:51:24 PM,252 Event OK
19/08/2020 8:51:25 PM,EVENT 57475 1597868324 0/0/0/0/5 INPUT 3 1 0 v:124
19/08/2020 8:51:25 PM,252 Event OK
19/08/2020 8:51:26 PM,EVENT 57476 1597868336 0/0/0/0/10 INPUT 3 0 12 v:124
19/08/2020 8:51:26 PM,252 Event OK
19/08/2020 8:51:26 PM,EVENT 57477 1597868396 0/0/0/0/0 INPUT 4 0 75 v:124
19/08/2020 8:51:26 PM,252 Event OK
19/08/2020 8:51:27 PM,EVENT 57478 1597868396 0/0/0/0/0 INPUT 4 1 0 v:124
19/08/2020 8:51:27 PM,252 Event OK
19/08/2020 8:51:28 PM,EVENT 57479 1597868422 0/0/0/0/7 INPUT 3 1 0 v:124
19/08/2020 8:51:28 PM,252 Event OK
19/08/2020 8:51:29 PM,EVENT 57480 1597868435 0/0/0/0/11 INPUT 3 0 13 v:124
19/08/2020 8:51:29 PM,252 Event OK
19/08/2020 8:51:29 PM,EVENT 57481 1597868436 0/0/0/0/7 INPUT 3 1 0 v:124
19/08/2020 8:51:29 PM,252 Event OK
19/08/2020 8:51:30 PM,EVENT 57482 1597868693 0/0/0/0/10 INPUT 3 0 257 v:124
19/08/2020 8:51:30 PM,252 Event OK
19/08/2020 8:51:31 PM,EVENT 57483 1597868694 0/0/0/0/8 INPUT 4 0 298 v:124
19/08/2020 8:51:31 PM,252 Event OK
19/08/2020 8:51:32 PM,EVENT 57484 1597868694 0/0/0/0/7 INPUT 4 1 0 v:124
19/08/2020 8:51:32 PM,252 Event OK
19/08/2020 8:51:32 PM,EVENT 57485 1597868756 0/0/0/0/7 INPUT 3 1 0 v:124
19/08/2020 8:51:32 PM,252 Event OK
19/08/2020 8:51:33 PM,EVENT 57486 1597868771 0/0/0/0/9 INPUT 3 0 15 v:124
19/08/2020 8:51:33 PM,252 Event OK
19/08/2020 8:51:34 PM,EVENT 57487 1597868786 0/0/0/0/0 INPUT 4 0 92 v:124
19/08/2020 8:51:34 PM,252 Event OK
19/08/2020 8:51:34 PM,EVENT 57488 1597868786 0/0/0/0/0 INPUT 4 1 0 v:124
19/08/2020 8:51:34 PM,252 Event OK
19/08/2020 8:51:35 PM,EVENT 57489 1597868789 0/0/0/0/6 INPUT 3 1 0 v:124
19/08/2020 8:51:35 PM,252 Event OK
19/08/2020 8:51:36 PM,EVENT 57490 1597869206 0/0/0/99/11 INPUT 3 0 417 v:124
19/08/2020 8:51:36 PM,252 Event OK
19/08/2020 8:51:37 PM,EVENT 57491 1597869225 0/0/0/0/5 INPUT 3 1 0 v:124
19/08/2020 8:51:37 PM,252 Event OK
19/08/2020 8:51:37 PM,EVENT 57492 1597869412 0/0/0/0/14 INPUT 3 0 186 v:124
19/08/2020 8:51:37 PM,252 Event OK
19/08/2020 8:51:38 PM,EVENT 57493 1597869444 0/0/0/0/0 REPORT 57470 0 0 v:124
19/08/2020 8:51:38 PM,252 Event OK
19/08/2020 8:51:39 PM,EVENT 57494 1597869467 0/0/0/0/0 INPUT 4 0 681 v:124
19/08/2020 8:51:39 PM,252 Event OK
19/08/2020 8:51:39 PM,EVENT 57495 1597869467 0/0/0/0/0 INPUT 4 1 0 v:124
19/08/2020 8:51:39 PM,252 Event OK
19/08/2020 8:51:40 PM,EVENT 57496 1597869502 0/0/0/0/6 INPUT 3 1 0 v:124
19/08/2020 8:51:40 PM,252 Event OK
19/08/2020 8:51:41 PM,EVENT 57497 1597869882 0/0/0/99/9 INPUT 3 0 379 v:124
19/08/2020 8:51:41 PM,252 Event OK
19/08/2020 8:51:41 PM,EVENT 57498 1597869897 0/0/0/99/8 INPUT 3 1 0 v:124
19/08/2020 8:51:41 PM,252 Event OK
19/08/2020 8:51:42 PM,EVENT 57499 1597869917 0/0/0/0/9 INPUT 3 0 20 v:124
19/08/2020 8:51:42 PM,252 Event OK
19/08/2020 8:51:43 PM,EVENT 57500 1597869918 0/0/0/0/8 INPUT 3 1 0 v:124
19/08/2020 8:51:43 PM,252 Event OK
19/08/2020 8:51:43 PM,EVENT 57501 1597869919 0/0/0/0/9 INPUT 3 0 1 v:124
19/08/2020 8:51:43 PM,252 Event OK
19/08/2020 8:51:44 PM,EVENT 57502 1597869921 0/0/0/0/8 INPUT 3 1 0 v:124
19/08/2020 8:51:44 PM,252 Event OK
19/08/2020 8:51:45 PM,EVENT 57503 1597869929 0/0/0/0/9 INPUT 3 0 8 v:124
19/08/2020 8:51:45 PM,252 Event OK
19/08/2020 8:51:45 PM,EVENT 57504 1597869931 0/0/0/0/8 INPUT 3 1 0 v:124
19/08/2020 8:51:45 PM,252 Event OK
19/08/2020 8:51:46 PM,EVENT 57505 1597869963 0/0/0/0/9 INPUT 3 0 32 v:124
19/08/2020 8:51:46 PM,252 Event OK
19/08/2020 8:51:47 PM,EVENT 57506 1597869964 0/0/0/0/8 INPUT 3 1 0 v:124
19/08/2020 8:51:47 PM,252 Event OK
19/08/2020 8:51:47 PM,EVENT 57507 1597869972 0/0/0/0/9 INPUT 3 0 8 v:124
19/08/2020 8:51:47 PM,252 Event OK
19/08/2020 8:51:48 PM,EVENT 57508 1597869973 0/0/0/0/8 INPUT 3 1 0 v:124
19/08/2020 8:51:48 PM,252 Event OK
19/08/2020 8:51:49 PM,EVENT 57509 1597869991 0/0/0/0/9 INPUT 3 0 18 v:124
19/08/2020 8:51:49 PM,252 Event OK
19/08/2020 8:51:49 PM,EVENT 57510 1597869992 0/0/0/0/8 INPUT 3 1 0 v:124
19/08/2020 8:51:49 PM,252 Event OK
19/08/2020 8:51:50 PM,EVENT 57511 1597870007 0/0/0/0/9 INPUT 3 0 14 v:124
19/08/2020 8:51:50 PM,252 Event OK
19/08/2020 8:51:51 PM,EVENT 57512 1597870011 0/0/0/0/8 INPUT 3 1 0 v:124
19/08/2020 8:51:51 PM,252 Event OK
19/08/2020 8:51:51 PM,EVENT 57513 1597870022 0/0/0/0/9 INPUT 3 0 11 v:124
19/08/2020 8:51:51 PM,252 Event OK
19/08/2020 8:51:52 PM,EVENT 57514 1597870023 0/0/0/0/8 INPUT 3 1 0 v:124
19/08/2020 8:51:52 PM,252 Event OK
19/08/2020 8:51:53 PM,EVENT 57515 1597870025 0/0/0/0/9 INPUT 3 0 3 v:124
19/08/2020 8:51:53 PM,252 Event OK
19/08/2020 8:51:53 PM,EVENT 57516 1597870026 0/0/0/0/8 INPUT 3 1 0 v:124
19/08/2020 8:51:53 PM,252 Event OK
19/08/2020 8:51:54 PM,EVENT 57517 1597870061 0/0/0/0/9 INPUT 3 0 35 v:124
19/08/2020 8:51:54 PM,252 Event OK
19/08/2020 8:51:55 PM,EVENT 57518 1597870062 0/0/0/0/8 INPUT 3 1 0 v:124
19/08/2020 8:51:55 PM,252 Event OK
19/08/2020 8:51:55 PM,EVENT 57519 1597870091 0/0/0/0/9 INPUT 3 0 29 v:124
19/08/2020 8:51:55 PM,252 Event OK
19/08/2020 8:51:56 PM,EVENT 57520 1597870092 0/0/0/0/8 INPUT 3 1 0 v:124
19/08/2020 8:51:56 PM,252 Event OK
19/08/2020 8:51:57 PM,EVENT 57521 1597870095 0/0/0/0/9 INPUT 3 0 2 v:124
19/08/2020 8:51:57 PM,252 Event OK
19/08/2020 8:51:57 PM,EVENT 57522 1597870097 0/0/0/0/8 INPUT 3 1 0 v:124
19/08/2020 8:51:57 PM,252 Event OK
19/08/2020 8:51:58 PM,EVENT 57523 1597870177 0/0/0/0/15 INPUT 3 0 79 v:124
19/08/2020 8:51:58 PM,252 Event OK
19/08/2020 8:51:59 PM,EVENT 57524 1597870211 -310121817/1219228487/1528/0/0 INPUT 4 0 744 v:124
19/08/2020 8:51:59 PM,252 Event OK
19/08/2020 8:52:00 PM,EVENT 57525 1597870211 -310121817/1219228487/1528/0/0 INPUT 4 1 0 v:124
19/08/2020 8:52:00 PM,252 Event OK
19/08/2020 8:52:00 PM,EVENT 57526 1597870232 -310121736/1219228617/957/3/0 INPUT 4 0 21 v:124
19/08/2020 8:52:00 PM,252 Event OK
19/08/2020 8:52:01 PM,EVENT 57527 1597870232 -310121736/1219228617/957/3/0 INPUT 4 1 0 v:124
19/08/2020 8:52:01 PM,252 Event OK
19/08/2020 8:52:02 PM,EVENT 57528 1597870234 -310121572/1219228935/938/3/5 INPUT 3 1 0 v:124
19/08/2020 8:52:02 PM,252 Event OK
19/08/2020 8:52:03 PM,EVENT 57529 1597870285 -310128220/1219229349/903/8/9 INPUT 3 0 52 v:124
19/08/2020 8:52:03 PM,252 Event OK
19/08/2020 8:52:04 PM,EVENT 57530 1597870288 -310128160/1219229306/903/8/4 INPUT 7 1 0 v:124
19/08/2020 8:52:04 PM,252 Event OK
19/08/2020 8:52:04 PM,EVENT 57531 1597870288 -310128160/1219229306/903/8/4 INPUT 8 0 1992 v:124
19/08/2020 8:52:04 PM,252 Event OK
19/08/2020 8:52:05 PM,EVENT 57532 1597870289 -310128158/1219229309/901/8/1 INPUT 1 1 0 v:124
19/08/2020 8:52:05 PM,252 Event OK
19/08/2020 8:52:06 PM,EVENT 57533 1597870289 -310128157/1219229310/901/8/0 INPUT 4 0 57 v:124
19/08/2020 8:52:06 PM,252 Event OK
19/08/2020 8:52:07 PM,EVENT 57534 1597870292 -310128154/1219229315/900/8/0 TRIP 57470 1591 382 13 10 1986 v:124
19/08/2020 8:52:07 PM,252 Event OK
19/08/2020 8:52:08 PM,QUIT
19/08/2020 8:52:08 PM,221 Session ended - goodbye
19/08/2020 8:53:00 PM,UNIT 9279
19/08/2020 8:53:00 PM,333 CHAL 5980CEEA
19/08/2020 8:53:00 PM,RESP DDAF0CE9
19/08/2020 8:53:00 PM,230 Auth OK
19/08/2020 8:53:01 PM,TIME
19/08/2020 8:53:01 PM,211 TIME 1597870381
19/08/2020 8:53:01 PM,EVCOUNT 2
19/08/2020 8:53:01 PM,252 Event OK
19/08/2020 8:53:02 PM,TODO
19/08/2020 8:53:02 PM,125 TODO GETXML 2000 Operators 
225 Work list complete
19/08/2020 8:53:02 PM,GETXML
19/08/2020 8:53:02 PM,Binary data 4241 bytes
19/08/2020 8:53:03 PM,GOT Operators 4193 B22E2A56
19/08/2020 8:53:03 PM,250 Download OK
19/08/2020 8:53:03 PM,EVENT 57535 1597870381 -310128235/1219229407/845/2/0 INPUT 8 1 0 v:124
19/08/2020 8:53:03 PM,252 Event OK
19/08/2020 8:53:04 PM,EVENT 57536 1597870381 -310128234/1219229411/845/2/0 INPUT 7 0 93 v:124
19/08/2020 8:53:04 PM,252 Event OK
19/08/2020 8:53:04 PM,QUIT
19/08/2020 8:53:04 PM,221 Session ended - goodbye
19/08/2020 8:53:13 PM,UNIT 9279
19/08/2020 8:53:13 PM,333 CHAL 2380AF98
19/08/2020 8:53:14 PM,RESP 21D21525
19/08/2020 8:53:14 PM,230 Auth OK
19/08/2020 8:53:14 PM,TIME
19/08/2020 8:53:14 PM,211 TIME 1597870394
19/08/2020 8:53:15 PM,EVCOUNT 3
19/08/2020 8:53:15 PM,252 Event OK
19/08/2020 8:53:15 PM,TODO
19/08/2020 8:53:15 PM,226 Nothing to do
19/08/2020 8:53:16 PM,EVENT 57537 1597870388 -310128198/1219229459/818/2/0 SIGNON 2515 03cffacd OK 26 180299 0 v:124
19/08/2020 8:53:16 PM,252 Event OK
19/08/2020 8:53:17 PM,EVENT 57538 1597870396 -310128172/1219229497/804/2/0 INPUT 1 0 108 v:124
19/08/2020 8:53:17 PM,252 Event OK
19/08/2020 8:53:18 PM,EVENT 57539 1597870397 -310128172/1219229500/803/2/0 INPUT 4 1 0 v:124
19/08/2020 8:53:18 PM,252 Event OK
19/08/2020 8:53:18 PM,QUIT
19/08/2020 8:53:18 PM,221 Session ended - goodbye
19/08/2020 8:53:29 PM,UNIT 9279
19/08/2020 8:53:29 PM,333 CHAL 4B2E1C2E
19/08/2020 8:53:29 PM,RESP 9E18D14C
19/08/2020 8:53:29 PM,230 Auth OK
19/08/2020 8:53:30 PM,TIME
19/08/2020 8:53:30 PM,211 TIME 1597870410
19/08/2020 8:53:30 PM,EVCOUNT 2
19/08/2020 8:53:30 PM,252 Event OK
19/08/2020 8:53:31 PM,TODO
19/08/2020 8:53:31 PM,226 Nothing to do
19/08/2020 8:53:32 PM,EVENT 57540 1597870404 -310128152/1219229518/784/2/0 INPUT 4 0 8 v:123
19/08/2020 8:53:32 PM,252 Event OK
19/08/2020 8:53:42 PM,EVENT 57541 1597870404 -310128152/1219229518/784/2/0 INPUT 4 1 0 v:123
19/08/2020 8:53:42 PM,252 Event OK
19/08/2020 8:53:43 PM,EVENT 57542 1597870421 -310128735/1219229657/841/2/3 INPUT 3 1 0 v:124
19/08/2020 8:53:43 PM,252 Event OK
19/08/2020 8:53:43 PM,QUIT
19/08/2020 8:53:43 PM,221 Session ended - goodbye
19/08/2020 8:53:59 PM,UNIT 9279
19/08/2020 8:53:59 PM,333 CHAL 400FE20B
19/08/2020 8:54:00 PM,RESP 68F50ED0
19/08/2020 8:54:00 PM,230 Auth OK
19/08/2020 8:54:00 PM,TIME
19/08/2020 8:54:00 PM,211 TIME 1597870440
19/08/2020 8:54:00 PM,EVCOUNT 6
19/08/2020 8:54:00 PM,252 Event OK
19/08/2020 8:54:01 PM,TODO
19/08/2020 8:54:01 PM,226 Nothing to do
19/08/2020 8:54:02 PM,EVENT 57543 1597870441 -310123909/1219231358/853/3/10 INPUT 3 0 20 v:124
19/08/2020 8:54:02 PM,252 Event OK
19/08/2020 8:54:02 PM,EVENT 57544 1597870443 -310123937/1219231317/866/3/3 INPUT 7 1 0 v:124
19/08/2020 8:54:02 PM,252 Event OK
19/08/2020 8:54:03 PM,EVENT 57545 1597870443 -310123937/1219231317/866/3/3 INPUT 8 0 62 v:124
19/08/2020 8:54:03 PM,252 Event OK
19/08/2020 8:54:04 PM,EVENT 57546 1597870443 -310123937/1219231314/870/3/2 INPUT 4 0 39 v:124
19/08/2020 8:54:04 PM,252 Event OK
19/08/2020 8:54:05 PM,EVENT 57547 1597870443 -310123937/1219231311/874/3/1 INPUT 4 1 0 v:124
19/08/2020 8:54:05 PM,252 Event OK
19/08/2020 8:54:05 PM,EVENT 57548 1597870444 -310123937/1219231311/874/3/0 INPUT 1 1 0 v:124
19/08/2020 8:54:05 PM,252 Event OK
19/08/2020 8:54:06 PM,EVENT 57549 1597870447 -310123941/1219231306/903/3/0 TRIP 57537 20 31 8 8 59 v:124
19/08/2020 8:54:06 PM,252 Event OK
19/08/2020 8:54:07 PM,EVENT 57550 1597870448 -310123941/1219231306/907/3/0 INPUT 4 0 4 v:124
19/08/2020 8:54:07 PM,252 Event OK
19/08/2020 8:54:07 PM,QUIT
19/08/2020 8:54:07 PM,221 Session ended - goodbye
19/08/2020 9:11:15 PM,UNIT 9279
19/08/2020 9:11:15 PM,333 CHAL 70DD9D08
19/08/2020 9:11:16 PM,RESP 7426788E
19/08/2020 9:11:16 PM,230 Auth OK
19/08/2020 9:11:16 PM,TIME
19/08/2020 9:11:16 PM,211 TIME 1597871476
19/08/2020 9:11:17 PM,EVCOUNT 2
19/08/2020 9:11:17 PM,252 Event OK
19/08/2020 9:11:17 PM,TODO
19/08/2020 9:11:17 PM,226 Nothing to do
19/08/2020 9:11:18 PM,EVENT 57551 1597871476 -310124025/1219231407/1003/6/0 INPUT 8 1 0 v:124
19/08/2020 9:11:18 PM,252 Event OK
19/08/2020 9:11:18 PM,EVENT 57552 1597871477 -310124022/1219231410/1001/6/0 INPUT 7 0 1034 v:124
19/08/2020 9:11:18 PM,252 Event OK
19/08/2020 9:11:19 PM,QUIT
19/08/2020 9:11:19 PM,221 Session ended - goodbye
19/08/2020 9:11:29 PM,UNIT 9279
19/08/2020 9:11:29 PM,333 CHAL 769D1669
19/08/2020 9:11:29 PM,RESP B129EC27
19/08/2020 9:11:29 PM,230 Auth OK
19/08/2020 9:11:30 PM,TIME
19/08/2020 9:11:30 PM,211 TIME 1597871490
19/08/2020 9:11:30 PM,EVCOUNT 3
19/08/2020 9:11:30 PM,252 Event OK
19/08/2020 9:11:31 PM,TODO
19/08/2020 9:11:31 PM,226 Nothing to do
19/08/2020 9:11:32 PM,EVENT 57553 1597871486 -310124002/1219231464/972/0/0 SIGNON 2515 03cffacd OK 26 180299 0 v:124
19/08/2020 9:11:32 PM,252 Event OK
19/08/2020 9:11:32 PM,EVENT 57554 1597871493 -310124000/1219231474/968/0/0 INPUT 1 0 1049 v:124
19/08/2020 9:11:32 PM,252 Event OK
19/08/2020 9:11:33 PM,EVENT 57555 1597871493 -310124001/1219231476/969/0/0 INPUT 4 1 0 v:124
19/08/2020 9:11:33 PM,252 Event OK
19/08/2020 9:11:34 PM,QUIT
19/08/2020 9:11:34 PM,221 Session ended - goodbye
19/08/2020 9:11:43 PM,UNIT 9279
19/08/2020 9:11:43 PM,333 CHAL 1009795F
19/08/2020 9:11:44 PM,RESP 4F56C4DC
19/08/2020 9:11:44 PM,230 Auth OK
19/08/2020 9:11:45 PM,TIME
19/08/2020 9:11:45 PM,211 TIME 1597871505
19/08/2020 9:11:45 PM,EVCOUNT 2
19/08/2020 9:11:45 PM,252 Event OK
19/08/2020 9:11:46 PM,TODO
19/08/2020 9:11:46 PM,226 Nothing to do
19/08/2020 9:11:47 PM,EVENT 57556 1597871505 -310123390/1219232555/915/0/6 INPUT 4 0 13 v:124
19/08/2020 9:11:47 PM,252 Event OK
19/08/2020 9:11:48 PM,EVENT 57557 1597871506 -310123371/1219232582/908/0/4 INPUT 4 1 0 v:124
19/08/2020 9:11:48 PM,252 Event OK
19/08/2020 9:11:48 PM,EVENT 57558 1597871510 -310123540/1219232220/874/0/6 INPUT 3 1 0 v:124
19/08/2020 9:11:48 PM,252 Event OK
19/08/2020 9:11:50 PM,QUIT
19/08/2020 9:11:50 PM,221 Session ended - goodbye
19/08/2020 9:12:01 PM,UNIT 9279
19/08/2020 9:12:01 PM,333 CHAL 44B356B7
19/08/2020 9:12:01 PM,RESP 0E90CAAA
19/08/2020 9:12:01 PM,230 Auth OK
19/08/2020 9:12:02 PM,TIME
19/08/2020 9:12:02 PM,211 TIME 1597871522
19/08/2020 9:12:03 PM,EVCOUNT 1
19/08/2020 9:12:03 PM,252 Event OK
19/08/2020 9:12:03 PM,TODO
19/08/2020 9:12:03 PM,226 Nothing to do
19/08/2020 9:12:04 PM,EVENT 57559 1597871518 -310125163/1219234237/858/6/17 REPORT 57553 17 95 v:124
19/08/2020 9:12:04 PM,252 Event OK
19/08/2020 9:12:05 PM,QUIT
19/08/2020 9:12:05 PM,221 Session ended - goodbye
19/08/2020 9:13:03 PM,UNIT 9279
19/08/2020 9:13:03 PM,333 CHAL 6CDF36D5
19/08/2020 9:13:03 PM,RESP A2792EA9
19/08/2020 9:13:03 PM,230 Auth OK
19/08/2020 9:13:04 PM,TIME
19/08/2020 9:13:04 PM,211 TIME 1597871584
19/08/2020 9:13:05 PM,EVCOUNT 3
19/08/2020 9:13:05 PM,252 Event OK
19/08/2020 9:13:06 PM,TODO
19/08/2020 9:13:06 PM,226 Nothing to do
19/08/2020 9:13:07 PM,EVENT 57560 1597871584 -310143263/1219232480/794/3/13 INPUT 3 0 74 v:124
19/08/2020 9:13:07 PM,252 Event OK
19/08/2020 9:13:09 PM,EVENT 57561 1597871585 -310143436/1219232358/812/3/8 INPUT 4 0 80 v:124
19/08/2020 9:13:09 PM,252 Event OK
19/08/2020 9:13:12 PM,EVENT 57562 1597871585 -310143436/1219232358/812/3/7 INPUT 4 1 0 v:124
19/08/2020 9:13:12 PM,252 Event OK
19/08/2020 9:13:12 PM,EVENT 57563 1597871590 -310143579/1219232338/819/3/0 INPUT 7 1 0 v:124
19/08/2020 9:13:12 PM,252 Event OK
19/08/2020 9:13:12 PM,EVENT 57564 1597871590 -310143579/1219232338/819/3/0 INPUT 8 0 113 v:124
19/08/2020 9:13:12 PM,252 Event OK
19/08/2020 9:13:13 PM,EVENT 57565 1597871591 -310143583/1219232341/820/3/0 INPUT 1 1 0 v:124
19/08/2020 9:13:13 PM,252 Event OK
19/08/2020 9:13:13 PM,EVENT 57566 1597871592 -310143588/1219232343/821/3/0 INPUT 4 0 7 v:124
19/08/2020 9:13:13 PM,252 Event OK
19/08/2020 9:13:13 PM,EVENT 57567 1597871594 -310143598/1219232350/820/3/0 TRIP 57553 74 26 8 6 108 v:124
19/08/2020 9:13:13 PM,252 Event OK
19/08/2020 9:13:13 PM,QUIT
19/08/2020 9:13:13 PM,221 Session ended - goodbye
19/08/2020 10:14:53 PM,UNIT 9279
19/08/2020 10:14:53 PM,333 CHAL 874D947
19/08/2020 10:14:54 PM,RESP 7686531F
19/08/2020 10:14:54 PM,230 Auth OK
19/08/2020 10:14:54 PM,TIME
19/08/2020 10:14:54 PM,211 TIME 1597875294
19/08/2020 10:14:55 PM,EVCOUNT 13
19/08/2020 10:14:55 PM,252 Event OK
19/08/2020 10:14:56 PM,TODO
19/08/2020 10:14:56 PM,226 Nothing to do
19/08/2020 10:14:57 PM,EVENT 57568 1597875271 0/0/0/0/0 SWSTART OpusFC 5.0.58.518 R v:123
19/08/2020 10:14:57 PM,252 Event OK
19/08/2020 10:14:58 PM,EVENT 57569 1597871594 0/0/0/0/0 POWERDOWN v:124
19/08/2020 10:14:58 PM,252 Event OK
19/08/2020 10:14:59 PM,EVENT 57570 1597875271 0/0/0/0/0 INPUT 1 1 0 v:123
19/08/2020 10:14:59 PM,252 Event OK
19/08/2020 10:14:59 PM,EVENT 57571 1597875271 0/0/0/0/0 INPUT 2 0 0 v:123
19/08/2020 10:14:59 PM,252 Event OK
19/08/2020 10:15:00 PM,EVENT 57572 1597875271 0/0/0/0/0 INPUT 3 0 0 v:123
19/08/2020 10:15:00 PM,252 Event OK
19/08/2020 10:15:01 PM,EVENT 57573 1597875271 0/0/0/0/0 INPUT 4 0 0 v:123
19/08/2020 10:15:01 PM,252 Event OK
19/08/2020 10:15:02 PM,EVENT 57574 1597875271 0/0/0/0/0 INPUT 7 0 0 v:123
19/08/2020 10:15:02 PM,252 Event OK
19/08/2020 10:15:02 PM,EVENT 57575 1597875271 0/0/0/0/0 INPUT 8 1 0 v:123
19/08/2020 10:15:02 PM,252 Event OK
19/08/2020 10:15:03 PM,EVENT 57576 1597875273 0/0/0/0/0 ZONE_OK 2 100 FW=NO VERSION v:123
19/08/2020 10:15:03 PM,252 Event OK
19/08/2020 10:15:04 PM,EVENT 57577 1597875282 0/0/0/0/0 SIGNON 2478 01d3f130 OK_CL 26 160767 0 v:123
19/08/2020 10:15:04 PM,252 Event OK
19/08/2020 10:15:05 PM,EVENT 57578 1597875287 0/0/0/4/0 CHECKLIST 57577 OK 0 5 432 F v:123
19/08/2020 10:15:05 PM,252 Event OK
19/08/2020 10:15:05 PM,EVENT 57579 1597875293 0/0/0/4/0 INPUT 4 1 0 v:123
19/08/2020 10:15:05 PM,252 Event OK
19/08/2020 10:15:06 PM,EVENT 57580 1597875294 0/0/0/4/0 INPUT 1 0 23 v:123
19/08/2020 10:15:06 PM,252 Event OK
19/08/2020 10:15:07 PM,EVENT 57581 1597875307 -310143338/1219232311/2723/4/0 INPUT 4 0 14 v:123
19/08/2020 10:15:07 PM,252 Event OK
19/08/2020 10:15:08 PM,EVENT 57582 1597875308 -310143318/1219232315/2533/4/0 INPUT 4 1 0 v:123
19/08/2020 10:15:08 PM,252 Event OK
19/08/2020 10:15:09 PM,EVENT 57583 1597875311 -310143106/1219232428/1941/4/3 INPUT 4 0 4 v:123
19/08/2020 10:15:09 PM,252 Event OK
19/08/2020 10:15:11 PM,EVENT 57584 1597875311 -310143106/1219232428/1941/4/3 INPUT 4 1 0 v:123
19/08/2020 10:15:11 PM,252 Event OK
19/08/2020 10:15:11 PM,QUIT
19/08/2020 10:15:11 PM,221 Session ended - goodbye
19/08/2020 10:15:23 PM,UNIT 9279
19/08/2020 10:15:23 PM,333 CHAL 6C527140
19/08/2020 10:15:24 PM,RESP 1D9FE683
19/08/2020 10:15:24 PM,230 Auth OK
19/08/2020 10:15:24 PM,TIME
19/08/2020 10:15:24 PM,211 TIME 1597875324
19/08/2020 10:15:25 PM,EVCOUNT 1
19/08/2020 10:15:25 PM,252 Event OK
19/08/2020 10:15:26 PM,TODO
19/08/2020 10:15:26 PM,226 Nothing to do
19/08/2020 10:15:28 PM,EVENT 57585 1597875319 -310143410/1219231541/1360/4/7 INPUT 3 1 0 v:124
19/08/2020 10:15:28 PM,252 Event OK
19/08/2020 10:15:29 PM,QUIT
19/08/2020 10:15:29 PM,221 Session ended - goodbye
19/08/2020 11:35:52 PM,UNIT 9279
19/08/2020 11:35:52 PM,333 CHAL 5ED35283
19/08/2020 11:35:52 PM,RESP 47F19242
19/08/2020 11:35:52 PM,230 Auth OK
19/08/2020 11:36:04 PM,TIME
19/08/2020 11:36:04 PM,211 TIME 1597880164
19/08/2020 11:36:25 PM,UNIT 9279
19/08/2020 11:36:25 PM,333 CHAL 7EFC4018
19/08/2020 11:36:25 PM,RESP 1FC8A499
19/08/2020 11:36:25 PM,230 Auth OK
19/08/2020 11:36:25 PM,TIME
19/08/2020 11:36:25 PM,211 TIME 1597880185
19/08/2020 11:36:25 PM,EVCOUNT 84
19/08/2020 11:36:25 PM,252 Event OK
19/08/2020 11:36:25 PM,TODO
19/08/2020 11:36:25 PM,125 TODO GETXML 2000 Operators 
225 Work list complete
19/08/2020 11:36:26 PM,GETXML
19/08/2020 11:36:26 PM,Binary data 4288 bytes
19/08/2020 11:36:26 PM,GOT Operators 4240 6293E93F
19/08/2020 11:36:26 PM,250 Download OK
19/08/2020 11:36:27 PM,EVENT 57586 1597875392 -310129192/1219228497/984/0/10 INPUT 3 0 74 v:124
19/08/2020 11:36:27 PM,252 Event OK
19/08/2020 11:36:27 PM,EVENT 57587 1597875468 -310129167/1219228736/1078/0/0 INPUT 4 0 157 v:123
19/08/2020 11:36:27 PM,252 Event OK
19/08/2020 11:36:27 PM,EVENT 57588 1597875468 -310129167/1219228736/1078/0/0 INPUT 4 1 0 v:123
19/08/2020 11:36:27 PM,252 Event OK
19/08/2020 11:36:27 PM,EVENT 57589 1597875475 -310128945/1219229211/1071/0/7 INPUT 3 1 0 v:124
19/08/2020 11:36:27 PM,252 Event OK
19/08/2020 11:36:28 PM,EVENT 57590 1597875513 -310119407/1219234500/974/0/10 INPUT 3 0 38 v:124
19/08/2020 11:36:28 PM,252 Event OK
19/08/2020 11:36:28 PM,EVENT 57591 1597875519 -310118925/1219234067/959/0/4 INPUT 3 1 0 v:124
19/08/2020 11:36:28 PM,252 Event OK
19/08/2020 11:36:28 PM,EVENT 57592 1597875521 -310118762/1219233567/940/0/10 INPUT 3 0 2 v:124
19/08/2020 11:36:28 PM,252 Event OK
19/08/2020 11:36:29 PM,EVENT 57593 1597875522 -310118768/1219233311/935/0/8 INPUT 3 1 0 v:124
19/08/2020 11:36:29 PM,252 Event OK
19/08/2020 11:36:29 PM,EVENT 57594 1597875536 -310121650/1219229400/916/6/9 INPUT 3 0 15 v:123
19/08/2020 11:36:29 PM,252 Event OK
19/08/2020 11:36:29 PM,EVENT 57595 1597875538 -310121776/1219229211/893/6/6 INPUT 7 1 0 v:123
19/08/2020 11:36:29 PM,252 Event OK
19/08/2020 11:36:30 PM,EVENT 57596 1597875538 -310121776/1219229211/893/6/6 INPUT 8 0 267 v:123
19/08/2020 11:36:30 PM,252 Event OK
19/08/2020 11:36:30 PM,EVENT 57597 1597875539 -310121778/1219229203/888/6/2 INPUT 1 1 0 v:123
19/08/2020 11:36:30 PM,252 Event OK
19/08/2020 11:36:30 PM,EVENT 57598 1597875542 -310121777/1219229214/879/6/0 INPUT 4 0 74 v:123
19/08/2020 11:36:30 PM,252 Event OK
19/08/2020 11:36:31 PM,EVENT 57599 1597875543 -310121777/1219229218/874/6/0 TRIP 57577 129 120 9 8 258 v:123
19/08/2020 11:36:31 PM,252 Event OK
19/08/2020 11:36:31 PM,EVENT 57600 1597875578 -310121694/1219229176/798/0/0 REPORT * 0 232 v:123
19/08/2020 11:36:31 PM,252 Event OK
19/08/2020 11:36:31 PM,EVENT 57601 1597877041 -310121703/1219229125/784/0/0 INPUT 8 1 0 v:123
19/08/2020 11:36:31 PM,252 Event OK
19/08/2020 11:36:32 PM,EVENT 57602 1597877041 -310121702/1219229124/786/0/0 INPUT 7 0 1502 v:123
19/08/2020 11:36:32 PM,252 Event OK
19/08/2020 11:36:32 PM,EVENT 57603 1597877042 -310121700/1219229123/790/0/0 DEBUG Time(BAD):1597877042->4294967295 v:123
19/08/2020 11:36:32 PM,252 Event OK
19/08/2020 11:36:32 PM,EVENT 57604 1597877068 -310121725/1219229176/731/0/0 SIGNON 2478 01d3f130 OK 26 160767 0 v:123
19/08/2020 11:36:32 PM,252 Event OK
19/08/2020 11:36:33 PM,EVENT 57605 1597877078 -310121774/1219229224/706/0/0 INPUT 1 0 1538 v:124
19/08/2020 11:36:33 PM,252 Event OK
19/08/2020 11:36:33 PM,EVENT 57606 1597877078 -310121775/1219229226/707/0/0 INPUT 4 1 0 v:124
19/08/2020 11:36:33 PM,252 Event OK
19/08/2020 11:36:34 PM,EVENT 57607 1597877085 -310122065/1219228493/723/0/8 INPUT 3 1 0 v:124
19/08/2020 11:36:34 PM,252 Event OK
19/08/2020 11:36:34 PM,EVENT 57608 1597877408 0/0/0/0/21 REPORT 57604 0 0 v:124
19/08/2020 11:36:34 PM,252 Event OK
19/08/2020 11:36:34 PM,EVENT 57609 1597877743 0/0/0/0/10 INPUT 3 0 657 v:124
19/08/2020 11:36:34 PM,252 Event OK
19/08/2020 11:36:35 PM,EVENT 57610 1597877744 0/0/0/0/8 INPUT 3 1 0 v:124
19/08/2020 11:36:35 PM,252 Event OK
19/08/2020 11:36:35 PM,EVENT 57611 1597877756 0/0/0/0/10 INPUT 3 0 13 v:124
19/08/2020 11:36:35 PM,252 Event OK
19/08/2020 11:36:35 PM,EVENT 57612 1597877782 0/0/0/0/3 INPUT 4 0 704 v:124
19/08/2020 11:36:35 PM,252 Event OK
19/08/2020 11:36:36 PM,EVENT 57613 1597877782 0/0/0/0/3 INPUT 4 1 0 v:124
19/08/2020 11:36:36 PM,252 Event OK
19/08/2020 11:36:36 PM,EVENT 57614 1597877789 0/0/0/0/0 INPUT 4 0 7 v:124
19/08/2020 11:36:36 PM,252 Event OK
19/08/2020 11:36:36 PM,EVENT 57615 1597877789 0/0/0/0/0 INPUT 4 1 0 v:124
19/08/2020 11:36:36 PM,252 Event OK
19/08/2020 11:36:37 PM,EVENT 57616 1597877798 0/0/0/0/0 INPUT 4 0 9 v:124
19/08/2020 11:36:37 PM,252 Event OK
19/08/2020 11:36:37 PM,EVENT 57617 1597877798 0/0/0/0/0 INPUT 4 1 0 v:124
19/08/2020 11:36:37 PM,252 Event OK
19/08/2020 11:36:37 PM,EVENT 57618 1597877806 0/0/0/0/8 INPUT 3 1 0 v:124
19/08/2020 11:36:37 PM,252 Event OK
19/08/2020 11:36:38 PM,EVENT 57619 1597877809 0/0/0/0/9 INPUT 3 0 3 v:124
19/08/2020 11:36:38 PM,252 Event OK
19/08/2020 11:36:38 PM,EVENT 57620 1597877810 0/0/0/0/8 INPUT 3 1 0 v:124
19/08/2020 11:36:38 PM,252 Event OK
19/08/2020 11:36:38 PM,EVENT 57621 1597877813 0/0/0/0/9 INPUT 3 0 4 v:124
19/08/2020 11:36:38 PM,252 Event OK
19/08/2020 11:36:38 PM,EVENT 57622 1597877816 0/0/0/0/7 INPUT 3 1 0 v:124
19/08/2020 11:36:38 PM,252 Event OK
19/08/2020 11:36:39 PM,EVENT 57623 1597878201 0/0/0/0/11 INPUT 3 0 384 v:124
19/08/2020 11:36:39 PM,252 Event OK
19/08/2020 11:36:39 PM,EVENT 57624 1597878208 0/0/0/0/3 INPUT 4 0 410 v:124
19/08/2020 11:36:39 PM,252 Event OK
19/08/2020 11:36:40 PM,EVENT 57625 1597878208 0/0/0/0/3 INPUT 4 1 0 v:124
19/08/2020 11:36:40 PM,252 Event OK
19/08/2020 11:36:40 PM,EVENT 57626 1597878227 0/0/0/0/0 INPUT 4 0 19 v:124
19/08/2020 11:36:40 PM,252 Event OK
19/08/2020 11:36:40 PM,EVENT 57627 1597878227 0/0/0/0/0 INPUT 4 1 0 v:124
19/08/2020 11:36:40 PM,252 Event OK
19/08/2020 11:36:41 PM,EVENT 57628 1597878252 0/0/0/0/5 INPUT 3 1 0 v:124
19/08/2020 11:36:41 PM,252 Event OK
19/08/2020 11:36:41 PM,EVENT 57629 1597878261 0/0/0/0/10 INPUT 3 0 9 v:124
19/08/2020 11:36:41 PM,252 Event OK
19/08/2020 11:36:41 PM,EVENT 57630 1597878335 0/0/0/0/0 INPUT 4 0 108 v:124
19/08/2020 11:36:41 PM,252 Event OK
19/08/2020 11:36:41 PM,EVENT 57631 1597878335 0/0/0/0/0 INPUT 4 1 0 v:124
19/08/2020 11:36:41 PM,252 Event OK
19/08/2020 11:36:42 PM,EVENT 57632 1597878340 0/0/0/0/6 INPUT 3 1 0 v:124
19/08/2020 11:36:42 PM,252 Event OK
19/08/2020 11:36:42 PM,EVENT 57633 1597878350 0/0/0/0/9 INPUT 3 0 9 v:124
19/08/2020 11:36:42 PM,252 Event OK
19/08/2020 11:36:44 PM,EVENT 57634 1597878356 0/0/0/0/0 INPUT 4 0 21 v:124
19/08/2020 11:36:44 PM,252 Event OK
19/08/2020 11:36:44 PM,EVENT 57635 1597878356 0/0/0/0/0 INPUT 4 1 0 v:123
19/08/2020 11:36:44 PM,252 Event OK
19/08/2020 11:36:44 PM,EVENT 57636 1597878370 0/0/0/0/0 INPUT 4 0 14 v:123
19/08/2020 11:36:44 PM,252 Event OK
19/08/2020 11:36:44 PM,EVENT 57637 1597878370 0/0/0/0/0 INPUT 4 1 0 v:123
19/08/2020 11:36:44 PM,252 Event OK
19/08/2020 11:36:45 PM,EVENT 57638 1597878381 0/0/0/0/8 INPUT 3 1 0 v:124
19/08/2020 11:36:45 PM,252 Event OK
19/08/2020 11:36:45 PM,EVENT 57639 1597878399 0/0/0/0/10 INPUT 3 0 18 v:124
19/08/2020 11:36:45 PM,252 Event OK
19/08/2020 11:36:45 PM,EVENT 57640 1597878409 0/0/0/0/4 INPUT 4 0 39 v:124
19/08/2020 11:36:45 PM,252 Event OK
19/08/2020 11:36:46 PM,EVENT 57641 1597878409 0/0/0/0/4 INPUT 4 1 0 v:124
19/08/2020 11:36:46 PM,252 Event OK
19/08/2020 11:36:46 PM,EVENT 57642 1597878411 0/0/0/0/5 INPUT 3 1 0 v:123
19/08/2020 11:36:46 PM,252 Event OK
19/08/2020 11:36:46 PM,EVENT 57643 1597878672 0/0/0/0/11 INPUT 3 0 262 v:124
19/08/2020 11:36:46 PM,252 Event OK
19/08/2020 11:36:47 PM,EVENT 57644 1597878688 0/0/0/0/0 INPUT 4 0 279 v:124
19/08/2020 11:36:47 PM,252 Event OK
19/08/2020 11:36:47 PM,EVENT 57645 1597878688 0/0/0/0/0 INPUT 4 1 0 v:124
19/08/2020 11:36:47 PM,252 Event OK
19/08/2020 11:36:47 PM,EVENT 57646 1597878702 0/0/0/0/0 INPUT 7 1 0 v:124
19/08/2020 11:36:47 PM,252 Event OK
19/08/2020 11:36:48 PM,EVENT 57647 1597878702 0/0/0/0/0 INPUT 8 0 1662 v:124
19/08/2020 11:36:48 PM,252 Event OK
19/08/2020 11:36:49 PM,EVENT 57648 1597878703 0/0/0/0/0 INPUT 1 1 0 v:124
19/08/2020 11:36:49 PM,252 Event OK
19/08/2020 11:36:49 PM,EVENT 57649 1597878704 0/0/0/0/0 INPUT 4 0 16 v:124
19/08/2020 11:36:49 PM,252 Event OK
19/08/2020 11:36:49 PM,EVENT 57650 1597878707 0/0/0/0/0 TRIP 57604 1359 267 14 11 1640 v:124
19/08/2020 11:36:49 PM,252 Event OK
19/08/2020 11:36:50 PM,EVENT 57651 1597878785 0/0/0/0/0 INPUT 8 1 0 v:124
19/08/2020 11:36:50 PM,252 Event OK
19/08/2020 11:36:50 PM,EVENT 57652 1597878786 0/0/0/0/0 INPUT 7 0 83 v:124
19/08/2020 11:36:50 PM,252 Event OK
19/08/2020 11:36:50 PM,EVENT 57653 1597878799 0/0/0/0/0 SIGNON * 0 NOCARD 26 0 248966 v:124
19/08/2020 11:36:50 PM,252 Event OK
19/08/2020 11:36:51 PM,EVENT 57654 1597878811 0/0/0/0/0 SIGNON 2482 03b7eed3 OK 26 240896 0 v:124
19/08/2020 11:36:51 PM,252 Event OK
19/08/2020 11:36:51 PM,EVENT 57655 1597878817 0/0/0/0/0 INPUT 1 0 114 v:124
19/08/2020 11:36:51 PM,252 Event OK
19/08/2020 11:36:51 PM,EVENT 57656 1597878818 0/0/0/0/0 INPUT 4 1 0 v:124
19/08/2020 11:36:51 PM,252 Event OK
19/08/2020 11:36:52 PM,EVENT 57657 1597878833 0/0/0/0/7 INPUT 3 1 0 v:124
19/08/2020 11:36:52 PM,252 Event OK
19/08/2020 11:36:52 PM,EVENT 57658 1597878844 0/0/0/0/11 INPUT 3 0 11 v:124
19/08/2020 11:36:52 PM,252 Event OK
19/08/2020 11:36:52 PM,EVENT 57659 1597878852 0/0/0/0/2 INPUT 3 1 0 v:124
19/08/2020 11:36:52 PM,252 Event OK
19/08/2020 11:36:53 PM,EVENT 57660 1597879087 0/0/0/99/9 INPUT 3 0 235 v:124
19/08/2020 11:36:53 PM,252 Event OK
19/08/2020 11:36:53 PM,EVENT 57661 1597879166 0/0/0/0/8 INPUT 3 1 0 v:124
19/08/2020 11:36:53 PM,252 Event OK
19/08/2020 11:36:53 PM,EVENT 57662 1597879242 0/0/0/0/22 REPORT 57654 0 0 v:124
19/08/2020 11:36:53 PM,252 Event OK
19/08/2020 11:36:53 PM,EVENT 57663 1597879426 0/0/0/99/9 INPUT 3 0 260 v:124
19/08/2020 11:36:53 PM,252 Event OK
19/08/2020 11:36:54 PM,EVENT 57664 1597879441 0/0/0/0/6 INPUT 3 1 0 v:124
19/08/2020 11:36:54 PM,252 Event OK
19/08/2020 11:36:54 PM,EVENT 57665 1597879929 0/0/0/0/9 INPUT 3 0 488 v:124
19/08/2020 11:36:54 PM,252 Event OK
19/08/2020 11:36:54 PM,EVENT 57666 1597879941 0/0/0/0/3 INPUT 4 0 1124 v:124
19/08/2020 11:36:54 PM,252 Event OK
19/08/2020 11:36:55 PM,EVENT 57667 1597879941 0/0/0/0/3 INPUT 4 1 0 v:124
19/08/2020 11:36:55 PM,252 Event OK
19/08/2020 11:36:55 PM,EVENT 57668 1597880009 0/0/0/0/3 INPUT 3 1 0 v:124
19/08/2020 11:36:55 PM,252 Event OK
19/08/2020 11:36:55 PM,EVENT 57669 1597880170 -310122061/1219233682/883/4/10 INPUT 3 0 162 v:124
19/08/2020 11:36:55 PM,252 Event OK
19/08/2020 11:36:56 PM,EVENT 57670 1597880195 -310122052/1219233375/914/3/0 INPUT 7 1 0 v:124
19/08/2020 11:36:56 PM,252 Event OK
19/08/2020 11:36:56 PM,EVENT 57671 1597880195 -310122052/1219233375/914/3/0 INPUT 8 0 1410 v:123
19/08/2020 11:36:56 PM,252 Event OK
19/08/2020 11:36:56 PM,EVENT 57672 1597880196 -310122051/1219233376/906/3/0 INPUT 1 1 0 v:123
19/08/2020 11:36:56 PM,252 Event OK
19/08/2020 11:36:57 PM,EVENT 57673 1597880198 -310122047/1219233373/896/3/0 INPUT 4 0 257 v:123
19/08/2020 11:36:57 PM,252 Event OK
19/08/2020 11:36:57 PM,EVENT 57674 1597880199 -310122045/1219233370/895/3/0 TRIP 57654 1156 225 8 7 1389 v:123
19/08/2020 11:36:57 PM,252 Event OK
19/08/2020 11:36:57 PM,QUIT
19/08/2020 11:36:57 PM,221 Session ended - goodbye
19/08/2020 11:40:16 PM,UNIT 9279
19/08/2020 11:40:16 PM,333 CHAL CE5C48
19/08/2020 11:40:17 PM,RESP 1CFBCA08
19/08/2020 11:40:17 PM,230 Auth OK
19/08/2020 11:40:17 PM,TIME
19/08/2020 11:40:17 PM,211 TIME 1597880417
19/08/2020 11:40:18 PM,EVCOUNT 2
19/08/2020 11:40:18 PM,252 Event OK
19/08/2020 11:40:18 PM,TODO
19/08/2020 11:40:18 PM,125 TODO GETXML 2000 Operators 
225 Work list complete
19/08/2020 11:40:19 PM,GETXML
19/08/2020 11:40:19 PM,Binary data 4288 bytes
19/08/2020 11:40:21 PM,GOT Operators 4240 6293E93F
19/08/2020 11:40:21 PM,250 Download OK
19/08/2020 11:40:21 PM,EVENT 57675 1597880417 -310122007/1219233450/901/3/0 INPUT 8 1 0 v:123
19/08/2020 11:40:21 PM,252 Event OK
19/08/2020 11:40:21 PM,EVENT 57676 1597880417 -310122007/1219233450/901/3/0 INPUT 7 0 223 v:124
19/08/2020 11:40:21 PM,252 Event OK
19/08/2020 11:40:21 PM,QUIT
19/08/2020 11:40:21 PM,221 Session ended - goodbye
19/08/2020 11:40:32 PM,UNIT 9279
19/08/2020 11:40:32 PM,333 CHAL 4CA1236D
19/08/2020 11:40:32 PM,RESP FDE37F1F
19/08/2020 11:40:32 PM,230 Auth OK
19/08/2020 11:40:33 PM,TIME
19/08/2020 11:40:33 PM,211 TIME 1597880433
19/08/2020 11:40:33 PM,EVCOUNT 4
19/08/2020 11:40:33 PM,252 Event OK
19/08/2020 11:40:34 PM,TODO
19/08/2020 11:40:34 PM,226 Nothing to do
19/08/2020 11:40:35 PM,EVENT 57677 1597880430 -310122016/1219233495/873/3/0 INPUT 7 1 0 v:124
19/08/2020 11:40:35 PM,252 Event OK
19/08/2020 11:40:36 PM,EVENT 57678 1597880430 -310122016/1219233495/873/3/0 INPUT 8 0 12 v:124
19/08/2020 11:40:36 PM,252 Event OK
19/08/2020 11:40:36 PM,EVENT 57679 1597880430 -310122014/1219233497/873/3/0 INPUT 8 1 0 v:124
19/08/2020 11:40:36 PM,252 Event OK
19/08/2020 11:40:37 PM,EVENT 57680 1597880431 -310122012/1219233497/873/3/0 INPUT 7 0 1 v:124
19/08/2020 11:40:37 PM,252 Event OK
19/08/2020 11:40:38 PM,EVENT 57681 1597880441 -310121974/1219233456/890/4/0 SIGNON 2494 03edef18 OK 26 90873 0 v:124
19/08/2020 11:40:38 PM,252 Event OK
19/08/2020 11:40:39 PM,QUIT
19/08/2020 11:40:39 PM,221 Session ended - goodbye
19/08/2020 11:40:49 PM,UNIT 9279
19/08/2020 11:40:49 PM,333 CHAL 5767FBDF
19/08/2020 11:40:50 PM,RESP 2DBD6484
19/08/2020 11:40:50 PM,230 Auth OK
19/08/2020 11:40:51 PM,TIME
19/08/2020 11:40:51 PM,211 TIME 1597880451
19/08/2020 11:40:51 PM,EVCOUNT 2
19/08/2020 11:40:51 PM,252 Event OK
19/08/2020 11:40:52 PM,TODO
19/08/2020 11:40:52 PM,226 Nothing to do
19/08/2020 11:40:53 PM,EVENT 57682 1597880449 -310121952/1219233419/908/4/0 INPUT 1 0 253 v:124
19/08/2020 11:40:53 PM,252 Event OK
19/08/2020 11:43:45 PM,UNIT 9279
19/08/2020 11:43:45 PM,333 CHAL 2050D006
19/08/2020 11:43:46 PM,RESP 322A7173
19/08/2020 11:43:46 PM,230 Auth OK
19/08/2020 11:43:47 PM,TIME
19/08/2020 11:43:47 PM,211 TIME 1597880627
19/08/2020 11:43:48 PM,EVCOUNT 10
19/08/2020 11:43:48 PM,252 Event OK
19/08/2020 11:43:48 PM,TODO
19/08/2020 11:43:48 PM,226 Nothing to do
19/08/2020 11:43:50 PM,EVENT 57683 1597880449 -310121950/1219233417/909/4/0 INPUT 4 1 0 v:124
19/08/2020 11:43:50 PM,252 Event OK
19/08/2020 11:43:50 PM,EVENT 57684 1597880457 -310122108/1219233485/925/4/0 INPUT 4 0 8 v:123
19/08/2020 11:43:50 PM,252 Event OK
19/08/2020 11:43:52 PM,EVENT 57685 1597880458 -310122108/1219233485/925/4/0 INPUT 4 1 0 v:123
19/08/2020 11:43:52 PM,252 Event OK
19/08/2020 11:43:53 PM,EVENT 57686 1597880461 -310122353/1219233460/898/4/2 INPUT 4 0 4 v:123
19/08/2020 11:43:53 PM,252 Event OK
19/08/2020 11:43:54 PM,EVENT 57687 1597880462 -310122371/1219233453/888/4/2 INPUT 4 1 0 v:123
19/08/2020 11:43:54 PM,252 Event OK
19/08/2020 11:43:55 PM,EVENT 57688 1597880476 -310121855/1219233904/842/2/0 INPUT 7 1 0 v:123
19/08/2020 11:43:55 PM,252 Event OK
19/08/2020 11:43:56 PM,EVENT 57689 1597880476 -310121855/1219233904/842/2/0 INPUT 8 0 46 v:123
19/08/2020 11:43:56 PM,252 Event OK
19/08/2020 11:43:57 PM,EVENT 57690 1597880477 -310121857/1219233903/840/2/0 INPUT 1 1 0 v:123
19/08/2020 11:43:57 PM,252 Event OK
19/08/2020 11:43:58 PM,EVENT 57691 1597880478 -310121857/1219233905/839/2/0 INPUT 4 0 17 v:123
19/08/2020 11:43:58 PM,252 Event OK
19/08/2020 11:43:59 PM,EVENT 57692 1597880481 -310121854/1219233913/844/2/0 TRIP 57681 0 29 11 8 40 v:123
19/08/2020 11:43:59 PM,252 Event OK
19/08/2020 11:44:00 PM,QUIT
19/08/2020 11:44:00 PM,221 Session ended - goodbye
20/08/2020 8:22:02 AM,UNIT 9279
20/08/2020 8:22:02 AM,333 CHAL 5DB1A960
20/08/2020 8:22:03 AM,RESP 5F4AE3F9
20/08/2020 8:22:03 AM,230 Auth OK
20/08/2020 8:22:03 AM,TIME
20/08/2020 8:22:03 AM,211 TIME 1597911723
20/08/2020 8:22:04 AM,EVCOUNT 12
20/08/2020 8:22:04 AM,252 Event OK
20/08/2020 8:22:11 AM,TODO
20/08/2020 8:22:11 AM,125 TODO CONFIG
125 TODO GETXML 5000 ZONE 
225 Work list complete
20/08/2020 8:22:11 AM,GETXML
20/08/2020 8:22:11 AM,Binary data 434 bytes
20/08/2020 8:22:12 AM,GOT Zone 392 15174F8F
20/08/2020 8:22:12 AM,250 Download OK
20/08/2020 8:22:14 AM,CONFIG
20/08/2020 8:22:14 AM,141 CONF IMPACT_F 10
141 CONF IMPACT_B 10
141 CONF IMPACT_L 10
141 CONF IMPACT_R 10
141 CONF IDLEMAX 300
141 CONF BATT_HIGH 130
141 CONF HWCONFIG 519
141 CONF BATT_CRITLOW 100
141 CONF HARNESS_TYPE 2
141 CONF FECONFIG 61991
141 CONF BYPASS 4
141 CONF XSIDLE_METHOD 0
141 CONF BATT_INPUT 1
141 CONF CKL_BYPASS 1
141 CONF ITS 0
141 CONF PWR_LOW 1800
141 CONF IMPACT_WARN_LVL 12
141 CONF IMPACT_CRIT_LVL 15
141 CONF SYSTEM_METRIC 1
141 CONF DISPLAY_OFFSET 480
141 CONF SPEED_ALERT 1
141 CONF SPEED_DEBOUNCE 7
141 CONF SPEED_MAX 60
141 CONF IN1EVENT 1
141 CONF IN1LOGIC 0
141 CONF IN1MODE 1
141 CONF IN2EVENT 1
141 CONF IN2LOGIC 0
141 CONF IN2MODE 1
141 CONF IN3EVENT 1
141 CONF IN3LOGIC 1
141 CONF IN3MODE 2
141 CONF IN4EVENT 1
141 CONF IN4LOGIC 1
141 CONF IN4MODE 2
141 CONF IN5EVENT 0
141 CONF IN5LOGIC 1
141 CONF IN5MODE 0
141 CONF IN6EVENT 0
141 CONF IN6LOGIC 1
141 CONF IN6MODE 0
141 CONF IN7EVENT 1
141 CONF IN7LOGIC 0
141 CONF IN7MODE 1
141 CONF IN8EVENT 1
141 CONF IN8LOGIC 1
141 CONF IN8MODE 1
141 CONF IN3FREQTHR 5
141 CONF IN4FREQTHR 5
141 CONF ENGINE_SPEED_MAX 3300
141 CONF LOW_COOLANT_DEBOUNCE 5
141 CONF OIL_PRESSURE_DEBOUNCE 4
241 Config complete
20/08/2020 8:22:16 AM,EVENT 57693 1597911690 -310121854/1219233913/844/0/0 SWSTART OpusFC 5.0.58.518 R v:124
20/08/2020 8:22:16 AM,252 Event OK
20/08/2020 8:22:16 AM,EVENT 57694 1597880481 0/0/0/0/0 POWERDOWN v:123
20/08/2020 8:22:16 AM,252 Event OK
20/08/2020 8:22:17 AM,EVENT 57695 1597911690 0/0/0/0/0 INPUT 1 1 0 v:124
20/08/2020 8:22:17 AM,252 Event OK
20/08/2020 8:22:17 AM,EVENT 57696 1597911690 0/0/0/0/0 INPUT 2 0 0 v:124
20/08/2020 8:22:17 AM,252 Event OK
20/08/2020 8:22:17 AM,EVENT 57697 1597911690 0/0/0/0/0 INPUT 3 0 0 v:123
20/08/2020 8:22:17 AM,252 Event OK
20/08/2020 8:22:17 AM,EVENT 57698 1597911690 0/0/0/0/0 INPUT 4 0 0 v:123
20/08/2020 8:22:17 AM,252 Event OK
20/08/2020 8:22:18 AM,EVENT 57699 1597911690 0/0/0/0/0 INPUT 7 0 0 v:123
20/08/2020 8:22:18 AM,252 Event OK
20/08/2020 8:22:18 AM,EVENT 57700 1597911690 0/0/0/0/0 INPUT 8 1 0 v:123
20/08/2020 8:22:18 AM,252 Event OK
20/08/2020 8:22:18 AM,EVENT 57701 1597911692 0/0/0/0/0 ZONE_OK 2 100 FW=NO VERSION v:123
20/08/2020 8:22:18 AM,252 Event OK
20/08/2020 8:22:18 AM,EVENT 57702 1597911704 0/0/0/0/0 SIGNON 2482 03b7eed3 OK 26 240896 0 v:123
20/08/2020 8:22:18 AM,252 Event OK
20/08/2020 8:22:19 AM,EVENT 57703 1597911710 0/0/0/7/0 INPUT 1 0 20 v:123
20/08/2020 8:22:19 AM,252 Event OK
20/08/2020 8:22:19 AM,EVENT 57704 1597911711 0/0/0/7/0 INPUT 4 1 0 v:123
20/08/2020 8:22:19 AM,252 Event OK
20/08/2020 8:22:19 AM,EVENT 57705 1597911730 -310122104/1219232988/4668/7/3 INPUT 3 1 0 v:123
20/08/2020 8:22:19 AM,252 Event OK
20/08/2020 8:22:19 AM,EVENT 57706 1597911737 -310123799/1219234025/2973/7/14 ZONE_OK 2 100 FW=ROM CORE 3.01 (107888) v:123
20/08/2020 8:22:19 AM,252 Event OK
20/08/2020 8:22:19 AM,EVENT 57707 1597911740 -310124710/1219235027/2516/7/16 CONFIG v:123
20/08/2020 8:22:19 AM,252 Event OK
20/08/2020 8:22:20 AM,QUIT
20/08/2020 8:22:20 AM,221 Session ended - goodbye
20/08/2020 8:22:30 AM,UNIT 9279
20/08/2020 8:22:30 AM,333 CHAL 325647DC
20/08/2020 8:22:30 AM,RESP 63C9EE42
20/08/2020 8:22:30 AM,230 Auth OK
20/08/2020 8:22:31 AM,TIME
20/08/2020 8:22:31 AM,211 TIME 1597911751
20/08/2020 8:22:31 AM,EVCOUNT 0
20/08/2020 8:22:31 AM,252 Event OK
20/08/2020 8:22:32 AM,TODO
20/08/2020 8:22:32 AM,226 Nothing to do
20/08/2020 8:22:33 AM,PUT config_audit 1932 228818A6
20/08/2020 8:22:33 AM,151 FILE config_audit 1932
20/08/2020 8:22:35 AM,Binary data received 1932 bytes
20/08/2020 8:22:35 AM,200 OK
20/08/2020 8:22:35 AM,QUIT
20/08/2020 8:22:35 AM,221 Session ended - goodbye
20/08/2020 8:50:57 AM,UNIT 9279
20/08/2020 8:50:57 AM,333 CHAL 37D61C8B
20/08/2020 8:50:58 AM,RESP 49F5C0F5
20/08/2020 8:50:58 AM,230 Auth OK
20/08/2020 8:50:59 AM,TIME
20/08/2020 8:50:59 AM,211 TIME 1597913459
20/08/2020 8:50:59 AM,EVCOUNT 62
20/08/2020 8:50:59 AM,252 Event OK
20/08/2020 8:51:00 AM,TODO
20/08/2020 8:51:00 AM,226 Nothing to do
20/08/2020 8:51:01 AM,EVENT 57708 1597911879 0/0/0/0/12 INPUT 3 0 149 v:124
20/08/2020 8:51:01 AM,252 Event OK
20/08/2020 8:51:02 AM,EVENT 57709 1597911914 0/0/0/0/0 INPUT 4 0 204 v:124
20/08/2020 8:51:02 AM,252 Event OK
20/08/2020 8:51:02 AM,EVENT 57710 1597911914 0/0/0/0/0 INPUT 4 1 0 v:124
20/08/2020 8:51:02 AM,252 Event OK
20/08/2020 8:51:03 AM,EVENT 57711 1597911921 0/0/0/0/0 INPUT 4 0 7 v:124
20/08/2020 8:51:03 AM,252 Event OK
20/08/2020 8:51:04 AM,EVENT 57712 1597911922 0/0/0/0/0 INPUT 4 1 0 v:124
20/08/2020 8:51:04 AM,252 Event OK
20/08/2020 8:51:05 AM,EVENT 57713 1597911947 0/0/0/0/0 INPUT 4 0 26 v:124
20/08/2020 8:51:05 AM,252 Event OK
20/08/2020 8:51:06 AM,EVENT 57714 1597911947 0/0/0/0/0 INPUT 4 1 0 v:124
20/08/2020 8:51:06 AM,252 Event OK
20/08/2020 8:51:06 AM,EVENT 57715 1597911965 0/0/0/0/6 INPUT 3 1 0 v:124
20/08/2020 8:51:06 AM,252 Event OK
20/08/2020 8:51:07 AM,EVENT 57716 1597912111 0/0/0/0/24 ZONEOVERSPEED 57702 8 32 1 v:124
20/08/2020 8:51:07 AM,252 Event OK
20/08/2020 8:51:08 AM,EVENT 57717 1597912142 0/0/0/0/26 ZONEOVERSPEED 57702 9 32 1 v:124
20/08/2020 8:51:08 AM,252 Event OK
20/08/2020 8:51:10 AM,EVENT 57718 1597912433 0/0/0/0/14 INPUT 3 0 468 v:124
20/08/2020 8:51:10 AM,252 Event OK
20/08/2020 8:51:11 AM,EVENT 57719 1597912457 0/0/0/0/0 INPUT 4 0 510 v:124
20/08/2020 8:51:11 AM,252 Event OK
20/08/2020 8:51:12 AM,EVENT 57720 1597912457 0/0/0/0/0 INPUT 4 1 0 v:124
20/08/2020 8:51:12 AM,252 Event OK
20/08/2020 8:51:13 AM,EVENT 57721 1597912490 0/0/0/0/0 INPUT 4 0 33 v:124
20/08/2020 8:51:13 AM,252 Event OK
20/08/2020 8:51:14 AM,EVENT 57722 1597912490 0/0/0/0/0 INPUT 4 1 0 v:124
20/08/2020 8:51:14 AM,252 Event OK
20/08/2020 8:51:15 AM,EVENT 57723 1597912516 0/0/0/0/7 INPUT 3 1 0 v:124
20/08/2020 8:51:15 AM,252 Event OK
20/08/2020 8:51:16 AM,EVENT 57724 1597912520 0/0/0/0/9 INPUT 3 0 4 v:124
20/08/2020 8:51:16 AM,252 Event OK
20/08/2020 8:51:16 AM,EVENT 57725 1597912542 0/0/0/0/0 INPUT 4 0 52 v:123
20/08/2020 8:51:16 AM,252 Event OK
20/08/2020 8:51:17 AM,EVENT 57726 1597912542 0/0/0/0/0 INPUT 4 1 0 v:123
20/08/2020 8:51:17 AM,252 Event OK
20/08/2020 8:51:18 AM,EVENT 57727 1597912551 0/0/0/0/0 INPUT 4 0 9 v:124
20/08/2020 8:51:18 AM,252 Event OK
20/08/2020 8:51:19 AM,EVENT 57728 1597912552 0/0/0/0/0 INPUT 4 1 0 v:124
20/08/2020 8:51:19 AM,252 Event OK
20/08/2020 8:51:21 AM,EVENT 57729 1597912554 0/0/0/0/0 INPUT 4 0 3 v:123
20/08/2020 8:51:21 AM,252 Event OK
20/08/2020 8:51:22 AM,EVENT 57730 1597912554 0/0/0/0/0 INPUT 4 1 0 v:123
20/08/2020 8:51:22 AM,252 Event OK
20/08/2020 8:51:23 AM,EVENT 57731 1597912557 0/0/0/0/2 INPUT 3 1 0 v:123
20/08/2020 8:51:23 AM,252 Event OK
20/08/2020 8:51:24 AM,EVENT 57732 1597912559 0/0/0/0/12 INPUT 3 0 2 v:124
20/08/2020 8:51:24 AM,252 Event OK
20/08/2020 8:51:26 AM,EVENT 57733 1597912565 0/0/0/0/8 INPUT 3 1 0 v:124
20/08/2020 8:51:26 AM,252 Event OK
20/08/2020 8:51:27 AM,EVENT 57734 1597912570 0/0/0/0/13 INPUT 3 0 4 v:124
20/08/2020 8:51:27 AM,252 Event OK
20/08/2020 8:51:28 AM,EVENT 57735 1597912591 0/0/0/0/0 INPUT 4 0 37 v:124
20/08/2020 8:51:28 AM,252 Event OK
20/08/2020 8:51:30 AM,EVENT 57736 1597912591 0/0/0/0/0 INPUT 4 1 0 v:124
20/08/2020 8:51:30 AM,252 Event OK
20/08/2020 8:51:31 AM,EVENT 57737 1597912592 0/0/0/0/0 INPUT 3 1 0 v:124
20/08/2020 8:51:31 AM,252 Event OK
20/08/2020 8:51:32 AM,EVENT 57738 1597912594 0/0/0/0/11 INPUT 3 0 2 v:124
20/08/2020 8:51:32 AM,252 Event OK
20/08/2020 8:51:33 AM,EVENT 57739 1597912596 0/0/0/0/6 INPUT 3 1 0 v:124
20/08/2020 8:51:33 AM,252 Event OK
20/08/2020 8:51:34 AM,EVENT 57740 1597912607 0/0/0/0/11 INPUT 3 0 11 v:124
20/08/2020 8:51:34 AM,252 Event OK
20/08/2020 8:51:36 AM,EVENT 57741 1597912624 0/0/0/0/0 INPUT 3 1 0 v:124
20/08/2020 8:51:36 AM,252 Event OK
20/08/2020 8:51:37 AM,EVENT 57742 1597912681 0/0/0/0/9 INPUT 3 0 57 v:124
20/08/2020 8:51:37 AM,252 Event OK
20/08/2020 8:51:38 AM,EVENT 57743 1597912691 0/0/0/0/2 INPUT 3 1 0 v:124
20/08/2020 8:51:38 AM,252 Event OK
20/08/2020 8:51:39 AM,EVENT 57744 1597912694 0/0/0/0/10 INPUT 3 0 2 v:124
20/08/2020 8:51:39 AM,252 Event OK
20/08/2020 8:51:40 AM,EVENT 57745 1597912701 0/0/0/0/0 INPUT 4 0 110 v:124
20/08/2020 8:51:40 AM,252 Event OK
20/08/2020 8:51:41 AM,EVENT 57746 1597912701 0/0/0/0/0 INPUT 4 1 0 v:124
20/08/2020 8:51:41 AM,252 Event OK
20/08/2020 8:51:42 AM,EVENT 57747 1597912706 0/0/0/0/1 INPUT 4 0 5 v:124
20/08/2020 8:51:42 AM,252 Event OK
20/08/2020 8:51:43 AM,EVENT 57748 1597912706 0/0/0/0/1 INPUT 4 1 0 v:124
20/08/2020 8:51:43 AM,252 Event OK
20/08/2020 8:51:44 AM,EVENT 57749 1597912738 0/0/0/0/4 INPUT 3 1 0 v:124
20/08/2020 8:51:44 AM,252 Event OK
20/08/2020 8:51:45 AM,EVENT 57750 1597912744 0/0/0/0/10 INPUT 3 0 6 v:124
20/08/2020 8:51:45 AM,252 Event OK
20/08/2020 8:51:48 AM,EVENT 57751 1597912753 0/0/0/0/1 INPUT 4 0 47 v:124
20/08/2020 8:51:48 AM,252 Event OK
20/08/2020 8:51:49 AM,EVENT 57752 1597912754 0/0/0/0/0 INPUT 4 1 0 v:124
20/08/2020 8:51:49 AM,252 Event OK
20/08/2020 8:51:50 AM,EVENT 57753 1597912766 0/0/0/0/0 INPUT 4 0 13 v:124
20/08/2020 8:51:50 AM,252 Event OK
20/08/2020 8:51:51 AM,EVENT 57754 1597912767 0/0/0/0/0 INPUT 4 1 0 v:124
20/08/2020 8:51:51 AM,252 Event OK
20/08/2020 8:51:52 AM,EVENT 57755 1597912769 0/0/0/0/0 INPUT 4 0 3 v:124
20/08/2020 8:51:52 AM,252 Event OK
20/08/2020 8:51:53 AM,EVENT 57756 1597912769 0/0/0/0/0 INPUT 4 1 0 v:124
20/08/2020 8:51:53 AM,252 Event OK
20/08/2020 8:51:54 AM,EVENT 57757 1597912787 0/0/0/0/0 INPUT 4 0 18 v:124
20/08/2020 8:51:54 AM,252 Event OK
20/08/2020 8:51:55 AM,EVENT 57758 1597912788 0/0/0/0/0 INPUT 4 1 0 v:124
20/08/2020 8:51:55 AM,252 Event OK
20/08/2020 8:51:56 AM,EVENT 57759 1597912790 0/0/0/0/0 INPUT 4 0 3 v:124
20/08/2020 8:51:56 AM,252 Event OK
20/08/2020 8:51:57 AM,EVENT 57760 1597912791 0/0/0/0/0 INPUT 4 1 0 v:124
20/08/2020 8:51:57 AM,252 Event OK
20/08/2020 8:51:59 AM,EVENT 57761 1597912794 0/0/0/0/3 INPUT 4 0 4 v:124
20/08/2020 8:51:59 AM,252 Event OK
20/08/2020 8:52:00 AM,EVENT 57762 1597912795 0/0/0/0/2 INPUT 4 1 0 v:124
20/08/2020 8:52:00 AM,252 Event OK
20/08/2020 8:52:01 AM,EVENT 57763 1597912797 0/0/0/0/0 INPUT 4 0 3 v:124
20/08/2020 8:52:01 AM,252 Event OK
20/08/2020 8:52:02 AM,EVENT 57764 1597912798 0/0/0/0/0 INPUT 4 1 0 v:123
20/08/2020 8:52:02 AM,252 Event OK
20/08/2020 8:52:03 AM,EVENT 57765 1597912823 0/0/0/0/0 INPUT 4 0 26 v:124
20/08/2020 8:52:03 AM,252 Event OK
20/08/2020 8:52:04 AM,EVENT 57766 1597912823 0/0/0/0/0 INPUT 4 1 0 v:124
20/08/2020 8:52:04 AM,252 Event OK
20/08/2020 8:52:07 AM,EVENT 57767 1597912924 0/0/0/0/5 INPUT 3 1 0 v:124
20/08/2020 8:52:07 AM,252 Event OK
20/08/2020 8:52:08 AM,EVENT 57768 1597913047 0/0/0/0/24 ZONEOVERSPEED 57702 9 32 1 v:124
20/08/2020 8:52:08 AM,252 Event OK
20/08/2020 8:52:09 AM,EVENT 57769 1597913444 -310122085/1219228327/1505/0/12 INPUT 3 0 519 v:124
20/08/2020 8:52:09 AM,252 Event OK
20/08/2020 8:52:10 AM,EVENT 57770 1597913508 -310121815/1219228877/1045/2/8 INPUT 3 1 0 v:124
20/08/2020 8:52:10 AM,252 Event OK
20/08/2020 8:52:11 AM,EVENT 57771 1597913522 -310117957/1219234439/1005/2/21 REPORT 57702 20 65 v:124
20/08/2020 8:52:11 AM,252 Event OK
20/08/2020 8:52:11 AM,QUIT
20/08/2020 8:52:11 AM,221 Session ended - goodbye
20/08/2020 8:52:33 AM,UNIT 9279
20/08/2020 8:52:33 AM,333 CHAL 790E3E77
20/08/2020 8:52:34 AM,RESP 5909C72A
20/08/2020 8:52:34 AM,230 Auth OK
20/08/2020 8:52:35 AM,TIME
20/08/2020 8:52:35 AM,211 TIME 1597913555
20/08/2020 8:52:36 AM,EVCOUNT 3
20/08/2020 8:52:36 AM,252 Event OK
20/08/2020 8:52:36 AM,TODO
20/08/2020 8:52:36 AM,226 Nothing to do
20/08/2020 8:52:37 AM,EVENT 57772 1597913555 -310128104/1219230518/972/2/9 INPUT 3 0 48 v:124
20/08/2020 8:52:37 AM,252 Event OK
20/08/2020 8:52:38 AM,EVENT 57773 1597913558 -310128113/1219230503/993/2/0 INPUT 4 0 735 v:124
20/08/2020 8:52:38 AM,252 Event OK
20/08/2020 8:52:39 AM,EVENT 57774 1597913558 -310128113/1219230503/993/2/0 INPUT 4 1 0 v:124
20/08/2020 8:52:39 AM,252 Event OK
20/08/2020 8:52:40 AM,EVENT 57775 1597913563 -310128058/1219230588/1008/2/0 INPUT 4 0 5 v:124
20/08/2020 8:52:40 AM,252 Event OK
20/08/2020 8:52:41 AM,EVENT 57776 1597913564 -310128041/1219230611/1009/2/0 INPUT 4 1 0 v:124
20/08/2020 8:52:41 AM,252 Event OK
20/08/2020 8:52:42 AM,QUIT
20/08/2020 8:52:42 AM,221 Session ended - goodbye
20/08/2020 8:53:25 AM,UNIT 9279
20/08/2020 8:53:25 AM,333 CHAL 428DB264
20/08/2020 8:57:35 AM,UNIT 9279
20/08/2020 8:57:35 AM,333 CHAL 3676BE1B
20/08/2020 8:57:36 AM,RESP D25C0125
20/08/2020 8:57:36 AM,230 Auth OK
20/08/2020 8:57:38 AM,TIME
20/08/2020 8:57:38 AM,211 TIME 1597913858
20/08/2020 8:57:38 AM,EVCOUNT 12
20/08/2020 8:57:38 AM,252 Event OK
20/08/2020 8:57:38 AM,TODO
20/08/2020 8:57:38 AM,226 Nothing to do
20/08/2020 8:57:39 AM,EVENT 57777 1597913596 -310128139/1219229217/1056/3/0 INPUT 7 1 0 v:124
20/08/2020 8:57:39 AM,252 Event OK
20/08/2020 8:57:39 AM,EVENT 57778 1597913596 -310128139/1219229217/1056/3/0 INPUT 8 0 1905 v:124
20/08/2020 8:57:39 AM,252 Event OK
20/08/2020 8:57:39 AM,EVENT 57779 1597913597 -310128145/1219229213/1067/3/0 INPUT 1 1 0 v:124
20/08/2020 8:57:39 AM,252 Event OK
20/08/2020 8:57:39 AM,EVENT 57780 1597913598 -310128151/1219229211/1083/4/0 INPUT 4 0 35 v:124
20/08/2020 8:57:39 AM,252 Event OK
20/08/2020 8:57:40 AM,EVENT 57781 1597913600 -310128164/1219229208/1106/4/0 TRIP 57702 1272 616 9 7 1897 v:123
20/08/2020 8:57:40 AM,252 Event OK
20/08/2020 8:58:09 AM,EVENT 57782 1597913600 -310128164/1219229208/1106/4/0 TRIPSUMMARY 57702 v:123
20/08/2020 8:58:09 AM,252 Event OK
20/08/2020 8:59:01 AM,UNIT 9279
20/08/2020 8:59:01 AM,333 CHAL E24D0E7
20/08/2020 8:59:01 AM,RESP D0EB33B3
20/08/2020 8:59:01 AM,230 Auth OK
20/08/2020 8:59:02 AM,TIME
20/08/2020 8:59:02 AM,211 TIME 1597913942
20/08/2020 8:59:02 AM,EVCOUNT 13
20/08/2020 8:59:02 AM,252 Event OK
20/08/2020 8:59:02 AM,TODO
20/08/2020 8:59:02 AM,226 Nothing to do
20/08/2020 8:59:03 AM,EVENT 57782 1597913600 -310128164/1219229208/1106/4/0 TRIPSUMMARY 57702 v:123
20/08/2020 8:59:03 AM,252 Event OK
20/08/2020 8:59:04 AM,EVENT 57783 1597913763 -310128142/1219229171/1154/4/0 INPUT 8 1 0 v:124
20/08/2020 8:59:04 AM,252 Event OK
20/08/2020 8:59:04 AM,EVENT 57784 1597913763 -310128143/1219229167/1154/4/0 INPUT 7 0 168 v:124
20/08/2020 8:59:04 AM,252 Event OK
20/08/2020 8:59:05 AM,EVENT 57785 1597913778 -310128150/1219229135/1102/4/0 SIGNON 2482 03b7eed3 OK 26 240896 0 v:124
20/08/2020 8:59:05 AM,252 Event OK
20/08/2020 8:59:05 AM,EVENT 57786 1597913785 -310128119/1219229182/1085/4/0 INPUT 1 0 188 v:124
20/08/2020 8:59:05 AM,252 Event OK
20/08/2020 8:59:06 AM,EVENT 57787 1597913785 -310128119/1219229182/1085/4/0 INPUT 4 1 0 v:124
20/08/2020 8:59:06 AM,252 Event OK
20/08/2020 8:59:08 AM,EVENT 57788 1597913813 -310127876/1219230256/940/0/8 INPUT 3 1 0 v:124
20/08/2020 8:59:08 AM,252 Event OK
20/08/2020 8:59:09 AM,EVENT 57789 1597913875 -310121742/1219228863/985/0/16 INPUT 3 0 63 v:124
20/08/2020 8:59:09 AM,252 Event OK
20/08/2020 8:59:10 AM,EVENT 57790 1597913879 -310121709/1219228975/968/0/0 INPUT 7 1 0 v:124
20/08/2020 8:59:10 AM,252 Event OK
20/08/2020 8:59:11 AM,EVENT 57791 1597913879 -310121709/1219228975/968/0/0 INPUT 8 0 117 v:123
20/08/2020 8:59:11 AM,252 Event OK
20/08/2020 8:59:11 AM,EVENT 57792 1597913880 -310121715/1219228976/966/0/0 INPUT 1 1 0 v:124
20/08/2020 8:59:11 AM,252 Event OK
20/08/2020 8:59:14 AM,EVENT 57793 1597913882 -310121722/1219228979/964/0/0 INPUT 4 0 98 v:124
20/08/2020 8:59:14 AM,252 Event OK
20/08/2020 9:12:11 AM,UNIT 9279
20/08/2020 9:12:11 AM,333 CHAL 1745E997
20/08/2020 9:12:12 AM,RESP 4BD91BFB
20/08/2020 9:12:12 AM,230 Auth OK
20/08/2020 9:12:12 AM,TIME
20/08/2020 9:12:12 AM,211 TIME 1597914732
20/08/2020 9:12:13 AM,EVCOUNT 2
20/08/2020 9:12:13 AM,252 Event OK
20/08/2020 9:12:13 AM,TODO
20/08/2020 9:12:13 AM,226 Nothing to do
20/08/2020 9:12:13 AM,EVENT 57793 1597913882 -310121722/1219228979/964/0/0 INPUT 4 0 98 v:124
20/08/2020 9:12:13 AM,253 Event OK - Duplicate
20/08/2020 9:12:14 AM,EVENT 57794 1597913884 -310121723/1219228983/962/0/0 TRIP 57785 63 35 8 6 106 v:124
20/08/2020 9:12:14 AM,252 Event OK
20/08/2020 9:12:14 AM,QUIT
20/08/2020 9:12:14 AM,221 Session ended - goodbye
20/08/2020 9:19:05 AM,UNIT 9279
20/08/2020 9:19:05 AM,333 CHAL 3F644D84
20/08/2020 9:19:31 AM,UNIT 9279
20/08/2020 9:19:31 AM,333 CHAL 591F2885
20/08/2020 9:19:31 AM,RESP 58AA191F
20/08/2020 9:19:31 AM,230 Auth OK
20/08/2020 9:19:32 AM,TIME
20/08/2020 9:19:32 AM,211 TIME 1597915172
20/08/2020 9:19:33 AM,EVCOUNT 8
20/08/2020 9:19:33 AM,252 Event OK
20/08/2020 9:19:33 AM,TODO
20/08/2020 9:19:33 AM,226 Nothing to do
20/08/2020 9:19:34 AM,EVENT 57795 1597915091 -310121794/1219228797/953/0/0 INPUT 8 1 0 v:124
20/08/2020 9:19:34 AM,252 Event OK
20/08/2020 9:19:35 AM,EVENT 57796 1597915092 -310121793/1219228798/954/0/0 INPUT 7 0 1212 v:124
20/08/2020 9:19:35 AM,252 Event OK
20/08/2020 9:19:36 AM,EVENT 57797 1597915102 -310121734/1219228857/949/0/0 SIGNON 2482 03b7eed3 OK 26 240896 0 v:124
20/08/2020 9:19:36 AM,252 Event OK
20/08/2020 9:19:37 AM,EVENT 57798 1597915108 -310121692/1219228925/936/0/0 INPUT 1 0 1228 v:124
20/08/2020 9:19:37 AM,252 Event OK
20/08/2020 9:19:38 AM,EVENT 57799 1597915108 -310121692/1219228925/936/0/0 INPUT 4 1 0 v:124
20/08/2020 9:19:38 AM,252 Event OK
20/08/2020 9:19:38 AM,EVENT 57800 1597915115 -310121652/1219229072/952/0/0 INPUT 4 0 7 v:124
20/08/2020 9:19:38 AM,252 Event OK
20/08/2020 9:19:39 AM,EVENT 57801 1597915116 -310121639/1219229115/948/0/0 INPUT 4 1 0 v:124
20/08/2020 9:19:39 AM,252 Event OK
20/08/2020 9:19:40 AM,EVENT 57802 1597915123 -310120798/1219230089/903/0/7 INPUT 3 1 0 v:124
20/08/2020 9:19:40 AM,252 Event OK
20/08/2020 9:19:40 AM,QUIT
20/08/2020 9:19:40 AM,221 Session ended - goodbye
20/08/2020 9:20:08 AM,UNIT 9279
20/08/2020 9:20:08 AM,333 CHAL 109ACC9F
20/08/2020 9:20:08 AM,RESP ADFF7B7A
20/08/2020 9:20:08 AM,230 Auth OK
20/08/2020 9:20:09 AM,TIME
20/08/2020 9:20:09 AM,211 TIME 1597915209
20/08/2020 9:20:09 AM,EVCOUNT 3
20/08/2020 9:20:09 AM,252 Event OK
20/08/2020 9:20:10 AM,TODO
20/08/2020 9:20:10 AM,226 Nothing to do
20/08/2020 9:20:11 AM,EVENT 57803 1597915209 -310143371/1219231108/915/9/11 INPUT 3 0 85 v:124
20/08/2020 9:20:11 AM,252 Event OK
20/08/2020 9:20:12 AM,EVENT 57804 1597915210 -310143457/1219231113/907/9/8 INPUT 4 0 95 v:124
20/08/2020 9:20:12 AM,252 Event OK
20/08/2020 9:20:13 AM,EVENT 57805 1597915211 -310143486/1219231115/906/9/5 INPUT 4 1 0 v:124
20/08/2020 9:20:13 AM,252 Event OK
20/08/2020 9:20:13 AM,QUIT
20/08/2020 9:20:13 AM,221 Session ended - goodbye
20/08/2020 9:20:23 AM,UNIT 9279
20/08/2020 9:20:23 AM,333 CHAL 4E9B4DC9
20/08/2020 9:20:23 AM,RESP 367B690D
20/08/2020 9:20:23 AM,230 Auth OK
20/08/2020 9:20:24 AM,TIME
20/08/2020 9:20:24 AM,211 TIME 1597915224
20/08/2020 9:20:24 AM,EVCOUNT 5
20/08/2020 9:20:24 AM,252 Event OK
20/08/2020 9:20:25 AM,TODO
20/08/2020 9:20:25 AM,226 Nothing to do
20/08/2020 9:20:25 AM,EVENT 57806 1597915218 -310143455/1219231115/877/9/0 INPUT 7 1 0 v:124
20/08/2020 9:20:25 AM,252 Event OK
20/08/2020 9:20:26 AM,EVENT 57807 1597915218 -310143455/1219231115/877/9/0 INPUT 8 0 127 v:124
20/08/2020 9:20:26 AM,252 Event OK
20/08/2020 9:20:27 AM,EVENT 57808 1597915219 -310143459/1219231114/874/9/0 INPUT 1 1 0 v:124
20/08/2020 9:20:27 AM,252 Event OK
20/08/2020 9:20:28 AM,EVENT 57809 1597915221 -310143466/1219231110/871/9/0 INPUT 4 0 10 v:124
20/08/2020 9:20:28 AM,252 Event OK
20/08/2020 9:20:28 AM,EVENT 57810 1597915222 -310143469/1219231104/871/9/0 TRIP 57797 85 27 9 7 121 v:124
20/08/2020 9:20:28 AM,252 Event OK
20/08/2020 9:20:29 AM,QUIT
20/08/2020 9:20:29 AM,221 Session ended - goodbye
20/08/2020 10:07:57 AM,UNIT 9279
20/08/2020 10:07:57 AM,333 CHAL 5463D80D
20/08/2020 10:07:57 AM,RESP 49335C1F
20/08/2020 10:07:57 AM,230 Auth OK
20/08/2020 10:07:57 AM,TIME
20/08/2020 10:07:57 AM,211 TIME 1597918077
20/08/2020 10:07:57 AM,EVCOUNT 9
20/08/2020 10:07:57 AM,252 Event OK
20/08/2020 10:07:58 AM,TODO
20/08/2020 10:07:58 AM,226 Nothing to do
20/08/2020 10:07:58 AM,EVENT 57811 1597918059 0/0/0/0/0 SWSTART OpusFC 5.0.58.518 R v:124
20/08/2020 10:07:58 AM,252 Event OK
20/08/2020 10:07:59 AM,EVENT 57812 1597915222 0/0/0/0/0 POWERDOWN v:124
20/08/2020 10:07:59 AM,252 Event OK
20/08/2020 10:07:59 AM,EVENT 57813 1597918059 0/0/0/0/0 INPUT 1 1 0 v:124
20/08/2020 10:07:59 AM,252 Event OK
20/08/2020 10:07:59 AM,EVENT 57814 1597918059 0/0/0/0/0 INPUT 2 0 0 v:124
20/08/2020 10:07:59 AM,252 Event OK
20/08/2020 10:07:59 AM,EVENT 57815 1597918059 0/0/0/0/0 INPUT 3 0 0 v:124
20/08/2020 10:07:59 AM,252 Event OK
20/08/2020 10:08:00 AM,EVENT 57816 1597918059 0/0/0/0/0 INPUT 4 0 0 v:124
20/08/2020 10:08:00 AM,252 Event OK
20/08/2020 10:08:00 AM,EVENT 57817 1597918059 0/0/0/0/0 INPUT 7 0 0 v:124
20/08/2020 10:08:00 AM,252 Event OK
20/08/2020 10:08:00 AM,EVENT 57818 1597918059 0/0/0/0/0 INPUT 8 1 0 v:124
20/08/2020 10:08:00 AM,252 Event OK
20/08/2020 10:08:01 AM,EVENT 57819 1597918061 0/0/0/0/0 ZONE_OK 2 100 FW=NO VERSION v:124
20/08/2020 10:08:01 AM,252 Event OK
20/08/2020 10:08:01 AM,QUIT
20/08/2020 10:08:01 AM,221 Session ended - goodbye
20/08/2020 10:08:29 AM,UNIT 9279
20/08/2020 10:08:29 AM,333 CHAL 3B75E8A0
20/08/2020 10:08:29 AM,RESP B536CBCB
20/08/2020 10:08:29 AM,230 Auth OK
20/08/2020 10:08:30 AM,TIME
20/08/2020 10:08:30 AM,211 TIME 1597918110
20/08/2020 10:08:30 AM,EVCOUNT 1
20/08/2020 10:08:30 AM,252 Event OK
20/08/2020 10:08:31 AM,TODO
20/08/2020 10:08:31 AM,226 Nothing to do
20/08/2020 10:08:32 AM,EVENT 57820 1597918111 -310143505/1219231247/1120/5/1 SIGNON 2515 03cffacd OK_CL 26 180299 0 v:124
20/08/2020 10:08:32 AM,252 Event OK
20/08/2020 10:08:32 AM,QUIT
20/08/2020 10:08:32 AM,221 Session ended - goodbye
20/08/2020 10:08:43 AM,UNIT 9279
20/08/2020 10:08:43 AM,333 CHAL 15849805
20/08/2020 10:08:43 AM,RESP 30981493
20/08/2020 10:08:43 AM,230 Auth OK
20/08/2020 10:08:44 AM,TIME
20/08/2020 10:08:44 AM,211 TIME 1597918124
20/08/2020 10:08:44 AM,EVCOUNT 3
20/08/2020 10:08:44 AM,252 Event OK
20/08/2020 10:08:45 AM,TODO
20/08/2020 10:08:45 AM,226 Nothing to do
20/08/2020 10:08:45 AM,EVENT 57821 1597918118 -310143514/1219231279/1015/5/1 CHECKLIST 57820 OK 0 6 432 F v:124
20/08/2020 10:08:45 AM,252 Event OK
20/08/2020 10:08:46 AM,EVENT 57822 1597918128 -310143527/1219231275/908/5/0 INPUT 1 0 69 v:124
20/08/2020 10:08:46 AM,252 Event OK
20/08/2020 10:08:47 AM,EVENT 57823 1597918129 -310143527/1219231275/908/5/0 INPUT 4 1 0 v:124
20/08/2020 10:08:47 AM,252 Event OK
20/08/2020 10:08:47 AM,QUIT
20/08/2020 10:08:47 AM,221 Session ended - goodbye
20/08/2020 10:09:09 AM,UNIT 9279
20/08/2020 10:09:09 AM,333 CHAL 7AA1A77B
20/08/2020 10:09:10 AM,RESP CAEA8EFB
20/08/2020 10:09:10 AM,230 Auth OK
20/08/2020 10:09:10 AM,TIME
20/08/2020 10:09:10 AM,211 TIME 1597918150
20/08/2020 10:09:11 AM,EVCOUNT 2
20/08/2020 10:09:11 AM,252 Event OK
20/08/2020 10:09:11 AM,TODO
20/08/2020 10:09:11 AM,226 Nothing to do
20/08/2020 10:09:12 AM,EVENT 57824 1597918152 -310143382/1219231075/923/4/2 INPUT 4 0 24 v:124
20/08/2020 10:09:12 AM,252 Event OK
20/08/2020 10:09:12 AM,EVENT 57825 1597918152 -310143384/1219231077/918/4/2 INPUT 4 1 0 v:124
20/08/2020 10:09:12 AM,252 Event OK
20/08/2020 10:09:13 AM,QUIT
20/08/2020 10:09:13 AM,221 Session ended - goodbye
20/08/2020 10:09:25 AM,UNIT 9279
20/08/2020 10:09:25 AM,333 CHAL 7225389D
20/08/2020 10:09:25 AM,RESP A7742B95
20/08/2020 10:09:25 AM,230 Auth OK
20/08/2020 10:09:26 AM,TIME
20/08/2020 10:09:26 AM,211 TIME 1597918166
20/08/2020 10:09:26 AM,EVCOUNT 3
20/08/2020 10:09:26 AM,252 Event OK
20/08/2020 10:09:27 AM,TODO
20/08/2020 10:09:27 AM,226 Nothing to do
20/08/2020 10:09:27 AM,EVENT 57826 1597918167 -310142765/1219230741/879/4/2 INPUT 4 0 15 v:124
20/08/2020 10:09:27 AM,252 Event OK
20/08/2020 10:09:28 AM,EVENT 57827 1597918167 -310142791/1219230762/879/4/1 INPUT 4 1 0 v:124
20/08/2020 10:09:28 AM,252 Event OK
20/08/2020 10:09:29 AM,EVENT 57828 1597918169 -310142942/1219230964/874/4/5 INPUT 3 1 0 v:124
20/08/2020 10:09:29 AM,252 Event OK
20/08/2020 10:09:29 AM,QUIT
20/08/2020 10:09:29 AM,221 Session ended - goodbye
20/08/2020 8:53:01 PM,UNIT 9279
20/08/2020 8:53:01 PM,333 CHAL 369424AC
20/08/2020 8:53:02 PM,RESP 02D8648E
20/08/2020 8:53:02 PM,230 Auth OK
20/08/2020 8:53:03 PM,TIME
20/08/2020 8:53:03 PM,211 TIME 1597956783
20/08/2020 8:53:03 PM,EVCOUNT 116
20/08/2020 8:53:03 PM,252 Event OK
20/08/2020 8:53:03 PM,TODO
20/08/2020 8:53:03 PM,226 Nothing to do
20/08/2020 8:53:03 PM,EVENT 57829 1597918254 -310121644/1219229322/881/7/11 INPUT 3 0 85 v:124
20/08/2020 8:53:03 PM,252 Event OK
20/08/2020 8:53:04 PM,EVENT 57830 1597918257 -310121742/1219229170/885/7/0 INPUT 3 1 0 v:124
20/08/2020 8:53:04 PM,252 Event OK
20/08/2020 8:53:04 PM,EVENT 57831 1597918257 -310121742/1219229170/885/7/0 INPUT 7 1 0 v:124
20/08/2020 8:53:04 PM,252 Event OK
20/08/2020 8:53:04 PM,EVENT 57832 1597918257 -310121740/1219229167/884/7/0 INPUT 8 0 197 v:124
20/08/2020 8:53:04 PM,252 Event OK
20/08/2020 8:53:05 PM,EVENT 57833 1597918258 -310121740/1219229164/884/7/14 INPUT 1 1 0 v:123
20/08/2020 8:53:05 PM,252 Event OK
20/08/2020 8:53:05 PM,EVENT 57834 1597918258 -310121738/1219229160/883/7/24 INPUT 3 0 2 v:123
20/08/2020 8:53:05 PM,252 Event OK
20/08/2020 8:53:05 PM,EVENT 57835 1597918258 -310121738/1219229160/883/7/24 INPUT 4 0 91 v:123
20/08/2020 8:53:05 PM,252 Event OK
20/08/2020 8:53:06 PM,EVENT 57836 1597918260 -310121734/1219229141/882/7/0 INPUT 4 1 0 v:123
20/08/2020 8:53:06 PM,252 Event OK
20/08/2020 8:53:07 PM,EVENT 57837 1597918261 -310121733/1219229122/880/7/0 TRIP 57820 87 45 14 13 146 v:123
20/08/2020 8:53:07 PM,252 Event OK
20/08/2020 8:53:07 PM,EVENT 57838 1597918262 -310121733/1219229122/880/7/0 INPUT 4 0 2 v:123
20/08/2020 8:53:07 PM,252 Event OK
20/08/2020 8:53:08 PM,EVENT 57839 1597918305 -310121778/1219229237/798/0/0 REPORT * 0 238 v:124
20/08/2020 8:53:08 PM,252 Event OK
20/08/2020 8:53:08 PM,EVENT 57840 1597919756 -310121795/1219229459/777/0/0 INPUT 8 1 0 v:124
20/08/2020 8:53:08 PM,252 Event OK
20/08/2020 8:53:09 PM,EVENT 57841 1597919756 -310121794/1219229456/777/0/0 INPUT 7 0 1500 v:124
20/08/2020 8:53:09 PM,252 Event OK
20/08/2020 8:53:09 PM,EVENT 57842 1597919768 -310121763/1219229372/774/0/0 SIGNON 2515 03cffacd OK 26 180299 0 v:124
20/08/2020 8:53:09 PM,252 Event OK
20/08/2020 8:53:09 PM,EVENT 57843 1597919778 -310121786/1219229371/772/0/0 INPUT 1 0 1520 v:124
20/08/2020 8:53:09 PM,252 Event OK
20/08/2020 8:53:10 PM,EVENT 57844 1597919778 -310121788/1219229371/772/0/0 INPUT 4 1 0 v:124
20/08/2020 8:53:10 PM,252 Event OK
20/08/2020 8:53:10 PM,EVENT 57845 1597919788 -310121942/1219229212/763/0/2 INPUT 3 1 0 v:124
20/08/2020 8:53:10 PM,252 Event OK
20/08/2020 8:53:10 PM,EVENT 57846 1597920138 0/0/0/0/22 REPORT 57842 0 0 v:124
20/08/2020 8:53:10 PM,252 Event OK
20/08/2020 8:53:11 PM,EVENT 57847 1597920530 0/0/0/0/11 INPUT 3 0 742 v:124
20/08/2020 8:53:11 PM,252 Event OK
20/08/2020 8:53:11 PM,EVENT 57848 1597920531 0/0/0/0/8 INPUT 3 1 0 v:124
20/08/2020 8:53:11 PM,252 Event OK
20/08/2020 8:53:11 PM,EVENT 57849 1597920532 0/0/0/0/9 INPUT 3 0 2 v:124
20/08/2020 8:53:11 PM,252 Event OK
20/08/2020 8:53:11 PM,EVENT 57850 1597920550 0/0/0/0/0 INPUT 4 0 773 v:124
20/08/2020 8:53:11 PM,252 Event OK
20/08/2020 8:53:12 PM,EVENT 57851 1597920550 0/0/0/0/0 INPUT 4 1 0 v:124
20/08/2020 8:53:12 PM,252 Event OK
20/08/2020 8:53:12 PM,EVENT 57852 1597920608 0/0/0/0/3 INPUT 3 1 0 v:124
20/08/2020 8:53:12 PM,252 Event OK
20/08/2020 8:53:12 PM,EVENT 57853 1597920614 0/0/0/0/10 INPUT 3 0 6 v:124
20/08/2020 8:53:12 PM,252 Event OK
20/08/2020 8:53:14 PM,EVENT 57854 1597920643 0/0/0/0/0 INPUT 7 1 0 v:124
20/08/2020 8:53:14 PM,252 Event OK
20/08/2020 8:53:14 PM,EVENT 57855 1597920643 0/0/0/0/0 INPUT 8 0 887 v:124
20/08/2020 8:53:14 PM,252 Event OK
20/08/2020 8:53:14 PM,EVENT 57856 1597920643 0/0/0/0/0 INPUT 4 0 93 v:124
20/08/2020 8:53:14 PM,252 Event OK
20/08/2020 8:53:15 PM,EVENT 57857 1597920644 0/0/0/0/0 INPUT 4 1 0 v:124
20/08/2020 8:53:15 PM,252 Event OK
20/08/2020 8:53:15 PM,EVENT 57858 1597920644 0/0/0/0/0 INPUT 1 1 0 v:124
20/08/2020 8:53:15 PM,252 Event OK
20/08/2020 8:53:15 PM,EVENT 57859 1597920645 0/0/0/0/0 INPUT 4 0 2 v:123
20/08/2020 8:53:15 PM,252 Event OK
20/08/2020 8:53:15 PM,EVENT 57860 1597920647 0/0/0/0/0 TRIP 57842 750 118 11 9 879 v:124
20/08/2020 8:53:15 PM,252 Event OK
20/08/2020 8:53:16 PM,EVENT 57861 1597922515 0/0/0/0/0 SWSTART OpusFC 5.0.58.518 R v:124
20/08/2020 8:53:16 PM,252 Event OK
20/08/2020 8:53:16 PM,EVENT 57862 1597920647 0/0/0/0/0 POWERDOWN v:124
20/08/2020 8:53:16 PM,252 Event OK
20/08/2020 8:53:17 PM,EVENT 57863 1597922515 0/0/0/0/0 INPUT 1 1 0 v:124
20/08/2020 8:53:17 PM,252 Event OK
20/08/2020 8:53:17 PM,EVENT 57864 1597922515 0/0/0/0/0 INPUT 2 0 0 v:124
20/08/2020 8:53:17 PM,252 Event OK
20/08/2020 8:53:17 PM,EVENT 57865 1597922515 0/0/0/0/0 INPUT 3 0 0 v:124
20/08/2020 8:53:17 PM,252 Event OK
20/08/2020 8:53:17 PM,EVENT 57866 1597922515 0/0/0/0/0 INPUT 4 0 0 v:124
20/08/2020 8:53:17 PM,252 Event OK
20/08/2020 8:53:18 PM,EVENT 57867 1597922515 0/0/0/0/0 INPUT 7 0 0 v:124
20/08/2020 8:53:18 PM,252 Event OK
20/08/2020 8:53:18 PM,EVENT 57868 1597922515 0/0/0/0/0 INPUT 8 1 0 v:124
20/08/2020 8:53:18 PM,252 Event OK
20/08/2020 8:53:19 PM,EVENT 57869 1597922517 0/0/0/0/0 ZONE_OK 2 100 FW=NO VERSION v:124
20/08/2020 8:53:19 PM,252 Event OK
20/08/2020 8:53:19 PM,EVENT 57870 1597922525 0/0/0/0/0 SIGNON 2515 03cffacd OK 26 180299 0 v:124
20/08/2020 8:53:19 PM,252 Event OK
20/08/2020 8:53:19 PM,EVENT 57871 1597922531 0/0/0/99/0 INPUT 1 0 16 v:124
20/08/2020 8:53:19 PM,252 Event OK
20/08/2020 8:53:19 PM,EVENT 57872 1597922531 0/0/0/99/0 INPUT 4 1 0 v:124
20/08/2020 8:53:19 PM,252 Event OK
20/08/2020 8:53:20 PM,EVENT 57873 1597922536 0/0/0/99/3 INPUT 3 1 0 v:124
20/08/2020 8:53:20 PM,252 Event OK
20/08/2020 8:53:20 PM,EVENT 57874 1597922801 0/0/0/0/11 INPUT 3 0 265 v:124
20/08/2020 8:53:20 PM,252 Event OK
20/08/2020 8:53:20 PM,EVENT 57875 1597922804 0/0/0/0/2 INPUT 7 1 0 v:124
20/08/2020 8:53:20 PM,252 Event OK
20/08/2020 8:53:20 PM,EVENT 57876 1597922804 0/0/0/0/2 INPUT 8 0 288 v:124
20/08/2020 8:53:20 PM,252 Event OK
20/08/2020 8:53:21 PM,EVENT 57877 1597922805 0/0/0/0/0 INPUT 1 1 0 v:124
20/08/2020 8:53:21 PM,252 Event OK
20/08/2020 8:53:21 PM,EVENT 57878 1597922808 0/0/0/0/0 TRIP 57870 265 12 6 6 283 v:124
20/08/2020 8:53:21 PM,252 Event OK
20/08/2020 8:53:21 PM,EVENT 57879 1597922809 0/0/0/0/0 INPUT 4 0 277 v:124
20/08/2020 8:53:21 PM,252 Event OK
20/08/2020 8:53:22 PM,EVENT 57880 1597922815 0/0/0/0/0 INPUT 8 1 0 v:124
20/08/2020 8:53:22 PM,252 Event OK
20/08/2020 8:53:22 PM,EVENT 57881 1597922815 0/0/0/0/0 INPUT 7 0 12 v:124
20/08/2020 8:53:22 PM,252 Event OK
20/08/2020 8:53:22 PM,EVENT 57882 1597922823 0/0/0/0/0 SIGNON 2515 03cffacd OK 26 180299 0 v:124
20/08/2020 8:53:22 PM,252 Event OK
20/08/2020 8:53:23 PM,EVENT 57883 1597922835 0/0/0/0/0 INPUT 1 0 30 v:124
20/08/2020 8:53:23 PM,252 Event OK
20/08/2020 8:53:23 PM,EVENT 57884 1597922835 0/0/0/0/0 INPUT 4 1 0 v:124
20/08/2020 8:53:23 PM,252 Event OK
20/08/2020 8:53:23 PM,EVENT 57885 1597922841 0/0/0/0/6 INPUT 3 1 0 v:124
20/08/2020 8:53:23 PM,252 Event OK
20/08/2020 8:53:24 PM,EVENT 57886 1597922865 0/0/0/0/10 INPUT 3 0 24 v:124
20/08/2020 8:53:24 PM,252 Event OK
20/08/2020 8:53:24 PM,EVENT 57887 1597922870 0/0/0/99/4 INPUT 7 1 0 v:124
20/08/2020 8:53:24 PM,252 Event OK
20/08/2020 8:53:24 PM,EVENT 57888 1597922870 0/0/0/99/4 INPUT 8 0 56 v:124
20/08/2020 8:53:24 PM,252 Event OK
20/08/2020 8:53:25 PM,EVENT 57889 1597922871 0/0/0/99/1 INPUT 1 1 0 v:124
20/08/2020 8:53:25 PM,252 Event OK
20/08/2020 8:53:25 PM,EVENT 57890 1597922873 0/0/0/99/0 INPUT 4 0 38 v:124
20/08/2020 8:53:25 PM,252 Event OK
20/08/2020 8:53:25 PM,EVENT 57891 1597922875 0/0/0/99/0 TRIP 57882 24 14 14 12 52 v:124
20/08/2020 8:53:25 PM,252 Event OK
20/08/2020 8:53:26 PM,EVENT 57892 1597922888 0/0/0/99/0 REPORT * 0 0 v:124
20/08/2020 8:53:26 PM,252 Event OK
20/08/2020 8:53:26 PM,EVENT 57893 1597953998 0/0/0/0/0 SWSTART OpusFC 5.0.58.518 R v:124
20/08/2020 8:53:26 PM,252 Event OK
20/08/2020 8:53:27 PM,EVENT 57894 1597922875 0/0/0/0/0 POWERDOWN v:124
20/08/2020 8:53:27 PM,252 Event OK
20/08/2020 8:53:27 PM,EVENT 57895 1597953998 0/0/0/0/0 INPUT 1 1 0 v:124
20/08/2020 8:53:27 PM,252 Event OK
20/08/2020 8:53:28 PM,EVENT 57896 1597953998 0/0/0/0/0 INPUT 2 0 0 v:124
20/08/2020 8:53:28 PM,252 Event OK
20/08/2020 8:53:28 PM,EVENT 57897 1597953998 0/0/0/0/0 INPUT 3 0 0 v:124
20/08/2020 8:53:28 PM,252 Event OK
20/08/2020 8:53:29 PM,EVENT 57898 1597953998 0/0/0/0/0 INPUT 4 0 0 v:124
20/08/2020 8:53:29 PM,252 Event OK
20/08/2020 8:53:29 PM,EVENT 57899 1597953998 0/0/0/0/0 INPUT 7 0 0 v:124
20/08/2020 8:53:29 PM,252 Event OK
20/08/2020 8:53:30 PM,EVENT 57900 1597953998 0/0/0/0/0 INPUT 8 1 0 v:124
20/08/2020 8:53:30 PM,252 Event OK
20/08/2020 8:53:30 PM,EVENT 57901 1597954000 0/0/0/0/0 ZONE_OK 2 100 FW=NO VERSION v:124
20/08/2020 8:53:30 PM,252 Event OK
20/08/2020 8:53:30 PM,EVENT 57902 1597954007 0/0/0/0/0 SIGNON 2505 03b1f6ce OK 26 270498 0 v:124
20/08/2020 8:53:30 PM,252 Event OK
20/08/2020 8:53:31 PM,EVENT 57903 1597954013 0/0/0/99/0 INPUT 4 1 0 v:124
20/08/2020 8:53:31 PM,252 Event OK
20/08/2020 8:53:32 PM,EVENT 57904 1597954013 0/0/0/99/0 INPUT 1 0 15 v:124
20/08/2020 8:53:32 PM,252 Event OK
20/08/2020 8:53:33 PM,EVENT 57905 1597954051 0/0/0/0/2 INPUT 3 1 0 v:124
20/08/2020 8:53:33 PM,252 Event OK
20/08/2020 8:53:33 PM,EVENT 57906 1597954068 0/0/0/0/9 INPUT 3 0 18 v:124
20/08/2020 8:53:33 PM,252 Event OK
20/08/2020 8:53:34 PM,EVENT 57907 1597954086 0/0/0/0/2 INPUT 3 1 0 v:124
20/08/2020 8:53:34 PM,252 Event OK
20/08/2020 8:53:34 PM,EVENT 57908 1597954089 0/0/0/0/10 INPUT 3 0 3 v:124
20/08/2020 8:53:34 PM,252 Event OK
20/08/2020 8:53:34 PM,EVENT 57909 1597954094 0/0/0/0/0 INPUT 7 1 0 v:124
20/08/2020 8:53:34 PM,252 Event OK
20/08/2020 8:53:35 PM,EVENT 57910 1597954094 0/0/0/0/0 INPUT 8 0 95 v:124
20/08/2020 8:53:35 PM,252 Event OK
20/08/2020 8:53:35 PM,EVENT 57911 1597954095 0/0/0/0/0 INPUT 1 1 0 v:124
20/08/2020 8:53:35 PM,252 Event OK
20/08/2020 8:53:36 PM,EVENT 57912 1597954098 0/0/0/0/0 TRIP 57902 21 65 6 6 92 v:124
20/08/2020 8:53:36 PM,252 Event OK
20/08/2020 8:53:36 PM,EVENT 57913 1597954099 0/0/0/0/0 INPUT 4 0 86 v:124
20/08/2020 8:53:36 PM,252 Event OK
20/08/2020 8:53:36 PM,EVENT 57914 1597954122 0/0/0/0/0 REPORT * 0 0 v:124
20/08/2020 8:53:36 PM,252 Event OK
20/08/2020 8:53:37 PM,EVENT 57915 1597955836 0/0/0/0/0 INPUT 8 1 0 v:124
20/08/2020 8:53:37 PM,252 Event OK
20/08/2020 8:53:37 PM,EVENT 57916 1597955836 0/0/0/0/0 INPUT 7 0 1743 v:124
20/08/2020 8:53:37 PM,252 Event OK
20/08/2020 8:53:37 PM,EVENT 57917 1597955843 0/0/0/0/0 SIGNON 2505 03b1f6ce OK 26 270498 0 v:124
20/08/2020 8:53:37 PM,252 Event OK
20/08/2020 8:53:38 PM,EVENT 57918 1597955849 0/0/0/0/0 INPUT 1 0 1754 v:124
20/08/2020 8:53:38 PM,252 Event OK
20/08/2020 8:53:38 PM,EVENT 57919 1597955850 0/0/0/0/0 INPUT 4 1 0 v:124
20/08/2020 8:53:38 PM,252 Event OK
20/08/2020 8:53:38 PM,EVENT 57920 1597955858 0/0/0/0/8 INPUT 3 1 0 v:124
20/08/2020 8:53:38 PM,252 Event OK
20/08/2020 8:53:38 PM,EVENT 57921 1597955878 0/0/0/0/9 INPUT 3 0 19 v:124
20/08/2020 8:53:38 PM,252 Event OK
20/08/2020 8:53:39 PM,EVENT 57922 1597955882 0/0/0/0/2 INPUT 3 1 0 v:124
20/08/2020 8:53:39 PM,252 Event OK
20/08/2020 8:53:39 PM,EVENT 57923 1597955888 0/0/0/0/11 INPUT 3 0 6 v:124
20/08/2020 8:53:39 PM,252 Event OK
20/08/2020 8:53:39 PM,EVENT 57924 1597955892 0/0/0/0/6 INPUT 4 0 43 v:124
20/08/2020 8:53:39 PM,252 Event OK
20/08/2020 8:53:40 PM,EVENT 57925 1597955893 0/0/0/0/5 INPUT 4 1 0 v:124
20/08/2020 8:53:40 PM,252 Event OK
20/08/2020 8:53:40 PM,EVENT 57926 1597955905 0/0/0/0/0 INPUT 4 0 13 v:124
20/08/2020 8:53:40 PM,252 Event OK
20/08/2020 8:53:40 PM,EVENT 57927 1597955905 0/0/0/0/0 INPUT 4 1 0 v:124
20/08/2020 8:53:40 PM,252 Event OK
20/08/2020 8:53:41 PM,EVENT 57928 1597955912 0/0/0/0/5 INPUT 3 1 0 v:124
20/08/2020 8:53:41 PM,252 Event OK
20/08/2020 8:53:41 PM,EVENT 57929 1597955952 0/0/0/0/27 REPORT 57917 0 0 v:124
20/08/2020 8:53:41 PM,252 Event OK
20/08/2020 8:53:41 PM,EVENT 57930 1597956057 0/0/0/0/27 ZONEOVERSPEED 57917 87 39 1 v:124
20/08/2020 8:53:41 PM,252 Event OK
20/08/2020 8:53:42 PM,EVENT 57931 1597956093 0/0/0/0/20 ZONEOVERSPEED 57917 9 33 1 v:124
20/08/2020 8:53:42 PM,252 Event OK
20/08/2020 8:53:42 PM,EVENT 57932 1597956095 0/0/0/0/13 INPUT 3 0 183 v:124
20/08/2020 8:53:42 PM,252 Event OK
20/08/2020 8:53:42 PM,EVENT 57933 1597956108 0/0/0/0/8 INPUT 3 1 0 v:124
20/08/2020 8:53:42 PM,252 Event OK
20/08/2020 8:53:43 PM,EVENT 57934 1597956137 0/0/0/0/21 ZONEOVERSPEED 57917 8 33 1 v:124
20/08/2020 8:53:43 PM,252 Event OK
20/08/2020 8:53:43 PM,EVENT 57935 1597956200 0/0/0/0/17 ZONEOVERSPEED 57917 18 33 1 v:124
20/08/2020 8:53:43 PM,252 Event OK
20/08/2020 8:53:43 PM,EVENT 57936 1597956322 0/0/0/0/27 ZONEOVERSPEED 57917 23 34 1 v:124
20/08/2020 8:53:43 PM,252 Event OK
20/08/2020 8:53:43 PM,EVENT 57937 1597956328 0/0/0/0/15 INPUT 3 0 219 v:124
20/08/2020 8:53:43 PM,252 Event OK
20/08/2020 8:53:44 PM,EVENT 57938 1597956343 0/0/0/0/0 INPUT 4 0 438 v:124
20/08/2020 8:53:44 PM,252 Event OK
20/08/2020 8:53:45 PM,EVENT 57939 1597956344 0/0/0/0/0 INPUT 4 1 0 v:124
20/08/2020 8:53:45 PM,252 Event OK
20/08/2020 8:53:45 PM,EVENT 57940 1597956344 0/0/0/0/2 INPUT 3 1 0 v:124
20/08/2020 8:53:45 PM,252 Event OK
20/08/2020 8:53:45 PM,EVENT 57941 1597956559 0/0/0/0/30 ZONEOVERSPEED 57917 10 32 1 v:124
20/08/2020 8:53:45 PM,252 Event OK
20/08/2020 8:53:46 PM,EVENT 57942 1597956575 0/0/0/0/28 ZONEOVERSPEED 57917 8 32 1 v:124
20/08/2020 8:53:46 PM,252 Event OK
20/08/2020 8:53:46 PM,EVENT 57943 1597956696 0/0/0/0/23 ZONEOVERSPEED 57917 7 30 1 v:124
20/08/2020 8:53:46 PM,252 Event OK
20/08/2020 8:53:46 PM,EVENT 57944 1597956746 0/0/0/0/12 INPUT 3 0 403 v:124
20/08/2020 8:53:46 PM,252 Event OK
20/08/2020 8:53:46 PM,QUIT
20/08/2020 8:53:46 PM,221 Session ended - goodbye
20/08/2020 8:54:00 PM,UNIT 9279
20/08/2020 8:54:00 PM,333 CHAL 2E7F00B
20/08/2020 8:54:00 PM,RESP A94E7B6B
20/08/2020 8:54:00 PM,230 Auth OK
20/08/2020 8:54:00 PM,TIME
20/08/2020 8:54:00 PM,211 TIME 1597956840
20/08/2020 8:54:01 PM,EVCOUNT 1
20/08/2020 8:54:01 PM,252 Event OK
20/08/2020 8:54:01 PM,TODO
20/08/2020 8:54:01 PM,226 Nothing to do
20/08/2020 8:54:01 PM,EVENT 57945 1597956834 -310121591/1219229111/823/2/2 INPUT 3 1 0 v:124
20/08/2020 8:54:01 PM,252 Event OK
20/08/2020 8:54:02 PM,QUIT
20/08/2020 8:54:02 PM,221 Session ended - goodbye
20/08/2020 8:54:41 PM,UNIT 9279
20/08/2020 8:54:41 PM,333 CHAL 1662E4EA
20/08/2020 8:54:42 PM,RESP C7395ABC
20/08/2020 8:54:42 PM,230 Auth OK
20/08/2020 8:54:42 PM,TIME
20/08/2020 8:54:42 PM,211 TIME 1597956882
20/08/2020 8:54:43 PM,EVCOUNT 3
20/08/2020 8:54:43 PM,252 Event OK
20/08/2020 8:54:44 PM,TODO
20/08/2020 8:54:44 PM,226 Nothing to do
20/08/2020 8:54:44 PM,EVENT 57946 1597956884 -310128624/1219228564/859/9/13 INPUT 3 0 49 v:124
20/08/2020 8:54:44 PM,252 Event OK
20/08/2020 8:54:45 PM,EVENT 57947 1597956885 -310128473/1219228472/858/9/9 INPUT 4 0 542 v:124
20/08/2020 8:54:45 PM,252 Event OK
20/08/2020 8:54:46 PM,EVENT 57948 1597956886 -310128473/1219228472/858/9/6 INPUT 4 1 0 v:124
20/08/2020 8:54:46 PM,252 Event OK
20/08/2020 8:54:46 PM,QUIT
20/08/2020 8:54:46 PM,221 Session ended - goodbye
20/08/2020 8:56:16 PM,UNIT 9279
20/08/2020 8:56:16 PM,333 CHAL 2A19E713
20/08/2020 8:56:16 PM,RESP 1A719A58
20/08/2020 8:56:16 PM,230 Auth OK
20/08/2020 8:56:17 PM,TIME
20/08/2020 8:56:17 PM,211 TIME 1597956977
20/08/2020 8:56:17 PM,EVCOUNT 3
20/08/2020 8:56:17 PM,252 Event OK
20/08/2020 8:56:18 PM,TODO
20/08/2020 8:56:18 PM,226 Nothing to do
20/08/2020 8:56:18 PM,EVENT 57949 1597956974 -310129360/1219228670/809/2/5 INPUT 4 0 89 v:124
20/08/2020 8:56:18 PM,252 Event OK
20/08/2020 8:56:19 PM,EVENT 57950 1597956974 -310129379/1219228660/809/2/4 INPUT 4 1 0 v:124
20/08/2020 8:56:19 PM,252 Event OK
20/08/2020 8:56:20 PM,EVENT 57951 1597956977 -310129103/1219228745/803/2/5 INPUT 3 1 0 v:124
20/08/2020 8:56:20 PM,252 Event OK
20/08/2020 8:56:20 PM,QUIT
20/08/2020 8:56:20 PM,221 Session ended - goodbye
20/08/2020 8:56:33 PM,UNIT 9279
20/08/2020 8:56:33 PM,333 CHAL 52BF4386
20/08/2020 8:56:34 PM,RESP C5DA7D85
20/08/2020 8:56:34 PM,230 Auth OK
20/08/2020 8:56:35 PM,TIME
20/08/2020 8:56:35 PM,211 TIME 1597956994
20/08/2020 8:56:35 PM,EVCOUNT 1
20/08/2020 8:56:35 PM,252 Event OK
20/08/2020 8:56:36 PM,TODO
20/08/2020 8:56:36 PM,226 Nothing to do
20/08/2020 8:56:37 PM,EVENT 57952 1597956996 -310123441/1219232045/855/5/12 INPUT 3 0 18 v:124
20/08/2020 8:56:37 PM,252 Event OK
20/08/2020 8:56:37 PM,QUIT
20/08/2020 8:56:37 PM,221 Session ended - goodbye
20/08/2020 8:56:51 PM,UNIT 9279
20/08/2020 8:56:51 PM,333 CHAL 690BAF5
20/08/2020 8:56:52 PM,RESP 0E66EE98
20/08/2020 8:56:52 PM,230 Auth OK
20/08/2020 8:56:53 PM,TIME
20/08/2020 8:56:53 PM,211 TIME 1597957013
20/08/2020 8:56:53 PM,EVCOUNT 4
20/08/2020 8:56:53 PM,252 Event OK
20/08/2020 8:56:54 PM,TODO
20/08/2020 8:56:54 PM,226 Nothing to do
20/08/2020 8:56:55 PM,EVENT 57953 1597957014 -310122979/1219230825/954/5/0 INPUT 7 1 0 v:124
20/08/2020 8:56:55 PM,252 Event OK
20/08/2020 8:56:55 PM,EVENT 57954 1597957014 -310122979/1219230825/954/5/0 INPUT 8 0 1179 v:124
20/08/2020 8:56:55 PM,252 Event OK
20/08/2020 8:56:56 PM,EVENT 57955 1597957015 -310122975/1219230831/956/5/0 INPUT 1 1 0 v:124
20/08/2020 8:56:56 PM,252 Event OK
20/08/2020 8:56:57 PM,EVENT 57956 1597957017 -310122969/1219230840/957/5/0 INPUT 4 0 42 v:124
20/08/2020 8:56:57 PM,252 Event OK
20/08/2020 8:56:58 PM,EVENT 57957 1597957019 -310122959/1219230874/960/5/0 TRIP 57917 897 270 10 7 1177 v:124
20/08/2020 8:56:58 PM,252 Event OK
20/08/2020 8:56:59 PM,EVENT 57958 1597957019 -310122959/1219230874/960/5/0 TRIPSUMMARY 57917 v:124
20/08/2020 8:56:59 PM,252 Event OK
20/08/2020 8:57:00 PM,QUIT
20/08/2020 8:57:00 PM,221 Session ended - goodbye
20/08/2020 9:16:47 PM,UNIT 9279
20/08/2020 9:16:47 PM,333 CHAL 4480C0F9
20/08/2020 9:16:48 PM,RESP EBF09381
20/08/2020 9:16:48 PM,230 Auth OK
20/08/2020 9:16:48 PM,TIME
20/08/2020 9:16:48 PM,211 TIME 1597958208
20/08/2020 9:16:49 PM,EVCOUNT 2
20/08/2020 9:16:49 PM,252 Event OK
20/08/2020 9:16:49 PM,TODO
20/08/2020 9:16:49 PM,226 Nothing to do
20/08/2020 9:16:50 PM,EVENT 57959 1597958210 -310122926/1219231159/935/4/0 INPUT 8 1 0 v:124
20/08/2020 9:16:50 PM,252 Event OK
20/08/2020 9:16:51 PM,EVENT 57960 1597958210 -310122931/1219231159/936/4/0 INPUT 7 0 1195 v:124
20/08/2020 9:16:51 PM,252 Event OK
20/08/2020 9:16:51 PM,QUIT
20/08/2020 9:16:51 PM,221 Session ended - goodbye
20/08/2020 9:17:01 PM,UNIT 9279
20/08/2020 9:17:01 PM,333 CHAL 4C109021
20/08/2020 9:17:02 PM,RESP 880BEDB1
20/08/2020 9:17:02 PM,230 Auth OK
20/08/2020 9:17:03 PM,TIME
20/08/2020 9:17:03 PM,211 TIME 1597958223
20/08/2020 9:17:03 PM,EVCOUNT 1
20/08/2020 9:17:03 PM,252 Event OK
20/08/2020 9:17:04 PM,TODO
20/08/2020 9:17:04 PM,226 Nothing to do
20/08/2020 9:17:05 PM,EVENT 57961 1597958223 -310123048/1219231069/935/4/0 SIGNON 2505 03b1f6ce OK 26 270498 0 v:124
20/08/2020 9:17:05 PM,252 Event OK
20/08/2020 9:17:06 PM,EVENT 57962 1597958230 -310123050/1219231042/920/4/0 INPUT 1 0 1214 v:124
20/08/2020 9:17:06 PM,252 Event OK
20/08/2020 9:17:07 PM,EVENT 57963 1597958230 -310123050/1219231042/920/4/0 INPUT 4 1 0 v:124
20/08/2020 9:17:07 PM,252 Event OK
20/08/2020 9:17:08 PM,QUIT
20/08/2020 9:17:08 PM,221 Session ended - goodbye
20/08/2020 9:17:18 PM,UNIT 9279
20/08/2020 9:17:18 PM,333 CHAL 35583904
20/08/2020 9:17:19 PM,RESP 1FE75290
20/08/2020 9:17:19 PM,230 Auth OK
20/08/2020 9:17:19 PM,TIME
20/08/2020 9:17:19 PM,211 TIME 1597958239
20/08/2020 9:17:20 PM,EVCOUNT 3
20/08/2020 9:17:20 PM,252 Event OK
20/08/2020 9:17:21 PM,TODO
20/08/2020 9:17:21 PM,226 Nothing to do
20/08/2020 9:17:22 PM,EVENT 57964 1597958237 -310123078/1219231004/933/3/0 INPUT 4 0 7 v:124
20/08/2020 9:17:22 PM,252 Event OK
20/08/2020 9:17:23 PM,EVENT 57965 1597958237 -310123106/1219231027/931/3/0 INPUT 4 1 0 v:124
20/08/2020 9:17:23 PM,252 Event OK
20/08/2020 9:17:24 PM,EVENT 57966 1597958239 -310123312/1219231216/933/3/6 INPUT 3 1 0 v:124
20/08/2020 9:17:24 PM,252 Event OK
20/08/2020 9:17:25 PM,QUIT
20/08/2020 9:17:25 PM,221 Session ended - goodbye
20/08/2020 9:17:48 PM,UNIT 9279
20/08/2020 9:17:48 PM,333 CHAL 262D205E
20/08/2020 9:18:00 PM,RESP AE2FC497
20/08/2020 9:18:00 PM,230 Auth OK
20/08/2020 9:18:01 PM,TIME
20/08/2020 9:18:01 PM,211 TIME 1597958281
20/08/2020 9:18:01 PM,EVCOUNT 1
20/08/2020 9:18:01 PM,252 Event OK
20/08/2020 9:18:01 PM,TODO
20/08/2020 9:18:01 PM,226 Nothing to do
20/08/2020 9:18:01 PM,EVENT 57967 1597958270 -310132452/1219220765/860/0/23 REPORT 57961 22 244 v:124
20/08/2020 9:18:01 PM,252 Event OK
20/08/2020 9:18:01 PM,QUIT
20/08/2020 9:18:01 PM,221 Session ended - goodbye
20/08/2020 9:18:29 PM,UNIT 9279
20/08/2020 9:18:29 PM,333 CHAL 6E487178
20/08/2020 9:18:29 PM,RESP 1697BA22
20/08/2020 9:18:29 PM,230 Auth OK
20/08/2020 9:18:30 PM,TIME
20/08/2020 9:18:30 PM,211 TIME 1597958310
20/08/2020 9:18:30 PM,EVCOUNT 5
20/08/2020 9:18:30 PM,252 Event OK
20/08/2020 9:18:30 PM,TODO
20/08/2020 9:18:30 PM,226 Nothing to do
20/08/2020 9:18:31 PM,EVENT 57968 1597958312 -310143258/1219231402/801/0/12 INPUT 3 0 74 v:124
20/08/2020 9:18:31 PM,252 Event OK
20/08/2020 9:18:32 PM,EVENT 57969 1597958314 -310143560/1219231459/793/0/5 INPUT 4 0 77 v:124
20/08/2020 9:18:32 PM,252 Event OK
20/08/2020 9:18:33 PM,EVENT 57970 1597958314 -310143564/1219231462/792/0/4 INPUT 4 1 0 v:124
20/08/2020 9:18:33 PM,252 Event OK
20/08/2020 9:18:33 PM,EVENT 57971 1597958315 -310143564/1219231467/792/0/2 INPUT 7 1 0 v:124
20/08/2020 9:18:33 PM,252 Event OK
20/08/2020 9:18:34 PM,EVENT 57972 1597958315 -310143564/1219231467/792/0/2 INPUT 8 0 105 v:124
20/08/2020 9:18:34 PM,252 Event OK
20/08/2020 9:18:34 PM,EVENT 57973 1597958316 -310143562/1219231471/794/0/0 INPUT 1 1 0 v:124
20/08/2020 9:18:34 PM,252 Event OK
20/08/2020 9:18:35 PM,EVENT 57974 1597958317 -310143557/1219231481/796/0/0 INPUT 4 0 3 v:124
20/08/2020 9:18:35 PM,252 Event OK
20/08/2020 9:18:36 PM,EVENT 57975 1597958319 -310143545/1219231500/801/0/0 TRIP 57961 74 13 9 7 96 v:124
20/08/2020 9:18:36 PM,252 Event OK
20/08/2020 9:18:36 PM,QUIT
20/08/2020 9:18:36 PM,221 Session ended - goodbye
20/08/2020 10:04:07 PM,UNIT 9279
20/08/2020 10:04:07 PM,333 CHAL 364B58EC
20/08/2020 10:04:08 PM,RESP 4A8782D4
20/08/2020 10:04:08 PM,230 Auth OK
20/08/2020 10:04:08 PM,TIME
20/08/2020 10:04:08 PM,211 TIME 1597961048
20/08/2020 10:04:08 PM,EVCOUNT 9
20/08/2020 10:04:08 PM,252 Event OK
20/08/2020 10:04:08 PM,TODO
20/08/2020 10:04:08 PM,226 Nothing to do
20/08/2020 10:04:09 PM,EVENT 57976 1597961030 0/0/0/0/0 SWSTART OpusFC 5.0.58.518 R v:124
20/08/2020 10:04:09 PM,252 Event OK
20/08/2020 10:04:09 PM,EVENT 57977 1597958319 0/0/0/0/0 POWERDOWN v:124
20/08/2020 10:04:09 PM,252 Event OK
20/08/2020 10:04:10 PM,EVENT 57978 1597961030 0/0/0/0/0 INPUT 1 1 0 v:124
20/08/2020 10:04:10 PM,252 Event OK
20/08/2020 10:04:10 PM,EVENT 57979 1597961030 0/0/0/0/0 INPUT 2 0 0 v:124
20/08/2020 10:04:10 PM,252 Event OK
20/08/2020 10:04:10 PM,EVENT 57980 1597961030 0/0/0/0/0 INPUT 3 0 0 v:123
20/08/2020 10:04:10 PM,252 Event OK
20/08/2020 10:04:11 PM,EVENT 57981 1597961030 0/0/0/0/0 INPUT 4 0 0 v:124
20/08/2020 10:04:11 PM,252 Event OK
20/08/2020 10:04:11 PM,EVENT 57982 1597961030 0/0/0/0/0 INPUT 7 0 0 v:123
20/08/2020 10:04:11 PM,252 Event OK
20/08/2020 10:04:11 PM,EVENT 57983 1597961030 0/0/0/0/0 INPUT 8 1 0 v:123
20/08/2020 10:04:11 PM,252 Event OK
20/08/2020 10:04:11 PM,EVENT 57984 1597961032 0/0/0/0/0 ZONE_OK 2 100 FW=NO VERSION v:123
20/08/2020 10:04:11 PM,252 Event OK
20/08/2020 10:04:12 PM,QUIT
20/08/2020 10:04:12 PM,221 Session ended - goodbye
20/08/2020 10:04:25 PM,UNIT 9279
20/08/2020 10:04:25 PM,333 CHAL 713C0CD2
20/08/2020 10:04:26 PM,RESP 0A13693A
20/08/2020 10:04:26 PM,230 Auth OK
20/08/2020 10:04:26 PM,TIME
20/08/2020 10:04:26 PM,211 TIME 1597961066
20/08/2020 10:04:27 PM,EVCOUNT 1
20/08/2020 10:04:27 PM,252 Event OK
20/08/2020 10:04:27 PM,TODO
20/08/2020 10:04:27 PM,226 Nothing to do
20/08/2020 10:04:28 PM,EVENT 57985 1597961068 0/0/0/3/0 SIGNON 2482 03b7eed3 OK_CL 26 240896 0 v:123
20/08/2020 10:04:28 PM,252 Event OK
20/08/2020 10:04:28 PM,QUIT
20/08/2020 10:04:28 PM,221 Session ended - goodbye
20/08/2020 10:04:38 PM,UNIT 9279
20/08/2020 10:04:38 PM,333 CHAL 2003947F
20/08/2020 10:04:39 PM,RESP 9E4B9E70
20/08/2020 10:04:39 PM,230 Auth OK
20/08/2020 10:04:39 PM,TIME
20/08/2020 10:04:39 PM,211 TIME 1597961079
20/08/2020 10:04:40 PM,EVCOUNT 3
20/08/2020 10:04:40 PM,252 Event OK
20/08/2020 10:04:40 PM,TODO
20/08/2020 10:04:40 PM,226 Nothing to do
20/08/2020 10:04:41 PM,EVENT 57986 1597961075 -310143479/1219231552/2660/3/2 CHECKLIST 57985 OK 0 7 432 F v:123
20/08/2020 10:04:41 PM,252 Event OK
20/08/2020 10:04:42 PM,EVENT 57987 1597961082 -310143530/1219231512/1561/3/0 INPUT 1 0 51 v:124
20/08/2020 10:04:42 PM,252 Event OK
20/08/2020 10:04:42 PM,EVENT 57988 1597961082 -310143530/1219231512/1561/3/0 INPUT 4 1 0 v:124
20/08/2020 10:04:42 PM,252 Event OK
20/08/2020 10:04:43 PM,QUIT
20/08/2020 10:04:43 PM,221 Session ended - goodbye
20/08/2020 10:05:04 PM,UNIT 9279
20/08/2020 10:05:04 PM,333 CHAL 3504E2F
20/08/2020 10:05:05 PM,RESP 02E83942
20/08/2020 10:05:05 PM,230 Auth OK
20/08/2020 10:05:05 PM,TIME
20/08/2020 10:05:05 PM,211 TIME 1597961105
20/08/2020 10:05:06 PM,EVCOUNT 2
20/08/2020 10:05:06 PM,252 Event OK
20/08/2020 10:05:06 PM,TODO
20/08/2020 10:05:06 PM,226 Nothing to do
20/08/2020 10:05:07 PM,EVENT 57989 1597961107 -310143612/1219231327/864/3/0 INPUT 4 0 26 v:124
20/08/2020 10:05:07 PM,252 Event OK
20/08/2020 10:05:08 PM,EVENT 57990 1597961107 -310143612/1219231327/864/3/0 INPUT 4 1 0 v:124
20/08/2020 10:05:08 PM,252 Event OK
20/08/2020 10:05:08 PM,QUIT
20/08/2020 10:05:08 PM,221 Session ended - goodbye
20/08/2020 10:05:46 PM,UNIT 9279
20/08/2020 10:05:46 PM,333 CHAL 1D12199C
20/08/2020 10:05:47 PM,RESP 5725F0F9
20/08/2020 10:05:47 PM,230 Auth OK
20/08/2020 10:05:47 PM,TIME
20/08/2020 10:05:47 PM,211 TIME 1597961147
20/08/2020 10:05:48 PM,EVCOUNT 2
20/08/2020 10:05:48 PM,252 Event OK
20/08/2020 10:05:48 PM,TODO
20/08/2020 10:05:48 PM,226 Nothing to do
20/08/2020 10:05:49 PM,EVENT 57991 1597961149 -310143525/1219231393/902/3/0 INPUT 4 0 42 v:124
20/08/2020 10:05:49 PM,252 Event OK
20/08/2020 10:05:49 PM,EVENT 57992 1597961149 -310143525/1219231393/902/3/0 INPUT 4 1 0 v:124
20/08/2020 10:05:49 PM,252 Event OK
20/08/2020 10:05:50 PM,QUIT
20/08/2020 10:05:50 PM,221 Session ended - goodbye
20/08/2020 10:06:52 PM,UNIT 9279
20/08/2020 10:06:52 PM,333 CHAL 7ADB6734
20/08/2020 10:06:53 PM,RESP C3C94453
20/08/2020 10:06:53 PM,230 Auth OK
20/08/2020 10:06:53 PM,TIME
20/08/2020 10:06:53 PM,211 TIME 1597961213
20/08/2020 10:06:54 PM,EVCOUNT 2
20/08/2020 10:06:54 PM,252 Event OK
20/08/2020 10:06:54 PM,TODO
20/08/2020 10:06:54 PM,226 Nothing to do
20/08/2020 10:06:55 PM,EVENT 57993 1597961215 -310143638/1219231416/849/3/0 INPUT 4 0 66 v:124
20/08/2020 10:06:55 PM,252 Event OK
20/08/2020 10:06:56 PM,EVENT 57994 1597961215 -310143638/1219231416/849/3/0 INPUT 4 1 0 v:124
20/08/2020 10:06:56 PM,252 Event OK
20/08/2020 10:06:56 PM,QUIT
20/08/2020 10:06:56 PM,221 Session ended - goodbye
20/08/2020 10:07:25 PM,UNIT 9279
20/08/2020 10:07:25 PM,333 CHAL 43A2C0D1
20/08/2020 10:07:26 PM,RESP 96DEEB8D
20/08/2020 10:07:26 PM,230 Auth OK
20/08/2020 10:07:26 PM,TIME
20/08/2020 10:07:26 PM,211 TIME 1597961246
20/08/2020 10:07:27 PM,EVCOUNT 2
20/08/2020 10:07:27 PM,252 Event OK
20/08/2020 10:07:27 PM,TODO
20/08/2020 10:07:27 PM,226 Nothing to do
20/08/2020 10:07:28 PM,EVENT 57995 1597961248 -310143534/1219231378/835/3/0 INPUT 4 0 33 v:124
20/08/2020 10:07:28 PM,252 Event OK
20/08/2020 10:07:29 PM,EVENT 57996 1597961248 -310143534/1219231378/835/3/0 INPUT 4 1 0 v:124
20/08/2020 10:07:29 PM,252 Event OK
20/08/2020 10:07:29 PM,QUIT
20/08/2020 10:07:29 PM,221 Session ended - goodbye
20/08/2020 10:07:58 PM,UNIT 9279
20/08/2020 10:07:58 PM,333 CHAL 5D1B3594
20/08/2020 10:07:59 PM,RESP 3A18033B
20/08/2020 10:07:59 PM,230 Auth OK
20/08/2020 10:07:59 PM,TIME
20/08/2020 10:07:59 PM,211 TIME 1597961279
20/08/2020 10:08:00 PM,EVCOUNT 2
20/08/2020 10:08:00 PM,252 Event OK
20/08/2020 10:08:00 PM,TODO
20/08/2020 10:08:00 PM,226 Nothing to do
20/08/2020 10:08:01 PM,EVENT 57997 1597961281 -310143426/1219231325/872/4/0 INPUT 4 0 33 v:124
20/08/2020 10:08:01 PM,252 Event OK
20/08/2020 10:08:01 PM,EVENT 57998 1597961281 -310143426/1219231325/872/4/0 INPUT 4 1 0 v:124
20/08/2020 10:08:01 PM,252 Event OK
20/08/2020 10:08:02 PM,QUIT
20/08/2020 10:08:02 PM,221 Session ended - goodbye
20/08/2020 10:09:37 PM,UNIT 9279
20/08/2020 10:09:37 PM,333 CHAL 6390D00C
20/08/2020 10:09:38 PM,RESP 6121C4FF
20/08/2020 10:09:38 PM,230 Auth OK
20/08/2020 10:09:38 PM,TIME
20/08/2020 10:09:38 PM,211 TIME 1597961378
20/08/2020 10:09:39 PM,EVCOUNT 4
20/08/2020 10:09:39 PM,252 Event OK
20/08/2020 10:09:39 PM,TODO
20/08/2020 10:09:39 PM,226 Nothing to do
20/08/2020 10:09:40 PM,EVENT 57999 1597961380 -310143511/1219231471/899/4/0 INPUT 4 0 99 v:124
20/08/2020 10:09:40 PM,252 Event OK
20/08/2020 10:09:41 PM,EVENT 58000 1597961381 -310143469/1219231466/903/4/0 INPUT 4 1 0 v:124
20/08/2020 10:09:41 PM,252 Event OK
20/08/2020 10:09:41 PM,EVENT 58001 1597961383 -310143322/1219231434/903/4/1 INPUT 4 0 3 v:124
20/08/2020 10:09:41 PM,252 Event OK
20/08/2020 10:09:42 PM,EVENT 58002 1597961383 -310143322/1219231434/903/4/1 INPUT 4 1 0 v:124
20/08/2020 10:09:42 PM,252 Event OK
20/08/2020 10:09:43 PM,EVENT 58003 1597961387 -310143005/1219231276/872/4/3 INPUT 4 0 4 v:124
20/08/2020 10:09:43 PM,252 Event OK
20/08/2020 10:09:44 PM,EVENT 58004 1597961387 -310143005/1219231276/872/4/3 INPUT 4 1 0 v:124
20/08/2020 10:09:44 PM,252 Event OK
20/08/2020 10:09:44 PM,QUIT
20/08/2020 10:09:44 PM,221 Session ended - goodbye
20/08/2020 10:09:56 PM,UNIT 9279
20/08/2020 10:09:56 PM,333 CHAL 2C53C9EE
20/08/2020 10:09:57 PM,RESP C001CD88
20/08/2020 10:09:57 PM,230 Auth OK
20/08/2020 10:09:57 PM,TIME
20/08/2020 10:09:57 PM,211 TIME 1597961397
20/08/2020 10:09:58 PM,EVCOUNT 1
20/08/2020 10:09:58 PM,252 Event OK
20/08/2020 10:09:59 PM,TODO
20/08/2020 10:09:59 PM,226 Nothing to do
20/08/2020 10:10:00 PM,EVENT 58005 1597961397 -310143000/1219231646/859/2/8 INPUT 3 1 0 v:124
20/08/2020 10:10:00 PM,252 Event OK
20/08/2020 10:10:00 PM,QUIT
20/08/2020 10:10:00 PM,221 Session ended - goodbye
20/08/2020 11:10:42 PM,UNIT 9279
20/08/2020 11:10:42 PM,333 CHAL 17379C46
20/08/2020 11:10:42 PM,RESP E046F011
20/08/2020 11:10:42 PM,230 Auth OK
20/08/2020 11:10:42 PM,TIME
20/08/2020 11:10:42 PM,211 TIME 1597965042
20/08/2020 11:10:42 PM,EVCOUNT 94
20/08/2020 11:10:42 PM,252 Event OK
20/08/2020 11:10:42 PM,TODO
20/08/2020 11:10:42 PM,226 Nothing to do
20/08/2020 11:10:43 PM,EVENT 58006 1597961472 -310121406/1219229324/947/7/11 INPUT 3 0 75 v:124
20/08/2020 11:10:43 PM,252 Event OK
20/08/2020 11:10:43 PM,EVENT 58007 1597961473 -310121499/1219229215/955/7/5 INPUT 4 0 86 v:124
20/08/2020 11:10:43 PM,252 Event OK
20/08/2020 11:10:44 PM,EVENT 58008 1597961474 -310121499/1219229215/955/7/3 INPUT 4 1 0 v:124
20/08/2020 11:10:44 PM,252 Event OK
20/08/2020 11:10:44 PM,EVENT 58009 1597961524 -310121222/1219229019/1007/0/0 INPUT 4 0 51 v:124
20/08/2020 11:10:44 PM,252 Event OK
20/08/2020 11:10:44 PM,EVENT 58010 1597961524 -310121222/1219229019/1007/0/0 INPUT 4 1 0 v:124
20/08/2020 11:10:44 PM,252 Event OK
20/08/2020 11:10:44 PM,EVENT 58011 1597961689 -310121420/1219229130/929/0/0 INPUT 7 1 0 v:124
20/08/2020 11:10:44 PM,252 Event OK
20/08/2020 11:10:45 PM,EVENT 58012 1597961689 -310121423/1219229130/928/0/0 INPUT 4 0 165 v:124
20/08/2020 11:10:45 PM,252 Event OK
20/08/2020 11:10:45 PM,EVENT 58013 1597961689 -310121423/1219229130/928/0/0 INPUT 8 0 659 v:124
20/08/2020 11:10:45 PM,252 Event OK
20/08/2020 11:10:45 PM,EVENT 58014 1597961689 -310121423/1219229130/928/0/0 INPUT 1 1 0 v:124
20/08/2020 11:10:45 PM,252 Event OK
20/08/2020 11:10:45 PM,EVENT 58015 1597961691 -310121428/1219229126/921/0/0 INPUT 8 1 0 v:124
20/08/2020 11:10:45 PM,252 Event OK
20/08/2020 11:10:46 PM,EVENT 58016 1597961691 -310121429/1219229123/918/0/0 INPUT 7 0 3 v:124
20/08/2020 11:10:46 PM,252 Event OK
20/08/2020 11:10:46 PM,EVENT 58017 1597961695 -310121441/1219229118/898/0/0 INPUT 7 1 0 v:124
20/08/2020 11:10:46 PM,252 Event OK
20/08/2020 11:10:46 PM,EVENT 58018 1597961695 -310121441/1219229118/898/0/0 INPUT 8 0 5 v:124
20/08/2020 11:10:46 PM,252 Event OK
20/08/2020 11:10:46 PM,EVENT 58019 1597961700 -310121454/1219229133/888/0/0 TRIP 57985 75 533 20 11 628 v:124
20/08/2020 11:10:46 PM,252 Event OK
20/08/2020 11:10:47 PM,EVENT 58020 1597961703 -310121461/1219229145/888/0/0 REPORT * 0 229 v:124
20/08/2020 11:10:47 PM,252 Event OK
20/08/2020 11:10:47 PM,EVENT 58021 1597963071 -310121412/1219229140/721/0/0 INPUT 8 1 0 v:124
20/08/2020 11:10:47 PM,252 Event OK
20/08/2020 11:10:48 PM,EVENT 58022 1597963072 -310121413/1219229141/721/0/0 INPUT 7 0 1376 v:124
20/08/2020 11:10:48 PM,252 Event OK
20/08/2020 11:10:49 PM,EVENT 58023 1597963082 -310121421/1219229106/727/0/0 SIGNON 2482 03b7eed3 OK 26 240896 0 v:124
20/08/2020 11:10:49 PM,252 Event OK
20/08/2020 11:10:50 PM,EVENT 58024 1597963089 -310121424/1219229095/721/0/0 INPUT 1 0 1399 v:124
20/08/2020 11:10:50 PM,252 Event OK
20/08/2020 11:10:50 PM,EVENT 58025 1597963089 -310121426/1219229095/721/0/0 INPUT 4 1 0 v:124
20/08/2020 11:10:50 PM,252 Event OK
20/08/2020 11:10:50 PM,EVENT 58026 1597963098 -310121720/1219228444/734/0/8 INPUT 3 1 0 v:124
20/08/2020 11:10:50 PM,252 Event OK
20/08/2020 11:10:51 PM,EVENT 58027 1597963533 0/0/0/0/22 REPORT 58023 0 0 v:124
20/08/2020 11:10:51 PM,252 Event OK
20/08/2020 11:10:51 PM,EVENT 58028 1597963737 0/0/0/0/9 INPUT 3 0 640 v:124
20/08/2020 11:10:51 PM,252 Event OK
20/08/2020 11:10:51 PM,EVENT 58029 1597963754 0/0/0/0/0 INPUT 4 0 665 v:124
20/08/2020 11:10:51 PM,252 Event OK
20/08/2020 11:10:52 PM,EVENT 58030 1597963754 0/0/0/0/0 INPUT 4 1 0 v:124
20/08/2020 11:10:52 PM,252 Event OK
20/08/2020 11:10:52 PM,EVENT 58031 1597963761 0/0/0/0/3 INPUT 4 0 7 v:124
20/08/2020 11:10:52 PM,252 Event OK
20/08/2020 11:10:52 PM,EVENT 58032 1597963761 0/0/0/0/3 INPUT 4 1 0 v:124
20/08/2020 11:10:52 PM,252 Event OK
20/08/2020 11:10:54 PM,EVENT 58033 1597963768 0/0/0/0/2 INPUT 4 0 7 v:124
20/08/2020 11:10:54 PM,252 Event OK
20/08/2020 11:10:54 PM,EVENT 58034 1597963768 0/0/0/0/1 INPUT 4 1 0 v:124
20/08/2020 11:10:54 PM,252 Event OK
20/08/2020 11:10:54 PM,EVENT 58035 1597963772 0/0/0/0/5 INPUT 3 1 0 v:124
20/08/2020 11:10:54 PM,252 Event OK
20/08/2020 11:10:54 PM,EVENT 58036 1597963946 0/0/0/99/10 INPUT 3 0 174 v:124
20/08/2020 11:10:54 PM,252 Event OK
20/08/2020 11:10:55 PM,EVENT 58037 1597963947 0/0/0/99/6 INPUT 4 0 179 v:124
20/08/2020 11:10:55 PM,252 Event OK
20/08/2020 11:10:55 PM,EVENT 58038 1597963947 0/0/0/99/5 INPUT 4 1 0 v:124
20/08/2020 11:10:55 PM,252 Event OK
20/08/2020 11:10:55 PM,EVENT 58039 1597963999 0/0/0/0/2 INPUT 4 0 52 v:124
20/08/2020 11:10:55 PM,252 Event OK
20/08/2020 11:10:56 PM,EVENT 58040 1597963999 0/0/0/0/2 INPUT 4 1 0 v:124
20/08/2020 11:10:56 PM,252 Event OK
20/08/2020 11:10:57 PM,EVENT 58041 1597964005 0/0/0/0/0 INPUT 4 0 6 v:124
20/08/2020 11:10:57 PM,252 Event OK
20/08/2020 11:10:58 PM,EVENT 58042 1597964005 0/0/0/0/0 INPUT 4 1 0 v:124
20/08/2020 11:10:58 PM,252 Event OK
20/08/2020 11:10:59 PM,EVENT 58043 1597964011 0/0/0/0/1 INPUT 4 0 6 v:124
20/08/2020 11:10:59 PM,252 Event OK
20/08/2020 11:10:59 PM,EVENT 58044 1597964012 0/0/0/0/1 INPUT 4 1 0 v:124
20/08/2020 11:10:59 PM,252 Event OK
20/08/2020 11:10:59 PM,EVENT 58045 1597964019 0/0/0/0/0 INPUT 4 0 8 v:124
20/08/2020 11:10:59 PM,252 Event OK
20/08/2020 11:10:59 PM,EVENT 58046 1597964019 0/0/0/0/0 INPUT 4 1 0 v:124
20/08/2020 11:10:59 PM,252 Event OK
20/08/2020 11:11:00 PM,EVENT 58047 1597964024 0/0/0/0/6 INPUT 3 1 0 v:124
20/08/2020 11:11:00 PM,252 Event OK
20/08/2020 11:11:00 PM,EVENT 58048 1597964029 0/0/0/0/11 INPUT 3 0 4 v:124
20/08/2020 11:11:00 PM,252 Event OK
20/08/2020 11:11:06 PM,EVENT 58049 1597964030 0/0/0/0/8 INPUT 3 1 0 v:124
20/08/2020 11:11:06 PM,252 Event OK
20/08/2020 11:11:09 PM,EVENT 58050 1597964293 0/0/0/0/11 INPUT 3 0 264 v:124
20/08/2020 11:11:09 PM,252 Event OK
20/08/2020 11:11:09 PM,EVENT 58051 1597964299 0/0/0/0/4 INPUT 3 1 0 v:124
20/08/2020 11:11:09 PM,252 Event OK
20/08/2020 11:11:10 PM,EVENT 58052 1597964300 0/0/0/0/8 INPUT 3 0 1 v:123
20/08/2020 11:11:10 PM,252 Event OK
20/08/2020 11:11:10 PM,EVENT 58053 1597964339 0/0/0/0/8 INPUT 3 1 0 v:124
20/08/2020 11:11:10 PM,252 Event OK
20/08/2020 11:11:11 PM,EVENT 58054 1597964343 0/0/0/0/9 INPUT 3 0 5 v:124
20/08/2020 11:11:11 PM,252 Event OK
20/08/2020 11:11:11 PM,EVENT 58055 1597964350 0/0/0/0/5 INPUT 3 1 0 v:124
20/08/2020 11:11:11 PM,252 Event OK
20/08/2020 11:11:11 PM,EVENT 58056 1597964484 0/0/0/0/15 INPUT 3 0 134 v:124
20/08/2020 11:11:11 PM,252 Event OK
20/08/2020 11:11:11 PM,EVENT 58057 1597964489 0/0/0/0/0 INPUT 4 0 470 v:124
20/08/2020 11:11:11 PM,252 Event OK
20/08/2020 11:11:12 PM,EVENT 58058 1597964489 0/0/0/0/0 INPUT 4 1 0 v:124
20/08/2020 11:11:12 PM,252 Event OK
20/08/2020 11:11:12 PM,EVENT 58059 1597964499 0/0/0/0/4 INPUT 4 0 10 v:124
20/08/2020 11:11:12 PM,252 Event OK
20/08/2020 11:11:12 PM,EVENT 58060 1597964499 0/0/0/0/4 INPUT 4 1 0 v:124
20/08/2020 11:11:12 PM,252 Event OK
20/08/2020 11:11:12 PM,EVENT 58061 1597964510 0/0/0/0/2 INPUT 3 1 0 v:124
20/08/2020 11:11:12 PM,252 Event OK
20/08/2020 11:11:13 PM,EVENT 58062 1597964513 0/0/0/0/14 INPUT 3 0 3 v:124
20/08/2020 11:11:13 PM,252 Event OK
20/08/2020 11:11:13 PM,EVENT 58063 1597964513 0/0/0/0/10 INPUT 3 1 0 v:124
20/08/2020 11:11:13 PM,252 Event OK
20/08/2020 11:11:14 PM,EVENT 58064 1597964520 0/0/0/0/9 INPUT 3 0 7 v:124
20/08/2020 11:11:14 PM,252 Event OK
20/08/2020 11:11:14 PM,EVENT 58065 1597964523 0/0/0/0/3 INPUT 3 1 0 v:124
20/08/2020 11:11:14 PM,252 Event OK
20/08/2020 11:11:14 PM,EVENT 58066 1597964527 0/0/0/0/10 INPUT 3 0 3 v:124
20/08/2020 11:11:14 PM,252 Event OK
20/08/2020 11:11:14 PM,EVENT 58067 1597964539 0/0/0/0/0 INPUT 3 1 0 v:124
20/08/2020 11:11:14 PM,252 Event OK
20/08/2020 11:11:15 PM,EVENT 58068 1597964540 0/0/0/0/10 INPUT 3 0 2 v:124
20/08/2020 11:11:15 PM,252 Event OK
20/08/2020 11:11:15 PM,EVENT 58069 1597964545 0/0/0/0/4 INPUT 3 1 0 v:124
20/08/2020 11:11:15 PM,252 Event OK
20/08/2020 11:11:15 PM,EVENT 58070 1597964591 0/0/0/0/9 INPUT 3 0 46 v:124
20/08/2020 11:11:15 PM,252 Event OK
20/08/2020 11:11:16 PM,EVENT 58071 1597964598 0/0/0/0/0 INPUT 4 0 99 v:124
20/08/2020 11:11:16 PM,252 Event OK
20/08/2020 11:11:16 PM,EVENT 58072 1597964598 0/0/0/0/0 INPUT 4 1 0 v:124
20/08/2020 11:11:16 PM,252 Event OK
20/08/2020 11:11:16 PM,EVENT 58073 1597964613 0/0/0/0/3 INPUT 4 0 15 v:124
20/08/2020 11:11:16 PM,252 Event OK
20/08/2020 11:11:17 PM,EVENT 58074 1597964613 0/0/0/0/3 INPUT 4 1 0 v:124
20/08/2020 11:11:17 PM,252 Event OK
20/08/2020 11:11:17 PM,EVENT 58075 1597964618 0/0/0/0/4 INPUT 3 1 0 v:124
20/08/2020 11:11:17 PM,252 Event OK
20/08/2020 11:11:17 PM,EVENT 58076 1597964747 0/0/0/0/26 ZONEOVERSPEED 58023 8 32 1 v:124
20/08/2020 11:11:17 PM,252 Event OK
20/08/2020 11:11:17 PM,EVENT 58077 1597964763 0/0/0/0/11 INPUT 3 0 146 v:124
20/08/2020 11:11:17 PM,252 Event OK
20/08/2020 11:11:18 PM,EVENT 58078 1597964766 0/0/0/0/2 INPUT 4 0 153 v:124
20/08/2020 11:11:18 PM,252 Event OK
20/08/2020 11:11:18 PM,EVENT 58079 1597964766 0/0/0/0/2 INPUT 4 1 0 v:124
20/08/2020 11:11:18 PM,252 Event OK
20/08/2020 11:11:19 PM,EVENT 58080 1597964793 0/0/0/0/3 INPUT 4 0 27 v:124
20/08/2020 11:11:19 PM,252 Event OK
20/08/2020 11:11:19 PM,EVENT 58081 1597964793 0/0/0/0/2 INPUT 4 1 0 v:124
20/08/2020 11:11:19 PM,252 Event OK
20/08/2020 11:11:20 PM,EVENT 58082 1597964797 0/0/0/0/3 INPUT 4 0 4 v:124
20/08/2020 11:11:20 PM,252 Event OK
20/08/2020 11:11:29 PM,EVENT 58083 1597964797 0/0/0/0/3 INPUT 4 1 0 v:124
20/08/2020 11:11:29 PM,252 Event OK
20/08/2020 11:11:30 PM,EVENT 58084 1597964809 0/0/0/0/3 INPUT 4 0 12 v:124
20/08/2020 11:11:30 PM,252 Event OK
20/08/2020 11:12:39 PM,UNIT 9279
20/08/2020 11:12:39 PM,333 CHAL 8C7C619
20/08/2020 11:12:39 PM,RESP 9CFBEA1A
20/08/2020 11:12:39 PM,230 Auth OK
20/08/2020 11:12:40 PM,TIME
20/08/2020 11:12:40 PM,211 TIME 1597965160
20/08/2020 11:12:40 PM,EVCOUNT 26
20/08/2020 11:12:40 PM,252 Event OK
20/08/2020 11:12:41 PM,TODO
20/08/2020 11:12:41 PM,226 Nothing to do
20/08/2020 11:12:41 PM,EVENT 58084 1597964809 0/0/0/0/3 INPUT 4 0 12 v:124
20/08/2020 11:12:41 PM,253 Event OK - Duplicate
20/08/2020 11:12:42 PM,EVENT 58085 1597964809 0/0/0/0/3 INPUT 4 1 0 v:124
20/08/2020 11:12:42 PM,252 Event OK
20/08/2020 11:12:43 PM,EVENT 58086 1597964812 0/0/0/0/5 INPUT 3 1 0 v:124
20/08/2020 11:12:43 PM,252 Event OK
20/08/2020 11:12:43 PM,EVENT 58087 1597964872 0/0/0/0/13 INPUT 3 0 61 v:124
20/08/2020 11:12:43 PM,252 Event OK
20/08/2020 11:12:44 PM,EVENT 58088 1597964873 0/0/0/0/8 INPUT 3 1 0 v:124
20/08/2020 11:12:44 PM,252 Event OK
20/08/2020 11:12:45 PM,EVENT 58089 1597964875 0/0/0/0/11 INPUT 3 0 3 v:124
20/08/2020 11:12:45 PM,252 Event OK
20/08/2020 11:12:45 PM,EVENT 58090 1597964876 0/0/0/0/9 INPUT 3 1 0 v:124
20/08/2020 11:12:45 PM,252 Event OK
20/08/2020 11:12:46 PM,EVENT 58091 1597964878 0/0/0/0/11 INPUT 3 0 3 v:124
20/08/2020 11:12:46 PM,252 Event OK
20/08/2020 11:12:47 PM,EVENT 58092 1597964900 0/0/0/0/0 INPUT 3 1 0 v:124
20/08/2020 11:12:47 PM,252 Event OK
20/08/2020 11:12:47 PM,EVENT 58093 1597965026 -310121834/1219228798/1089/0/9 INPUT 3 0 127 v:124
20/08/2020 11:12:47 PM,252 Event OK
20/08/2020 11:12:48 PM,EVENT 58094 1597965028 -310121850/1219228795/1070/0/0 INPUT 7 1 0 v:124
20/08/2020 11:12:48 PM,252 Event OK
20/08/2020 11:12:49 PM,EVENT 58095 1597965028 -310121850/1219228795/1070/0/0 INPUT 8 0 1956 v:124
20/08/2020 11:12:49 PM,252 Event OK
20/08/2020 11:13:01 PM,EVENT 58096 1597965029 -310121855/1219228793/1064/0/0 INPUT 1 1 0 v:123
20/08/2020 11:13:01 PM,252 Event OK
20/08/2020 11:13:02 PM,EVENT 58097 1597965031 -310121883/1219228783/1040/0/0 INPUT 4 0 221 v:123
20/08/2020 11:13:02 PM,252 Event OK
20/08/2020 11:13:03 PM,EVENT 58098 1597965032 -310121897/1219228780/1029/0/0 TRIP 58023 1623 318 9 7 1950 v:124
20/08/2020 11:13:03 PM,252 Event OK
20/08/2020 11:13:04 PM,EVENT 58099 1597965032 -310121897/1219228780/1029/0/0 TRIPSUMMARY 58023 v:124
20/08/2020 11:13:04 PM,252 Event OK
20/08/2020 11:13:04 PM,EVENT 58100 1597965062 -310121845/1219228964/826/0/0 INPUT 8 1 0 v:124
20/08/2020 11:13:04 PM,252 Event OK
20/08/2020 11:13:05 PM,EVENT 58101 1597965062 -310121845/1219228964/826/0/0 INPUT 7 0 34 v:124
20/08/2020 11:13:05 PM,252 Event OK
20/08/2020 11:13:06 PM,EVENT 58102 1597965063 -310121839/1219228968/819/0/0 DEBUG Time(BAD):1597965063->4294967295 v:124
20/08/2020 11:13:06 PM,252 Event OK
20/08/2020 11:13:07 PM,EVENT 58103 1597965074 -310121799/1219229006/802/0/0 SIGNON * 0 NOCARD 26 0 240890 v:124
20/08/2020 11:13:07 PM,252 Event OK
20/08/2020 11:13:07 PM,EVENT 58104 1597965087 -310121829/1219228973/809/1/0 SIGNON 2482 03b7eed3 OK 26 240896 0 v:124
20/08/2020 11:13:07 PM,252 Event OK
20/08/2020 11:13:08 PM,EVENT 58105 1597965093 -310121821/1219228948/816/1/0 INPUT 1 0 64 v:124
20/08/2020 11:13:08 PM,252 Event OK
20/08/2020 11:13:09 PM,EVENT 58106 1597965094 -310121820/1219228946/816/1/0 INPUT 4 1 0 v:124
20/08/2020 11:13:09 PM,252 Event OK
20/08/2020 11:13:09 PM,EVENT 58107 1597965097 -310121771/1219229096/811/1/3 INPUT 4 0 4 v:124
20/08/2020 11:13:09 PM,252 Event OK
20/08/2020 11:13:10 PM,EVENT 58108 1597965097 -310121771/1219229096/811/1/3 INPUT 4 1 0 v:123
20/08/2020 11:13:10 PM,252 Event OK
20/08/2020 11:13:11 PM,EVENT 58109 1597965101 -310121579/1219229379/800/1/5 INPUT 3 1 0 v:123
20/08/2020 11:13:11 PM,252 Event OK
20/08/2020 11:13:11 PM,EVENT 58110 1597965183 -310143294/1219231169/733/1/10 INPUT 3 0 83 v:124
20/08/2020 11:13:11 PM,252 Event OK
20/08/2020 11:13:12 PM,EVENT 58111 1597965193 -310143482/1219231176/724/1/0 INPUT 7 1 0 v:123
20/08/2020 11:13:12 PM,252 Event OK
20/08/2020 11:13:13 PM,EVENT 58112 1597965193 -310143482/1219231176/724/1/0 INPUT 8 0 132 v:123
20/08/2020 11:13:13 PM,252 Event OK
20/08/2020 11:13:14 PM,EVENT 58113 1597965194 -310143487/1219231175/724/1/0 INPUT 1 1 0 v:123
20/08/2020 11:13:14 PM,252 Event OK
20/08/2020 11:13:14 PM,EVENT 58114 1597965195 -310143492/1219231171/727/1/0 INPUT 4 0 98 v:124
20/08/2020 11:13:14 PM,252 Event OK
20/08/2020 11:13:15 PM,EVENT 58115 1597965198 -310143509/1219231158/733/1/0 TRIP 58104 83 19 10 7 112 v:123
20/08/2020 11:13:15 PM,252 Event OK
20/08/2020 11:13:15 PM,QUIT
20/08/2020 11:13:15 PM,221 Session ended - goodbye
21/08/2020 7:47:53 AM,UNIT 9279
21/08/2020 7:47:53 AM,333 CHAL 41C52988
21/08/2020 7:47:53 AM,RESP A7B18449
21/08/2020 7:47:53 AM,230 Auth OK
21/08/2020 7:47:54 AM,TIME
21/08/2020 7:47:54 AM,211 TIME 1597996073
21/08/2020 7:47:54 AM,EVCOUNT 15
21/08/2020 7:47:54 AM,252 Event OK
21/08/2020 7:47:54 AM,TODO
21/08/2020 7:47:54 AM,125 TODO GETXML 2000 Operators 
225 Work list complete
21/08/2020 7:47:54 AM,GETXML
21/08/2020 7:47:54 AM,Binary data 4288 bytes
21/08/2020 7:47:55 AM,GOT Operators 4240 6293E93F
21/08/2020 7:47:55 AM,250 Download OK
21/08/2020 7:47:55 AM,EVENT 58116 1597996031 0/0/0/0/0 SWSTART OpusFC 5.0.58.518 R v:124
21/08/2020 7:47:55 AM,252 Event OK
21/08/2020 7:47:56 AM,EVENT 58117 1597965198 0/0/0/0/0 POWERDOWN v:123
21/08/2020 7:47:56 AM,252 Event OK
21/08/2020 7:47:56 AM,EVENT 58118 1597996031 0/0/0/0/0 INPUT 1 1 0 v:124
21/08/2020 7:47:56 AM,252 Event OK
21/08/2020 7:47:56 AM,EVENT 58119 1597996031 0/0/0/0/0 INPUT 2 0 0 v:124
21/08/2020 7:47:56 AM,252 Event OK
21/08/2020 7:47:56 AM,EVENT 58120 1597996031 0/0/0/0/0 INPUT 3 0 0 v:124
21/08/2020 7:47:56 AM,252 Event OK
21/08/2020 7:47:57 AM,EVENT 58121 1597996031 0/0/0/0/0 INPUT 4 0 0 v:124
21/08/2020 7:47:57 AM,252 Event OK
21/08/2020 7:47:57 AM,EVENT 58122 1597996031 0/0/0/0/0 INPUT 7 0 0 v:124
21/08/2020 7:47:57 AM,252 Event OK
21/08/2020 7:47:57 AM,EVENT 58123 1597996031 0/0/0/0/0 INPUT 8 1 0 v:124
21/08/2020 7:47:57 AM,252 Event OK
21/08/2020 7:47:57 AM,EVENT 58124 1597996033 0/0/0/0/0 ZONE_OK 2 100 FW=NO VERSION v:124
21/08/2020 7:47:57 AM,252 Event OK
21/08/2020 7:47:57 AM,EVENT 58125 1597996048 0/0/0/3/0 SIGNON 2482 03b7eed3 OK 26 240896 0 v:124
21/08/2020 7:47:57 AM,252 Event OK
21/08/2020 7:47:58 AM,EVENT 58126 1597996053 0/0/0/3/0 INPUT 4 1 0 v:124
21/08/2020 7:47:58 AM,252 Event OK
21/08/2020 7:47:58 AM,EVENT 58127 1597996054 0/0/0/3/0 INPUT 1 0 23 v:124
21/08/2020 7:47:58 AM,252 Event OK
21/08/2020 7:47:58 AM,EVENT 58128 1597996065 0/0/0/3/2 INPUT 3 1 0 v:124
21/08/2020 7:47:58 AM,252 Event OK
21/08/2020 7:47:58 AM,EVENT 58129 1597996067 -310142954/1219231802/11316/3/9 INPUT 3 0 2 v:124
21/08/2020 7:47:58 AM,252 Event OK
21/08/2020 7:47:58 AM,EVENT 58130 1597996071 -310143086/1219231586/4003/3/2 INPUT 3 1 0 v:124
21/08/2020 7:47:58 AM,252 Event OK
21/08/2020 7:47:59 AM,QUIT
21/08/2020 7:47:59 AM,221 Session ended - goodbye
21/08/2020 7:48:59 AM,UNIT 9279
21/08/2020 7:48:59 AM,333 CHAL 3F3D50E9
21/08/2020 7:49:32 AM,UNIT 9279
21/08/2020 7:49:32 AM,333 CHAL 9494365
21/08/2020 7:49:33 AM,RESP BAB3B9B3
21/08/2020 7:49:33 AM,230 Auth OK
21/08/2020 7:49:38 AM,TIME
21/08/2020 7:49:38 AM,211 TIME 1597996178
21/08/2020 7:49:39 AM,EVCOUNT 7
21/08/2020 7:49:39 AM,252 Event OK
21/08/2020 7:49:43 AM,TODO
21/08/2020 7:49:43 AM,226 Nothing to do
21/08/2020 7:49:46 AM,EVENT 58131 1597996139 -310120513/1219230572/937/8/10 INPUT 3 0 69 v:124
21/08/2020 7:49:46 AM,252 Event OK
21/08/2020 7:49:57 AM,EVENT 58132 1597996149 -310120959/1219230176/914/0/0 INPUT 7 1 0 v:123
21/08/2020 7:49:57 AM,252 Event OK
21/08/2020 7:50:01 AM,EVENT 58133 1597996149 -310120959/1219230176/914/0/0 INPUT 8 0 118 v:123
21/08/2020 7:50:01 AM,252 Event OK
21/08/2020 7:50:03 AM,EVENT 58134 1597996150 -310120965/1219230179/914/0/0 INPUT 1 1 0 v:123
21/08/2020 7:50:03 AM,252 Event OK
21/08/2020 7:50:03 AM,EVENT 58135 1597996154 -310121002/1219230196/900/0/0 TRIP 58125 71 30 6 6 107 v:123
21/08/2020 7:50:03 AM,252 Event OK
21/08/2020 7:50:07 AM,EVENT 58136 1597996155 -310121006/1219230199/898/0/0 INPUT 4 0 101 v:123
21/08/2020 7:50:07 AM,252 Event OK
21/08/2020 7:50:08 AM,EVENT 58137 1597996155 -310121006/1219230199/898/0/0 REPORT * 0 182 v:123
21/08/2020 7:50:08 AM,252 Event OK
21/08/2020 7:50:08 AM,QUIT
21/08/2020 7:50:08 AM,221 Session ended - goodbye
21/08/2020 7:50:24 AM,UNIT 9279
21/08/2020 7:50:24 AM,333 CHAL 3365C4E4
21/08/2020 7:50:25 AM,RESP 3CB8507D
21/08/2020 7:50:25 AM,230 Auth OK
21/08/2020 7:50:27 AM,TIME
21/08/2020 7:50:27 AM,211 TIME 1597996227
21/08/2020 7:50:30 AM,EVCOUNT 3
21/08/2020 7:50:30 AM,252 Event OK
21/08/2020 7:50:30 AM,TODO
21/08/2020 7:50:30 AM,226 Nothing to do
21/08/2020 7:50:35 AM,EVENT 58138 1597996217 -310121257/1219230389/844/0/0 INPUT 8 1 0 v:123
21/08/2020 7:50:35 AM,252 Event OK
21/08/2020 7:50:36 AM,EVENT 58139 1597996217 -310121256/1219230389/845/0/0 INPUT 7 0 68 v:123
21/08/2020 7:50:36 AM,252 Event OK
21/08/2020 7:50:38 AM,EVENT 58140 1597996226 -310121239/1219230383/835/0/0 SIGNON * 0 NOCARD 26 0 240999 v:123
21/08/2020 7:50:38 AM,252 Event OK
21/08/2020 7:50:41 AM,EVENT 58141 1597996239 -310121243/1219230394/817/0/0 SIGNON 2482 03b7eed3 OK 26 240896 0 v:124
21/08/2020 7:50:41 AM,252 Event OK
21/08/2020 7:50:43 AM,EVENT 58142 1597996245 -310121256/1219230415/829/0/0 INPUT 1 0 94 v:124
21/08/2020 7:50:43 AM,252 Event OK
21/08/2020 9:00:41 AM,UNIT 9279
21/08/2020 9:00:41 AM,333 CHAL 2ED40D57
21/08/2020 9:00:46 AM,RESP 9AE595D0
21/08/2020 9:00:46 AM,230 Auth OK
21/08/2020 9:00:51 AM,TIME
21/08/2020 9:00:51 AM,211 TIME 1598000451
21/08/2020 9:00:51 AM,EVCOUNT 151
21/08/2020 9:00:51 AM,252 Event OK
21/08/2020 9:00:51 AM,TODO
21/08/2020 9:00:51 AM,125 TODO GETXML 2000 Operators 
225 Work list complete
21/08/2020 9:00:52 AM,GETXML
21/08/2020 9:00:52 AM,Binary data 4288 bytes
21/08/2020 9:01:57 AM,UNIT 9279
21/08/2020 9:01:57 AM,333 CHAL 6308CE15
21/08/2020 9:01:58 AM,RESP DB5ACE8A
21/08/2020 9:01:58 AM,230 Auth OK
21/08/2020 9:01:58 AM,TIME
21/08/2020 9:01:58 AM,211 TIME 1598000518
21/08/2020 9:01:59 AM,EVCOUNT 151
21/08/2020 9:01:59 AM,252 Event OK
21/08/2020 9:01:59 AM,TODO
21/08/2020 9:01:59 AM,226 Nothing to do
21/08/2020 9:02:00 AM,EVENT 58143 1597996245 -310121256/1219230417/830/0/0 INPUT 4 1 0 v:124
21/08/2020 9:02:00 AM,252 Event OK
21/08/2020 9:02:00 AM,EVENT 58144 1597996246 -310121257/1219230421/832/0/0 INPUT 4 0 2 v:124
21/08/2020 9:02:00 AM,252 Event OK
21/08/2020 9:02:01 AM,EVENT 58145 1597996246 -310121257/1219230421/832/0/0 INPUT 4 1 0 v:124
21/08/2020 9:02:01 AM,252 Event OK
21/08/2020 9:02:01 AM,EVENT 58146 1597996261 -310121887/1219229237/850/0/8 INPUT 3 1 0 v:124
21/08/2020 9:02:01 AM,252 Event OK
21/08/2020 9:02:04 AM,EVENT 58147 1597996271 -310122474/1219226493/841/0/9 INPUT 3 0 10 v:124
21/08/2020 9:02:04 AM,252 Event OK
21/08/2020 9:02:04 AM,EVENT 58148 1597996276 -310122615/1219225257/838/0/8 INPUT 3 1 0 v:124
21/08/2020 9:02:04 AM,252 Event OK
21/08/2020 9:02:05 AM,EVENT 58149 1597996490 0/0/0/0/9 INPUT 3 0 213 v:124
21/08/2020 9:02:05 AM,252 Event OK
21/08/2020 9:02:05 AM,EVENT 58150 1597996493 0/0/0/0/2 INPUT 4 0 247 v:124
21/08/2020 9:02:05 AM,252 Event OK
21/08/2020 9:02:05 AM,EVENT 58151 1597996493 0/0/0/0/1 INPUT 4 1 0 v:124
21/08/2020 9:02:05 AM,252 Event OK
21/08/2020 9:02:06 AM,EVENT 58152 1597996535 0/0/0/0/1 INPUT 4 0 42 v:124
21/08/2020 9:02:06 AM,252 Event OK
21/08/2020 9:02:07 AM,EVENT 58153 1597996535 0/0/0/0/1 INPUT 4 1 0 v:124
21/08/2020 9:02:07 AM,252 Event OK
21/08/2020 9:02:07 AM,EVENT 58154 1597996536 0/0/0/0/2 INPUT 3 1 0 v:124
21/08/2020 9:02:07 AM,252 Event OK
21/08/2020 9:02:09 AM,EVENT 58155 1597996863 0/0/0/0/10 INPUT 3 0 328 v:124
21/08/2020 9:02:09 AM,252 Event OK
21/08/2020 9:02:17 AM,EVENT 58156 1597996886 0/0/0/0/4 INPUT 3 1 0 v:124
21/08/2020 9:02:17 AM,252 Event OK
21/08/2020 9:02:17 AM,EVENT 58157 1597996937 0/0/0/0/14 INPUT 3 0 52 v:124
21/08/2020 9:02:17 AM,252 Event OK
21/08/2020 9:02:18 AM,EVENT 58158 1597996945 0/0/0/0/5 INPUT 3 1 0 v:124
21/08/2020 9:02:18 AM,252 Event OK
21/08/2020 9:02:21 AM,EVENT 58159 1597997083 0/0/0/0/9 INPUT 3 0 139 v:124
21/08/2020 9:02:21 AM,252 Event OK
21/08/2020 9:02:21 AM,EVENT 58160 1597997090 0/0/0/0/0 INPUT 4 0 555 v:124
21/08/2020 9:02:21 AM,252 Event OK
21/08/2020 9:02:21 AM,EVENT 58161 1597997091 0/0/0/0/0 INPUT 4 1 0 v:124
21/08/2020 9:02:21 AM,252 Event OK
21/08/2020 9:02:22 AM,EVENT 58162 1597997107 0/0/0/0/0 INPUT 4 0 17 v:124
21/08/2020 9:02:22 AM,252 Event OK
21/08/2020 9:02:22 AM,EVENT 58163 1597997107 0/0/0/0/0 INPUT 4 1 0 v:124
21/08/2020 9:02:22 AM,252 Event OK
21/08/2020 9:02:23 AM,EVENT 58164 1597997147 0/0/0/0/0 INPUT 4 0 40 v:124
21/08/2020 9:02:23 AM,252 Event OK
21/08/2020 9:02:30 AM,EVENT 58165 1597997147 0/0/0/0/0 INPUT 4 1 0 v:124
21/08/2020 9:02:30 AM,252 Event OK
21/08/2020 9:02:31 AM,EVENT 58166 1597997180 0/0/0/0/0 INPUT 4 0 33 v:124
21/08/2020 9:02:31 AM,252 Event OK
21/08/2020 9:02:31 AM,EVENT 58167 1597997180 0/0/0/0/0 INPUT 4 1 0 v:124
21/08/2020 9:02:31 AM,252 Event OK
21/08/2020 9:02:34 AM,EVENT 58168 1597997222 0/0/0/0/0 INPUT 4 0 42 v:124
21/08/2020 9:02:34 AM,252 Event OK
21/08/2020 9:02:38 AM,EVENT 58169 1597997222 0/0/0/0/0 INPUT 4 1 0 v:124
21/08/2020 9:02:38 AM,252 Event OK
21/08/2020 9:02:38 AM,EVENT 58170 1597997276 0/0/0/0/0 INPUT 4 0 54 v:124
21/08/2020 9:02:38 AM,252 Event OK
21/08/2020 9:02:38 AM,EVENT 58171 1597997276 0/0/0/0/0 INPUT 4 1 0 v:124
21/08/2020 9:02:38 AM,252 Event OK
21/08/2020 9:02:39 AM,EVENT 58172 1597997342 0/0/0/0/0 INPUT 4 0 66 v:124
21/08/2020 9:02:39 AM,252 Event OK
21/08/2020 9:02:39 AM,EVENT 58173 1597997342 0/0/0/0/0 INPUT 4 1 0 v:124
21/08/2020 9:02:39 AM,252 Event OK
21/08/2020 9:02:40 AM,EVENT 58174 1597997450 0/0/0/0/0 INPUT 4 0 108 v:124
21/08/2020 9:02:40 AM,252 Event OK
21/08/2020 9:02:52 AM,EVENT 58175 1597997450 0/0/0/0/0 INPUT 4 1 0 v:124
21/08/2020 9:02:52 AM,252 Event OK
21/08/2020 9:02:52 AM,EVENT 58176 1597997525 0/0/0/0/0 INPUT 4 0 75 v:124
21/08/2020 9:02:52 AM,252 Event OK
21/08/2020 9:02:52 AM,EVENT 58177 1597997525 0/0/0/0/0 INPUT 4 1 0 v:124
21/08/2020 9:02:52 AM,252 Event OK
21/08/2020 9:03:20 AM,UNIT 9279
21/08/2020 9:03:20 AM,333 CHAL 228E5524
21/08/2020 9:03:20 AM,RESP 042AA5B8
21/08/2020 9:03:20 AM,230 Auth OK
21/08/2020 9:03:21 AM,TIME
21/08/2020 9:03:21 AM,211 TIME 1598000601
21/08/2020 9:03:21 AM,EVCOUNT 117
21/08/2020 9:03:21 AM,252 Event OK
21/08/2020 9:03:22 AM,TODO
21/08/2020 9:03:22 AM,226 Nothing to do
21/08/2020 9:03:23 AM,EVENT 58177 1597997525 0/0/0/0/0 INPUT 4 1 0 v:124
21/08/2020 9:03:23 AM,253 Event OK - Duplicate
21/08/2020 9:03:23 AM,EVENT 58178 1597997539 0/0/0/0/0 INPUT 7 1 0 v:124
21/08/2020 9:03:23 AM,252 Event OK
21/08/2020 9:03:24 AM,EVENT 58179 1597997539 0/0/0/0/0 INPUT 8 0 1322 v:124
21/08/2020 9:03:24 AM,252 Event OK
21/08/2020 9:03:24 AM,EVENT 58180 1597997540 0/0/0/0/0 INPUT 1 1 0 v:124
21/08/2020 9:03:24 AM,252 Event OK
21/08/2020 9:03:25 AM,EVENT 58181 1597997541 0/0/0/0/0 INPUT 8 1 0 v:124
21/08/2020 9:03:25 AM,252 Event OK
21/08/2020 9:03:25 AM,EVENT 58182 1597997542 0/0/0/0/0 INPUT 7 0 3 v:124
21/08/2020 9:03:25 AM,252 Event OK
21/08/2020 9:03:26 AM,EVENT 58183 1597997561 0/0/0/0/0 INPUT 7 1 0 v:124
21/08/2020 9:03:26 AM,252 Event OK
21/08/2020 9:03:27 AM,EVENT 58184 1597997561 0/0/0/0/0 INPUT 8 0 20 v:124
21/08/2020 9:03:27 AM,252 Event OK
21/08/2020 9:03:27 AM,EVENT 58185 1597997563 0/0/0/0/0 INPUT 4 0 38 v:124
21/08/2020 9:03:27 AM,252 Event OK
21/08/2020 9:03:28 AM,EVENT 58186 1597997563 0/0/0/0/0 OILPRESSURE 58141 18 v:124
21/08/2020 9:03:28 AM,252 Event OK
21/08/2020 9:03:28 AM,EVENT 58187 1597997565 0/0/0/0/0 ENGINEOVERSPEED 58141 16 7611 v:124
21/08/2020 9:03:28 AM,252 Event OK
21/08/2020 9:03:29 AM,EVENT 58188 1597997566 0/0/0/0/0 TRIP 58141 742 577 9 6 1328 v:124
21/08/2020 9:03:29 AM,252 Event OK
21/08/2020 9:03:30 AM,EVENT 58189 1597997566 0/0/0/0/0 TRIPSUMMARY 58141 v:124
21/08/2020 9:03:30 AM,252 Event OK
21/08/2020 9:03:30 AM,EVENT 58190 1597997567 0/0/0/0/0 INPUT 8 1 0 v:124
21/08/2020 9:03:30 AM,252 Event OK
21/08/2020 9:03:31 AM,EVENT 58191 1597997568 0/0/0/0/0 INPUT 7 0 6 v:124
21/08/2020 9:03:31 AM,252 Event OK
21/08/2020 9:03:32 AM,EVENT 58192 1597997707 0/0/0/99/0 SIGNON 2482 03b7eed3 OK 26 240896 0 v:124
21/08/2020 9:03:32 AM,252 Event OK
21/08/2020 9:03:32 AM,EVENT 58193 1597997713 0/0/0/99/0 INPUT 4 1 0 v:124
21/08/2020 9:03:32 AM,252 Event OK
21/08/2020 9:03:33 AM,EVENT 58194 1597997713 0/0/0/99/0 INPUT 1 0 172 v:124
21/08/2020 9:03:33 AM,252 Event OK
21/08/2020 9:03:33 AM,EVENT 58195 1597997717 0/0/0/0/0 INPUT 4 0 5 v:124
21/08/2020 9:03:33 AM,252 Event OK
21/08/2020 9:03:34 AM,EVENT 58196 1597997717 0/0/0/0/0 INPUT 4 1 0 v:124
21/08/2020 9:03:34 AM,252 Event OK
21/08/2020 9:03:35 AM,EVENT 58197 1597997751 0/0/0/0/0 INPUT 4 0 34 v:124
21/08/2020 9:03:35 AM,252 Event OK
21/08/2020 9:03:35 AM,EVENT 58198 1597997751 0/0/0/0/0 INPUT 4 1 0 v:124
21/08/2020 9:03:35 AM,252 Event OK
21/08/2020 9:03:36 AM,EVENT 58199 1597997782 0/0/0/0/1 INPUT 4 0 31 v:124
21/08/2020 9:03:36 AM,252 Event OK
21/08/2020 9:03:36 AM,EVENT 58200 1597997782 0/0/0/0/1 INPUT 4 1 0 v:124
21/08/2020 9:03:36 AM,252 Event OK
21/08/2020 9:03:37 AM,EVENT 58201 1597997789 0/0/0/0/1 INPUT 4 0 7 v:124
21/08/2020 9:03:37 AM,252 Event OK
21/08/2020 9:03:38 AM,EVENT 58202 1597997789 0/0/0/0/1 INPUT 4 1 0 v:124
21/08/2020 9:03:38 AM,252 Event OK
21/08/2020 9:03:38 AM,EVENT 58203 1597997792 0/0/0/0/3 INPUT 4 0 3 v:124
21/08/2020 9:03:38 AM,252 Event OK
21/08/2020 9:03:39 AM,EVENT 58204 1597997792 0/0/0/0/3 INPUT 4 1 0 v:124
21/08/2020 9:03:39 AM,252 Event OK
21/08/2020 9:03:40 AM,EVENT 58205 1597997813 0/0/0/0/0 INPUT 4 0 21 v:124
21/08/2020 9:03:40 AM,252 Event OK
21/08/2020 9:03:40 AM,EVENT 58206 1597997813 0/0/0/0/0 INPUT 4 1 0 v:124
21/08/2020 9:03:40 AM,252 Event OK
21/08/2020 9:03:41 AM,EVENT 58207 1597997846 0/0/0/0/0 INPUT 4 0 33 v:124
21/08/2020 9:03:41 AM,252 Event OK
21/08/2020 9:03:41 AM,EVENT 58208 1597997846 0/0/0/0/0 INPUT 4 1 0 v:124
21/08/2020 9:03:41 AM,252 Event OK
21/08/2020 9:03:42 AM,EVENT 58209 1597997879 0/0/0/0/0 INPUT 4 0 33 v:124
21/08/2020 9:03:42 AM,252 Event OK
21/08/2020 9:03:42 AM,EVENT 58210 1597997879 0/0/0/0/0 INPUT 4 1 0 v:124
21/08/2020 9:03:42 AM,252 Event OK
21/08/2020 9:03:43 AM,EVENT 58211 1597997898 0/0/0/0/0 INPUT 4 0 19 v:124
21/08/2020 9:03:43 AM,252 Event OK
21/08/2020 9:03:44 AM,EVENT 58212 1597997899 0/0/0/0/0 INPUT 4 1 0 v:124
21/08/2020 9:03:44 AM,252 Event OK
21/08/2020 9:03:44 AM,EVENT 58213 1597997905 0/0/0/0/4 INPUT 3 1 0 v:124
21/08/2020 9:03:44 AM,252 Event OK
21/08/2020 9:03:45 AM,EVENT 58214 1597997906 0/0/0/0/10 INPUT 3 0 2 v:124
21/08/2020 9:03:45 AM,252 Event OK
21/08/2020 9:03:45 AM,EVENT 58215 1597997908 0/0/0/0/8 INPUT 3 1 0 v:124
21/08/2020 9:03:45 AM,252 Event OK
21/08/2020 9:03:46 AM,EVENT 58216 1597997985 0/0/0/0/15 REPORT 58192 0 0 v:124
21/08/2020 9:03:46 AM,252 Event OK
21/08/2020 9:03:47 AM,EVENT 58217 1597997991 0/0/0/0/11 INPUT 3 0 84 v:124
21/08/2020 9:03:47 AM,252 Event OK
21/08/2020 9:03:47 AM,EVENT 58218 1597997995 0/0/0/0/8 INPUT 4 0 97 v:124
21/08/2020 9:03:47 AM,252 Event OK
21/08/2020 9:03:48 AM,EVENT 58219 1597997995 0/0/0/0/7 INPUT 4 1 0 v:124
21/08/2020 9:03:48 AM,252 Event OK
21/08/2020 9:03:49 AM,EVENT 58220 1597997997 0/0/0/0/2 INPUT 3 1 0 v:124
21/08/2020 9:03:49 AM,252 Event OK
21/08/2020 9:03:49 AM,EVENT 58221 1597998047 0/0/0/99/12 INPUT 3 0 50 v:124
21/08/2020 9:03:49 AM,252 Event OK
21/08/2020 9:03:50 AM,EVENT 58222 1597998052 0/0/0/99/8 INPUT 3 1 0 v:124
21/08/2020 9:03:50 AM,252 Event OK
21/08/2020 9:03:50 AM,EVENT 58223 1597998053 0/0/0/99/9 INPUT 3 0 1 v:124
21/08/2020 9:03:50 AM,252 Event OK
21/08/2020 9:03:51 AM,EVENT 58224 1597998056 0/0/0/99/7 INPUT 3 1 0 v:124
21/08/2020 9:03:51 AM,252 Event OK
21/08/2020 9:03:52 AM,EVENT 58225 1597998059 0/0/0/99/9 INPUT 3 0 3 v:124
21/08/2020 9:03:52 AM,252 Event OK
21/08/2020 9:03:52 AM,EVENT 58226 1597998062 0/0/0/0/7 INPUT 3 1 0 v:124
21/08/2020 9:03:52 AM,252 Event OK
21/08/2020 9:03:53 AM,EVENT 58227 1597998158 0/0/0/0/9 INPUT 3 0 97 v:124
21/08/2020 9:03:53 AM,252 Event OK
21/08/2020 9:03:53 AM,EVENT 58228 1597998173 0/0/0/0/0 INPUT 3 1 0 v:124
21/08/2020 9:03:53 AM,252 Event OK
21/08/2020 9:03:54 AM,EVENT 58229 1597998182 0/0/0/0/11 INPUT 3 0 9 v:124
21/08/2020 9:03:54 AM,252 Event OK
21/08/2020 9:03:55 AM,EVENT 58230 1597998183 0/0/0/0/9 INPUT 3 1 0 v:124
21/08/2020 9:03:55 AM,252 Event OK
21/08/2020 9:03:55 AM,EVENT 58231 1597998294 0/0/0/0/10 INPUT 3 0 111 v:124
21/08/2020 9:03:55 AM,252 Event OK
21/08/2020 9:03:56 AM,EVENT 58232 1597998306 0/0/0/0/3 INPUT 4 0 311 v:124
21/08/2020 9:03:56 AM,252 Event OK
21/08/2020 9:03:57 AM,EVENT 58233 1597998307 0/0/0/0/2 INPUT 4 1 0 v:124
21/08/2020 9:03:57 AM,252 Event OK
21/08/2020 9:03:57 AM,EVENT 58234 1597998354 0/0/0/0/3 INPUT 4 0 48 v:124
21/08/2020 9:03:57 AM,252 Event OK
21/08/2020 9:03:58 AM,EVENT 58235 1597998355 0/0/0/0/2 INPUT 4 1 0 v:124
21/08/2020 9:03:58 AM,252 Event OK
21/08/2020 9:03:59 AM,EVENT 58236 1597998369 0/0/0/99/3 INPUT 4 0 15 v:124
21/08/2020 9:03:59 AM,252 Event OK
21/08/2020 9:04:00 AM,EVENT 58237 1597998369 0/0/0/99/3 INPUT 4 1 0 v:124
21/08/2020 9:04:00 AM,252 Event OK
21/08/2020 9:04:00 AM,EVENT 58238 1597998383 0/0/0/0/5 INPUT 3 1 0 v:124
21/08/2020 9:04:00 AM,252 Event OK
21/08/2020 9:04:01 AM,EVENT 58239 1597998518 0/0/0/0/11 INPUT 3 0 135 v:124
21/08/2020 9:04:01 AM,252 Event OK
21/08/2020 9:04:01 AM,EVENT 58240 1597998578 0/0/0/0/2 INPUT 3 1 0 v:124
21/08/2020 9:04:01 AM,252 Event OK
21/08/2020 9:04:02 AM,EVENT 58241 1597998945 0/0/0/0/12 INPUT 3 0 367 v:124
21/08/2020 9:04:02 AM,252 Event OK
21/08/2020 9:04:03 AM,EVENT 58242 1597998954 0/0/0/0/3 INPUT 4 0 585 v:124
21/08/2020 9:04:03 AM,252 Event OK
21/08/2020 9:04:03 AM,EVENT 58243 1597998954 0/0/0/0/3 INPUT 4 1 0 v:124
21/08/2020 9:04:03 AM,252 Event OK
21/08/2020 9:04:04 AM,EVENT 58244 1597998974 0/0/0/0/0 INPUT 4 0 20 v:124
21/08/2020 9:04:04 AM,252 Event OK
21/08/2020 9:04:04 AM,EVENT 58245 1597998974 0/0/0/0/0 INPUT 4 1 0 v:124
21/08/2020 9:04:04 AM,252 Event OK
21/08/2020 9:04:05 AM,EVENT 58246 1597999040 0/0/0/99/0 INPUT 4 0 66 v:124
21/08/2020 9:04:05 AM,252 Event OK
21/08/2020 9:04:05 AM,EVENT 58247 1597999040 0/0/0/99/0 INPUT 4 1 0 v:124
21/08/2020 9:04:05 AM,252 Event OK
21/08/2020 9:04:06 AM,EVENT 58248 1597999073 0/0/0/0/4 INPUT 4 0 33 v:124
21/08/2020 9:04:06 AM,252 Event OK
21/08/2020 9:04:07 AM,EVENT 58249 1597999073 0/0/0/0/3 INPUT 4 1 0 v:124
21/08/2020 9:04:07 AM,252 Event OK
21/08/2020 9:04:07 AM,EVENT 58250 1597999077 0/0/0/0/0 INPUT 4 0 4 v:124
21/08/2020 9:04:07 AM,252 Event OK
21/08/2020 9:04:08 AM,EVENT 58251 1597999077 0/0/0/0/0 INPUT 4 1 0 v:124
21/08/2020 9:04:08 AM,252 Event OK
21/08/2020 9:04:08 AM,EVENT 58252 1597999081 0/0/0/0/6 INPUT 3 1 0 v:124
21/08/2020 9:04:08 AM,252 Event OK
21/08/2020 9:04:09 AM,EVENT 58253 1597999090 0/0/0/0/10 INPUT 3 0 10 v:124
21/08/2020 9:04:09 AM,252 Event OK
21/08/2020 9:04:09 AM,EVENT 58254 1597999106 0/0/0/0/0 INPUT 3 1 0 v:124
21/08/2020 9:04:09 AM,252 Event OK
21/08/2020 9:04:10 AM,EVENT 58255 1597999109 0/0/0/0/13 INPUT 3 0 3 v:124
21/08/2020 9:04:10 AM,252 Event OK
21/08/2020 9:04:11 AM,EVENT 58256 1597999111 0/0/0/0/7 INPUT 3 1 0 v:124
21/08/2020 9:04:11 AM,252 Event OK
21/08/2020 9:04:11 AM,EVENT 58257 1597999457 0/0/0/0/10 INPUT 3 0 346 v:124
21/08/2020 9:04:11 AM,252 Event OK
21/08/2020 9:04:12 AM,EVENT 58258 1597999474 0/0/0/0/0 INPUT 4 0 397 v:124
21/08/2020 9:04:12 AM,252 Event OK
21/08/2020 9:04:12 AM,EVENT 58259 1597999475 0/0/0/0/0 INPUT 4 1 0 v:124
21/08/2020 9:04:12 AM,252 Event OK
21/08/2020 9:04:13 AM,EVENT 58260 1597999493 0/0/0/0/3 INPUT 4 0 19 v:124
21/08/2020 9:04:13 AM,252 Event OK
21/08/2020 9:04:14 AM,EVENT 58261 1597999493 0/0/0/0/2 INPUT 4 1 0 v:124
21/08/2020 9:04:14 AM,252 Event OK
21/08/2020 9:04:14 AM,EVENT 58262 1597999500 0/0/0/0/1 INPUT 3 1 0 v:124
21/08/2020 9:04:14 AM,252 Event OK
21/08/2020 9:04:15 AM,EVENT 58263 1597999591 0/0/0/0/28 ZONEOVERSPEED 58192 9 30 1 v:124
21/08/2020 9:04:15 AM,252 Event OK
21/08/2020 9:04:16 AM,EVENT 58264 1597999633 0/0/0/0/21 ZONEOVERSPEED 58192 8 35 1 v:124
21/08/2020 9:04:16 AM,252 Event OK
21/08/2020 9:04:16 AM,EVENT 58265 1597999690 0/0/0/0/20 INPUT 3 0 191 v:124
21/08/2020 9:04:16 AM,252 Event OK
21/08/2020 9:04:17 AM,EVENT 58266 1597999697 0/0/0/0/0 INPUT 4 0 204 v:124
21/08/2020 9:04:17 AM,252 Event OK
21/08/2020 9:04:17 AM,EVENT 58267 1597999698 0/0/0/0/0 INPUT 4 1 0 v:124
21/08/2020 9:04:17 AM,252 Event OK
21/08/2020 9:04:18 AM,EVENT 58268 1597999784 0/0/0/0/0 INPUT 4 0 87 v:124
21/08/2020 9:04:18 AM,252 Event OK
21/08/2020 9:04:18 AM,EVENT 58269 1597999784 0/0/0/0/0 INPUT 4 1 0 v:124
21/08/2020 9:04:18 AM,252 Event OK
21/08/2020 9:04:19 AM,EVENT 58270 1597999802 0/0/0/0/6 INPUT 3 1 0 v:124
21/08/2020 9:04:19 AM,252 Event OK
21/08/2020 9:04:20 AM,EVENT 58271 1597999815 0/0/0/0/21 REPORT 58192 0 0 v:124
21/08/2020 9:04:20 AM,252 Event OK
21/08/2020 9:04:20 AM,EVENT 58272 1597999824 0/0/0/0/12 INPUT 3 0 23 v:124
21/08/2020 9:04:20 AM,252 Event OK
21/08/2020 9:04:21 AM,EVENT 58273 1597999833 0/0/0/0/7 INPUT 3 1 0 v:124
21/08/2020 9:04:21 AM,252 Event OK
21/08/2020 9:04:21 AM,EVENT 58274 1597999844 0/0/0/0/14 INPUT 3 0 12 v:124
21/08/2020 9:04:21 AM,252 Event OK
21/08/2020 9:04:22 AM,EVENT 58275 1597999857 0/0/0/0/3 INPUT 4 0 73 v:124
21/08/2020 9:04:22 AM,252 Event OK
21/08/2020 9:04:23 AM,EVENT 58276 1597999857 0/0/0/0/3 INPUT 4 1 0 v:124
21/08/2020 9:04:23 AM,252 Event OK
21/08/2020 9:04:23 AM,EVENT 58277 1597999860 0/0/0/0/1 INPUT 3 1 0 v:124
21/08/2020 9:04:23 AM,252 Event OK
21/08/2020 9:04:24 AM,EVENT 58278 1597999886 0/0/0/0/14 INPUT 3 0 26 v:124
21/08/2020 9:04:24 AM,252 Event OK
21/08/2020 9:04:24 AM,EVENT 58279 1597999891 0/0/0/0/0 INPUT 3 1 0 v:124
21/08/2020 9:04:24 AM,252 Event OK
21/08/2020 9:04:25 AM,EVENT 58280 1597999892 0/0/0/0/11 INPUT 3 0 2 v:124
21/08/2020 9:04:25 AM,252 Event OK
21/08/2020 9:04:26 AM,EVENT 58281 1597999925 0/0/0/0/4 INPUT 3 1 0 v:124
21/08/2020 9:04:26 AM,252 Event OK
21/08/2020 9:04:26 AM,EVENT 58282 1598000139 0/0/0/0/27 ZONEOVERSPEED 58192 8 32 1 v:124
21/08/2020 9:04:26 AM,252 Event OK
21/08/2020 9:04:27 AM,EVENT 58283 1598000187 0/0/0/0/28 ZONEOVERSPEED 58192 9 32 1 v:124
21/08/2020 9:04:27 AM,252 Event OK
21/08/2020 9:04:28 AM,EVENT 58284 1598000228 0/0/0/0/28 ZONEOVERSPEED 58192 10 32 1 v:124
21/08/2020 9:04:28 AM,252 Event OK
21/08/2020 9:04:28 AM,EVENT 58285 1598000414 -310121819/1219228591/1378/0/10 INPUT 3 0 489 v:124
21/08/2020 9:04:28 AM,252 Event OK
21/08/2020 9:04:29 AM,EVENT 58286 1598000414 -310121819/1219228591/1378/0/10 INPUT 1 1 0 v:124
21/08/2020 9:04:29 AM,252 Event OK
21/08/2020 9:04:29 AM,EVENT 58287 1598000414 -310121777/1219228678/1364/0/9 INPUT 1 0 0 v:124
21/08/2020 9:04:29 AM,252 Event OK
21/08/2020 9:04:30 AM,EVENT 58288 1598000427 -310121859/1219228876/1022/0/0 INPUT 7 1 0 v:124
21/08/2020 9:04:30 AM,252 Event OK
21/08/2020 9:04:31 AM,EVENT 58289 1598000427 -310121859/1219228876/1022/0/0 INPUT 8 0 2861 v:124
21/08/2020 9:04:31 AM,252 Event OK
21/08/2020 9:04:31 AM,EVENT 58290 1598000428 -310121873/1219228881/1003/0/0 INPUT 1 1 0 v:124
21/08/2020 9:04:31 AM,252 Event OK
21/08/2020 9:04:32 AM,EVENT 58291 1598000430 -310121890/1219228883/987/0/0 INPUT 4 0 573 v:124
21/08/2020 9:04:32 AM,252 Event OK
21/08/2020 9:04:33 AM,EVENT 58292 1598000432 -310121919/1219228871/943/0/0 TRIP 58192 1961 757 8 6 2726 v:124
21/08/2020 9:04:33 AM,252 Event OK
21/08/2020 9:04:34 AM,EVENT 58293 1598000432 -310121919/1219228871/943/0/0 TRIPSUMMARY 58192 v:124
21/08/2020 9:04:34 AM,252 Event OK
21/08/2020 9:04:34 AM,QUIT
21/08/2020 9:04:34 AM,221 Session ended - goodbye
21/08/2020 9:05:45 AM,UNIT 9279
21/08/2020 9:05:45 AM,333 CHAL 6CCD6B44
21/08/2020 9:05:46 AM,RESP D6D278D2
21/08/2020 9:05:46 AM,230 Auth OK
21/08/2020 9:05:46 AM,TIME
21/08/2020 9:05:46 AM,211 TIME 1598000746
21/08/2020 9:05:47 AM,EVCOUNT 2
21/08/2020 9:05:47 AM,252 Event OK
21/08/2020 9:05:47 AM,TODO
21/08/2020 9:05:47 AM,226 Nothing to do
21/08/2020 9:05:48 AM,EVENT 58294 1598000750 -310121736/1219228722/798/1/0 INPUT 7 0 322 v:124
21/08/2020 9:05:48 AM,252 Event OK
21/08/2020 9:05:49 AM,EVENT 58295 1598000750 -310121736/1219228722/798/1/0 INPUT 8 1 0 v:124
21/08/2020 9:05:49 AM,252 Event OK
21/08/2020 9:05:49 AM,QUIT
21/08/2020 9:05:49 AM,221 Session ended - goodbye
21/08/2020 9:05:59 AM,UNIT 9279
21/08/2020 9:05:59 AM,333 CHAL 6280A69F
21/08/2020 9:06:00 AM,RESP 21C55A7E
21/08/2020 9:06:00 AM,230 Auth OK
21/08/2020 9:06:01 AM,TIME
21/08/2020 9:06:01 AM,211 TIME 1598000761
21/08/2020 9:06:01 AM,EVCOUNT 1
21/08/2020 9:06:01 AM,252 Event OK
21/08/2020 9:06:02 AM,TODO
21/08/2020 9:06:02 AM,226 Nothing to do
21/08/2020 9:06:03 AM,EVENT 58296 1598000762 -310121614/1219228651/842/1/0 SIGNON 2482 03b7eed3 OK 26 240896 0 v:124
21/08/2020 9:06:03 AM,252 Event OK
21/08/2020 9:06:04 AM,EVENT 58297 1598000769 -310121627/1219228628/848/1/0 INPUT 4 1 0 v:124
21/08/2020 9:06:04 AM,252 Event OK
21/08/2020 9:06:05 AM,EVENT 58298 1598000769 -310121632/1219228628/846/1/0 INPUT 1 0 342 v:124
21/08/2020 9:06:05 AM,252 Event OK
21/08/2020 9:06:06 AM,QUIT
21/08/2020 9:06:06 AM,221 Session ended - goodbye
21/08/2020 9:06:22 AM,UNIT 9279
21/08/2020 9:06:22 AM,333 CHAL 62AED311
21/08/2020 9:06:22 AM,RESP E785D47F
21/08/2020 9:06:22 AM,230 Auth OK
21/08/2020 9:06:23 AM,TIME
21/08/2020 9:06:23 AM,211 TIME 1598000783
21/08/2020 9:06:24 AM,EVCOUNT 1
21/08/2020 9:06:24 AM,252 Event OK
21/08/2020 9:06:25 AM,TODO
21/08/2020 9:06:25 AM,226 Nothing to do
21/08/2020 9:06:26 AM,EVENT 58299 1598000784 -310121018/1219229345/826/1/6 INPUT 3 1 0 v:124
21/08/2020 9:06:26 AM,252 Event OK
21/08/2020 9:06:27 AM,QUIT
21/08/2020 9:06:27 AM,221 Session ended - goodbye
21/08/2020 9:07:09 AM,UNIT 9279
21/08/2020 9:07:09 AM,333 CHAL 2E8F7B0F
21/08/2020 9:07:10 AM,RESP 042EFBEB
21/08/2020 9:07:10 AM,230 Auth OK
21/08/2020 9:07:12 AM,TIME
21/08/2020 9:07:12 AM,211 TIME 1598000832
21/08/2020 9:07:16 AM,EVCOUNT 3
21/08/2020 9:07:16 AM,252 Event OK
21/08/2020 9:07:18 AM,TODO
21/08/2020 9:07:18 AM,226 Nothing to do
21/08/2020 9:07:19 AM,EVENT 58300 1598000832 -310128409/1219229797/915/0/10 INPUT 3 0 48 v:124
21/08/2020 9:07:19 AM,252 Event OK
21/08/2020 9:07:20 AM,EVENT 58301 1598000839 -310128568/1219229749/958/0/3 INPUT 4 0 71 v:124
21/08/2020 9:07:20 AM,252 Event OK
21/08/2020 9:07:21 AM,EVENT 58302 1598000839 -310128568/1219229749/958/0/3 INPUT 4 1 0 v:124
21/08/2020 9:07:21 AM,252 Event OK
21/08/2020 9:07:22 AM,QUIT
21/08/2020 9:07:22 AM,221 Session ended - goodbye
21/08/2020 9:07:33 AM,UNIT 9279
21/08/2020 9:07:33 AM,333 CHAL 29715181
21/08/2020 9:07:34 AM,RESP 50E0D93F
21/08/2020 9:07:34 AM,230 Auth OK
21/08/2020 9:07:34 AM,TIME
21/08/2020 9:07:34 AM,211 TIME 1598000854
21/08/2020 9:07:35 AM,EVCOUNT 5
21/08/2020 9:07:35 AM,252 Event OK
21/08/2020 9:07:36 AM,TODO
21/08/2020 9:07:36 AM,226 Nothing to do
21/08/2020 9:07:37 AM,EVENT 58303 1598000852 -310128174/1219229292/922/4/0 INPUT 7 1 0 v:124
21/08/2020 9:07:37 AM,252 Event OK
21/08/2020 9:07:38 AM,EVENT 58304 1598000852 -310128174/1219229292/922/4/0 INPUT 8 0 103 v:124
21/08/2020 9:07:38 AM,252 Event OK
21/08/2020 9:07:39 AM,EVENT 58305 1598000853 -310128175/1219229293/921/4/0 INPUT 1 1 0 v:124
21/08/2020 9:07:39 AM,252 Event OK
21/08/2020 9:07:40 AM,EVENT 58306 1598000857 -310128166/1219229274/906/4/0 TRIP 58296 48 41 6 6 95 v:124
21/08/2020 9:07:40 AM,252 Event OK
21/08/2020 9:07:41 AM,EVENT 58307 1598000858 -310128168/1219229272/905/4/0 INPUT 4 0 18 v:124
21/08/2020 9:07:41 AM,252 Event OK
21/08/2020 9:07:42 AM,QUIT
21/08/2020 9:07:42 AM,221 Session ended - goodbye
21/08/2020 9:10:31 AM,UNIT 9279
21/08/2020 9:10:31 AM,333 CHAL 6582603A
21/08/2020 9:10:32 AM,RESP 7F95ADE4
21/08/2020 9:10:32 AM,230 Auth OK
21/08/2020 9:10:32 AM,TIME
21/08/2020 9:10:32 AM,211 TIME 1598001032
21/08/2020 9:10:33 AM,EVCOUNT 3
21/08/2020 9:10:33 AM,252 Event OK
21/08/2020 9:10:33 AM,TODO
21/08/2020 9:10:33 AM,226 Nothing to do
21/08/2020 9:10:34 AM,EVENT 58308 1598001035 -310128236/1219229149/956/3/0 INPUT 8 1 0 v:124
21/08/2020 9:10:34 AM,252 Event OK
21/08/2020 9:10:35 AM,EVENT 58309 1598001035 -310128235/1219229149/954/3/0 INPUT 7 0 183 v:124
21/08/2020 9:10:35 AM,252 Event OK
21/08/2020 9:10:35 AM,EVENT 58310 1598001036 -310128234/1219229150/950/3/0 DEBUG Time(BAD):1598001036->4294967295 v:124
21/08/2020 9:10:35 AM,252 Event OK
21/08/2020 9:10:36 AM,QUIT
21/08/2020 9:10:36 AM,221 Session ended - goodbye
21/08/2020 9:10:47 AM,UNIT 9279
21/08/2020 9:10:47 AM,333 CHAL EFD91E7
21/08/2020 9:10:47 AM,RESP 27017051
21/08/2020 9:10:47 AM,230 Auth OK
21/08/2020 9:10:48 AM,TIME
21/08/2020 9:10:48 AM,211 TIME 1598001048
21/08/2020 9:10:48 AM,EVCOUNT 1
21/08/2020 9:10:48 AM,252 Event OK
21/08/2020 9:10:49 AM,TODO
21/08/2020 9:10:49 AM,226 Nothing to do
21/08/2020 9:10:50 AM,EVENT 58311 1598001044 -310128223/1219229156/913/3/0 SIGNON * 0 NOCARD 26 0 422222 v:124
21/08/2020 9:10:50 AM,252 Event OK
21/08/2020 9:10:50 AM,EVENT 58312 1598001056 -310128277/1219229165/910/3/0 SIGNON 2482 03b7eed3 OK 26 240896 0 v:124
21/08/2020 9:10:50 AM,252 Event OK
21/08/2020 9:10:51 AM,QUIT
21/08/2020 9:10:51 AM,221 Session ended - goodbye
21/08/2020 9:11:01 AM,UNIT 9279
21/08/2020 9:11:01 AM,333 CHAL 76DE8746
21/08/2020 9:11:01 AM,RESP 174BE16D
21/08/2020 9:11:01 AM,230 Auth OK
21/08/2020 9:11:02 AM,TIME
21/08/2020 9:11:02 AM,211 TIME 1598001062
21/08/2020 9:11:02 AM,EVCOUNT 3
21/08/2020 9:11:02 AM,252 Event OK
21/08/2020 9:11:03 AM,TODO
21/08/2020 9:11:03 AM,125 TODO GETXML 2000 Operators 
225 Work list complete
21/08/2020 9:11:03 AM,GETXML
21/08/2020 9:11:03 AM,Binary data 4288 bytes
21/08/2020 9:11:06 AM,GOT Operators 4240 6293E93F
21/08/2020 9:11:06 AM,250 Download OK
21/08/2020 9:11:10 AM,EVENT 58313 1598001063 -310128284/1219229157/896/3/0 INPUT 4 1 0 v:124
21/08/2020 9:11:10 AM,252 Event OK
21/08/2020 9:11:10 AM,EVENT 58314 1598001068 -310128289/1219229139/898/3/0 INPUT 4 0 6 v:124
21/08/2020 9:11:10 AM,252 Event OK
21/08/2020 9:11:11 AM,EVENT 58315 1598001068 -310128289/1219229139/898/3/0 OILPRESSURE 58312 1 v:124
21/08/2020 9:11:11 AM,252 Event OK
21/08/2020 9:11:12 AM,EVENT 58316 1598001069 -310128288/1219229137/898/3/0 INPUT 4 1 0 v:124
21/08/2020 9:11:12 AM,252 Event OK
21/08/2020 9:11:12 AM,EVENT 58317 1598001069 -310128287/1219229134/897/3/0 INPUT 1 0 217 v:124
21/08/2020 9:11:12 AM,252 Event OK
21/08/2020 9:11:12 AM,QUIT
21/08/2020 9:11:12 AM,221 Session ended - goodbye
21/08/2020 9:11:34 AM,UNIT 9279
21/08/2020 9:11:34 AM,333 CHAL 28E6995A
21/08/2020 9:11:34 AM,RESP E7613738
21/08/2020 9:11:34 AM,230 Auth OK
21/08/2020 9:11:35 AM,TIME
21/08/2020 9:11:35 AM,211 TIME 1598001095
21/08/2020 9:11:35 AM,EVCOUNT 1
21/08/2020 9:11:35 AM,252 Event OK
21/08/2020 9:11:36 AM,TODO
21/08/2020 9:11:36 AM,226 Nothing to do
21/08/2020 9:11:37 AM,EVENT 58318 1598001097 -310128678/1219229091/907/3/2 INPUT 3 1 0 v:124
21/08/2020 9:11:37 AM,252 Event OK
21/08/2020 9:11:37 AM,QUIT
21/08/2020 9:11:37 AM,221 Session ended - goodbye
21/08/2020 9:12:37 AM,UNIT 9279
21/08/2020 9:12:37 AM,333 CHAL 7CC5D425
21/08/2020 9:12:37 AM,RESP 99A0F668
21/08/2020 9:12:37 AM,230 Auth OK
21/08/2020 9:12:38 AM,TIME
21/08/2020 9:12:38 AM,211 TIME 1598001158
21/08/2020 9:12:38 AM,EVCOUNT 1
21/08/2020 9:12:38 AM,252 Event OK
21/08/2020 9:12:39 AM,TODO
21/08/2020 9:12:39 AM,226 Nothing to do
21/08/2020 9:12:40 AM,EVENT 58319 1598001160 -310122670/1219228045/887/6/10 INPUT 3 0 64 v:124
21/08/2020 9:12:40 AM,252 Event OK
21/08/2020 9:12:40 AM,QUIT
21/08/2020 9:12:40 AM,221 Session ended - goodbye
21/08/2020 9:12:56 AM,UNIT 9279
21/08/2020 9:12:56 AM,333 CHAL 6BEAB152
21/08/2020 9:12:56 AM,RESP D6E0BF85
21/08/2020 9:12:56 AM,230 Auth OK
21/08/2020 9:12:57 AM,TIME
21/08/2020 9:12:57 AM,211 TIME 1598001177
21/08/2020 9:12:57 AM,EVCOUNT 2
21/08/2020 9:12:57 AM,252 Event OK
21/08/2020 9:12:58 AM,TODO
21/08/2020 9:12:58 AM,226 Nothing to do
21/08/2020 9:12:58 AM,EVENT 58320 1598001179 -310121990/1219228727/842/6/0 INPUT 4 0 111 v:124
21/08/2020 9:12:58 AM,252 Event OK
21/08/2020 9:12:59 AM,EVENT 58321 1598001179 -310121990/1219228727/842/6/0 INPUT 4 1 0 v:124
21/08/2020 9:12:59 AM,252 Event OK
21/08/2020 9:12:59 AM,QUIT
21/08/2020 9:12:59 AM,221 Session ended - goodbye
21/08/2020 9:13:10 AM,UNIT 9279
21/08/2020 9:13:10 AM,333 CHAL 4D189D2F
21/08/2020 9:13:10 AM,RESP 8996FF11
21/08/2020 9:13:10 AM,230 Auth OK
21/08/2020 9:13:10 AM,TIME
21/08/2020 9:13:10 AM,211 TIME 1598001190
21/08/2020 9:13:11 AM,EVCOUNT 2
21/08/2020 9:13:11 AM,252 Event OK
21/08/2020 9:13:11 AM,TODO
21/08/2020 9:13:11 AM,226 Nothing to do
21/08/2020 9:13:12 AM,EVENT 58322 1598001189 -310122001/1219228674/829/0/0 INPUT 4 0 10 v:124
21/08/2020 9:13:12 AM,252 Event OK
21/08/2020 9:13:13 AM,EVENT 58323 1598001189 -310122001/1219228674/829/0/0 INPUT 4 1 0 v:124
21/08/2020 9:13:13 AM,252 Event OK
21/08/2020 9:13:13 AM,QUIT
21/08/2020 9:13:13 AM,221 Session ended - goodbye
21/08/2020 9:14:20 AM,UNIT 9279
21/08/2020 9:14:20 AM,333 CHAL 1F70D8DE
21/08/2020 9:14:21 AM,RESP 8EC08B28
21/08/2020 9:14:21 AM,230 Auth OK
21/08/2020 9:14:21 AM,TIME
21/08/2020 9:14:21 AM,211 TIME 1598001261
21/08/2020 9:14:22 AM,EVCOUNT 7
21/08/2020 9:14:22 AM,252 Event OK
21/08/2020 9:14:22 AM,TODO
21/08/2020 9:14:22 AM,226 Nothing to do
21/08/2020 9:14:23 AM,EVENT 58324 1598001264 -310122068/1219228881/825/2/0 INPUT 3 1 0 v:124
21/08/2020 9:14:23 AM,252 Event OK
21/08/2020 9:14:24 AM,EVENT 58325 1598001264 -310122068/1219228881/825/2/0 INPUT 7 1 0 v:124
21/08/2020 9:14:24 AM,252 Event OK
21/08/2020 9:14:24 AM,EVENT 58326 1598001264 -310122070/1219228879/824/2/0 INPUT 8 0 229 v:124
21/08/2020 9:14:24 AM,252 Event OK
21/08/2020 9:14:25 AM,EVENT 58327 1598001265 -310122072/1219228877/823/2/12 INPUT 1 1 0 v:124
21/08/2020 9:14:25 AM,252 Event OK
21/08/2020 9:14:26 AM,EVENT 58328 1598001265 -310122074/1219228875/822/2/17 INPUT 3 0 2 v:124
21/08/2020 9:14:26 AM,252 Event OK
21/08/2020 9:14:26 AM,EVENT 58329 1598001265 -310122074/1219228875/822/2/17 INPUT 4 0 76 v:124
21/08/2020 9:14:26 AM,252 Event OK
21/08/2020 9:14:27 AM,EVENT 58330 1598001267 -310122076/1219228866/816/2/0 INPUT 4 1 0 v:124
21/08/2020 9:14:27 AM,252 Event OK
21/08/2020 9:14:28 AM,EVENT 58331 1598001268 -310122073/1219228854/811/2/0 TRIP 58312 65 140 8 7 213 v:124
21/08/2020 9:14:28 AM,252 Event OK
21/08/2020 9:14:28 AM,EVENT 58332 1598001269 -310122071/1219228848/809/2/0 TRIPSUMMARY 58312 v:124
21/08/2020 9:14:28 AM,252 Event OK
21/08/2020 9:14:29 AM,EVENT 58333 1598001269 -310122071/1219228848/809/2/0 INPUT 4 0 2 v:124
21/08/2020 9:14:29 AM,252 Event OK
21/08/2020 9:14:29 AM,QUIT
21/08/2020 9:14:29 AM,221 Session ended - goodbye
21/08/2020 9:14:39 AM,UNIT 9279
21/08/2020 9:14:39 AM,333 CHAL 9B3024F
21/08/2020 9:14:39 AM,RESP F2813312
21/08/2020 9:14:39 AM,230 Auth OK
21/08/2020 9:14:40 AM,TIME
21/08/2020 9:14:40 AM,211 TIME 1598001280
21/08/2020 9:14:40 AM,EVCOUNT 2
21/08/2020 9:14:40 AM,252 Event OK
21/08/2020 9:14:41 AM,TODO
21/08/2020 9:14:41 AM,226 Nothing to do
21/08/2020 9:14:41 AM,EVENT 58334 1598001282 -310122053/1219228726/828/2/0 INPUT 8 1 0 v:124
21/08/2020 9:14:41 AM,252 Event OK
21/08/2020 9:14:42 AM,EVENT 58335 1598001283 -310122055/1219228720/830/2/0 INPUT 7 0 19 v:124
21/08/2020 9:14:42 AM,252 Event OK
21/08/2020 9:14:43 AM,QUIT
21/08/2020 9:14:43 AM,221 Session ended - goodbye
21/08/2020 9:14:53 AM,UNIT 9279
21/08/2020 9:14:53 AM,333 CHAL 21BB4272
21/08/2020 9:14:53 AM,RESP F5A06533
21/08/2020 9:14:53 AM,230 Auth OK
21/08/2020 9:14:54 AM,TIME
21/08/2020 9:14:54 AM,211 TIME 1598001294
21/08/2020 9:14:54 AM,EVCOUNT 1
21/08/2020 9:14:54 AM,252 Event OK
21/08/2020 9:14:55 AM,TODO
21/08/2020 9:14:55 AM,226 Nothing to do
21/08/2020 9:14:56 AM,EVENT 58336 1598001295 -310122062/1219228569/837/2/0 SIGNON * 0 NOCARD 26 0 240966 v:124
21/08/2020 9:14:56 AM,252 Event OK
21/08/2020 9:14:56 AM,QUIT
21/08/2020 9:14:56 AM,221 Session ended - goodbye
21/08/2020 9:15:07 AM,UNIT 9279
21/08/2020 9:15:07 AM,333 CHAL 55680E8B
21/08/2020 9:15:07 AM,RESP 9223AADF
21/08/2020 9:15:07 AM,230 Auth OK
21/08/2020 9:15:08 AM,TIME
21/08/2020 9:15:08 AM,211 TIME 1598001308
21/08/2020 9:15:08 AM,EVCOUNT 3
21/08/2020 9:15:08 AM,252 Event OK
21/08/2020 9:15:09 AM,TODO
21/08/2020 9:15:09 AM,125 TODO GETXML 2000 Operators 
225 Work list complete
21/08/2020 9:15:09 AM,GETXML
21/08/2020 9:15:09 AM,Binary data 4288 bytes
21/08/2020 9:15:10 AM,GOT Operators 4240 6293E93F
21/08/2020 9:15:10 AM,250 Download OK
21/08/2020 9:15:11 AM,EVENT 58337 1598001307 -310122071/1219228534/851/2/0 SIGNON 2482 03b7eed3 OK 26 240896 0 v:124
21/08/2020 9:15:11 AM,252 Event OK
21/08/2020 9:15:11 AM,EVENT 58338 1598001314 -310122074/1219228547/839/2/0 INPUT 1 0 49 v:124
21/08/2020 9:15:11 AM,252 Event OK
21/08/2020 9:15:11 AM,EVENT 58339 1598001314 -310122073/1219228549/838/2/0 INPUT 4 1 0 v:124
21/08/2020 9:15:11 AM,252 Event OK
21/08/2020 9:15:11 AM,QUIT
21/08/2020 9:15:11 AM,221 Session ended - goodbye
21/08/2020 9:15:56 AM,UNIT 9279
21/08/2020 9:15:56 AM,333 CHAL 42CA76C9
21/08/2020 9:15:57 AM,RESP CDA9184E
21/08/2020 9:15:57 AM,230 Auth OK
21/08/2020 9:15:57 AM,TIME
21/08/2020 9:15:57 AM,211 TIME 1598001357
21/08/2020 9:15:58 AM,EVCOUNT 1
21/08/2020 9:15:58 AM,252 Event OK
21/08/2020 9:15:58 AM,TODO
21/08/2020 9:15:58 AM,226 Nothing to do
21/08/2020 9:15:59 AM,EVENT 58340 1598001359 -310121339/1219229112/844/2/7 INPUT 3 1 0 v:124
21/08/2020 9:15:59 AM,252 Event OK
21/08/2020 9:15:59 AM,QUIT
21/08/2020 9:15:59 AM,221 Session ended - goodbye
21/08/2020 9:17:21 AM,UNIT 9279
21/08/2020 9:17:21 AM,333 CHAL 2AEE69DF
21/08/2020 9:17:22 AM,RESP 2944F1BC
21/08/2020 9:17:22 AM,230 Auth OK
21/08/2020 9:17:23 AM,TIME
21/08/2020 9:17:23 AM,211 TIME 1598001443
21/08/2020 9:17:24 AM,EVCOUNT 3
21/08/2020 9:17:24 AM,252 Event OK
21/08/2020 9:17:25 AM,TODO
21/08/2020 9:17:25 AM,226 Nothing to do
21/08/2020 9:17:26 AM,EVENT 58341 1598001442 -310143346/1219231400/887/3/10 INPUT 3 0 83 v:124
21/08/2020 9:17:26 AM,252 Event OK
21/08/2020 9:17:28 AM,EVENT 58342 1598001449 -310143536/1219231400/897/3/0 INPUT 7 1 0 v:124
21/08/2020 9:17:28 AM,252 Event OK
21/08/2020 9:17:29 AM,EVENT 58343 1598001449 -310143536/1219231400/897/3/0 INPUT 8 0 167 v:124
21/08/2020 9:17:29 AM,252 Event OK
21/08/2020 9:17:31 AM,EVENT 58344 1598001450 -310143539/1219231405/896/3/0 INPUT 1 1 0 v:124
21/08/2020 9:17:31 AM,252 Event OK
21/08/2020 9:17:32 AM,EVENT 58345 1598001451 -310143543/1219231411/895/3/0 INPUT 4 0 137 v:124
21/08/2020 9:17:32 AM,252 Event OK
21/08/2020 9:17:33 AM,EVENT 58346 1598001454 -310143559/1219231432/895/3/0 TRIP 58337 83 54 10 7 147 v:124
21/08/2020 9:17:33 AM,252 Event OK
21/08/2020 9:17:34 AM,QUIT
21/08/2020 9:17:34 AM,221 Session ended - goodbye
21/08/2020 10:02:49 AM,UNIT 9279
21/08/2020 10:02:49 AM,333 CHAL 5F6222A7
21/08/2020 10:02:50 AM,RESP 0BB9B9B3
21/08/2020 10:02:50 AM,230 Auth OK
21/08/2020 10:02:51 AM,TIME
21/08/2020 10:02:51 AM,211 TIME 1598004171
21/08/2020 10:02:51 AM,EVCOUNT 15
21/08/2020 10:02:51 AM,252 Event OK
21/08/2020 10:02:52 AM,TODO
21/08/2020 10:02:52 AM,226 Nothing to do
21/08/2020 10:02:53 AM,EVENT 58347 1598004148 0/0/0/0/0 SWSTART OpusFC 5.0.58.518 R v:124
21/08/2020 10:02:53 AM,252 Event OK
21/08/2020 10:02:54 AM,EVENT 58348 1598001454 0/0/0/0/0 POWERDOWN v:124
21/08/2020 10:02:54 AM,252 Event OK
21/08/2020 10:02:54 AM,EVENT 58349 1598004148 0/0/0/0/0 INPUT 1 1 0 v:124
21/08/2020 10:02:54 AM,252 Event OK
21/08/2020 10:02:55 AM,EVENT 58350 1598004148 0/0/0/0/0 INPUT 2 0 0 v:124
21/08/2020 10:02:55 AM,252 Event OK
21/08/2020 10:02:56 AM,EVENT 58351 1598004148 0/0/0/0/0 INPUT 3 0 0 v:124
21/08/2020 10:02:56 AM,252 Event OK
21/08/2020 10:02:56 AM,EVENT 58352 1598004148 0/0/0/0/0 INPUT 4 0 0 v:124
21/08/2020 10:02:56 AM,252 Event OK
21/08/2020 10:02:57 AM,EVENT 58353 1598004148 0/0/0/0/0 INPUT 7 0 0 v:124
21/08/2020 10:02:57 AM,252 Event OK
21/08/2020 10:02:57 AM,EVENT 58354 1598004148 0/0/0/0/0 INPUT 8 1 0 v:124
21/08/2020 10:02:57 AM,252 Event OK
21/08/2020 10:02:58 AM,EVENT 58355 1598004150 0/0/0/0/0 ZONE_OK 2 100 FW=NO VERSION v:124
21/08/2020 10:02:58 AM,252 Event OK
21/08/2020 10:02:59 AM,EVENT 58356 1598004159 0/0/0/0/0 SIGNON 2486 03b1f2db OK_CL 26 270692 0 v:124
21/08/2020 10:02:59 AM,252 Event OK
21/08/2020 10:03:00 AM,EVENT 58357 1598004165 0/0/0/3/0 CHECKLIST 58356 OK 0 5 432 F v:124
21/08/2020 10:03:00 AM,252 Event OK
21/08/2020 10:03:00 AM,EVENT 58358 1598004170 0/0/0/4/0 INPUT 3 1 0 v:124
21/08/2020 10:03:00 AM,252 Event OK
21/08/2020 10:03:01 AM,EVENT 58359 1598004171 0/0/0/4/17 INPUT 1 0 23 v:124
21/08/2020 10:03:01 AM,252 Event OK
21/08/2020 10:03:02 AM,EVENT 58360 1598004171 0/0/0/4/17 INPUT 3 0 2 v:123
21/08/2020 10:03:02 AM,252 Event OK
21/08/2020 10:03:02 AM,EVENT 58361 1598004172 0/0/0/4/16 INPUT 4 1 0 v:123
21/08/2020 10:03:02 AM,252 Event OK
21/08/2020 10:03:03 AM,QUIT
21/08/2020 10:03:03 AM,221 Session ended - goodbye
21/08/2020 10:04:08 AM,UNIT 9279
21/08/2020 10:04:08 AM,333 CHAL 6F96342B
21/08/2020 10:04:08 AM,RESP 0E7BE2A0
21/08/2020 10:04:08 AM,230 Auth OK
21/08/2020 10:04:09 AM,TIME
21/08/2020 10:04:09 AM,211 TIME 1598004249
21/08/2020 10:04:09 AM,EVCOUNT 2
21/08/2020 10:04:09 AM,252 Event OK
21/08/2020 10:04:10 AM,TODO
21/08/2020 10:04:10 AM,226 Nothing to do
21/08/2020 10:04:11 AM,EVENT 58362 1598004251 -310143205/1219231458/1128/4/0 INPUT 4 0 80 v:124
21/08/2020 10:04:11 AM,252 Event OK
21/08/2020 10:04:11 AM,EVENT 58363 1598004251 -310143205/1219231458/1128/4/0 INPUT 4 1 0 v:124
21/08/2020 10:04:11 AM,252 Event OK
21/08/2020 10:04:12 AM,QUIT
21/08/2020 10:04:12 AM,221 Session ended - goodbye
21/08/2020 10:04:41 AM,UNIT 9279
21/08/2020 10:04:41 AM,333 CHAL 462FD3C3
21/08/2020 10:04:41 AM,RESP 8E0858DC
21/08/2020 10:04:41 AM,230 Auth OK
21/08/2020 10:04:42 AM,TIME
21/08/2020 10:04:42 AM,211 TIME 1598004282
21/08/2020 10:04:42 AM,EVCOUNT 2
21/08/2020 10:04:42 AM,252 Event OK
21/08/2020 10:04:43 AM,TODO
21/08/2020 10:04:43 AM,226 Nothing to do
21/08/2020 10:04:44 AM,EVENT 58364 1598004284 -310143328/1219231571/1060/4/0 INPUT 4 0 33 v:124
21/08/2020 10:04:44 AM,252 Event OK
21/08/2020 10:04:44 AM,EVENT 58365 1598004284 -310143328/1219231571/1060/4/0 INPUT 4 1 0 v:124
21/08/2020 10:04:44 AM,252 Event OK
21/08/2020 10:04:45 AM,QUIT
21/08/2020 10:04:45 AM,221 Session ended - goodbye
21/08/2020 10:05:14 AM,UNIT 9279
21/08/2020 10:05:14 AM,333 CHAL 31BAF5CE
21/08/2020 10:05:15 AM,RESP 3AC2B2B3
21/08/2020 10:05:15 AM,230 Auth OK
21/08/2020 10:05:15 AM,TIME
21/08/2020 10:05:15 AM,211 TIME 1598004315
21/08/2020 10:05:16 AM,EVCOUNT 2
21/08/2020 10:05:16 AM,252 Event OK
21/08/2020 10:05:16 AM,TODO
21/08/2020 10:05:16 AM,226 Nothing to do
21/08/2020 10:05:17 AM,EVENT 58366 1598004317 -310143382/1219231385/976/3/0 INPUT 4 0 33 v:124
21/08/2020 10:05:17 AM,252 Event OK
21/08/2020 10:05:18 AM,EVENT 58367 1598004317 -310143382/1219231385/976/3/0 INPUT 4 1 0 v:124
21/08/2020 10:05:18 AM,252 Event OK
21/08/2020 10:05:18 AM,QUIT
21/08/2020 10:05:18 AM,221 Session ended - goodbye
21/08/2020 10:05:47 AM,UNIT 9279
21/08/2020 10:05:47 AM,333 CHAL 2F22ABA6
21/08/2020 10:05:47 AM,RESP 8B5B674C
21/08/2020 10:05:47 AM,230 Auth OK
21/08/2020 10:05:48 AM,TIME
21/08/2020 10:05:48 AM,211 TIME 1598004348
21/08/2020 10:05:48 AM,EVCOUNT 2
21/08/2020 10:05:48 AM,252 Event OK
21/08/2020 10:05:49 AM,TODO
21/08/2020 10:05:49 AM,226 Nothing to do
21/08/2020 10:05:50 AM,EVENT 58368 1598004350 -310143487/1219231424/943/4/0 INPUT 4 0 33 v:124
21/08/2020 10:05:50 AM,252 Event OK
21/08/2020 10:05:50 AM,EVENT 58369 1598004350 -310143487/1219231424/943/4/0 INPUT 4 1 0 v:124
21/08/2020 10:05:50 AM,252 Event OK
21/08/2020 10:05:51 AM,QUIT
21/08/2020 10:05:51 AM,221 Session ended - goodbye
21/08/2020 10:06:20 AM,UNIT 9279
21/08/2020 10:06:20 AM,333 CHAL 1B1FD6C
21/08/2020 10:06:20 AM,RESP 7AB9ED4A
21/08/2020 10:06:20 AM,230 Auth OK
21/08/2020 10:06:21 AM,TIME
21/08/2020 10:06:21 AM,211 TIME 1598004381
21/08/2020 10:06:21 AM,EVCOUNT 2
21/08/2020 10:06:21 AM,252 Event OK
21/08/2020 10:06:22 AM,TODO
21/08/2020 10:06:22 AM,226 Nothing to do
21/08/2020 10:06:23 AM,EVENT 58370 1598004383 -310143410/1219231424/1064/4/0 INPUT 4 0 33 v:124
21/08/2020 10:06:23 AM,252 Event OK
21/08/2020 10:06:23 AM,EVENT 58371 1598004383 -310143410/1219231424/1064/4/0 INPUT 4 1 0 v:124
21/08/2020 10:06:23 AM,252 Event OK
21/08/2020 10:06:24 AM,QUIT
21/08/2020 10:06:24 AM,221 Session ended - goodbye
21/08/2020 10:08:00 AM,UNIT 9279
21/08/2020 10:08:00 AM,333 CHAL 77AF26E8
21/08/2020 10:08:00 AM,RESP 06786AAC
21/08/2020 10:08:00 AM,230 Auth OK
21/08/2020 10:08:01 AM,TIME
21/08/2020 10:08:01 AM,211 TIME 1598004481
21/08/2020 10:08:02 AM,EVCOUNT 2
21/08/2020 10:08:02 AM,252 Event OK
21/08/2020 10:08:02 AM,TODO
21/08/2020 10:08:02 AM,226 Nothing to do
21/08/2020 10:08:03 AM,EVENT 58372 1598004483 -310143558/1219231531/1009/4/0 INPUT 4 0 100 v:124
21/08/2020 10:08:03 AM,252 Event OK
21/08/2020 10:08:03 AM,EVENT 58373 1598004483 -310143558/1219231531/1009/4/0 INPUT 4 1 0 v:124
21/08/2020 10:08:03 AM,252 Event OK
21/08/2020 10:08:04 AM,QUIT
21/08/2020 10:08:04 AM,221 Session ended - goodbye
21/08/2020 10:09:15 AM,UNIT 9279
21/08/2020 10:09:15 AM,333 CHAL 23CA2AA1
21/08/2020 10:09:15 AM,RESP 0E08298F
21/08/2020 10:09:15 AM,230 Auth OK
21/08/2020 10:09:16 AM,TIME
21/08/2020 10:09:16 AM,211 TIME 1598004556
21/08/2020 10:09:16 AM,EVCOUNT 2
21/08/2020 10:09:16 AM,252 Event OK
21/08/2020 10:09:17 AM,TODO
21/08/2020 10:09:17 AM,226 Nothing to do
21/08/2020 10:09:18 AM,EVENT 58374 1598004558 -310143532/1219231640/964/4/0 INPUT 4 0 75 v:124
21/08/2020 10:09:18 AM,252 Event OK
21/08/2020 10:09:18 AM,EVENT 58375 1598004558 -310143532/1219231640/964/4/0 INPUT 4 1 0 v:124
21/08/2020 10:09:18 AM,252 Event OK
21/08/2020 10:09:19 AM,QUIT
21/08/2020 10:09:19 AM,221 Session ended - goodbye
21/08/2020 10:09:31 AM,UNIT 9279
21/08/2020 10:09:31 AM,333 CHAL 2679D6BE
21/08/2020 10:09:32 AM,RESP CE5E8168
21/08/2020 10:09:32 AM,230 Auth OK
21/08/2020 10:09:32 AM,TIME
21/08/2020 10:09:32 AM,211 TIME 1598004572
21/08/2020 10:09:33 AM,EVCOUNT 1
21/08/2020 10:09:33 AM,252 Event OK
21/08/2020 10:09:33 AM,TODO
21/08/2020 10:09:33 AM,226 Nothing to do
21/08/2020 10:09:34 AM,EVENT 58376 1598004574 -310142885/1219231385/886/4/7 INPUT 3 1 0 v:124
21/08/2020 10:09:34 AM,252 Event OK
21/08/2020 10:09:35 AM,QUIT
21/08/2020 10:09:35 AM,221 Session ended - goodbye
21/08/2020 8:20:14 PM,UNIT 9279
21/08/2020 8:20:14 PM,333 CHAL 6B367B27
21/08/2020 8:20:14 PM,RESP 7A1CB82B
21/08/2020 8:20:14 PM,230 Auth OK
21/08/2020 8:20:15 PM,TIME
21/08/2020 8:20:15 PM,211 TIME 1598041215
21/08/2020 8:20:15 PM,EVCOUNT 182
21/08/2020 8:20:15 PM,252 Event OK
21/08/2020 8:20:15 PM,TODO
21/08/2020 8:20:15 PM,226 Nothing to do
21/08/2020 8:20:15 PM,EVENT 58377 1598004655 -310120805/1219230381/906/6/10 INPUT 3 0 81 v:124
21/08/2020 8:20:15 PM,252 Event OK
21/08/2020 8:20:15 PM,EVENT 58378 1598004656 -310121021/1219230090/926/6/8 INPUT 3 1 0 v:124
21/08/2020 8:20:15 PM,252 Event OK
21/08/2020 8:20:16 PM,EVENT 58379 1598004659 -310121419/1219229620/915/6/9 INPUT 3 0 2 v:124
21/08/2020 8:20:16 PM,252 Event OK
21/08/2020 8:20:33 PM,EVENT 58380 1598004665 -310121671/1219229273/892/6/0 INPUT 7 1 0 v:124
21/08/2020 8:20:33 PM,252 Event OK
21/08/2020 8:20:34 PM,EVENT 58381 1598004665 -310121671/1219229273/892/6/0 INPUT 8 0 516 v:124
21/08/2020 8:20:34 PM,252 Event OK
21/08/2020 8:20:34 PM,EVENT 58382 1598004666 -310121678/1219229278/885/6/0 INPUT 1 1 0 v:124
21/08/2020 8:20:34 PM,252 Event OK
21/08/2020 8:20:34 PM,EVENT 58383 1598004666 -310121683/1219229282/879/6/0 INPUT 4 0 108 v:124
21/08/2020 8:20:34 PM,252 Event OK
21/08/2020 8:20:34 PM,EVENT 58384 1598004669 -310121700/1219229290/866/0/0 TRIP 58356 85 412 10 7 507 v:123
21/08/2020 8:20:34 PM,252 Event OK
21/08/2020 8:20:35 PM,EVENT 58385 1598004699 -310121814/1219229277/834/0/0 REPORT * 0 240 v:123
21/08/2020 8:20:35 PM,252 Event OK
21/08/2020 8:20:35 PM,EVENT 58386 1598006021 -310121643/1219229384/765/0/0 INPUT 8 1 0 v:123
21/08/2020 8:20:35 PM,252 Event OK
21/08/2020 8:20:35 PM,EVENT 58387 1598006021 -310121645/1219229383/767/0/0 INPUT 7 0 1357 v:124
21/08/2020 8:20:35 PM,252 Event OK
21/08/2020 8:20:35 PM,EVENT 58388 1598006042 -310121741/1219229287/776/0/0 SIGNON * 0 NOCARD 26 0 270922 v:124
21/08/2020 8:20:35 PM,252 Event OK
21/08/2020 8:20:35 PM,EVENT 58389 1598006054 -310121736/1219229336/799/0/0 SIGNON 2486 03b1f2db OK 26 270692 0 v:124
21/08/2020 8:20:35 PM,252 Event OK
21/08/2020 8:20:36 PM,EVENT 58390 1598006060 -310121718/1219229368/801/0/0 INPUT 4 1 0 v:124
21/08/2020 8:20:36 PM,252 Event OK
21/08/2020 8:20:36 PM,EVENT 58391 1598006061 -310121717/1219229369/801/0/0 INPUT 1 0 1395 v:124
21/08/2020 8:20:36 PM,252 Event OK
21/08/2020 8:20:36 PM,EVENT 58392 1598006071 -310121902/1219228978/792/0/6 INPUT 3 1 0 v:124
21/08/2020 8:20:36 PM,252 Event OK
21/08/2020 8:20:36 PM,EVENT 58393 1598006529 0/0/0/99/23 REPORT 58389 0 0 v:124
21/08/2020 8:20:36 PM,252 Event OK
21/08/2020 8:20:36 PM,EVENT 58394 1598006635 0/0/0/0/9 INPUT 3 0 565 v:124
21/08/2020 8:20:36 PM,252 Event OK
21/08/2020 8:20:37 PM,EVENT 58395 1598006654 0/0/0/0/6 INPUT 3 1 0 v:124
21/08/2020 8:20:37 PM,252 Event OK
21/08/2020 8:20:37 PM,EVENT 58396 1598006745 0/0/0/0/11 INPUT 3 0 92 v:124
21/08/2020 8:20:37 PM,252 Event OK
21/08/2020 8:20:37 PM,EVENT 58397 1598006748 0/0/0/0/7 INPUT 4 0 688 v:124
21/08/2020 8:20:37 PM,252 Event OK
21/08/2020 8:20:37 PM,EVENT 58398 1598006748 0/0/0/0/6 INPUT 4 1 0 v:124
21/08/2020 8:20:37 PM,252 Event OK
21/08/2020 8:20:37 PM,EVENT 58399 1598006754 0/0/0/0/0 INPUT 7 1 0 v:124
21/08/2020 8:20:37 PM,252 Event OK
21/08/2020 8:20:38 PM,EVENT 58400 1598006754 0/0/0/0/0 INPUT 8 0 733 v:124
21/08/2020 8:20:38 PM,252 Event OK
21/08/2020 8:20:38 PM,EVENT 58401 1598006754 0/0/0/0/0 INPUT 4 0 6 v:124
21/08/2020 8:20:38 PM,252 Event OK
21/08/2020 8:20:38 PM,EVENT 58402 1598006754 0/0/0/0/0 INPUT 4 1 0 v:124
21/08/2020 8:20:38 PM,252 Event OK
21/08/2020 8:20:38 PM,EVENT 58403 1598006755 0/0/0/0/0 INPUT 1 1 0 v:124
21/08/2020 8:20:38 PM,252 Event OK
21/08/2020 8:20:38 PM,EVENT 58404 1598006756 0/0/0/0/0 INPUT 4 0 2 v:124
21/08/2020 8:20:38 PM,252 Event OK
21/08/2020 8:20:39 PM,EVENT 58405 1598006758 0/0/0/0/0 TRIP 58389 657 39 8 6 704 v:124
21/08/2020 8:20:39 PM,252 Event OK
21/08/2020 8:20:39 PM,EVENT 58406 1598006782 0/0/0/0/0 INPUT 8 1 0 v:124
21/08/2020 8:20:39 PM,252 Event OK
21/08/2020 8:20:39 PM,EVENT 58407 1598006783 0/0/0/0/0 INPUT 7 0 29 v:124
21/08/2020 8:20:39 PM,252 Event OK
21/08/2020 8:20:39 PM,EVENT 58408 1598006797 0/0/0/0/0 SIGNON 2499 01b1def9 OK 26 271083 0 v:124
21/08/2020 8:20:39 PM,252 Event OK
21/08/2020 8:20:40 PM,EVENT 58409 1598006807 0/0/0/0/0 INPUT 1 0 53 v:124
21/08/2020 8:20:40 PM,252 Event OK
21/08/2020 8:20:40 PM,EVENT 58410 1598006808 0/0/0/0/0 INPUT 4 1 0 v:124
21/08/2020 8:20:40 PM,252 Event OK
21/08/2020 8:20:40 PM,EVENT 58411 1598006819 0/0/0/0/6 INPUT 3 1 0 v:124
21/08/2020 8:20:40 PM,252 Event OK
21/08/2020 8:20:40 PM,EVENT 58412 1598006860 0/0/0/99/11 INPUT 3 0 42 v:124
21/08/2020 8:20:40 PM,252 Event OK
21/08/2020 8:20:40 PM,EVENT 58413 1598006872 0/0/0/99/5 INPUT 3 1 0 v:124
21/08/2020 8:20:40 PM,252 Event OK
21/08/2020 8:20:41 PM,EVENT 58414 1598006902 0/0/0/0/11 INPUT 3 0 29 v:124
21/08/2020 8:20:41 PM,252 Event OK
21/08/2020 8:20:41 PM,EVENT 58415 1598006905 0/0/0/0/7 INPUT 3 1 0 v:124
21/08/2020 8:20:41 PM,252 Event OK
21/08/2020 8:20:41 PM,EVENT 58416 1598006936 0/0/0/0/12 INPUT 3 0 30 v:124
21/08/2020 8:20:41 PM,252 Event OK
21/08/2020 8:20:41 PM,EVENT 58417 1598006938 0/0/0/0/7 INPUT 3 1 0 v:124
21/08/2020 8:20:41 PM,252 Event OK
21/08/2020 8:20:41 PM,EVENT 58418 1598007226 0/0/0/99/15 INPUT 3 0 288 v:124
21/08/2020 8:20:41 PM,252 Event OK
21/08/2020 8:20:42 PM,EVENT 58419 1598007231 0/0/0/0/2 INPUT 3 1 0 v:124
21/08/2020 8:20:42 PM,252 Event OK
21/08/2020 8:20:42 PM,EVENT 58420 1598007242 0/0/0/0/9 INPUT 3 0 11 v:124
21/08/2020 8:20:42 PM,252 Event OK
21/08/2020 8:20:42 PM,EVENT 58421 1598007250 0/0/0/0/2 INPUT 3 1 0 v:124
21/08/2020 8:20:42 PM,252 Event OK
21/08/2020 8:20:42 PM,EVENT 58422 1598007434 0/0/0/0/11 INPUT 3 0 185 v:124
21/08/2020 8:20:42 PM,252 Event OK
21/08/2020 8:20:42 PM,EVENT 58423 1598007518 0/0/0/0/2 INPUT 3 1 0 v:124
21/08/2020 8:20:42 PM,252 Event OK
21/08/2020 8:20:43 PM,EVENT 58424 1598007598 0/0/0/0/14 INPUT 3 0 80 v:124
21/08/2020 8:20:43 PM,252 Event OK
21/08/2020 8:20:43 PM,EVENT 58425 1598007599 0/0/0/0/9 INPUT 4 0 792 v:124
21/08/2020 8:20:43 PM,252 Event OK
21/08/2020 8:20:43 PM,EVENT 58426 1598007600 0/0/0/0/6 INPUT 4 1 0 v:124
21/08/2020 8:20:43 PM,252 Event OK
21/08/2020 8:20:43 PM,EVENT 58427 1598007629 0/0/0/0/3 INPUT 3 1 0 v:124
21/08/2020 8:20:43 PM,252 Event OK
21/08/2020 8:20:43 PM,EVENT 58428 1598007653 0/0/0/0/24 ZONEOVERSPEED 58408 8 34 1 v:124
21/08/2020 8:20:43 PM,252 Event OK
21/08/2020 8:20:44 PM,EVENT 58429 1598008023 0/0/0/0/12 INPUT 3 0 394 v:124
21/08/2020 8:20:44 PM,252 Event OK
21/08/2020 8:20:44 PM,EVENT 58430 1598008027 0/0/0/0/5 INPUT 7 1 0 v:124
21/08/2020 8:20:44 PM,252 Event OK
21/08/2020 8:20:44 PM,EVENT 58431 1598008027 0/0/0/0/5 INPUT 8 0 1244 v:124
21/08/2020 8:20:44 PM,252 Event OK
21/08/2020 8:20:44 PM,EVENT 58432 1598008028 0/0/0/0/3 INPUT 1 1 0 v:124
21/08/2020 8:20:44 PM,252 Event OK
21/08/2020 8:20:45 PM,EVENT 58433 1598008030 0/0/0/0/0 INPUT 4 0 430 v:124
21/08/2020 8:20:45 PM,252 Event OK
21/08/2020 8:20:45 PM,EVENT 58434 1598008031 0/0/0/0/0 TRIP 58408 1059 163 13 11 1235 v:124
21/08/2020 8:20:45 PM,252 Event OK
21/08/2020 8:20:45 PM,EVENT 58435 1598008031 0/0/0/0/0 TRIPSUMMARY 58408 v:124
21/08/2020 8:20:45 PM,252 Event OK
21/08/2020 8:20:45 PM,EVENT 58436 1598008101 0/0/0/0/0 INPUT 8 1 0 v:124
21/08/2020 8:20:45 PM,252 Event OK
21/08/2020 8:20:45 PM,EVENT 58437 1598008101 0/0/0/0/0 INPUT 7 0 74 v:124
21/08/2020 8:20:45 PM,252 Event OK
21/08/2020 8:20:46 PM,EVENT 58438 1598008111 0/0/0/0/0 SIGNON 2499 01b1def9 OK 26 271083 0 v:124
21/08/2020 8:20:46 PM,252 Event OK
21/08/2020 8:20:46 PM,EVENT 58439 1598008119 0/0/0/0/0 INPUT 1 0 92 v:124
21/08/2020 8:20:46 PM,252 Event OK
21/08/2020 8:20:46 PM,EVENT 58440 1598008120 0/0/0/0/0 INPUT 4 1 0 v:124
21/08/2020 8:20:46 PM,252 Event OK
21/08/2020 8:20:46 PM,EVENT 58441 1598008129 0/0/0/0/6 INPUT 3 1 0 v:124
21/08/2020 8:20:46 PM,252 Event OK
21/08/2020 8:20:46 PM,EVENT 58442 1598008139 0/0/0/0/11 INPUT 3 0 10 v:124
21/08/2020 8:20:46 PM,252 Event OK
21/08/2020 8:20:47 PM,EVENT 58443 1598008141 0/0/0/0/8 INPUT 3 1 0 v:124
21/08/2020 8:20:47 PM,252 Event OK
21/08/2020 8:20:47 PM,EVENT 58444 1598008141 0/0/0/0/8 INPUT 3 0 1 v:124
21/08/2020 8:20:47 PM,252 Event OK
21/08/2020 8:20:47 PM,EVENT 58445 1598008151 0/0/0/0/7 INPUT 3 1 0 v:124
21/08/2020 8:20:47 PM,252 Event OK
21/08/2020 8:20:47 PM,EVENT 58446 1598008155 0/0/0/0/9 INPUT 3 0 5 v:124
21/08/2020 8:20:47 PM,252 Event OK
21/08/2020 8:20:48 PM,EVENT 58447 1598008172 0/0/0/0/3 INPUT 4 0 53 v:124
21/08/2020 8:20:48 PM,252 Event OK
21/08/2020 8:20:48 PM,EVENT 58448 1598008172 0/0/0/0/3 INPUT 4 1 0 v:124
21/08/2020 8:20:48 PM,252 Event OK
21/08/2020 8:20:48 PM,EVENT 58449 1598008185 0/0/0/0/6 INPUT 3 1 0 v:124
21/08/2020 8:20:48 PM,252 Event OK
21/08/2020 8:20:48 PM,EVENT 58450 1598008190 0/0/0/0/11 INPUT 3 0 5 v:124
21/08/2020 8:20:48 PM,252 Event OK
21/08/2020 8:20:48 PM,EVENT 58451 1598008192 0/0/0/0/8 INPUT 3 1 0 v:124
21/08/2020 8:20:48 PM,252 Event OK
21/08/2020 8:20:49 PM,EVENT 58452 1598008197 0/0/0/0/12 INPUT 3 0 5 v:124
21/08/2020 8:20:49 PM,252 Event OK
21/08/2020 8:20:49 PM,EVENT 58453 1598008199 0/0/0/0/5 INPUT 7 1 0 v:124
21/08/2020 8:20:49 PM,252 Event OK
21/08/2020 8:20:49 PM,EVENT 58454 1598008199 0/0/0/0/5 INPUT 8 0 98 v:124
21/08/2020 8:20:49 PM,252 Event OK
21/08/2020 8:20:49 PM,EVENT 58455 1598008199 0/0/0/0/4 INPUT 4 0 27 v:124
21/08/2020 8:20:49 PM,252 Event OK
21/08/2020 8:20:49 PM,EVENT 58456 1598008200 0/0/0/0/2 INPUT 4 1 0 v:124
21/08/2020 8:20:49 PM,252 Event OK
21/08/2020 8:20:50 PM,EVENT 58457 1598008200 0/0/0/0/2 INPUT 1 1 0 v:124
21/08/2020 8:20:50 PM,252 Event OK
21/08/2020 8:20:50 PM,EVENT 58458 1598008203 0/0/0/0/0 TRIP 58438 26 58 8 8 92 v:124
21/08/2020 8:20:50 PM,252 Event OK
21/08/2020 8:20:50 PM,EVENT 58459 1598008204 0/0/0/0/0 INPUT 4 0 4 v:124
21/08/2020 8:20:50 PM,252 Event OK
21/08/2020 8:20:50 PM,EVENT 58460 1598037252 0/0/0/0/0 SWSTART OpusFC 5.0.58.518 R v:123
21/08/2020 8:20:50 PM,252 Event OK
21/08/2020 8:20:51 PM,EVENT 58461 1598008203 0/0/0/0/0 POWERDOWN v:124
21/08/2020 8:20:51 PM,252 Event OK
21/08/2020 8:20:51 PM,EVENT 58462 1598037252 0/0/0/0/0 INPUT 1 1 0 v:124
21/08/2020 8:20:51 PM,252 Event OK
21/08/2020 8:20:51 PM,EVENT 58463 1598037252 0/0/0/0/0 INPUT 2 0 0 v:124
21/08/2020 8:20:51 PM,252 Event OK
21/08/2020 8:20:51 PM,EVENT 58464 1598037252 0/0/0/0/0 INPUT 3 0 0 v:124
21/08/2020 8:20:51 PM,252 Event OK
21/08/2020 8:20:52 PM,EVENT 58465 1598037252 0/0/0/0/0 INPUT 4 0 0 v:124
21/08/2020 8:20:52 PM,252 Event OK
21/08/2020 8:20:52 PM,EVENT 58466 1598037252 0/0/0/0/0 INPUT 7 0 0 v:124
21/08/2020 8:20:52 PM,252 Event OK
21/08/2020 8:20:52 PM,EVENT 58467 1598037252 0/0/0/0/0 INPUT 8 1 0 v:124
21/08/2020 8:20:52 PM,252 Event OK
21/08/2020 8:20:52 PM,EVENT 58468 1598037254 0/0/0/0/0 ZONE_OK 2 100 FW=NO VERSION v:124
21/08/2020 8:20:52 PM,252 Event OK
21/08/2020 8:20:52 PM,EVENT 58469 1598037263 0/0/0/0/0 SIGNON 2505 03b1f6ce OK 26 270498 0 v:124
21/08/2020 8:20:52 PM,252 Event OK
21/08/2020 8:20:53 PM,EVENT 58470 1598037268 0/0/0/99/0 INPUT 7 1 0 v:124
21/08/2020 8:20:53 PM,252 Event OK
21/08/2020 8:20:53 PM,EVENT 58471 1598037268 0/0/0/99/0 INPUT 7 0 1 v:124
21/08/2020 8:20:53 PM,252 Event OK
21/08/2020 8:20:53 PM,EVENT 58472 1598037269 0/0/0/99/0 INPUT 1 0 17 v:124
21/08/2020 8:20:53 PM,252 Event OK
21/08/2020 8:20:53 PM,EVENT 58473 1598037270 0/0/0/99/0 INPUT 4 1 0 v:124
21/08/2020 8:20:53 PM,252 Event OK
21/08/2020 8:20:53 PM,EVENT 58474 1598037276 0/0/0/0/2 INPUT 4 0 7 v:124
21/08/2020 8:20:53 PM,252 Event OK
21/08/2020 8:20:54 PM,EVENT 58475 1598037276 0/0/0/0/2 INPUT 4 1 0 v:124
21/08/2020 8:20:54 PM,252 Event OK
21/08/2020 8:20:54 PM,EVENT 58476 1598037292 0/0/0/0/0 INPUT 4 0 16 v:124
21/08/2020 8:20:54 PM,252 Event OK
21/08/2020 8:20:54 PM,EVENT 58477 1598037293 0/0/0/0/0 INPUT 4 1 0 v:124
21/08/2020 8:20:54 PM,252 Event OK
21/08/2020 8:20:54 PM,EVENT 58478 1598037312 0/0/0/0/0 INPUT 7 1 0 v:124
21/08/2020 8:20:54 PM,252 Event OK
21/08/2020 8:20:55 PM,EVENT 58479 1598037312 0/0/0/0/0 INPUT 8 0 60 v:124
21/08/2020 8:20:55 PM,252 Event OK
21/08/2020 8:20:55 PM,EVENT 58480 1598037313 0/0/0/0/0 INPUT 1 1 0 v:124
21/08/2020 8:20:55 PM,252 Event OK
21/08/2020 8:20:55 PM,EVENT 58481 1598037314 0/0/0/0/0 INPUT 4 0 22 v:124
21/08/2020 8:20:55 PM,252 Event OK
21/08/2020 8:20:56 PM,EVENT 58482 1598037315 0/0/0/0/0 REPORT 58469 0 0 v:123
21/08/2020 8:20:56 PM,252 Event OK
21/08/2020 8:20:56 PM,EVENT 58483 1598037317 0/0/0/0/0 TRIP 58469 0 45 10 7 55 v:124
21/08/2020 8:20:56 PM,252 Event OK
21/08/2020 8:21:07 PM,EVENT 58484 1598038858 0/0/0/99/0 INPUT 8 1 0 v:124
21/08/2020 8:21:07 PM,252 Event OK
21/08/2020 8:21:07 PM,EVENT 58485 1598038858 0/0/0/99/0 INPUT 7 0 1545 v:124
21/08/2020 8:21:07 PM,252 Event OK
21/08/2020 8:21:07 PM,EVENT 58486 1598038868 0/0/0/99/0 SIGNON 2505 03b1f6ce OK 26 270498 0 v:124
21/08/2020 8:21:07 PM,252 Event OK
21/08/2020 8:21:07 PM,EVENT 58487 1598038874 0/0/0/99/0 INPUT 7 1 0 v:124
21/08/2020 8:21:07 PM,252 Event OK
21/08/2020 8:21:08 PM,EVENT 58488 1598038875 0/0/0/99/0 INPUT 1 0 1561 v:124
21/08/2020 8:21:08 PM,252 Event OK
21/08/2020 8:21:09 PM,EVENT 58489 1598038875 0/0/0/99/0 INPUT 7 0 1 v:124
21/08/2020 8:21:09 PM,252 Event OK
21/08/2020 8:21:15 PM,EVENT 58490 1598038875 0/0/0/99/0 INPUT 4 1 0 v:124
21/08/2020 8:21:15 PM,252 Event OK
21/08/2020 8:21:16 PM,EVENT 58491 1598038883 0/0/0/99/6 INPUT 3 1 0 v:124
21/08/2020 8:21:16 PM,252 Event OK
21/08/2020 8:21:17 PM,EVENT 58492 1598039145 0/0/0/0/19 REPORT 58486 0 0 v:124
21/08/2020 8:21:17 PM,252 Event OK
21/08/2020 8:21:18 PM,EVENT 58493 1598039259 0/0/0/0/10 INPUT 3 0 376 v:124
21/08/2020 8:21:18 PM,252 Event OK
21/08/2020 8:21:19 PM,EVENT 58494 1598039269 0/0/0/0/5 INPUT 4 0 395 v:124
21/08/2020 8:21:19 PM,252 Event OK
21/08/2020 8:21:19 PM,EVENT 58495 1598039269 0/0/0/0/5 INPUT 4 1 0 v:124
21/08/2020 8:21:19 PM,252 Event OK
21/08/2020 8:21:20 PM,EVENT 58496 1598039277 0/0/0/0/3 INPUT 4 0 8 v:124
21/08/2020 8:21:20 PM,252 Event OK
21/08/2020 8:21:21 PM,EVENT 58497 1598039277 0/0/0/0/3 INPUT 1 1 0 v:124
21/08/2020 8:21:21 PM,252 Event OK
21/08/2020 8:21:21 PM,EVENT 58498 1598039278 0/0/0/0/2 INPUT 1 0 0 v:124
21/08/2020 8:21:21 PM,252 Event OK
21/08/2020 8:21:22 PM,EVENT 58499 1598039278 0/0/0/0/2 INPUT 4 1 0 v:124
21/08/2020 8:21:22 PM,252 Event OK
21/08/2020 8:21:23 PM,EVENT 58500 1598039285 0/0/0/0/0 INPUT 4 0 8 v:124
21/08/2020 8:21:23 PM,252 Event OK
21/08/2020 8:21:23 PM,EVENT 58501 1598039285 0/0/0/0/0 INPUT 4 1 0 v:124
21/08/2020 8:21:23 PM,252 Event OK
21/08/2020 8:21:24 PM,EVENT 58502 1598039299 0/0/0/0/3 INPUT 4 0 14 v:124
21/08/2020 8:21:24 PM,252 Event OK
21/08/2020 8:21:25 PM,EVENT 58503 1598039299 0/0/0/0/3 INPUT 4 1 0 v:124
21/08/2020 8:21:25 PM,252 Event OK
21/08/2020 8:21:25 PM,EVENT 58504 1598039314 0/0/0/0/0 INPUT 4 0 15 v:124
21/08/2020 8:21:25 PM,252 Event OK
21/08/2020 8:21:26 PM,EVENT 58505 1598039315 0/0/0/0/0 INPUT 4 1 0 v:124
21/08/2020 8:21:26 PM,252 Event OK
21/08/2020 8:21:27 PM,EVENT 58506 1598039317 0/0/0/0/0 INPUT 4 0 3 v:124
21/08/2020 8:21:27 PM,252 Event OK
21/08/2020 8:21:27 PM,EVENT 58507 1598039317 0/0/0/0/0 INPUT 4 1 0 v:124
21/08/2020 8:21:27 PM,252 Event OK
21/08/2020 8:21:28 PM,EVENT 58508 1598039321 0/0/0/0/4 INPUT 3 1 0 v:124
21/08/2020 8:21:28 PM,252 Event OK
21/08/2020 8:21:29 PM,EVENT 58509 1598039470 0/0/0/0/14 INPUT 3 0 148 v:124
21/08/2020 8:21:29 PM,252 Event OK
21/08/2020 8:21:29 PM,EVENT 58510 1598039521 0/0/0/0/0 INPUT 4 0 204 v:124
21/08/2020 8:21:29 PM,252 Event OK
21/08/2020 8:21:30 PM,EVENT 58511 1598039521 0/0/0/0/0 INPUT 4 1 0 v:124
21/08/2020 8:21:30 PM,252 Event OK
21/08/2020 8:21:31 PM,EVENT 58512 1598039544 0/0/0/0/4 INPUT 3 1 0 v:124
21/08/2020 8:21:31 PM,252 Event OK
21/08/2020 8:21:31 PM,EVENT 58513 1598039553 0/0/0/0/10 INPUT 3 0 9 v:124
21/08/2020 8:21:31 PM,252 Event OK
21/08/2020 8:21:32 PM,EVENT 58514 1598039559 0/0/0/0/6 INPUT 3 1 0 v:124
21/08/2020 8:21:32 PM,252 Event OK
21/08/2020 8:21:33 PM,EVENT 58515 1598039652 0/0/0/0/10 INPUT 3 0 94 v:124
21/08/2020 8:21:33 PM,252 Event OK
21/08/2020 8:21:33 PM,EVENT 58516 1598039664 0/0/0/0/8 INPUT 3 1 0 v:124
21/08/2020 8:21:33 PM,252 Event OK
21/08/2020 8:21:34 PM,EVENT 58517 1598039674 0/0/0/0/10 INPUT 3 0 11 v:124
21/08/2020 8:21:34 PM,252 Event OK
21/08/2020 8:21:35 PM,EVENT 58518 1598039687 0/0/0/99/4 INPUT 3 1 0 v:124
21/08/2020 8:21:35 PM,252 Event OK
21/08/2020 8:21:35 PM,EVENT 58519 1598039713 0/0/0/0/12 INPUT 3 0 26 v:124
21/08/2020 8:21:35 PM,252 Event OK
21/08/2020 8:21:36 PM,EVENT 58520 1598039714 0/0/0/0/6 INPUT 3 1 0 v:124
21/08/2020 8:21:36 PM,252 Event OK
21/08/2020 8:21:37 PM,EVENT 58521 1598039869 0/0/0/0/11 ZONEOVERSPEED 58486 10 33 1 v:124
21/08/2020 8:21:37 PM,252 Event OK
21/08/2020 8:21:38 PM,EVENT 58522 1598039993 0/0/0/0/10 INPUT 3 0 278 v:124
21/08/2020 8:21:38 PM,252 Event OK
21/08/2020 8:21:38 PM,EVENT 58523 1598039998 0/0/0/0/7 INPUT 3 1 0 v:124
21/08/2020 8:21:38 PM,252 Event OK
21/08/2020 8:21:42 PM,EVENT 58524 1598040000 0/0/0/0/9 INPUT 3 0 1 v:124
21/08/2020 8:21:42 PM,252 Event OK
21/08/2020 8:23:08 PM,UNIT 9279
21/08/2020 8:23:08 PM,333 CHAL 52677593
21/08/2020 8:23:09 PM,RESP 73B3A2A4
21/08/2020 8:23:09 PM,230 Auth OK
21/08/2020 8:23:09 PM,TIME
21/08/2020 8:23:09 PM,211 TIME 1598041389
21/08/2020 8:23:09 PM,EVCOUNT 41
21/08/2020 8:23:09 PM,252 Event OK
21/08/2020 8:23:09 PM,TODO
21/08/2020 8:23:09 PM,125 TODO GETXML 2000 Operators 
225 Work list complete
21/08/2020 8:23:10 PM,GETXML
21/08/2020 8:23:10 PM,Binary data 4288 bytes
21/08/2020 8:23:10 PM,GOT Operators 4240 6293E93F
21/08/2020 8:23:10 PM,250 Download OK
21/08/2020 8:23:10 PM,EVENT 58525 1598040001 0/0/0/0/6 INPUT 4 0 480 v:124
21/08/2020 8:23:10 PM,252 Event OK
21/08/2020 8:23:10 PM,EVENT 58526 1598040001 0/0/0/0/5 INPUT 4 1 0 v:124
21/08/2020 8:23:10 PM,252 Event OK
21/08/2020 8:23:10 PM,EVENT 58527 1598040004 0/0/0/0/6 INPUT 3 1 0 v:124
21/08/2020 8:23:10 PM,252 Event OK
21/08/2020 8:23:11 PM,EVENT 58528 1598040006 0/0/0/0/9 INPUT 3 0 3 v:124
21/08/2020 8:23:11 PM,252 Event OK
21/08/2020 8:23:11 PM,EVENT 58529 1598040161 0/0/0/0/4 INPUT 3 1 0 v:124
21/08/2020 8:23:11 PM,252 Event OK
21/08/2020 8:23:11 PM,EVENT 58530 1598040162 0/0/0/0/12 INPUT 3 0 1 v:124
21/08/2020 8:23:11 PM,252 Event OK
21/08/2020 8:23:11 PM,EVENT 58531 1598040164 0/0/0/0/8 INPUT 3 1 0 v:124
21/08/2020 8:23:11 PM,252 Event OK
21/08/2020 8:23:12 PM,EVENT 58532 1598040171 0/0/0/0/9 INPUT 3 0 7 v:124
21/08/2020 8:23:12 PM,252 Event OK
21/08/2020 8:23:12 PM,EVENT 58533 1598040173 0/0/0/0/1 INPUT 4 0 172 v:124
21/08/2020 8:23:12 PM,252 Event OK
21/08/2020 8:23:12 PM,EVENT 58534 1598040174 0/0/0/0/0 INPUT 4 1 0 v:124
21/08/2020 8:23:12 PM,252 Event OK
21/08/2020 8:23:12 PM,EVENT 58535 1598040175 0/0/0/0/0 INPUT 7 1 0 v:124
21/08/2020 8:23:12 PM,252 Event OK
21/08/2020 8:23:13 PM,EVENT 58536 1598040175 0/0/0/0/0 INPUT 8 0 1317 v:124
21/08/2020 8:23:13 PM,252 Event OK
21/08/2020 8:23:13 PM,EVENT 58537 1598040176 0/0/0/0/0 INPUT 1 1 0 v:124
21/08/2020 8:23:13 PM,252 Event OK
21/08/2020 8:23:13 PM,EVENT 58538 1598040176 0/0/0/0/0 INPUT 4 0 2 v:124
21/08/2020 8:23:13 PM,252 Event OK
21/08/2020 8:23:13 PM,EVENT 58539 1598040177 0/0/0/0/0 INPUT 4 1 0 v:124
21/08/2020 8:23:13 PM,252 Event OK
21/08/2020 8:23:14 PM,EVENT 58540 1598040179 0/0/0/0/0 TRIP 58486 954 349 8 6 1311 v:124
21/08/2020 8:23:14 PM,252 Event OK
21/08/2020 8:23:14 PM,EVENT 58541 1598040179 0/0/0/0/0 TRIPSUMMARY 58486 v:124
21/08/2020 8:23:14 PM,252 Event OK
21/08/2020 8:23:14 PM,EVENT 58542 1598040180 0/0/0/0/0 INPUT 4 0 2 v:124
21/08/2020 8:23:14 PM,252 Event OK
21/08/2020 8:23:14 PM,EVENT 58543 1598040501 0/0/0/0/0 INPUT 8 1 0 v:124
21/08/2020 8:23:14 PM,252 Event OK
21/08/2020 8:23:14 PM,EVENT 58544 1598040501 0/0/0/0/0 INPUT 7 0 326 v:124
21/08/2020 8:23:14 PM,252 Event OK
21/08/2020 8:23:15 PM,EVENT 58545 1598040518 0/0/0/0/0 SIGNON 2505 03b1f6ce OK 26 270498 0 v:124
21/08/2020 8:23:15 PM,252 Event OK
21/08/2020 8:23:15 PM,EVENT 58546 1598040524 0/0/0/0/0 INPUT 1 0 349 v:124
21/08/2020 8:23:15 PM,252 Event OK
21/08/2020 8:23:15 PM,EVENT 58547 1598040525 0/0/0/0/0 INPUT 4 1 0 v:124
21/08/2020 8:23:15 PM,252 Event OK
21/08/2020 8:23:15 PM,EVENT 58548 1598040539 0/0/0/0/0 INPUT 4 0 15 v:124
21/08/2020 8:23:15 PM,252 Event OK
21/08/2020 8:23:16 PM,EVENT 58549 1598040539 0/0/0/0/0 INPUT 4 1 0 v:124
21/08/2020 8:23:16 PM,252 Event OK
21/08/2020 8:23:16 PM,EVENT 58550 1598040554 0/0/0/0/0 INPUT 4 0 15 v:124
21/08/2020 8:23:16 PM,252 Event OK
21/08/2020 8:23:16 PM,EVENT 58551 1598040554 0/0/0/0/0 INPUT 4 1 0 v:124
21/08/2020 8:23:16 PM,252 Event OK
21/08/2020 8:23:16 PM,EVENT 58552 1598040558 0/0/0/0/7 INPUT 3 1 0 v:124
21/08/2020 8:23:16 PM,252 Event OK
21/08/2020 8:23:17 PM,EVENT 58553 1598040575 0/0/0/0/10 INPUT 3 0 18 v:124
21/08/2020 8:23:17 PM,252 Event OK
21/08/2020 8:23:17 PM,EVENT 58554 1598040587 0/0/0/0/2 INPUT 3 1 0 v:124
21/08/2020 8:23:17 PM,252 Event OK
21/08/2020 8:23:17 PM,EVENT 58555 1598040588 0/0/0/0/10 INPUT 3 0 1 v:124
21/08/2020 8:23:17 PM,252 Event OK
21/08/2020 8:23:17 PM,EVENT 58556 1598040589 0/0/0/0/9 INPUT 3 1 0 v:124
21/08/2020 8:23:17 PM,252 Event OK
21/08/2020 8:23:17 PM,EVENT 58557 1598040975 0/0/0/0/24 REPORT 58545 0 0 v:124
21/08/2020 8:23:17 PM,252 Event OK
21/08/2020 8:23:18 PM,EVENT 58558 1598041213 0/0/0/0/14 INPUT 3 0 625 v:124
21/08/2020 8:23:18 PM,252 Event OK
21/08/2020 8:23:18 PM,EVENT 58559 1598041256 -310121976/1219228406/1080/2/0 INPUT 4 0 702 v:124
21/08/2020 8:23:18 PM,252 Event OK
21/08/2020 8:23:18 PM,EVENT 58560 1598041256 -310121976/1219228406/1080/2/0 INPUT 4 1 0 v:124
21/08/2020 8:23:18 PM,252 Event OK
21/08/2020 8:23:18 PM,EVENT 58561 1598041264 -310121719/1219228758/970/2/6 INPUT 3 1 0 v:124
21/08/2020 8:23:18 PM,252 Event OK
21/08/2020 8:23:19 PM,EVENT 58562 1598041304 -310128699/1219229790/842/9/14 INPUT 3 0 41 v:124
21/08/2020 8:23:19 PM,252 Event OK
21/08/2020 8:23:19 PM,EVENT 58563 1598041319 -310128364/1219228578/772/9/4 INPUT 4 0 63 v:124
21/08/2020 8:23:19 PM,252 Event OK
21/08/2020 8:23:19 PM,EVENT 58564 1598041319 -310128364/1219228578/772/9/3 INPUT 4 1 0 v:124
21/08/2020 8:23:19 PM,252 Event OK
21/08/2020 8:23:19 PM,EVENT 58565 1598041390 -310129293/1219228931/823/3/2 INPUT 3 1 0 v:124
21/08/2020 8:23:19 PM,252 Event OK
21/08/2020 8:23:20 PM,QUIT
21/08/2020 8:23:20 PM,221 Session ended - goodbye
21/08/2020 8:23:29 PM,UNIT 9279
21/08/2020 8:23:29 PM,333 CHAL 1505B38B
21/08/2020 8:23:30 PM,RESP BB93B85A
21/08/2020 8:23:30 PM,230 Auth OK
21/08/2020 8:23:30 PM,TIME
21/08/2020 8:23:30 PM,211 TIME 1598041410
21/08/2020 8:23:31 PM,EVCOUNT 1
21/08/2020 8:23:31 PM,252 Event OK
21/08/2020 8:23:31 PM,TODO
21/08/2020 8:23:31 PM,226 Nothing to do
21/08/2020 8:23:32 PM,EVENT 58566 1598041407 -310123692/1219232333/827/0/10 INPUT 3 0 18 v:124
21/08/2020 8:23:32 PM,252 Event OK
21/08/2020 8:23:33 PM,QUIT
21/08/2020 8:23:33 PM,221 Session ended - goodbye
21/08/2020 8:23:54 PM,UNIT 9279
21/08/2020 8:23:54 PM,333 CHAL 7FDB4BF6
21/08/2020 8:23:54 PM,RESP D5BED9CE
21/08/2020 8:23:54 PM,230 Auth OK
21/08/2020 8:23:55 PM,TIME
21/08/2020 8:23:55 PM,211 TIME 1598041435
21/08/2020 8:23:55 PM,EVCOUNT 4
21/08/2020 8:23:55 PM,252 Event OK
21/08/2020 8:23:56 PM,TODO
21/08/2020 8:23:56 PM,226 Nothing to do
21/08/2020 8:23:57 PM,EVENT 58567 1598041438 -310124563/1219229340/862/5/0 INPUT 7 1 0 v:124
21/08/2020 8:23:57 PM,252 Event OK
21/08/2020 8:23:58 PM,EVENT 58568 1598041438 -310124563/1219229340/862/5/0 INPUT 8 0 937 v:124
21/08/2020 8:23:58 PM,252 Event OK
21/08/2020 8:23:58 PM,EVENT 58569 1598041439 -310124565/1219229336/859/5/0 INPUT 1 1 0 v:124
21/08/2020 8:23:58 PM,252 Event OK
21/08/2020 8:23:59 PM,EVENT 58570 1598041439 -310124566/1219229335/858/5/0 INPUT 4 0 120 v:124
21/08/2020 8:23:59 PM,252 Event OK
21/08/2020 8:24:00 PM,EVENT 58571 1598041442 -310124568/1219229330/848/5/0 TRIP 58545 703 212 10 7 925 v:124
21/08/2020 8:24:00 PM,252 Event OK
21/08/2020 8:24:01 PM,QUIT
21/08/2020 8:24:01 PM,221 Session ended - goodbye
21/08/2020 9:17:56 PM,UNIT 9279
21/08/2020 9:17:56 PM,333 CHAL 6373E16E
21/08/2020 9:17:56 PM,RESP 10762EB3
21/08/2020 9:17:56 PM,230 Auth OK
21/08/2020 9:17:56 PM,TIME
21/08/2020 9:17:56 PM,211 TIME 1598044676
21/08/2020 9:17:57 PM,EVCOUNT 14
21/08/2020 9:17:57 PM,252 Event OK
21/08/2020 9:17:57 PM,TODO
21/08/2020 9:17:57 PM,226 Nothing to do
21/08/2020 9:17:57 PM,EVENT 58572 1598044609 0/0/0/0/0 SWSTART OpusFC 5.0.58.518 R v:123
21/08/2020 9:17:57 PM,252 Event OK
21/08/2020 9:17:58 PM,EVENT 58573 1598041442 0/0/0/0/0 POWERDOWN v:124
21/08/2020 9:17:58 PM,252 Event OK
21/08/2020 9:17:58 PM,EVENT 58574 1598044609 0/0/0/0/0 INPUT 1 1 0 v:123
21/08/2020 9:17:58 PM,252 Event OK
21/08/2020 9:17:58 PM,EVENT 58575 1598044609 0/0/0/0/0 INPUT 2 0 0 v:123
21/08/2020 9:17:58 PM,252 Event OK
21/08/2020 9:17:58 PM,EVENT 58576 1598044609 0/0/0/0/0 INPUT 3 0 0 v:123
21/08/2020 9:17:58 PM,252 Event OK
21/08/2020 9:17:59 PM,EVENT 58577 1598044609 0/0/0/0/0 INPUT 4 0 0 v:123
21/08/2020 9:17:59 PM,252 Event OK
21/08/2020 9:17:59 PM,EVENT 58578 1598044609 0/0/0/0/0 INPUT 7 0 0 v:123
21/08/2020 9:17:59 PM,252 Event OK
21/08/2020 9:17:59 PM,EVENT 58579 1598044609 0/0/0/0/0 INPUT 8 1 0 v:123
21/08/2020 9:17:59 PM,252 Event OK
21/08/2020 9:17:59 PM,EVENT 58580 1598044611 0/0/0/0/0 ZONE_OK 2 100 FW=NO VERSION v:123
21/08/2020 9:17:59 PM,252 Event OK
21/08/2020 9:18:00 PM,EVENT 58581 1598044618 0/0/0/0/0 SIGNON 2505 03b1f6ce OK 26 270498 0 v:123
21/08/2020 9:18:00 PM,252 Event OK
21/08/2020 9:18:00 PM,EVENT 58582 1598044625 0/0/0/7/0 INPUT 1 0 16 v:124
21/08/2020 9:18:00 PM,252 Event OK
21/08/2020 9:18:00 PM,EVENT 58583 1598044625 0/0/0/7/0 INPUT 4 1 0 v:124
21/08/2020 9:18:00 PM,252 Event OK
21/08/2020 9:18:00 PM,EVENT 58584 1598044627 0/0/0/7/2 INPUT 3 1 0 v:123
21/08/2020 9:18:00 PM,252 Event OK
21/08/2020 9:18:01 PM,EVENT 58585 1598044660 -310134038/1219218300/3156/6/27 ZONEOVERSPEED 58581 10 33 1 v:124
21/08/2020 9:18:01 PM,252 Event OK
21/08/2020 9:18:01 PM,QUIT
21/08/2020 9:18:01 PM,221 Session ended - goodbye
21/08/2020 9:18:11 PM,UNIT 9279
21/08/2020 9:18:11 PM,333 CHAL 6CD4065D
21/08/2020 9:18:12 PM,RESP F7EB666B
21/08/2020 9:18:12 PM,230 Auth OK
21/08/2020 9:18:12 PM,TIME
21/08/2020 9:18:12 PM,211 TIME 1598044692
21/08/2020 9:18:13 PM,EVCOUNT 4
21/08/2020 9:18:13 PM,252 Event OK
21/08/2020 9:18:13 PM,TODO
21/08/2020 9:18:13 PM,226 Nothing to do
21/08/2020 9:18:14 PM,EVENT 58586 1598044695 -310143224/1219231614/909/3/15 INPUT 3 0 69 v:124
21/08/2020 9:18:14 PM,252 Event OK
21/08/2020 9:18:15 PM,EVENT 58587 1598044697 -310143430/1219231648/890/3/8 INPUT 7 1 0 v:124
21/08/2020 9:18:15 PM,252 Event OK
21/08/2020 9:18:15 PM,EVENT 58588 1598044697 -310143430/1219231648/890/3/8 INPUT 8 0 87 v:124
21/08/2020 9:18:15 PM,252 Event OK
21/08/2020 9:18:16 PM,EVENT 58589 1598044698 -310143450/1219231657/891/3/3 INPUT 1 1 0 v:123
21/08/2020 9:18:16 PM,252 Event OK
21/08/2020 9:18:17 PM,EVENT 58590 1598044699 -310143453/1219231663/890/3/0 INPUT 4 0 74 v:123
21/08/2020 9:18:17 PM,252 Event OK
21/08/2020 9:18:18 PM,EVENT 58591 1598044702 -310143445/1219231682/879/3/0 TRIP 58581 69 5 10 7 84 v:123
21/08/2020 9:18:18 PM,252 Event OK
21/08/2020 9:18:18 PM,EVENT 58592 1598044702 -310143444/1219231686/878/3/0 TRIPSUMMARY 58581 v:123
21/08/2020 9:18:18 PM,252 Event OK
21/08/2020 9:18:19 PM,QUIT
21/08/2020 9:18:19 PM,221 Session ended - goodbye
21/08/2020 9:18:49 PM,UNIT 9279
21/08/2020 9:18:49 PM,333 CHAL 7F51E9FD
21/08/2020 9:18:49 PM,RESP FEC55267
21/08/2020 9:18:49 PM,230 Auth OK
21/08/2020 9:18:50 PM,TIME
21/08/2020 9:18:50 PM,211 TIME 1598044730
21/08/2020 9:18:50 PM,EVCOUNT 1
21/08/2020 9:18:50 PM,252 Event OK
21/08/2020 9:18:51 PM,TODO
21/08/2020 9:18:51 PM,226 Nothing to do
21/08/2020 9:18:51 PM,EVENT 58593 1598044733 -310143455/1219231848/845/6/0 REPORT * 0 179 v:123
21/08/2020 9:18:51 PM,252 Event OK
21/08/2020 9:18:52 PM,QUIT
21/08/2020 9:18:52 PM,221 Session ended - goodbye
22/08/2020 1:42:12 AM,UNIT 9279
22/08/2020 1:42:12 AM,333 CHAL 1A0437E3
22/08/2020 1:42:12 AM,RESP EE3E0233
22/08/2020 1:42:12 AM,230 Auth OK
22/08/2020 1:42:12 AM,TIME
22/08/2020 1:42:12 AM,211 TIME 1598060532
22/08/2020 1:42:12 AM,EVCOUNT 9
22/08/2020 1:42:12 AM,252 Event OK
22/08/2020 1:42:13 AM,TODO
22/08/2020 1:42:13 AM,226 Nothing to do
22/08/2020 1:42:13 AM,EVENT 58594 1598060515 -310143455/1219231848/845/0/0 SWSTART OpusFC 5.0.58.518 R v:123
22/08/2020 1:42:13 AM,252 Event OK
22/08/2020 1:42:13 AM,EVENT 58595 1598044702 0/0/0/0/0 POWERDOWN v:123
22/08/2020 1:42:13 AM,252 Event OK
22/08/2020 1:42:14 AM,EVENT 58596 1598060515 0/0/0/0/0 INPUT 1 1 0 v:123
22/08/2020 1:42:14 AM,252 Event OK
22/08/2020 1:42:14 AM,EVENT 58597 1598060515 0/0/0/0/0 INPUT 2 0 0 v:123
22/08/2020 1:42:14 AM,252 Event OK
22/08/2020 1:42:14 AM,EVENT 58598 1598060515 0/0/0/0/0 INPUT 3 0 0 v:123
22/08/2020 1:42:14 AM,252 Event OK
22/08/2020 1:42:14 AM,EVENT 58599 1598060515 0/0/0/0/0 INPUT 4 0 0 v:123
22/08/2020 1:42:14 AM,252 Event OK
22/08/2020 1:42:14 AM,EVENT 58600 1598060515 0/0/0/0/0 INPUT 7 0 0 v:123
22/08/2020 1:42:14 AM,252 Event OK
22/08/2020 1:42:15 AM,EVENT 58601 1598060515 0/0/0/0/0 INPUT 8 1 0 v:123
22/08/2020 1:42:15 AM,252 Event OK
22/08/2020 1:42:15 AM,EVENT 58602 1598060517 0/0/0/0/0 ZONE_OK 2 100 FW=NO VERSION v:123
22/08/2020 1:42:15 AM,252 Event OK
22/08/2020 1:42:15 AM,QUIT
22/08/2020 1:42:15 AM,221 Session ended - goodbye
22/08/2020 1:43:12 AM,UNIT 9279
22/08/2020 1:43:12 AM,333 CHAL 6E4A8441
22/08/2020 1:43:12 AM,RESP B6190542
22/08/2020 1:43:12 AM,230 Auth OK
22/08/2020 1:43:13 AM,TIME
22/08/2020 1:43:13 AM,211 TIME 1598060593
22/08/2020 1:43:14 AM,EVCOUNT 1
22/08/2020 1:43:14 AM,252 Event OK
22/08/2020 1:43:14 AM,TODO
22/08/2020 1:43:14 AM,226 Nothing to do
22/08/2020 1:43:15 AM,EVENT 58603 1598060596 -310143642/1219231990/751/6/0 SIGNON 2470 03aff0d6 OK_CL 26 280794 0 v:123
22/08/2020 1:43:15 AM,252 Event OK
22/08/2020 1:43:16 AM,EVENT 58604 1598060601 -310143612/1219231984/741/6/0 CHECKLIST 58603 OK 0 5 432 F v:123
22/08/2020 1:43:16 AM,252 Event OK
22/08/2020 1:43:16 AM,QUIT
22/08/2020 1:43:16 AM,221 Session ended - goodbye
22/08/2020 1:43:27 AM,UNIT 9279
22/08/2020 1:43:27 AM,333 CHAL 2597FBE9
22/08/2020 1:43:27 AM,RESP F9A8E02B
22/08/2020 1:43:27 AM,230 Auth OK
22/08/2020 1:43:28 AM,TIME
22/08/2020 1:43:28 AM,211 TIME 1598060608
22/08/2020 1:43:28 AM,EVCOUNT 2
22/08/2020 1:43:28 AM,252 Event OK
22/08/2020 1:43:29 AM,TODO
22/08/2020 1:43:29 AM,226 Nothing to do
22/08/2020 1:43:30 AM,EVENT 58605 1598060608 -310143586/1219231982/773/6/0 INPUT 1 0 92 v:124
22/08/2020 1:43:30 AM,252 Event OK
22/08/2020 1:43:30 AM,EVENT 58606 1598060608 -310143584/1219231983/775/6/0 INPUT 4 1 0 v:124
22/08/2020 1:43:30 AM,252 Event OK
22/08/2020 1:43:31 AM,EVENT 58607 1598060616 -310143073/1219231585/779/6/4 INPUT 4 0 9 v:123
22/08/2020 1:43:31 AM,252 Event OK
22/08/2020 1:43:32 AM,EVENT 58608 1598060616 -310143070/1219231583/777/6/3 INPUT 4 1 0 v:123
22/08/2020 1:43:32 AM,252 Event OK
22/08/2020 1:43:32 AM,EVENT 58609 1598060618 -310143249/1219231808/775/6/4 INPUT 3 1 0 v:123
22/08/2020 1:43:32 AM,252 Event OK
22/08/2020 1:43:33 AM,QUIT
22/08/2020 1:43:33 AM,221 Session ended - goodbye
22/08/2020 1:44:41 AM,UNIT 9279
22/08/2020 1:44:41 AM,333 CHAL 1737FFCD
22/08/2020 1:44:41 AM,RESP 2DF8F448
22/08/2020 1:44:41 AM,230 Auth OK
22/08/2020 1:44:42 AM,TIME
22/08/2020 1:44:42 AM,211 TIME 1598060682
22/08/2020 1:44:43 AM,EVCOUNT 5
22/08/2020 1:44:43 AM,252 Event OK
22/08/2020 1:44:43 AM,TODO
22/08/2020 1:44:43 AM,226 Nothing to do
22/08/2020 1:44:44 AM,EVENT 58610 1598060685 -310121976/1219232968/925/8/10 INPUT 3 0 67 v:124
22/08/2020 1:44:44 AM,252 Event OK
22/08/2020 1:44:45 AM,EVENT 58611 1598060686 -310121979/1219233129/931/8/8 INPUT 7 1 0 v:124
22/08/2020 1:44:45 AM,252 Event OK
22/08/2020 1:44:46 AM,EVENT 58612 1598060686 -310121979/1219233129/931/8/8 INPUT 8 0 170 v:124
22/08/2020 1:44:46 AM,252 Event OK
22/08/2020 1:44:47 AM,EVENT 58613 1598060687 -310121946/1219233125/930/8/2 INPUT 1 1 0 v:123
22/08/2020 1:44:47 AM,252 Event OK
22/08/2020 1:44:48 AM,EVENT 58614 1598060688 -310121937/1219233127/931/8/0 INPUT 4 0 72 v:123
22/08/2020 1:44:48 AM,252 Event OK
22/08/2020 1:44:49 AM,EVENT 58615 1598060690 -310121927/1219233149/929/8/0 TRIP 58603 67 14 11 9 92 v:123
22/08/2020 1:44:49 AM,252 Event OK
22/08/2020 1:44:50 AM,QUIT
22/08/2020 1:44:50 AM,221 Session ended - goodbye
22/08/2020 1:45:00 AM,UNIT 9279
22/08/2020 1:45:00 AM,333 CHAL 47F71946
22/08/2020 1:45:01 AM,RESP 3EE99E4E
22/08/2020 1:45:01 AM,230 Auth OK
22/08/2020 1:45:02 AM,TIME
22/08/2020 1:45:02 AM,211 TIME 1598060702
22/08/2020 1:45:02 AM,EVCOUNT 1
22/08/2020 1:45:02 AM,252 Event OK
22/08/2020 1:45:03 AM,TODO
22/08/2020 1:45:03 AM,226 Nothing to do
22/08/2020 1:45:04 AM,EVENT 58616 1598060700 -310121923/1219233233/936/5/0 REPORT * 0 74 v:123
22/08/2020 1:45:04 AM,252 Event OK
22/08/2020 1:45:05 AM,QUIT
22/08/2020 1:45:05 AM,221 Session ended - goodbye
22/08/2020 1:45:56 AM,UNIT 9279
22/08/2020 1:45:56 AM,333 CHAL 31CEA0B
22/08/2020 1:45:57 AM,RESP DACB6030
22/08/2020 1:45:57 AM,230 Auth OK
22/08/2020 1:45:57 AM,TIME
22/08/2020 1:45:57 AM,211 TIME 1598060757
22/08/2020 1:45:58 AM,EVCOUNT 2
22/08/2020 1:45:58 AM,252 Event OK
22/08/2020 1:45:59 AM,TODO
22/08/2020 1:45:59 AM,226 Nothing to do
22/08/2020 1:45:59 AM,EVENT 58617 1598060759 -310121873/1219233210/967/6/0 INPUT 8 1 0 v:123
22/08/2020 1:45:59 AM,252 Event OK
22/08/2020 1:46:00 AM,EVENT 58618 1598060760 -310121872/1219233210/967/6/0 INPUT 7 0 74 v:123
22/08/2020 1:46:00 AM,252 Event OK
22/08/2020 1:46:01 AM,QUIT
22/08/2020 1:46:01 AM,221 Session ended - goodbye
22/08/2020 1:46:11 AM,UNIT 9279
22/08/2020 1:46:11 AM,333 CHAL 411D6B35
22/08/2020 1:46:12 AM,RESP 641D204A
22/08/2020 1:46:12 AM,230 Auth OK
22/08/2020 1:46:13 AM,TIME
22/08/2020 1:46:13 AM,211 TIME 1598060773
22/08/2020 1:46:13 AM,EVCOUNT 4
22/08/2020 1:46:13 AM,252 Event OK
22/08/2020 1:46:14 AM,TODO
22/08/2020 1:46:14 AM,226 Nothing to do
22/08/2020 1:46:15 AM,EVENT 58619 1598060767 -310121862/1219233209/954/6/0 SIGNON 2470 03aff0d6 OK 26 280794 0 v:123
22/08/2020 1:46:15 AM,252 Event OK
22/08/2020 1:46:16 AM,EVENT 58620 1598060774 -310121869/1219233221/937/6/0 INPUT 1 0 87 v:124
22/08/2020 1:46:16 AM,252 Event OK
22/08/2020 1:46:16 AM,EVENT 58621 1598060775 -310121870/1219233224/935/6/0 INPUT 4 1 0 v:124
22/08/2020 1:46:16 AM,252 Event OK
22/08/2020 1:46:17 AM,EVENT 58622 1598060778 -310121955/1219233537/914/6/3 INPUT 3 1 0 v:124
22/08/2020 1:46:17 AM,252 Event OK
22/08/2020 1:46:18 AM,EVENT 58623 1598060780 -310122194/1219233798/905/6/9 INPUT 3 0 1 v:123
22/08/2020 1:46:18 AM,252 Event OK
22/08/2020 1:46:19 AM,EVENT 58624 1598060781 -310122263/1219233832/906/6/8 INPUT 3 1 0 v:124
22/08/2020 1:46:19 AM,252 Event OK
22/08/2020 1:46:19 AM,QUIT
22/08/2020 1:46:19 AM,221 Session ended - goodbye
22/08/2020 1:46:48 AM,UNIT 9279
22/08/2020 1:46:48 AM,333 CHAL 3692A00D
22/08/2020 1:46:48 AM,RESP 7E7275B7
22/08/2020 1:46:48 AM,230 Auth OK
22/08/2020 1:46:49 AM,TIME
22/08/2020 1:46:49 AM,211 TIME 1598060809
22/08/2020 1:46:49 AM,EVCOUNT 3
22/08/2020 1:46:49 AM,252 Event OK
22/08/2020 1:46:50 AM,TODO
22/08/2020 1:46:50 AM,226 Nothing to do
22/08/2020 1:46:50 AM,EVENT 58625 1598060811 -310119318/1219234630/878/7/13 INPUT 3 0 30 v:124
22/08/2020 1:46:50 AM,252 Event OK
22/08/2020 1:46:51 AM,EVENT 58626 1598060812 -310119210/1219234568/882/7/7 INPUT 4 0 38 v:124
22/08/2020 1:46:51 AM,252 Event OK
22/08/2020 1:46:52 AM,EVENT 58627 1598060812 -310119179/1219234546/883/7/5 INPUT 4 1 0 v:124
22/08/2020 1:46:52 AM,252 Event OK
22/08/2020 1:46:53 AM,EVENT 58628 1598060816 -310119068/1219234485/888/7/1 INPUT 3 1 0 v:124
22/08/2020 1:46:53 AM,252 Event OK
22/08/2020 1:46:54 AM,QUIT
22/08/2020 1:46:54 AM,221 Session ended - goodbye
22/08/2020 1:47:07 AM,UNIT 9279
22/08/2020 1:47:07 AM,333 CHAL 10C88B78
22/08/2020 1:47:08 AM,RESP 16F5A90E
22/08/2020 1:47:08 AM,230 Auth OK
22/08/2020 1:47:08 AM,TIME
22/08/2020 1:47:08 AM,211 TIME 1598060828
22/08/2020 1:47:09 AM,EVCOUNT 1
22/08/2020 1:47:09 AM,252 Event OK
22/08/2020 1:47:09 AM,TODO
22/08/2020 1:47:09 AM,226 Nothing to do
22/08/2020 1:47:10 AM,EVENT 58629 1598060830 -310121772/1219228711/887/7/10 INPUT 3 0 15 v:124
22/08/2020 1:47:10 AM,252 Event OK
22/08/2020 1:47:11 AM,QUIT
22/08/2020 1:47:11 AM,221 Session ended - goodbye
22/08/2020 1:47:22 AM,UNIT 9279
22/08/2020 1:47:22 AM,333 CHAL 18585AA0
22/08/2020 1:47:22 AM,RESP 3F6D36F7
22/08/2020 1:47:22 AM,230 Auth OK
22/08/2020 1:47:23 AM,TIME
22/08/2020 1:47:23 AM,211 TIME 1598060843
22/08/2020 1:47:24 AM,EVCOUNT 9
22/08/2020 1:47:24 AM,252 Event OK
22/08/2020 1:47:25 AM,TODO
22/08/2020 1:47:25 AM,226 Nothing to do
22/08/2020 1:47:26 AM,EVENT 58630 1598060837 -310122102/1219228807/875/7/5 INPUT 4 0 25 v:124
22/08/2020 1:47:26 AM,252 Event OK
22/08/2020 1:47:27 AM,EVENT 58631 1598060837 -310122146/1219228832/880/7/5 INPUT 4 1 0 v:124
22/08/2020 1:47:27 AM,252 Event OK
22/08/2020 1:47:29 AM,EVENT 58632 1598060842 -310122390/1219228967/902/7/0 INPUT 4 0 5 v:124
22/08/2020 1:47:29 AM,252 Event OK
22/08/2020 1:47:30 AM,EVENT 58633 1598060842 -310122390/1219228967/902/7/0 INPUT 4 1 0 v:124
22/08/2020 1:47:30 AM,252 Event OK
22/08/2020 1:47:31 AM,EVENT 58634 1598060846 -310122476/1219228995/912/7/0 INPUT 7 1 0 v:123
22/08/2020 1:47:31 AM,252 Event OK
22/08/2020 1:47:32 AM,EVENT 58635 1598060846 -310122476/1219228995/912/7/0 INPUT 8 0 87 v:123
22/08/2020 1:47:32 AM,252 Event OK
22/08/2020 1:47:33 AM,EVENT 58636 1598060846 -310122478/1219228995/911/7/0 INPUT 4 0 4 v:123
22/08/2020 1:47:33 AM,252 Event OK
22/08/2020 1:47:34 AM,EVENT 58637 1598060846 -310122480/1219228995/909/7/0 INPUT 4 1 0 v:123
22/08/2020 1:47:34 AM,252 Event OK
22/08/2020 1:47:36 AM,EVENT 58638 1598060847 -310122481/1219228994/907/7/0 INPUT 1 1 0 v:123
22/08/2020 1:47:36 AM,252 Event OK
22/08/2020 1:47:37 AM,EVENT 58639 1598060850 -310122493/1219228984/898/5/0 TRIP 58619 46 30 8 8 84 v:123
22/08/2020 1:47:37 AM,252 Event OK
22/08/2020 1:47:38 AM,EVENT 58640 1598060851 -310122493/1219228984/898/5/0 INPUT 4 0 4 v:123
22/08/2020 1:47:38 AM,252 Event OK
22/08/2020 1:47:39 AM,QUIT
22/08/2020 1:47:39 AM,221 Session ended - goodbye
22/08/2020 1:54:17 AM,UNIT 9279
22/08/2020 1:54:17 AM,333 CHAL 3FA0E954
22/08/2020 1:54:18 AM,RESP 1E218427
22/08/2020 1:54:18 AM,230 Auth OK
22/08/2020 1:54:21 AM,TIME
22/08/2020 1:54:21 AM,211 TIME 1598061261
22/08/2020 9:17:19 AM,UNIT 9279
22/08/2020 9:17:19 AM,333 CHAL 3C387998
22/08/2020 9:17:20 AM,RESP DE846E67
22/08/2020 9:17:20 AM,230 Auth OK
22/08/2020 9:17:20 AM,TIME
22/08/2020 9:17:20 AM,211 TIME 1598087840
22/08/2020 9:17:20 AM,EVCOUNT 151
22/08/2020 9:17:20 AM,252 Event OK
22/08/2020 9:17:20 AM,TODO
22/08/2020 9:17:20 AM,125 TODO GETXML 2000 Operators 
225 Work list complete
22/08/2020 9:17:20 AM,GETXML
22/08/2020 9:17:20 AM,Binary data 4320 bytes
22/08/2020 9:17:21 AM,GOT Operators 4272 F36D7EA8
22/08/2020 9:17:21 AM,250 Download OK
22/08/2020 9:17:21 AM,EVENT 58641 1598061260 -310122403/1219228997/888/4/0 INPUT 8 1 0 v:123
22/08/2020 9:17:21 AM,252 Event OK
22/08/2020 9:17:22 AM,EVENT 58642 1598061260 -310122405/1219228996/890/4/0 INPUT 7 0 414 v:123
22/08/2020 9:17:22 AM,252 Event OK
22/08/2020 9:17:22 AM,EVENT 58643 1598061272 -310122475/1219229045/913/4/0 SIGNON 2470 03aff0d6 OK 26 280794 0 v:123
22/08/2020 9:17:22 AM,252 Event OK
22/08/2020 9:17:22 AM,EVENT 58644 1598061278 -310122524/1219229102/912/4/0 INPUT 1 0 431 v:124
22/08/2020 9:17:22 AM,252 Event OK
22/08/2020 9:17:22 AM,EVENT 58645 1598061279 -310122527/1219229107/911/4/0 INPUT 4 1 0 v:124
22/08/2020 9:17:22 AM,252 Event OK
22/08/2020 9:17:23 AM,EVENT 58646 1598061283 -310122188/1219228924/904/0/7 INPUT 3 1 0 v:124
22/08/2020 9:17:23 AM,252 Event OK
22/08/2020 9:17:23 AM,EVENT 58647 1598061408 0/0/0/0/20 INPUT 3 0 124 v:124
22/08/2020 9:17:23 AM,252 Event OK
22/08/2020 9:17:23 AM,EVENT 58648 1598061409 0/0/0/0/6 INPUT 4 0 131 v:124
22/08/2020 9:17:23 AM,252 Event OK
22/08/2020 9:17:24 AM,EVENT 58649 1598061409 0/0/0/0/4 INPUT 4 1 0 v:124
22/08/2020 9:17:24 AM,252 Event OK
22/08/2020 9:17:24 AM,EVENT 58650 1598061415 0/0/0/0/6 INPUT 3 1 0 v:124
22/08/2020 9:17:24 AM,252 Event OK
22/08/2020 9:17:24 AM,EVENT 58651 1598061417 0/0/0/0/14 INPUT 3 0 2 v:124
22/08/2020 9:17:24 AM,252 Event OK
22/08/2020 9:17:25 AM,EVENT 58652 1598061431 0/0/0/0/0 INPUT 4 0 22 v:124
22/08/2020 9:17:25 AM,252 Event OK
22/08/2020 9:17:25 AM,EVENT 58653 1598061431 0/0/0/0/0 INPUT 4 1 0 v:124
22/08/2020 9:17:25 AM,252 Event OK
22/08/2020 9:17:25 AM,EVENT 58654 1598061436 0/0/0/0/8 INPUT 3 1 0 v:124
22/08/2020 9:17:25 AM,252 Event OK
22/08/2020 9:17:25 AM,EVENT 58655 1598061438 0/0/0/0/9 INPUT 3 0 2 v:124
22/08/2020 9:17:25 AM,252 Event OK
22/08/2020 9:17:25 AM,EVENT 58656 1598061440 0/0/0/0/5 INPUT 3 1 0 v:124
22/08/2020 9:17:25 AM,252 Event OK
22/08/2020 9:17:26 AM,EVENT 58657 1598061707 0/0/0/0/23 INPUT 3 0 266 v:124
22/08/2020 9:17:26 AM,252 Event OK
22/08/2020 9:17:26 AM,EVENT 58658 1598061746 0/0/0/0/0 INPUT 4 0 315 v:124
22/08/2020 9:17:26 AM,252 Event OK
22/08/2020 9:17:26 AM,EVENT 58659 1598061746 0/0/0/0/0 INPUT 4 1 0 v:124
22/08/2020 9:17:26 AM,252 Event OK
22/08/2020 9:17:26 AM,EVENT 58660 1598061748 0/0/0/0/5 INPUT 3 1 0 v:124
22/08/2020 9:17:26 AM,252 Event OK
22/08/2020 9:17:26 AM,EVENT 58661 1598061852 0/0/0/0/24 ZONEOVERSPEED 58643 34 34 1 v:124
22/08/2020 9:17:26 AM,252 Event OK
22/08/2020 9:17:27 AM,EVENT 58662 1598061912 0/0/0/0/12 INPUT 3 0 164 v:124
22/08/2020 9:17:27 AM,252 Event OK
22/08/2020 9:17:27 AM,EVENT 58663 1598061929 0/0/0/0/3 INPUT 7 1 0 v:124
22/08/2020 9:17:27 AM,252 Event OK
22/08/2020 9:17:27 AM,EVENT 58664 1598061929 0/0/0/0/3 INPUT 8 0 669 v:124
22/08/2020 9:17:27 AM,252 Event OK
22/08/2020 9:17:27 AM,EVENT 58665 1598061929 0/0/0/0/3 INPUT 1 1 0 v:124
22/08/2020 9:17:27 AM,252 Event OK
22/08/2020 9:17:27 AM,EVENT 58666 1598061932 0/0/0/0/0 INPUT 4 0 186 v:124
22/08/2020 9:17:27 AM,252 Event OK
22/08/2020 9:17:28 AM,EVENT 58667 1598061933 0/0/0/0/0 TRIP 58643 558 96 8 7 662 v:124
22/08/2020 9:17:28 AM,252 Event OK
22/08/2020 9:17:28 AM,EVENT 58668 1598061933 0/0/0/0/0 TRIPSUMMARY 58643 v:124
22/08/2020 9:17:28 AM,252 Event OK
22/08/2020 9:17:28 AM,EVENT 58669 1598062641 0/0/0/0/0 INPUT 8 1 0 v:124
22/08/2020 9:17:28 AM,252 Event OK
22/08/2020 9:17:28 AM,EVENT 58670 1598062641 0/0/0/0/0 INPUT 7 0 712 v:124
22/08/2020 9:17:28 AM,252 Event OK
22/08/2020 9:17:29 AM,EVENT 58671 1598062650 0/0/0/0/0 SIGNON * 0 NOCARD 26 0 807944 v:124
22/08/2020 9:17:29 AM,252 Event OK
22/08/2020 9:17:29 AM,EVENT 58672 1598062660 0/0/0/0/0 SIGNON 2470 03aff0d6 OK 26 280794 0 v:124
22/08/2020 9:17:29 AM,252 Event OK
22/08/2020 9:17:29 AM,EVENT 58673 1598062666 0/0/0/0/0 INPUT 1 0 736 v:124
22/08/2020 9:17:29 AM,252 Event OK
22/08/2020 9:17:29 AM,EVENT 58674 1598062666 0/0/0/0/0 INPUT 4 1 0 v:124
22/08/2020 9:17:29 AM,252 Event OK
22/08/2020 9:17:30 AM,EVENT 58675 1598062672 0/0/0/0/7 INPUT 3 1 0 v:124
22/08/2020 9:17:30 AM,252 Event OK
22/08/2020 9:17:30 AM,EVENT 58676 1598062680 0/0/0/0/10 INPUT 3 0 8 v:124
22/08/2020 9:17:30 AM,252 Event OK
22/08/2020 9:17:30 AM,EVENT 58677 1598062682 0/0/0/0/8 INPUT 3 1 0 v:124
22/08/2020 9:17:30 AM,252 Event OK
22/08/2020 9:17:30 AM,EVENT 58678 1598062714 0/0/0/0/22 REPORT 58672 0 0 v:124
22/08/2020 9:17:30 AM,252 Event OK
22/08/2020 9:17:30 AM,EVENT 58679 1598062829 0/0/0/0/20 INPUT 3 0 148 v:124
22/08/2020 9:17:30 AM,252 Event OK
22/08/2020 9:17:31 AM,EVENT 58680 1598062849 0/0/0/0/7 INPUT 3 1 0 v:124
22/08/2020 9:17:31 AM,252 Event OK
22/08/2020 9:17:31 AM,EVENT 58681 1598063101 0/0/0/0/14 INPUT 3 0 251 v:124
22/08/2020 9:17:31 AM,252 Event OK
22/08/2020 9:17:31 AM,EVENT 58682 1598063103 0/0/0/0/8 INPUT 3 1 0 v:124
22/08/2020 9:17:31 AM,252 Event OK
22/08/2020 9:17:31 AM,EVENT 58683 1598063104 0/0/0/0/9 INPUT 3 0 1 v:124
22/08/2020 9:17:31 AM,252 Event OK
22/08/2020 9:17:31 AM,EVENT 58684 1598063105 0/0/0/0/7 INPUT 7 1 0 v:124
22/08/2020 9:17:31 AM,252 Event OK
22/08/2020 9:17:32 AM,EVENT 58685 1598063105 0/0/0/0/7 INPUT 8 0 465 v:124
22/08/2020 9:17:32 AM,252 Event OK
22/08/2020 9:17:32 AM,EVENT 58686 1598063106 0/0/0/0/5 INPUT 1 1 0 v:124
22/08/2020 9:17:32 AM,252 Event OK
22/08/2020 9:17:32 AM,EVENT 58687 1598063106 0/0/0/0/4 INPUT 4 0 440 v:124
22/08/2020 9:17:32 AM,252 Event OK
22/08/2020 9:17:32 AM,EVENT 58688 1598063110 0/0/0/0/0 TRIP 58672 408 32 11 7 451 v:123
22/08/2020 9:17:32 AM,252 Event OK
22/08/2020 9:17:33 AM,EVENT 58689 1598083612 0/0/0/0/0 SWSTART OpusFC 5.0.58.518 R v:124
22/08/2020 9:17:33 AM,252 Event OK
22/08/2020 9:17:33 AM,EVENT 58690 1598063110 0/0/0/0/0 POWERDOWN v:124
22/08/2020 9:17:33 AM,252 Event OK
22/08/2020 9:17:33 AM,EVENT 58691 1598083612 0/0/0/0/0 INPUT 1 1 0 v:124
22/08/2020 9:17:33 AM,252 Event OK
22/08/2020 9:17:34 AM,EVENT 58692 1598083612 0/0/0/0/0 INPUT 2 0 0 v:124
22/08/2020 9:17:34 AM,252 Event OK
22/08/2020 9:17:34 AM,EVENT 58693 1598083612 0/0/0/0/0 INPUT 3 0 0 v:124
22/08/2020 9:17:34 AM,252 Event OK
22/08/2020 9:17:34 AM,EVENT 58694 1598083612 0/0/0/0/0 INPUT 4 0 0 v:124
22/08/2020 9:17:34 AM,252 Event OK
22/08/2020 9:17:34 AM,EVENT 58695 1598083612 0/0/0/0/0 INPUT 7 0 0 v:124
22/08/2020 9:17:34 AM,252 Event OK
22/08/2020 9:17:35 AM,EVENT 58696 1598083612 0/0/0/0/0 INPUT 8 1 0 v:124
22/08/2020 9:17:35 AM,252 Event OK
22/08/2020 9:17:35 AM,EVENT 58697 1598083614 0/0/0/0/0 ZONE_OK 2 100 FW=NO VERSION v:124
22/08/2020 9:17:35 AM,252 Event OK
22/08/2020 9:17:35 AM,EVENT 58698 1598083623 0/0/0/0/0 SIGNON 2531 03d1f6d6 OK 26 170494 0 v:124
22/08/2020 9:17:35 AM,252 Event OK
22/08/2020 9:17:35 AM,EVENT 58699 1598083628 0/0/0/99/0 INPUT 7 1 0 v:124
22/08/2020 9:17:35 AM,252 Event OK
22/08/2020 9:17:35 AM,EVENT 58700 1598083629 0/0/0/99/0 INPUT 7 0 1 v:124
22/08/2020 9:17:35 AM,252 Event OK
22/08/2020 9:17:36 AM,EVENT 58701 1598083630 0/0/0/99/0 INPUT 1 0 17 v:124
22/08/2020 9:17:36 AM,252 Event OK
22/08/2020 9:17:36 AM,EVENT 58702 1598083630 0/0/0/99/0 INPUT 4 1 0 v:124
22/08/2020 9:17:36 AM,252 Event OK
22/08/2020 9:17:36 AM,EVENT 58703 1598083635 0/0/0/99/0 INPUT 4 0 6 v:124
22/08/2020 9:17:36 AM,252 Event OK
22/08/2020 9:17:36 AM,EVENT 58704 1598083635 0/0/0/99/0 INPUT 4 1 0 v:124
22/08/2020 9:17:36 AM,252 Event OK
22/08/2020 9:17:37 AM,EVENT 58705 1598083649 0/0/0/0/2 INPUT 3 1 0 v:124
22/08/2020 9:17:37 AM,252 Event OK
22/08/2020 9:17:37 AM,EVENT 58706 1598083974 0/0/0/99/13 INPUT 3 0 326 v:124
22/08/2020 9:17:37 AM,252 Event OK
22/08/2020 9:17:37 AM,EVENT 58707 1598083990 0/0/0/0/0 INPUT 4 0 355 v:124
22/08/2020 9:17:37 AM,252 Event OK
22/08/2020 9:17:38 AM,EVENT 58708 1598083990 0/0/0/0/0 INPUT 4 1 0 v:124
22/08/2020 9:17:38 AM,252 Event OK
22/08/2020 9:17:38 AM,EVENT 58709 1598083992 0/0/0/0/5 INPUT 3 1 0 v:124
22/08/2020 9:17:38 AM,252 Event OK
22/08/2020 9:17:38 AM,EVENT 58710 1598084016 0/0/0/0/12 INPUT 3 0 23 v:124
22/08/2020 9:17:38 AM,252 Event OK
22/08/2020 9:17:39 AM,EVENT 58711 1598084029 0/0/0/0/0 INPUT 4 0 39 v:124
22/08/2020 9:17:39 AM,252 Event OK
22/08/2020 9:19:23 AM,UNIT 9279
22/08/2020 9:19:23 AM,333 CHAL 21158953
22/08/2020 9:19:24 AM,RESP 3FB5A9F5
22/08/2020 9:19:24 AM,230 Auth OK
22/08/2020 9:19:25 AM,TIME
22/08/2020 9:19:25 AM,211 TIME 1598087965
22/08/2020 9:19:25 AM,EVCOUNT 90
22/08/2020 9:19:25 AM,252 Event OK
22/08/2020 9:19:26 AM,TODO
22/08/2020 9:19:26 AM,125 TODO GETXML 2000 Operators 
225 Work list complete
22/08/2020 9:19:27 AM,GETXML
22/08/2020 9:19:27 AM,Binary data 4320 bytes
22/08/2020 9:20:09 AM,UNIT 9279
22/08/2020 9:20:09 AM,333 CHAL 6065F383
22/08/2020 9:20:10 AM,RESP F5D5AC46
22/08/2020 9:20:10 AM,230 Auth OK
22/08/2020 9:20:10 AM,TIME
22/08/2020 9:20:10 AM,211 TIME 1598088010
22/08/2020 9:20:11 AM,EVCOUNT 90
22/08/2020 9:20:11 AM,252 Event OK
22/08/2020 9:20:12 AM,TODO
22/08/2020 9:20:12 AM,226 Nothing to do
22/08/2020 9:20:13 AM,EVENT 58712 1598084029 0/0/0/0/0 INPUT 4 1 0 v:124
22/08/2020 9:20:13 AM,252 Event OK
22/08/2020 9:20:14 AM,EVENT 58713 1598084077 0/0/0/0/6 INPUT 4 0 48 v:124
22/08/2020 9:20:14 AM,252 Event OK
22/08/2020 9:20:14 AM,EVENT 58714 1598084078 0/0/0/0/5 INPUT 4 1 0 v:124
22/08/2020 9:20:14 AM,252 Event OK
22/08/2020 9:20:15 AM,EVENT 58715 1598084095 0/0/0/0/0 INPUT 4 0 18 v:124
22/08/2020 9:20:15 AM,252 Event OK
22/08/2020 9:20:16 AM,EVENT 58716 1598084095 0/0/0/0/0 INPUT 4 1 0 v:124
22/08/2020 9:20:16 AM,252 Event OK
22/08/2020 9:20:17 AM,EVENT 58717 1598084119 0/0/0/0/1 INPUT 4 0 24 v:124
22/08/2020 9:20:17 AM,252 Event OK
22/08/2020 9:20:18 AM,EVENT 58718 1598084119 0/0/0/0/1 INPUT 4 1 0 v:124
22/08/2020 9:20:18 AM,252 Event OK
22/08/2020 9:20:19 AM,EVENT 58719 1598084209 0/0/0/0/3 INPUT 4 0 90 v:124
22/08/2020 9:20:19 AM,252 Event OK
22/08/2020 9:20:20 AM,EVENT 58720 1598084210 0/0/0/0/2 INPUT 4 1 0 v:124
22/08/2020 9:20:20 AM,252 Event OK
22/08/2020 9:20:21 AM,EVENT 58721 1598084227 0/0/0/0/0 INPUT 4 0 18 v:124
22/08/2020 9:20:21 AM,252 Event OK
22/08/2020 9:20:21 AM,EVENT 58722 1598084227 0/0/0/0/0 INPUT 4 1 0 v:124
22/08/2020 9:20:21 AM,252 Event OK
22/08/2020 9:20:22 AM,EVENT 58723 1598084236 0/0/0/0/0 INPUT 4 0 9 v:124
22/08/2020 9:20:22 AM,252 Event OK
22/08/2020 9:20:23 AM,EVENT 58724 1598084237 0/0/0/0/0 INPUT 4 1 0 v:124
22/08/2020 9:20:23 AM,252 Event OK
22/08/2020 9:20:24 AM,EVENT 58725 1598084239 0/0/0/0/0 INPUT 4 0 3 v:124
22/08/2020 9:20:24 AM,252 Event OK
22/08/2020 9:20:25 AM,EVENT 58726 1598084240 0/0/0/0/0 INPUT 4 1 0 v:124
22/08/2020 9:20:25 AM,252 Event OK
22/08/2020 9:20:25 AM,EVENT 58727 1598084254 0/0/0/0/0 INPUT 4 0 15 v:124
22/08/2020 9:20:25 AM,252 Event OK
22/08/2020 9:20:26 AM,EVENT 58728 1598084254 0/0/0/0/0 INPUT 4 1 0 v:124
22/08/2020 9:20:26 AM,252 Event OK
22/08/2020 9:20:27 AM,EVENT 58729 1598084258 0/0/0/0/6 INPUT 3 1 0 v:124
22/08/2020 9:20:27 AM,252 Event OK
22/08/2020 9:20:28 AM,EVENT 58730 1598084267 0/0/0/0/14 INPUT 3 0 9 v:124
22/08/2020 9:20:28 AM,252 Event OK
22/08/2020 9:20:29 AM,EVENT 58731 1598084272 0/0/0/0/0 INPUT 4 0 18 v:124
22/08/2020 9:20:29 AM,252 Event OK
22/08/2020 9:20:30 AM,EVENT 58732 1598084272 0/0/0/0/0 INPUT 4 1 0 v:124
22/08/2020 9:20:30 AM,252 Event OK
22/08/2020 9:20:30 AM,EVENT 58733 1598084297 0/0/0/0/6 INPUT 3 1 0 v:124
22/08/2020 9:20:30 AM,252 Event OK
22/08/2020 9:20:31 AM,EVENT 58734 1598084325 0/0/0/99/10 INPUT 3 0 29 v:124
22/08/2020 9:20:31 AM,252 Event OK
22/08/2020 9:20:32 AM,EVENT 58735 1598084328 0/0/0/99/8 INPUT 3 1 0 v:124
22/08/2020 9:20:32 AM,252 Event OK
22/08/2020 9:20:33 AM,EVENT 58736 1598084331 0/0/0/99/9 INPUT 3 0 2 v:124
22/08/2020 9:20:33 AM,252 Event OK
22/08/2020 9:20:34 AM,EVENT 58737 1598084351 0/0/0/0/8 INPUT 3 1 0 v:124
22/08/2020 9:20:34 AM,252 Event OK
22/08/2020 9:20:35 AM,EVENT 58738 1598084355 0/0/0/0/9 INPUT 3 0 3 v:124
22/08/2020 9:20:35 AM,252 Event OK
22/08/2020 9:20:36 AM,EVENT 58739 1598084363 0/0/0/0/8 INPUT 3 1 0 v:124
22/08/2020 9:20:36 AM,252 Event OK
22/08/2020 9:20:36 AM,EVENT 58740 1598084366 0/0/0/0/9 INPUT 3 0 3 v:124
22/08/2020 9:20:36 AM,252 Event OK
22/08/2020 9:20:37 AM,EVENT 58741 1598084368 0/0/0/0/8 INPUT 3 1 0 v:124
22/08/2020 9:20:37 AM,252 Event OK
22/08/2020 9:20:38 AM,EVENT 58742 1598084410 0/0/0/0/11 INPUT 3 0 43 v:124
22/08/2020 9:20:38 AM,252 Event OK
22/08/2020 9:20:39 AM,EVENT 58743 1598084424 0/0/0/0/8 INPUT 3 1 0 v:124
22/08/2020 9:20:39 AM,252 Event OK
22/08/2020 9:20:40 AM,EVENT 58744 1598084429 0/0/0/0/9 INPUT 3 0 6 v:124
22/08/2020 9:20:40 AM,252 Event OK
22/08/2020 9:20:41 AM,EVENT 58745 1598084446 0/0/0/0/8 INPUT 3 1 0 v:124
22/08/2020 9:20:41 AM,252 Event OK
22/08/2020 9:20:42 AM,EVENT 58746 1598084794 0/0/0/0/12 INPUT 3 0 347 v:124
22/08/2020 9:20:42 AM,252 Event OK
22/08/2020 9:20:42 AM,EVENT 58747 1598084797 0/0/0/0/0 INPUT 4 0 525 v:124
22/08/2020 9:20:42 AM,252 Event OK
22/08/2020 9:20:44 AM,EVENT 58748 1598084797 0/0/0/0/0 INPUT 4 1 0 v:124
22/08/2020 9:20:44 AM,252 Event OK
22/08/2020 9:20:45 AM,EVENT 58749 1598084808 0/0/0/0/0 INPUT 4 0 11 v:124
22/08/2020 9:20:45 AM,252 Event OK
22/08/2020 9:20:46 AM,EVENT 58750 1598084808 0/0/0/0/0 INPUT 4 1 0 v:124
22/08/2020 9:20:46 AM,252 Event OK
22/08/2020 9:20:47 AM,EVENT 58751 1598084821 0/0/0/0/4 INPUT 3 1 0 v:124
22/08/2020 9:20:47 AM,252 Event OK
22/08/2020 9:20:48 AM,EVENT 58752 1598084829 0/0/0/0/10 INPUT 3 0 8 v:124
22/08/2020 9:20:48 AM,252 Event OK
22/08/2020 9:20:49 AM,EVENT 58753 1598084850 0/0/0/0/0 INPUT 4 0 42 v:124
22/08/2020 9:20:49 AM,252 Event OK
22/08/2020 9:20:49 AM,EVENT 58754 1598084850 0/0/0/0/0 INPUT 4 1 0 v:124
22/08/2020 9:20:49 AM,252 Event OK
22/08/2020 9:20:50 AM,EVENT 58755 1598084881 0/0/0/0/7 INPUT 3 1 0 v:124
22/08/2020 9:20:50 AM,252 Event OK
22/08/2020 9:20:51 AM,EVENT 58756 1598084960 0/0/0/0/11 INPUT 3 0 79 v:124
22/08/2020 9:20:51 AM,252 Event OK
22/08/2020 9:20:52 AM,EVENT 58757 1598085024 0/0/0/99/0 INPUT 4 0 174 v:124
22/08/2020 9:20:52 AM,252 Event OK
22/08/2020 9:20:52 AM,EVENT 58758 1598085024 0/0/0/99/0 INPUT 4 1 0 v:124
22/08/2020 9:20:52 AM,252 Event OK
22/08/2020 9:20:53 AM,EVENT 58759 1598085040 0/0/0/0/0 INPUT 4 0 16 v:124
22/08/2020 9:20:53 AM,252 Event OK
22/08/2020 9:20:54 AM,EVENT 58760 1598085040 0/0/0/0/0 INPUT 4 1 0 v:124
22/08/2020 9:20:54 AM,252 Event OK
22/08/2020 9:20:55 AM,EVENT 58761 1598085043 0/0/0/0/0 INPUT 4 0 3 v:124
22/08/2020 9:20:55 AM,252 Event OK
22/08/2020 9:20:56 AM,EVENT 58762 1598085043 0/0/0/0/0 INPUT 4 1 0 v:124
22/08/2020 9:20:56 AM,252 Event OK
22/08/2020 9:20:57 AM,EVENT 58763 1598085046 0/0/0/0/0 INPUT 4 0 3 v:124
22/08/2020 9:20:57 AM,252 Event OK
22/08/2020 9:20:57 AM,EVENT 58764 1598085047 0/0/0/0/0 INPUT 4 1 0 v:124
22/08/2020 9:20:57 AM,252 Event OK
22/08/2020 9:21:01 AM,EVENT 58765 1598085050 0/0/0/0/2 INPUT 4 0 4 v:124
22/08/2020 9:21:01 AM,252 Event OK
22/08/2020 9:21:01 AM,EVENT 58766 1598085050 0/0/0/0/2 INPUT 4 1 0 v:124
22/08/2020 9:21:01 AM,252 Event OK
22/08/2020 9:21:02 AM,EVENT 58767 1598085071 0/0/0/0/0 INPUT 4 0 21 v:124
22/08/2020 9:21:02 AM,252 Event OK
22/08/2020 9:21:02 AM,EVENT 58768 1598085071 0/0/0/0/0 INPUT 4 1 0 v:124
22/08/2020 9:21:02 AM,252 Event OK
22/08/2020 9:21:03 AM,EVENT 58769 1598085078 0/0/0/0/2 INPUT 4 0 7 v:124
22/08/2020 9:21:03 AM,252 Event OK
22/08/2020 9:21:03 AM,EVENT 58770 1598085078 0/0/0/0/3 INPUT 4 1 0 v:124
22/08/2020 9:21:03 AM,252 Event OK
22/08/2020 9:21:04 AM,EVENT 58771 1598085087 0/0/0/0/0 INPUT 4 0 9 v:124
22/08/2020 9:21:04 AM,252 Event OK
22/08/2020 9:21:06 AM,EVENT 58772 1598085087 0/0/0/0/0 INPUT 4 1 0 v:124
22/08/2020 9:21:06 AM,252 Event OK
22/08/2020 9:21:37 AM,EVENT 58773 1598085104 0/0/0/0/2 INPUT 3 1 0 v:124
22/08/2020 9:21:37 AM,252 Event OK
22/08/2020 9:21:40 AM,UNIT 9279
22/08/2020 9:21:40 AM,333 CHAL 33C230DD
22/08/2020 9:21:40 AM,RESP EC580AAE
22/08/2020 9:21:40 AM,230 Auth OK
22/08/2020 9:21:41 AM,TIME
22/08/2020 9:21:41 AM,211 TIME 1598088101
22/08/2020 9:21:42 AM,EVCOUNT 29
22/08/2020 9:21:42 AM,252 Event OK
22/08/2020 9:21:42 AM,TODO
22/08/2020 9:21:42 AM,226 Nothing to do
22/08/2020 9:21:43 AM,EVENT 58773 1598085104 0/0/0/0/2 INPUT 3 1 0 v:124
22/08/2020 9:21:43 AM,253 Event OK - Duplicate
22/08/2020 9:21:44 AM,EVENT 58774 1598085444 0/0/0/0/22 REPORT 58698 0 0 v:124
22/08/2020 9:21:44 AM,252 Event OK
22/08/2020 9:21:45 AM,EVENT 58775 1598086021 -310122028/1219226958/1855/0/9 INPUT 3 0 918 v:124
22/08/2020 9:21:45 AM,252 Event OK
22/08/2020 9:21:46 AM,EVENT 58776 1598086036 -310121178/1219229214/1282/0/2 INPUT 7 1 0 v:124
22/08/2020 9:21:46 AM,252 Event OK
22/08/2020 9:21:47 AM,EVENT 58777 1598086036 -310121178/1219229214/1282/0/2 INPUT 8 0 2423 v:124
22/08/2020 9:21:47 AM,252 Event OK
22/08/2020 9:21:47 AM,EVENT 58778 1598086037 -310121182/1219229211/1275/0/0 INPUT 1 1 0 v:124
22/08/2020 9:21:47 AM,252 Event OK
22/08/2020 9:21:48 AM,EVENT 58779 1598086040 -310121219/1219229198/1232/99/0 TRIP 58698 1797 614 7 7 2418 v:124
22/08/2020 9:21:48 AM,252 Event OK
22/08/2020 9:21:49 AM,EVENT 58780 1598086041 -310121223/1219229199/1229/99/0 INPUT 4 0 953 v:124
22/08/2020 9:21:49 AM,252 Event OK
22/08/2020 9:21:50 AM,EVENT 58781 1598087779 -310121390/1219228996/1055/0/0 INPUT 8 1 0 v:124
22/08/2020 9:21:50 AM,252 Event OK
22/08/2020 9:21:51 AM,EVENT 58782 1598087779 -310121390/1219228995/1055/0/0 INPUT 7 0 1743 v:124
22/08/2020 9:21:51 AM,252 Event OK
22/08/2020 9:21:52 AM,EVENT 58783 1598087792 -310121366/1219228962/1088/0/0 SIGNON 2531 03d1f6d6 OK 26 170494 0 v:124
22/08/2020 9:21:52 AM,252 Event OK
22/08/2020 9:21:53 AM,EVENT 58784 1598087799 -310121346/1219228903/1058/0/0 INPUT 1 0 1762 v:124
22/08/2020 9:21:53 AM,252 Event OK
22/08/2020 9:21:54 AM,EVENT 58785 1598087799 -310121346/1219228905/1059/0/0 INPUT 4 1 0 v:124
22/08/2020 9:21:54 AM,252 Event OK
22/08/2020 9:21:55 AM,EVENT 58786 1598087806 -310121370/1219228928/1072/0/0 INPUT 4 0 7 v:124
22/08/2020 9:21:55 AM,252 Event OK
22/08/2020 9:21:56 AM,EVENT 58787 1598087806 -310121373/1219228896/1067/0/0 INPUT 4 1 0 v:124
22/08/2020 9:21:56 AM,252 Event OK
22/08/2020 9:21:57 AM,EVENT 58788 1598087810 -310121417/1219228766/1073/0/0 INPUT 4 0 4 v:124
22/08/2020 9:21:57 AM,252 Event OK
22/08/2020 9:21:58 AM,EVENT 58789 1598087810 -310121406/1219228798/1069/0/0 INPUT 4 1 0 v:124
22/08/2020 9:21:58 AM,252 Event OK
22/08/2020 9:21:59 AM,EVENT 58790 1598087811 -310121382/1219228874/1065/0/1 INPUT 3 1 0 v:124
22/08/2020 9:21:59 AM,252 Event OK
22/08/2020 9:22:00 AM,EVENT 58791 1598087823 -310118724/1219232598/1048/0/15 REPORT 58783 14 51 v:124
22/08/2020 9:22:00 AM,252 Event OK
22/08/2020 9:22:01 AM,EVENT 58792 1598087929 -310143237/1219231321/963/0/11 INPUT 3 0 118 v:124
22/08/2020 9:22:01 AM,252 Event OK
22/08/2020 9:22:02 AM,EVENT 58793 1598087932 -310143434/1219231352/947/0/3 INPUT 7 1 0 v:124
22/08/2020 9:22:02 AM,252 Event OK
22/08/2020 9:22:03 AM,EVENT 58794 1598087932 -310143434/1219231352/947/0/3 INPUT 8 0 153 v:124
22/08/2020 9:22:03 AM,252 Event OK
22/08/2020 9:22:04 AM,EVENT 58795 1598087932 -310143434/1219231352/947/0/2 INPUT 3 1 0 v:124
22/08/2020 9:22:04 AM,252 Event OK
22/08/2020 9:22:05 AM,EVENT 58796 1598087933 -310143429/1219231348/951/0/10 INPUT 1 1 0 v:123
22/08/2020 9:22:05 AM,252 Event OK
22/08/2020 9:22:06 AM,EVENT 58797 1598087933 -310143427/1219231345/952/0/13 INPUT 3 0 2 v:123
22/08/2020 9:22:06 AM,252 Event OK
22/08/2020 9:22:07 AM,EVENT 58798 1598087933 -310143427/1219231345/952/0/13 INPUT 4 0 123 v:123
22/08/2020 9:22:07 AM,252 Event OK
22/08/2020 9:22:08 AM,EVENT 58799 1598087934 -310143427/1219231345/952/0/13 INPUT 4 1 0 v:123
22/08/2020 9:22:08 AM,252 Event OK
22/08/2020 9:22:09 AM,EVENT 58800 1598087936 -310143406/1219231327/966/0/0 TRIP 58783 120 17 7 7 144 v:123
22/08/2020 9:22:09 AM,252 Event OK
22/08/2020 9:22:10 AM,EVENT 58801 1598087937 -310143406/1219231327/966/0/0 INPUT 4 0 3 v:123
22/08/2020 9:22:10 AM,252 Event OK
22/08/2020 9:22:11 AM,QUIT
22/08/2020 9:22:11 AM,221 Session ended - goodbye
22/08/2020 10:22:42 AM,UNIT 9279
22/08/2020 10:22:42 AM,333 CHAL 1CDF2E8B
22/08/2020 10:22:43 AM,RESP E4B43E47
22/08/2020 10:22:43 AM,230 Auth OK
22/08/2020 10:22:44 AM,TIME
22/08/2020 10:22:44 AM,211 TIME 1598091763
22/08/2020 10:22:44 AM,EVCOUNT 11
22/08/2020 10:22:44 AM,252 Event OK
22/08/2020 10:22:45 AM,TODO
22/08/2020 10:22:45 AM,226 Nothing to do
22/08/2020 10:22:46 AM,EVENT 58802 1598091743 0/0/0/0/0 SWSTART OpusFC 5.0.58.518 R v:123
22/08/2020 10:22:46 AM,252 Event OK
22/08/2020 10:22:47 AM,EVENT 58803 1598087936 0/0/0/0/0 POWERDOWN v:123
22/08/2020 10:22:47 AM,252 Event OK
22/08/2020 10:22:48 AM,EVENT 58804 1598091743 0/0/0/0/0 INPUT 1 1 0 v:123
22/08/2020 10:22:48 AM,252 Event OK
22/08/2020 10:22:48 AM,EVENT 58805 1598091743 0/0/0/0/0 INPUT 2 0 0 v:123
22/08/2020 10:22:48 AM,252 Event OK
22/08/2020 10:22:49 AM,EVENT 58806 1598091743 0/0/0/0/0 INPUT 3 0 0 v:123
22/08/2020 10:22:49 AM,252 Event OK
22/08/2020 10:22:50 AM,EVENT 58807 1598091743 0/0/0/0/0 INPUT 4 0 0 v:123
22/08/2020 10:22:50 AM,252 Event OK
22/08/2020 10:22:51 AM,EVENT 58808 1598091743 0/0/0/0/0 INPUT 7 0 0 v:123
22/08/2020 10:22:51 AM,252 Event OK
22/08/2020 10:22:52 AM,EVENT 58809 1598091743 0/0/0/0/0 INPUT 8 1 0 v:123
22/08/2020 10:22:52 AM,252 Event OK
22/08/2020 10:22:53 AM,EVENT 58810 1598091744 0/0/0/0/0 ZONE_OK 2 100 FW=NO VERSION v:123
22/08/2020 10:22:53 AM,252 Event OK
22/08/2020 10:22:54 AM,EVENT 58811 1598091753 0/0/0/0/0 SIGNON 2499 01b1def9 OK_CL 26 271083 0 v:123
22/08/2020 10:22:54 AM,252 Event OK
22/08/2020 10:22:55 AM,EVENT 58812 1598091765 0/0/0/4/0 CHECKLIST 58811 OK 0 12 432 F v:123
22/08/2020 10:22:55 AM,252 Event OK
22/08/2020 10:22:55 AM,QUIT
22/08/2020 10:22:55 AM,221 Session ended - goodbye
22/08/2020 10:24:41 AM,UNIT 9279
22/08/2020 10:24:41 AM,333 CHAL 4407A476
22/08/2020 10:24:42 AM,RESP 5018C253
22/08/2020 10:24:42 AM,230 Auth OK
22/08/2020 10:24:43 AM,TIME
22/08/2020 10:24:43 AM,211 TIME 1598091882
22/08/2020 10:24:43 AM,EVCOUNT 2
22/08/2020 10:24:43 AM,252 Event OK
22/08/2020 10:24:43 AM,TODO
22/08/2020 10:24:43 AM,226 Nothing to do
22/08/2020 10:24:44 AM,EVENT 58813 1598091885 -310143456/1219231338/979/4/0 INPUT 4 1 0 v:124
22/08/2020 10:24:44 AM,252 Event OK
22/08/2020 10:24:45 AM,EVENT 58814 1598091885 -310143456/1219231338/979/4/0 INPUT 1 0 143 v:124
22/08/2020 10:24:45 AM,252 Event OK
22/08/2020 10:24:45 AM,QUIT
22/08/2020 10:24:45 AM,221 Session ended - goodbye
22/08/2020 10:24:56 AM,UNIT 9279
22/08/2020 10:24:56 AM,333 CHAL 60F52906
22/08/2020 10:24:56 AM,RESP E13DEE1D
22/08/2020 10:24:56 AM,230 Auth OK
22/08/2020 10:24:57 AM,TIME
22/08/2020 10:24:57 AM,211 TIME 1598091897
22/08/2020 10:24:57 AM,EVCOUNT 3
22/08/2020 10:24:57 AM,252 Event OK
22/08/2020 10:24:59 AM,TODO
22/08/2020 10:24:59 AM,226 Nothing to do
22/08/2020 10:25:00 AM,EVENT 58815 1598091899 -310142849/1219230807/922/3/2 INPUT 4 0 15 v:124
22/08/2020 10:25:00 AM,252 Event OK
22/08/2020 10:25:01 AM,EVENT 58816 1598091899 -310142846/1219230802/920/3/1 INPUT 4 1 0 v:124
22/08/2020 10:25:01 AM,252 Event OK
22/08/2020 10:25:01 AM,EVENT 58817 1598091902 -310142983/1219231119/911/3/6 INPUT 3 1 0 v:124
22/08/2020 10:25:01 AM,252 Event OK
22/08/2020 10:25:02 AM,QUIT
22/08/2020 10:25:02 AM,221 Session ended - goodbye
22/08/2020 10:26:08 AM,UNIT 9279
22/08/2020 10:26:08 AM,333 CHAL 72417601
22/08/2020 10:26:09 AM,RESP 05C8FDDB
22/08/2020 10:26:09 AM,230 Auth OK
22/08/2020 10:26:10 AM,TIME
22/08/2020 10:26:10 AM,211 TIME 1598091970
22/08/2020 10:26:10 AM,EVCOUNT 2
22/08/2020 10:26:10 AM,252 Event OK
22/08/2020 10:26:11 AM,TODO
22/08/2020 10:26:11 AM,226 Nothing to do
22/08/2020 10:26:12 AM,EVENT 58818 1598091972 -310122535/1219232588/929/7/10 INPUT 3 0 69 v:124
22/08/2020 10:26:12 AM,252 Event OK
22/08/2020 10:26:12 AM,EVENT 58819 1598091976 -310121939/1219233028/1042/7/7 INPUT 3 1 0 v:124
22/08/2020 10:26:12 AM,252 Event OK
22/08/2020 10:26:13 AM,QUIT
22/08/2020 10:26:13 AM,221 Session ended - goodbye
22/08/2020 10:26:58 AM,UNIT 9279
22/08/2020 10:26:58 AM,333 CHAL 26F93432
22/08/2020 10:26:59 AM,RESP DE8A9D3F
22/08/2020 10:26:59 AM,230 Auth OK
22/08/2020 10:27:00 AM,TIME
22/08/2020 10:27:00 AM,211 TIME 1598092020
22/08/2020 10:27:01 AM,EVCOUNT 4
22/08/2020 10:27:01 AM,252 Event OK
22/08/2020 10:27:02 AM,TODO
22/08/2020 10:27:02 AM,226 Nothing to do
22/08/2020 10:27:03 AM,EVENT 58820 1598092022 -310121069/1219229736/958/7/9 INPUT 3 0 45 v:124
22/08/2020 10:27:03 AM,252 Event OK
22/08/2020 8:26:57 PM,UNIT 9279
22/08/2020 8:26:57 PM,333 CHAL 7E7CE10F
22/08/2020 8:26:58 PM,RESP 39EA1ABB
22/08/2020 8:26:58 PM,230 Auth OK
22/08/2020 8:26:58 PM,TIME
22/08/2020 8:26:58 PM,211 TIME 1598128018
22/08/2020 8:26:59 PM,EVCOUNT 150
22/08/2020 8:26:59 PM,252 Event OK
22/08/2020 8:26:59 PM,TODO
22/08/2020 8:26:59 PM,226 Nothing to do
22/08/2020 8:27:00 PM,EVENT 58821 1598092025 -310121351/1219229597/947/7/5 INPUT 7 1 0 v:124
22/08/2020 8:27:00 PM,252 Event OK
22/08/2020 8:27:01 PM,EVENT 58822 1598092025 -310121351/1219229597/947/7/5 INPUT 8 0 282 v:124
22/08/2020 8:27:01 PM,252 Event OK
22/08/2020 8:27:01 PM,EVENT 58823 1598092025 -310121358/1219229602/943/7/1 INPUT 1 1 0 v:123
22/08/2020 8:27:01 PM,252 Event OK
22/08/2020 8:27:02 PM,EVENT 58824 1598092027 -310121364/1219229617/938/7/0 INPUT 4 0 128 v:123
22/08/2020 8:27:02 PM,252 Event OK
22/08/2020 8:27:03 PM,EVENT 58825 1598092029 -310121363/1219229626/934/7/0 TRIP 58811 114 29 124 122 267 v:123
22/08/2020 8:27:03 PM,252 Event OK
22/08/2020 8:27:04 PM,EVENT 58826 1598092050 -310121385/1219229637/893/1/0 REPORT * 0 209 v:123
22/08/2020 8:27:04 PM,252 Event OK
22/08/2020 8:27:04 PM,EVENT 58827 1598093502 -310121351/1219229623/945/0/0 INPUT 8 1 0 v:123
22/08/2020 8:27:04 PM,252 Event OK
22/08/2020 8:27:05 PM,EVENT 58828 1598093502 -310121351/1219229617/945/0/0 INPUT 7 0 1477 v:123
22/08/2020 8:27:05 PM,252 Event OK
22/08/2020 8:27:06 PM,EVENT 58829 1598093513 -310121393/1219229526/908/0/0 SIGNON 2499 01b1def9 OK 26 271083 0 v:123
22/08/2020 8:27:06 PM,252 Event OK
22/08/2020 8:27:07 PM,EVENT 58830 1598093521 -310121365/1219229468/928/0/0 INPUT 4 1 0 v:124
22/08/2020 8:27:07 PM,252 Event OK
22/08/2020 8:27:07 PM,EVENT 58831 1598093521 -310121365/1219229468/928/0/0 INPUT 1 0 1496 v:124
22/08/2020 8:27:07 PM,252 Event OK
22/08/2020 8:27:08 PM,EVENT 58832 1598093524 -310121355/1219229460/926/0/0 INPUT 4 0 4 v:124
22/08/2020 8:27:08 PM,252 Event OK
22/08/2020 8:27:09 PM,EVENT 58833 1598093524 -310121357/1219229460/924/0/0 INPUT 4 1 0 v:124
22/08/2020 8:27:09 PM,252 Event OK
22/08/2020 8:27:09 PM,EVENT 58834 1598093532 -310121603/1219228868/915/0/6 INPUT 3 1 0 v:124
22/08/2020 8:27:09 PM,252 Event OK
22/08/2020 8:27:10 PM,EVENT 58835 1598093882 0/0/0/0/26 REPORT 58829 0 0 v:124
22/08/2020 8:27:10 PM,252 Event OK
22/08/2020 8:27:11 PM,EVENT 58836 1598094577 0/0/0/0/10 INPUT 3 0 1044 v:124
22/08/2020 8:27:11 PM,252 Event OK
22/08/2020 8:27:11 PM,EVENT 58837 1598094604 0/0/0/0/0 INPUT 4 0 1080 v:124
22/08/2020 8:27:11 PM,252 Event OK
22/08/2020 8:27:12 PM,EVENT 58838 1598094604 0/0/0/0/0 INPUT 4 1 0 v:124
22/08/2020 8:27:12 PM,252 Event OK
22/08/2020 8:27:12 PM,EVENT 58839 1598094616 0/0/0/0/6 INPUT 3 1 0 v:124
22/08/2020 8:27:12 PM,252 Event OK
22/08/2020 8:27:13 PM,EVENT 58840 1598094714 0/0/0/0/11 INPUT 3 0 97 v:124
22/08/2020 8:27:13 PM,252 Event OK
22/08/2020 8:27:13 PM,EVENT 58841 1598094724 0/0/0/0/5 INPUT 4 0 120 v:124
22/08/2020 8:27:13 PM,252 Event OK
22/08/2020 8:27:14 PM,EVENT 58842 1598094724 0/0/0/0/4 INPUT 4 1 0 v:124
22/08/2020 8:27:14 PM,252 Event OK
22/08/2020 8:27:15 PM,EVENT 58843 1598094729 0/0/0/0/3 INPUT 4 0 5 v:124
22/08/2020 8:27:15 PM,252 Event OK
22/08/2020 8:27:15 PM,EVENT 58844 1598094730 0/0/0/0/2 INPUT 4 1 0 v:124
22/08/2020 8:27:15 PM,252 Event OK
22/08/2020 8:27:16 PM,EVENT 58845 1598094733 0/0/0/0/0 INPUT 7 1 0 v:124
22/08/2020 8:27:16 PM,252 Event OK
22/08/2020 8:27:17 PM,EVENT 58846 1598094733 0/0/0/0/0 INPUT 8 0 1231 v:124
22/08/2020 8:27:17 PM,252 Event OK
22/08/2020 8:27:17 PM,EVENT 58847 1598094733 0/0/0/0/0 INPUT 4 0 4 v:124
22/08/2020 8:27:17 PM,252 Event OK
22/08/2020 8:27:18 PM,EVENT 58848 1598094734 0/0/0/0/0 INPUT 4 1 0 v:123
22/08/2020 8:27:18 PM,252 Event OK
22/08/2020 8:27:18 PM,EVENT 58849 1598094734 0/0/0/0/0 INPUT 1 1 0 v:123
22/08/2020 8:27:18 PM,252 Event OK
22/08/2020 8:27:19 PM,EVENT 58850 1598094737 0/0/0/0/0 TRIP 58829 1141 76 8 8 1225 v:124
22/08/2020 8:27:19 PM,252 Event OK
22/08/2020 8:27:20 PM,EVENT 58851 1598094738 0/0/0/0/0 INPUT 4 0 4 v:124
22/08/2020 8:27:20 PM,252 Event OK
22/08/2020 8:27:20 PM,EVENT 58852 1598123638 0/0/0/0/0 SWSTART OpusFC 5.0.58.518 R v:124
22/08/2020 8:27:20 PM,252 Event OK
22/08/2020 8:27:21 PM,EVENT 58853 1598094737 0/0/0/0/0 POWERDOWN v:124
22/08/2020 8:27:21 PM,252 Event OK
22/08/2020 8:27:22 PM,EVENT 58854 1598123638 0/0/0/0/0 INPUT 1 1 0 v:123
22/08/2020 8:27:22 PM,252 Event OK
22/08/2020 8:27:23 PM,EVENT 58855 1598123638 0/0/0/0/0 INPUT 2 0 0 v:124
22/08/2020 8:27:23 PM,252 Event OK
22/08/2020 8:27:23 PM,EVENT 58856 1598123638 0/0/0/0/0 INPUT 3 0 0 v:124
22/08/2020 8:27:23 PM,252 Event OK
22/08/2020 8:27:24 PM,EVENT 58857 1598123638 0/0/0/0/0 INPUT 4 0 0 v:123
22/08/2020 8:27:24 PM,252 Event OK
22/08/2020 8:27:24 PM,EVENT 58858 1598123638 0/0/0/0/0 INPUT 7 0 0 v:124
22/08/2020 8:27:24 PM,252 Event OK
22/08/2020 8:27:25 PM,EVENT 58859 1598123638 0/0/0/0/0 INPUT 8 1 0 v:124
22/08/2020 8:27:25 PM,252 Event OK
22/08/2020 8:27:26 PM,EVENT 58860 1598123640 0/0/0/0/0 ZONE_OK 2 100 FW=NO VERSION v:124
22/08/2020 8:27:26 PM,252 Event OK
22/08/2020 8:27:26 PM,EVENT 58861 1598123646 0/0/0/0/0 SIGNON 2505 03b1f6ce OK 26 270498 0 v:124
22/08/2020 8:27:26 PM,252 Event OK
22/08/2020 8:27:27 PM,EVENT 58862 1598123652 0/0/0/0/0 INPUT 7 1 0 v:124
22/08/2020 8:27:27 PM,252 Event OK
22/08/2020 8:27:27 PM,EVENT 58863 1598123652 0/0/0/99/0 INPUT 7 0 1 v:124
22/08/2020 8:27:27 PM,252 Event OK
22/08/2020 8:27:47 PM,EVENT 58864 1598123653 0/0/0/99/0 INPUT 4 1 0 v:124
22/08/2020 8:27:47 PM,252 Event OK
22/08/2020 8:27:47 PM,EVENT 58865 1598123653 0/0/0/99/0 INPUT 1 0 14 v:124
22/08/2020 8:27:47 PM,252 Event OK
22/08/2020 8:27:53 PM,EVENT 58866 1598123665 0/0/0/0/6 INPUT 3 1 0 v:124
22/08/2020 8:27:53 PM,252 Event OK
22/08/2020 8:27:54 PM,EVENT 58867 1598123684 0/0/0/0/14 INPUT 3 0 18 v:124
22/08/2020 8:27:54 PM,252 Event OK
22/08/2020 8:27:54 PM,EVENT 58868 1598123685 0/0/0/0/8 INPUT 3 1 0 v:124
22/08/2020 8:27:54 PM,252 Event OK
22/08/2020 8:27:55 PM,EVENT 58869 1598123690 0/0/0/0/10 INPUT 3 0 4 v:124
22/08/2020 8:27:55 PM,252 Event OK
22/08/2020 8:27:56 PM,EVENT 58870 1598123695 0/0/0/0/7 INPUT 3 1 0 v:124
22/08/2020 8:27:56 PM,252 Event OK
22/08/2020 8:27:56 PM,EVENT 58871 1598123701 0/0/0/0/10 INPUT 3 0 5 v:124
22/08/2020 8:27:56 PM,252 Event OK
22/08/2020 8:27:57 PM,EVENT 58872 1598123764 0/0/0/0/5 INPUT 3 1 0 v:124
22/08/2020 8:27:57 PM,252 Event OK
22/08/2020 8:27:58 PM,EVENT 58873 1598123819 0/0/0/0/11 INPUT 3 0 54 v:124
22/08/2020 8:27:58 PM,252 Event OK
22/08/2020 8:27:58 PM,EVENT 58874 1598123825 0/0/0/0/2 INPUT 7 1 0 v:124
22/08/2020 8:27:58 PM,252 Event OK
22/08/2020 8:27:59 PM,EVENT 58875 1598123825 0/0/0/0/2 INPUT 8 0 187 v:124
22/08/2020 8:27:59 PM,252 Event OK
22/08/2020 8:28:00 PM,EVENT 58876 1598123826 0/0/0/0/0 INPUT 1 1 0 v:124
22/08/2020 8:28:00 PM,252 Event OK
22/08/2020 8:28:00 PM,EVENT 58877 1598123828 0/0/0/0/0 INPUT 4 0 176 v:124
22/08/2020 8:28:00 PM,252 Event OK
22/08/2020 8:28:01 PM,EVENT 58878 1598123828 0/0/0/0/0 INPUT 4 1 0 v:124
22/08/2020 8:28:01 PM,252 Event OK
22/08/2020 8:28:02 PM,EVENT 58879 1598123830 0/0/0/0/0 TRIP 58861 81 97 6 6 184 v:124
22/08/2020 8:28:02 PM,252 Event OK
22/08/2020 8:28:03 PM,EVENT 58880 1598123831 0/0/0/0/0 INPUT 4 0 2 v:124
22/08/2020 8:28:03 PM,252 Event OK
22/08/2020 8:28:03 PM,EVENT 58881 1598123884 0/0/0/0/0 REPORT * 0 0 v:124
22/08/2020 8:28:03 PM,252 Event OK
22/08/2020 8:28:04 PM,EVENT 58882 1598125694 0/0/0/0/0 SWSTART OpusFC 5.0.58.518 R v:124
22/08/2020 8:28:04 PM,252 Event OK
22/08/2020 8:28:05 PM,EVENT 58883 1598123830 0/0/0/0/0 POWERDOWN v:124
22/08/2020 8:28:05 PM,252 Event OK
22/08/2020 8:28:06 PM,EVENT 58884 1598125694 0/0/0/0/0 INPUT 1 1 0 v:124
22/08/2020 8:28:06 PM,252 Event OK
22/08/2020 8:28:07 PM,EVENT 58885 1598125694 0/0/0/0/0 INPUT 2 0 0 v:124
22/08/2020 8:28:07 PM,252 Event OK
22/08/2020 8:28:07 PM,EVENT 58886 1598125694 0/0/0/0/0 INPUT 3 0 0 v:124
22/08/2020 8:28:07 PM,252 Event OK
22/08/2020 8:28:08 PM,EVENT 58887 1598125694 0/0/0/0/0 INPUT 4 0 0 v:124
22/08/2020 8:28:08 PM,252 Event OK
22/08/2020 8:28:09 PM,EVENT 58888 1598125694 0/0/0/0/0 INPUT 7 0 0 v:124
22/08/2020 8:28:09 PM,252 Event OK
22/08/2020 8:28:10 PM,EVENT 58889 1598125694 0/0/0/0/0 INPUT 8 1 0 v:124
22/08/2020 8:28:10 PM,252 Event OK
22/08/2020 8:28:10 PM,EVENT 58890 1598125696 0/0/0/0/0 ZONE_OK 2 100 FW=NO VERSION v:124
22/08/2020 8:28:10 PM,252 Event OK
22/08/2020 8:28:11 PM,EVENT 58891 1598125700 0/0/0/0/0 SIGNON * 0 NOCARD 26 0 270988 v:124
22/08/2020 8:28:11 PM,252 Event OK
22/08/2020 8:28:12 PM,EVENT 58892 1598125711 0/0/0/99/0 SIGNON 2505 03b1f6ce OK 26 270498 0 v:124
22/08/2020 8:28:12 PM,252 Event OK
22/08/2020 8:28:13 PM,EVENT 58893 1598125716 0/0/0/99/0 INPUT 7 1 0 v:124
22/08/2020 8:28:13 PM,252 Event OK
22/08/2020 8:28:14 PM,EVENT 58894 1598125717 0/0/0/99/0 INPUT 4 1 0 v:124
22/08/2020 8:28:14 PM,252 Event OK
22/08/2020 8:28:14 PM,EVENT 58895 1598125717 0/0/0/99/0 INPUT 1 0 22 v:124
22/08/2020 8:28:14 PM,252 Event OK
22/08/2020 8:28:15 PM,EVENT 58896 1598125717 0/0/0/99/0 INPUT 7 0 2 v:124
22/08/2020 8:28:15 PM,252 Event OK
22/08/2020 8:28:16 PM,EVENT 58897 1598125750 0/0/0/0/3 INPUT 3 1 0 v:124
22/08/2020 8:28:16 PM,252 Event OK
22/08/2020 8:28:16 PM,EVENT 58898 1598125805 0/0/0/0/26 ZONEOVERSPEED 58892 16 35 1 v:124
22/08/2020 8:28:16 PM,252 Event OK
22/08/2020 8:28:17 PM,EVENT 58899 1598125887 0/0/0/0/9 INPUT 3 0 138 v:124
22/08/2020 8:28:17 PM,252 Event OK
22/08/2020 8:28:18 PM,EVENT 58900 1598125893 0/0/0/0/7 INPUT 3 1 0 v:124
22/08/2020 8:28:18 PM,252 Event OK
22/08/2020 8:28:19 PM,EVENT 58901 1598125897 0/0/0/0/11 INPUT 3 0 3 v:124
22/08/2020 8:28:19 PM,252 Event OK
22/08/2020 8:28:19 PM,EVENT 58902 1598125901 0/0/0/0/5 INPUT 3 1 0 v:124
22/08/2020 8:28:19 PM,252 Event OK
22/08/2020 8:28:20 PM,EVENT 58903 1598125905 0/0/0/0/9 INPUT 3 0 4 v:124
22/08/2020 8:28:20 PM,252 Event OK
22/08/2020 8:28:21 PM,EVENT 58904 1598125916 0/0/0/0/0 INPUT 4 0 200 v:124
22/08/2020 8:28:21 PM,252 Event OK
22/08/2020 8:28:21 PM,EVENT 58905 1598125917 0/0/0/0/0 INPUT 4 1 0 v:124
22/08/2020 8:28:21 PM,252 Event OK
22/08/2020 8:28:22 PM,EVENT 58906 1598125920 0/0/0/0/2 INPUT 4 0 4 v:124
22/08/2020 8:28:22 PM,252 Event OK
22/08/2020 8:28:23 PM,EVENT 58907 1598125920 0/0/0/0/2 INPUT 4 1 0 v:124
22/08/2020 8:28:23 PM,252 Event OK
22/08/2020 8:28:23 PM,EVENT 58908 1598125972 0/0/0/0/1 INPUT 4 0 52 v:124
22/08/2020 8:28:23 PM,252 Event OK
22/08/2020 8:28:24 PM,EVENT 58909 1598125972 0/0/0/0/1 INPUT 4 1 0 v:124
22/08/2020 8:28:24 PM,252 Event OK
22/08/2020 8:28:25 PM,EVENT 58910 1598125976 0/0/0/0/0 INPUT 4 0 4 v:124
22/08/2020 8:28:25 PM,252 Event OK
22/08/2020 8:28:25 PM,EVENT 58911 1598125976 0/0/0/0/0 INPUT 4 1 0 v:124
22/08/2020 8:28:25 PM,252 Event OK
22/08/2020 8:28:26 PM,EVENT 58912 1598125980 0/0/0/0/2 INPUT 4 0 4 v:124
22/08/2020 8:28:26 PM,252 Event OK
22/08/2020 8:28:27 PM,EVENT 58913 1598125981 0/0/0/0/2 INPUT 4 1 0 v:124
22/08/2020 8:28:27 PM,252 Event OK
22/08/2020 8:28:28 PM,EVENT 58914 1598125989 0/0/0/0/0 INPUT 4 0 9 v:124
22/08/2020 8:28:28 PM,252 Event OK
22/08/2020 8:28:28 PM,EVENT 58915 1598125989 0/0/0/0/0 INPUT 4 1 0 v:124
22/08/2020 8:28:28 PM,252 Event OK
22/08/2020 8:28:29 PM,EVENT 58916 1598125997 0/0/0/0/0 INPUT 7 1 0 v:124
22/08/2020 8:28:29 PM,252 Event OK
22/08/2020 8:28:30 PM,EVENT 58917 1598125997 0/0/0/0/0 INPUT 8 0 303 v:124
22/08/2020 8:28:30 PM,252 Event OK
22/08/2020 8:28:30 PM,EVENT 58918 1598125998 0/0/0/0/0 INPUT 1 1 0 v:124
22/08/2020 8:28:30 PM,252 Event OK
22/08/2020 8:28:31 PM,EVENT 58919 1598125999 0/0/0/0/0 INPUT 4 0 10 v:124
22/08/2020 8:28:31 PM,252 Event OK
22/08/2020 8:28:32 PM,EVENT 58920 1598126001 0/0/0/0/0 REPORT 58892 0 0 v:124
22/08/2020 8:28:32 PM,252 Event OK
22/08/2020 8:28:33 PM,EVENT 58921 1598126002 0/0/0/0/0 TRIP 58892 145 138 9 6 292 v:124
22/08/2020 8:28:33 PM,252 Event OK
22/08/2020 8:28:33 PM,EVENT 58922 1598126002 0/0/0/0/0 TRIPSUMMARY 58892 v:124
22/08/2020 8:28:33 PM,252 Event OK
22/08/2020 8:28:34 PM,EVENT 58923 1598126137 0/0/0/0/0 INPUT 8 1 0 v:124
22/08/2020 8:28:34 PM,252 Event OK
22/08/2020 8:28:34 PM,EVENT 58924 1598126137 0/0/0/0/0 INPUT 7 0 139 v:124
22/08/2020 8:28:34 PM,252 Event OK
22/08/2020 8:28:35 PM,EVENT 58925 1598126146 0/0/0/0/0 SIGNON 2505 03b1f6ce OK 26 270498 0 v:124
22/08/2020 8:28:35 PM,252 Event OK
22/08/2020 8:28:36 PM,EVENT 58926 1598126152 0/0/0/0/0 INPUT 7 1 0 v:124
22/08/2020 8:28:36 PM,252 Event OK
22/08/2020 8:28:36 PM,EVENT 58927 1598126152 0/0/0/0/0 INPUT 7 0 0 v:124
22/08/2020 8:28:36 PM,252 Event OK
22/08/2020 8:28:37 PM,EVENT 58928 1598126153 0/0/0/0/0 INPUT 1 0 154 v:124
22/08/2020 8:28:37 PM,252 Event OK
22/08/2020 8:28:37 PM,EVENT 58929 1598126153 0/0/0/0/0 INPUT 4 1 0 v:124
22/08/2020 8:28:37 PM,252 Event OK
22/08/2020 8:28:38 PM,EVENT 58930 1598126159 0/0/0/0/8 INPUT 3 1 0 v:124
22/08/2020 8:28:38 PM,252 Event OK
22/08/2020 8:28:39 PM,EVENT 58931 1598126160 0/0/0/0/9 INPUT 3 0 0 v:124
22/08/2020 8:28:39 PM,252 Event OK
22/08/2020 8:28:39 PM,EVENT 58932 1598126203 0/0/0/0/6 INPUT 3 1 0 v:124
22/08/2020 8:28:39 PM,252 Event OK
22/08/2020 8:28:40 PM,EVENT 58933 1598126205 0/0/0/0/9 INPUT 3 0 2 v:124
22/08/2020 8:28:40 PM,252 Event OK
22/08/2020 8:28:40 PM,EVENT 58934 1598126206 0/0/0/0/7 INPUT 7 1 0 v:124
22/08/2020 8:28:40 PM,252 Event OK
22/08/2020 8:28:41 PM,EVENT 58935 1598126206 0/0/0/0/7 INPUT 8 0 69 v:124
22/08/2020 8:28:41 PM,252 Event OK
22/08/2020 8:28:42 PM,EVENT 58936 1598126206 0/0/0/0/6 INPUT 4 0 54 v:124
22/08/2020 8:28:42 PM,252 Event OK
22/08/2020 8:28:42 PM,EVENT 58937 1598126207 0/0/0/0/3 INPUT 4 1 0 v:124
22/08/2020 8:28:42 PM,252 Event OK
22/08/2020 8:28:43 PM,EVENT 58938 1598126207 0/0/0/0/2 INPUT 1 1 0 v:124
22/08/2020 8:28:43 PM,252 Event OK
22/08/2020 8:28:44 PM,EVENT 58939 1598126210 0/0/0/0/0 TRIP 58925 2 56 6 6 64 v:124
22/08/2020 8:28:44 PM,252 Event OK
22/08/2020 8:28:44 PM,EVENT 58940 1598126211 0/0/0/0/0 INPUT 4 0 4 v:124
22/08/2020 8:28:44 PM,252 Event OK
22/08/2020 8:28:45 PM,EVENT 58941 1598126619 0/0/0/0/0 INPUT 8 1 0 v:124
22/08/2020 8:28:45 PM,252 Event OK
22/08/2020 8:28:46 PM,EVENT 58942 1598126619 0/0/0/0/0 INPUT 7 0 413 v:124
22/08/2020 8:28:46 PM,252 Event OK
22/08/2020 8:28:46 PM,EVENT 58943 1598126629 0/0/0/0/0 SIGNON 2505 03b1f6ce OK 26 270498 0 v:124
22/08/2020 8:28:46 PM,252 Event OK
22/08/2020 8:28:47 PM,EVENT 58944 1598126633 0/0/0/0/0 INPUT 3 1 0 v:124
22/08/2020 8:28:47 PM,252 Event OK
22/08/2020 8:28:48 PM,EVENT 58945 1598126635 0/0/0/0/11 INPUT 1 0 428 v:124
22/08/2020 8:28:48 PM,252 Event OK
22/08/2020 8:28:48 PM,EVENT 58946 1598126635 0/0/0/0/11 INPUT 3 0 3 v:124
22/08/2020 8:28:48 PM,252 Event OK
22/08/2020 8:28:49 PM,EVENT 58947 1598126635 0/0/0/0/10 INPUT 3 1 0 v:124
22/08/2020 8:28:49 PM,252 Event OK
22/08/2020 8:28:49 PM,EVENT 58948 1598126635 0/0/0/0/10 INPUT 4 1 0 v:124
22/08/2020 8:28:49 PM,252 Event OK
22/08/2020 8:28:50 PM,EVENT 58949 1598126638 0/0/0/0/10 INPUT 3 0 2 v:124
22/08/2020 8:28:50 PM,252 Event OK
22/08/2020 8:28:51 PM,EVENT 58950 1598126647 0/0/0/0/6 INPUT 3 1 0 v:124
22/08/2020 8:28:51 PM,252 Event OK
22/08/2020 8:28:51 PM,EVENT 58951 1598126659 0/0/0/0/10 INPUT 3 0 13 v:124
22/08/2020 8:28:51 PM,252 Event OK
22/08/2020 8:28:52 PM,EVENT 58952 1598126717 0/0/0/0/0 INPUT 4 0 82 v:124
22/08/2020 8:28:52 PM,252 Event OK
22/08/2020 8:28:52 PM,EVENT 58953 1598126717 0/0/0/0/0 INPUT 4 1 0 v:124
22/08/2020 8:28:52 PM,252 Event OK
22/08/2020 8:28:53 PM,EVENT 58954 1598126745 0/0/0/99/7 INPUT 3 1 0 v:124
22/08/2020 8:28:53 PM,252 Event OK
22/08/2020 8:28:54 PM,EVENT 58955 1598126746 0/0/0/99/9 INPUT 3 0 2 v:124
22/08/2020 8:28:54 PM,252 Event OK
22/08/2020 8:28:54 PM,EVENT 58956 1598126768 0/0/0/0/3 INPUT 4 0 51 v:124
22/08/2020 8:28:54 PM,252 Event OK
22/08/2020 8:28:55 PM,EVENT 58957 1598126768 0/0/0/0/3 INPUT 4 1 0 v:124
22/08/2020 8:28:55 PM,252 Event OK
22/08/2020 8:28:55 PM,EVENT 58958 1598126772 0/0/0/0/3 INPUT 4 0 4 v:124
22/08/2020 8:28:55 PM,252 Event OK
22/08/2020 8:28:56 PM,EVENT 58959 1598126773 0/0/0/0/2 INPUT 4 1 0 v:124
22/08/2020 8:28:56 PM,252 Event OK
22/08/2020 8:28:56 PM,EVENT 58960 1598126807 0/0/0/0/0 INPUT 4 0 35 v:124
22/08/2020 8:28:56 PM,252 Event OK
22/08/2020 8:28:57 PM,EVENT 58961 1598126807 0/0/0/0/0 INPUT 4 1 0 v:124
22/08/2020 8:28:57 PM,252 Event OK
22/08/2020 8:28:58 PM,EVENT 58962 1598126848 0/0/0/0/6 INPUT 3 1 0 v:124
22/08/2020 8:28:58 PM,252 Event OK
22/08/2020 8:28:58 PM,EVENT 58963 1598127149 0/0/0/0/10 INPUT 3 0 301 v:124
22/08/2020 8:28:58 PM,252 Event OK
22/08/2020 8:28:59 PM,EVENT 58964 1598127233 0/0/0/0/4 INPUT 4 0 426 v:124
22/08/2020 8:28:59 PM,252 Event OK
22/08/2020 8:28:59 PM,EVENT 58965 1598127233 0/0/0/0/4 INPUT 4 1 0 v:124
22/08/2020 8:28:59 PM,252 Event OK
22/08/2020 8:29:00 PM,EVENT 58966 1598127241 0/0/0/0/2 INPUT 3 1 0 v:124
22/08/2020 8:29:00 PM,252 Event OK
22/08/2020 8:29:00 PM,EVENT 58967 1598127250 0/0/0/0/11 INPUT 3 0 9 v:124
22/08/2020 8:29:00 PM,252 Event OK
22/08/2020 8:29:01 PM,EVENT 58968 1598127302 0/0/0/0/6 INPUT 3 1 0 v:124
22/08/2020 8:29:01 PM,252 Event OK
22/08/2020 8:29:02 PM,EVENT 58969 1598127831 0/0/0/0/26 REPORT 58943 0 0 v:124
22/08/2020 8:29:02 PM,252 Event OK
22/08/2020 8:29:02 PM,EVENT 58970 1598128021 0/0/0/2/10 INPUT 3 0 719 v:124
22/08/2020 8:29:02 PM,252 Event OK
22/08/2020 8:29:03 PM,EVENT 58971 1598128055 -310121660/1219228915/1110/3/0 INPUT 4 0 822 v:124
22/08/2020 8:29:03 PM,252 Event OK
22/08/2020 8:29:04 PM,EVENT 58972 1598128055 -310121639/1219228959/1097/3/0 INPUT 4 1 0 v:124
22/08/2020 8:29:04 PM,252 Event OK
22/08/2020 8:29:04 PM,EVENT 58973 1598128059 -310121405/1219229316/1023/3/5 INPUT 3 1 0 v:123
22/08/2020 8:29:04 PM,252 Event OK
22/08/2020 8:29:05 PM,EVENT 58974 1598128101 -310123552/1219230880/851/9/12 INPUT 3 0 42 v:124
22/08/2020 8:29:05 PM,252 Event OK
22/08/2020 8:29:06 PM,EVENT 58975 1598128120 -310124422/1219229617/879/9/2 INPUT 7 1 0 v:124
22/08/2020 8:29:06 PM,252 Event OK
22/08/2020 8:29:06 PM,EVENT 58976 1598128120 -310124422/1219229617/879/9/2 INPUT 8 0 1501 v:124
22/08/2020 8:29:06 PM,252 Event OK
22/08/2020 8:29:07 PM,EVENT 58977 1598128121 -310124423/1219229616/879/9/0 INPUT 1 1 0 v:124
22/08/2020 8:29:07 PM,252 Event OK
22/08/2020 8:29:08 PM,EVENT 58978 1598128123 -310124424/1219229618/883/6/0 INPUT 4 0 67 v:124
22/08/2020 8:29:08 PM,252 Event OK
22/08/2020 8:29:08 PM,EVENT 58979 1598128124 -310124428/1219229619/884/6/0 TRIP 58943 1091 399 6 4 1496 v:124
22/08/2020 8:29:08 PM,252 Event OK
22/08/2020 8:29:09 PM,QUIT
22/08/2020 8:29:09 PM,221 Session ended - goodbye
22/08/2020 9:13:41 PM,UNIT 9279
22/08/2020 9:13:41 PM,333 CHAL 97CF010
22/08/2020 9:13:41 PM,RESP 0A343353
22/08/2020 9:13:41 PM,230 Auth OK
22/08/2020 9:13:42 PM,TIME
22/08/2020 9:13:42 PM,211 TIME 1598130821
22/08/2020 9:13:42 PM,EVCOUNT 12
22/08/2020 9:13:42 PM,252 Event OK
22/08/2020 9:13:42 PM,TODO
22/08/2020 9:13:42 PM,125 TODO GETXML 2000 Operators 
225 Work list complete
22/08/2020 9:13:42 PM,GETXML
22/08/2020 9:13:42 PM,Binary data 4320 bytes
22/08/2020 9:13:42 PM,GOT Operators 4272 F36D7EA8
22/08/2020 9:13:42 PM,250 Download OK
22/08/2020 9:13:43 PM,EVENT 58980 1598130795 0/0/0/0/0 SWSTART OpusFC 5.0.58.518 R v:124
22/08/2020 9:13:43 PM,252 Event OK
22/08/2020 9:13:43 PM,EVENT 58981 1598128124 0/0/0/0/0 POWERDOWN v:124
22/08/2020 9:13:43 PM,252 Event OK
22/08/2020 9:13:44 PM,EVENT 58982 1598130795 0/0/0/0/0 INPUT 1 1 0 v:124
22/08/2020 9:13:44 PM,252 Event OK
22/08/2020 9:13:44 PM,EVENT 58983 1598130795 0/0/0/0/0 INPUT 2 0 0 v:124
22/08/2020 9:13:44 PM,252 Event OK
22/08/2020 9:13:44 PM,EVENT 58984 1598130795 0/0/0/0/0 INPUT 3 0 0 v:124
22/08/2020 9:13:44 PM,252 Event OK
22/08/2020 9:13:44 PM,EVENT 58985 1598130795 0/0/0/0/0 INPUT 4 0 0 v:124
22/08/2020 9:13:44 PM,252 Event OK
22/08/2020 9:13:44 PM,EVENT 58986 1598130795 0/0/0/0/0 INPUT 7 0 0 v:124
22/08/2020 9:13:44 PM,252 Event OK
22/08/2020 9:13:45 PM,EVENT 58987 1598130795 0/0/0/0/0 INPUT 8 1 0 v:124
22/08/2020 9:13:45 PM,252 Event OK
22/08/2020 9:13:45 PM,EVENT 58988 1598130797 0/0/0/0/0 ZONE_OK 2 100 FW=NO VERSION v:124
22/08/2020 9:13:45 PM,252 Event OK
22/08/2020 9:13:45 PM,EVENT 58989 1598130804 0/0/0/0/0 SIGNON 2505 03b1f6ce OK 26 270498 0 v:124
22/08/2020 9:13:45 PM,252 Event OK
22/08/2020 9:13:45 PM,EVENT 58990 1598130811 0/0/0/7/0 INPUT 1 0 15 v:124
22/08/2020 9:13:45 PM,252 Event OK
22/08/2020 9:13:46 PM,EVENT 58991 1598130811 0/0/0/7/0 INPUT 4 1 0 v:124
22/08/2020 9:13:46 PM,252 Event OK
22/08/2020 9:13:46 PM,QUIT
22/08/2020 9:13:46 PM,221 Session ended - goodbye
22/08/2020 9:14:26 PM,UNIT 9279
22/08/2020 9:14:26 PM,333 CHAL 1E43743
22/08/2020 9:14:27 PM,RESP 5F0CF5C2
22/08/2020 9:14:27 PM,230 Auth OK
22/08/2020 9:14:28 PM,TIME
22/08/2020 9:14:28 PM,211 TIME 1598130868
22/08/2020 9:14:28 PM,EVCOUNT 1
22/08/2020 9:14:28 PM,252 Event OK
22/08/2020 9:14:29 PM,TODO
22/08/2020 9:14:29 PM,226 Nothing to do
22/08/2020 9:14:30 PM,EVENT 58992 1598130861 -310124096/1219229463/1074/7/2 INPUT 3 1 0 v:124
22/08/2020 9:14:30 PM,252 Event OK
22/08/2020 9:14:30 PM,QUIT
22/08/2020 9:14:30 PM,221 Session ended - goodbye
22/08/2020 9:15:51 PM,UNIT 9279
22/08/2020 9:15:51 PM,333 CHAL 34FE2BD9
22/08/2020 9:15:52 PM,RESP 4BFA57F3
22/08/2020 9:15:52 PM,230 Auth OK
22/08/2020 9:15:53 PM,TIME
22/08/2020 9:15:53 PM,211 TIME 1598130953
22/08/2020 9:15:53 PM,EVCOUNT 1
22/08/2020 9:15:53 PM,252 Event OK
22/08/2020 9:15:54 PM,TODO
22/08/2020 9:15:54 PM,226 Nothing to do
22/08/2020 9:15:54 PM,EVENT 58993 1598130945 -310143269/1219232115/852/1/11 INPUT 3 0 85 v:124
22/08/2020 9:15:54 PM,252 Event OK
22/08/2020 9:15:55 PM,EVENT 58994 1598130950 -310143537/1219232104/835/1/0 INPUT 7 1 0 v:124
22/08/2020 9:15:55 PM,252 Event OK
22/08/2020 9:15:56 PM,EVENT 58995 1598130950 -310143537/1219232104/835/1/0 INPUT 8 0 154 v:124
22/08/2020 9:15:56 PM,252 Event OK
22/08/2020 9:15:57 PM,EVENT 58996 1598130950 -310143537/1219232104/835/1/0 INPUT 4 0 139 v:124
22/08/2020 9:15:57 PM,252 Event OK
22/08/2020 9:15:58 PM,EVENT 58997 1598130951 -310143534/1219232107/833/1/0 INPUT 4 1 0 v:124
22/08/2020 9:15:58 PM,252 Event OK
22/08/2020 9:15:59 PM,EVENT 58998 1598130951 -310143535/1219232111/832/1/0 INPUT 1 1 0 v:123
22/08/2020 9:15:59 PM,252 Event OK
22/08/2020 9:16:00 PM,EVENT 58999 1598130954 -310143523/1219232125/826/1/0 TRIP 58989 85 58 7 7 150 v:123
22/08/2020 9:16:00 PM,252 Event OK
22/08/2020 9:16:01 PM,EVENT 59000 1598130955 -310143521/1219232127/824/1/0 INPUT 4 0 4 v:124
22/08/2020 9:16:01 PM,252 Event OK
22/08/2020 9:16:01 PM,QUIT
22/08/2020 9:16:01 PM,221 Session ended - goodbye
22/08/2020 9:16:25 PM,UNIT 9279
22/08/2020 9:16:25 PM,333 CHAL 95DD366
22/08/2020 9:16:26 PM,RESP CF6DD580
22/08/2020 9:16:26 PM,230 Auth OK
22/08/2020 9:16:26 PM,TIME
22/08/2020 9:16:26 PM,211 TIME 1598130986
22/08/2020 9:16:27 PM,EVCOUNT 1
22/08/2020 9:16:27 PM,252 Event OK
22/08/2020 9:16:27 PM,TODO
22/08/2020 9:16:27 PM,226 Nothing to do
22/08/2020 9:16:28 PM,EVENT 59001 1598130980 -310143495/1219232202/781/5/0 REPORT * 0 180 v:124
22/08/2020 9:16:28 PM,252 Event OK
22/08/2020 9:16:29 PM,QUIT
22/08/2020 9:16:29 PM,221 Session ended - goodbye
22/08/2020 10:06:17 PM,UNIT 9279
22/08/2020 10:06:17 PM,333 CHAL EB46939
22/08/2020 10:06:17 PM,RESP 84CA4489
22/08/2020 10:06:17 PM,230 Auth OK
22/08/2020 10:06:18 PM,TIME
22/08/2020 10:06:18 PM,211 TIME 1598133978
22/08/2020 10:06:18 PM,EVCOUNT 15
22/08/2020 10:06:18 PM,252 Event OK
22/08/2020 10:06:18 PM,TODO
22/08/2020 10:06:18 PM,226 Nothing to do
22/08/2020 10:06:18 PM,EVENT 59002 1598133950 -310143495/1219232202/781/0/0 SWSTART OpusFC 5.0.58.518 R v:123
22/08/2020 10:06:18 PM,252 Event OK
22/08/2020 10:06:19 PM,EVENT 59003 1598130954 0/0/0/0/0 POWERDOWN v:123
22/08/2020 10:06:19 PM,252 Event OK
22/08/2020 10:06:19 PM,EVENT 59004 1598133950 0/0/0/0/0 INPUT 1 1 0 v:124
22/08/2020 10:06:19 PM,252 Event OK
22/08/2020 10:06:20 PM,EVENT 59005 1598133950 0/0/0/0/0 INPUT 2 0 0 v:123
22/08/2020 10:06:20 PM,252 Event OK
22/08/2020 10:06:20 PM,EVENT 59006 1598133950 0/0/0/0/0 INPUT 3 0 0 v:123
22/08/2020 10:06:20 PM,252 Event OK
22/08/2020 10:06:20 PM,EVENT 59007 1598133950 0/0/0/0/0 INPUT 4 0 0 v:123
22/08/2020 10:06:20 PM,252 Event OK
22/08/2020 10:06:23 PM,EVENT 59008 1598133950 0/0/0/0/0 INPUT 7 0 0 v:123
22/08/2020 10:06:23 PM,252 Event OK
22/08/2020 10:06:26 PM,EVENT 59009 1598133950 0/0/0/0/0 INPUT 8 1 0 v:123
22/08/2020 10:06:26 PM,252 Event OK
22/08/2020 10:06:37 PM,EVENT 59010 1598133952 0/0/0/0/0 ZONE_OK 2 100 FW=NO VERSION v:123
22/08/2020 10:06:37 PM,252 Event OK
22/08/2020 10:06:42 PM,EVENT 59011 1598133961 -310143550/1219232045/3740/0/3 SIGNON 2466 03f9f6ce OK_CL 26 30498 0 v:123
22/08/2020 10:06:42 PM,252 Event OK
22/08/2020 10:06:42 PM,EVENT 59012 1598133968 -310143662/1219232083/1971/7/1 CHECKLIST 59011 OK 0 7 432 F v:124
22/08/2020 10:06:42 PM,252 Event OK
22/08/2020 10:06:43 PM,EVENT 59013 1598133972 -310143715/1219232111/1607/7/0 INPUT 7 1 0 v:124
22/08/2020 10:06:43 PM,252 Event OK
22/08/2020 10:06:44 PM,EVENT 59014 1598133972 -310143715/1219232111/1607/7/0 INPUT 8 0 21 v:123
22/08/2020 10:06:44 PM,252 Event OK
22/08/2020 10:06:45 PM,EVENT 59015 1598133972 -310143720/1219232115/1578/7/0 INPUT 8 1 0 v:123
22/08/2020 10:06:45 PM,252 Event OK
22/08/2020 10:06:46 PM,EVENT 59016 1598133973 -310143720/1219232115/1578/7/1 INPUT 7 0 1 v:123
22/08/2020 10:06:46 PM,252 Event OK
22/08/2020 10:06:47 PM,EVENT 59017 1598133979 -310143753/1219232137/1330/7/0 INPUT 1 0 28 v:123
22/08/2020 10:06:47 PM,252 Event OK
22/08/2020 10:06:48 PM,EVENT 59018 1598133979 -310143753/1219232137/1330/7/0 INPUT 4 1 0 v:123
22/08/2020 10:06:48 PM,252 Event OK
22/08/2020 10:06:49 PM,EVENT 59019 1598133998 -310143009/1219231734/923/7/0 INPUT 4 0 19 v:123
22/08/2020 10:06:49 PM,252 Event OK
22/08/2020 10:06:51 PM,EVENT 59020 1598133998 -310143024/1219231764/915/7/0 INPUT 4 1 0 v:123
22/08/2020 10:06:51 PM,252 Event OK
22/08/2020 10:06:52 PM,EVENT 59021 1598133999 -310143064/1219231842/907/7/2 INPUT 3 1 0 v:123
22/08/2020 10:06:52 PM,252 Event OK
22/08/2020 10:06:52 PM,QUIT
22/08/2020 10:06:52 PM,221 Session ended - goodbye
22/08/2020 10:13:58 PM,UNIT 9279
22/08/2020 10:13:58 PM,333 CHAL 5C5D319
22/08/2020 10:13:58 PM,RESP 0B35C214
22/08/2020 10:13:58 PM,230 Auth OK
22/08/2020 10:13:59 PM,TIME
22/08/2020 10:13:59 PM,211 TIME 1598134439
22/08/2020 10:14:17 PM,EVCOUNT 9
22/08/2020 10:14:17 PM,252 Event OK
22/08/2020 10:14:17 PM,TODO
22/08/2020 10:14:17 PM,226 Nothing to do
22/08/2020 10:14:18 PM,EVENT 59022 1598134077 -310121208/1219229800/859/8/10 INPUT 3 0 78 v:124
22/08/2020 10:14:18 PM,252 Event OK
22/08/2020 10:14:19 PM,EVENT 59023 1598134078 -310121269/1219229733/871/8/5 INPUT 4 0 80 v:124
22/08/2020 10:14:19 PM,252 Event OK
23/08/2020 8:50:45 AM,UNIT 9279
23/08/2020 8:50:45 AM,333 CHAL 7B942C54
23/08/2020 8:50:46 AM,RESP B5C8FFA1
23/08/2020 8:50:46 AM,230 Auth OK
23/08/2020 8:50:46 AM,TIME
23/08/2020 8:50:46 AM,211 TIME 1598172646
23/08/2020 8:50:46 AM,EVCOUNT 147
23/08/2020 8:50:46 AM,252 Event OK
23/08/2020 8:50:46 AM,TODO
23/08/2020 8:50:46 AM,226 Nothing to do
23/08/2020 8:50:47 AM,EVENT 59024 1598134078 -310121274/1219229733/873/8/4 INPUT 4 1 0 v:124
23/08/2020 8:50:47 AM,252 Event OK
23/08/2020 8:50:47 AM,EVENT 59025 1598134079 -310121276/1219229735/874/8/1 INPUT 7 1 0 v:123
23/08/2020 8:50:47 AM,252 Event OK
23/08/2020 8:50:48 AM,EVENT 59026 1598134079 -310121276/1219229735/874/8/1 INPUT 8 0 107 v:123
23/08/2020 8:50:48 AM,252 Event OK
23/08/2020 8:50:48 AM,EVENT 59027 1598134080 -310121280/1219229741/880/8/0 INPUT 1 1 0 v:123
23/08/2020 8:50:48 AM,252 Event OK
23/08/2020 8:50:49 AM,EVENT 59028 1598134081 -310121281/1219229745/883/8/0 INPUT 4 0 3 v:123
23/08/2020 8:50:49 AM,252 Event OK
23/08/2020 8:50:49 AM,EVENT 59029 1598134084 -310121289/1219229768/898/8/0 TRIP 59011 78 24 17 14 119 v:123
23/08/2020 8:50:49 AM,252 Event OK
23/08/2020 8:50:49 AM,EVENT 59030 1598134135 -310121287/1219229820/967/0/0 REPORT * 0 224 v:124
23/08/2020 8:50:49 AM,252 Event OK
23/08/2020 8:50:50 AM,EVENT 59031 1598135029 -310121258/1219229891/885/0/0 INPUT 7 0 949 v:124
23/08/2020 8:50:50 AM,252 Event OK
23/08/2020 8:50:50 AM,EVENT 59032 1598135029 -310121258/1219229891/885/0/0 INPUT 8 1 0 v:124
23/08/2020 8:50:50 AM,252 Event OK
23/08/2020 8:50:50 AM,EVENT 59033 1598135038 -310121224/1219229780/884/0/0 SIGNON 2466 03f9f6ce OK 26 30498 0 v:124
23/08/2020 8:50:50 AM,252 Event OK
23/08/2020 8:50:50 AM,EVENT 59034 1598135046 -310121206/1219229720/884/0/0 INPUT 1 0 965 v:124
23/08/2020 8:50:50 AM,252 Event OK
23/08/2020 8:50:51 AM,EVENT 59035 1598135046 -310121206/1219229716/884/0/0 INPUT 4 1 0 v:124
23/08/2020 8:50:51 AM,252 Event OK
23/08/2020 8:50:51 AM,EVENT 59036 1598135057 -310121459/1219229407/881/0/6 INPUT 3 1 0 v:124
23/08/2020 8:50:51 AM,252 Event OK
23/08/2020 8:50:51 AM,EVENT 59037 1598135825 0/0/0/0/16 INPUT 3 0 768 v:124
23/08/2020 8:50:51 AM,252 Event OK
23/08/2020 8:50:52 AM,EVENT 59038 1598135855 0/0/0/0/0 INPUT 7 1 0 v:124
23/08/2020 8:50:52 AM,252 Event OK
23/08/2020 8:50:52 AM,EVENT 59039 1598135855 0/0/0/0/0 INPUT 8 0 826 v:124
23/08/2020 8:50:52 AM,252 Event OK
23/08/2020 8:50:52 AM,EVENT 59040 1598135855 0/0/0/0/0 INPUT 4 0 809 v:124
23/08/2020 8:50:52 AM,252 Event OK
23/08/2020 8:50:52 AM,EVENT 59041 1598135855 0/0/0/0/0 INPUT 4 1 0 v:124
23/08/2020 8:50:52 AM,252 Event OK
23/08/2020 8:50:53 AM,EVENT 59042 1598135856 0/0/0/0/0 INPUT 1 1 0 v:124
23/08/2020 8:50:53 AM,252 Event OK
23/08/2020 8:50:53 AM,EVENT 59043 1598135857 0/0/0/0/0 INPUT 4 0 2 v:124
23/08/2020 8:50:53 AM,252 Event OK
23/08/2020 8:50:53 AM,EVENT 59044 1598135859 0/0/0/0/0 TRIP 59033 768 43 11 9 822 v:123
23/08/2020 8:50:53 AM,252 Event OK
23/08/2020 8:50:54 AM,EVENT 59045 1598136090 0/0/0/0/0 INPUT 8 1 0 v:124
23/08/2020 8:50:54 AM,252 Event OK
23/08/2020 8:50:54 AM,EVENT 59046 1598136091 0/0/0/0/0 INPUT 7 0 236 v:124
23/08/2020 8:50:54 AM,252 Event OK
23/08/2020 8:50:55 AM,EVENT 59047 1598136095 0/0/0/0/0 SIGNON * 0 NOCARD 26 0 030489 v:124
23/08/2020 8:50:55 AM,252 Event OK
23/08/2020 8:50:59 AM,EVENT 59048 1598136108 0/0/0/0/0 SIGNON 2466 03f9f6ce OK 26 30498 0 v:124
23/08/2020 8:50:59 AM,252 Event OK
23/08/2020 8:51:00 AM,EVENT 59049 1598136114 0/0/0/0/0 INPUT 1 0 258 v:124
23/08/2020 8:51:00 AM,252 Event OK
23/08/2020 8:51:00 AM,EVENT 59050 1598136115 0/0/0/0/0 INPUT 4 1 0 v:124
23/08/2020 8:51:00 AM,252 Event OK
23/08/2020 8:51:01 AM,EVENT 59051 1598136118 0/0/0/0/0 INPUT 4 0 4 v:124
23/08/2020 8:51:01 AM,252 Event OK
23/08/2020 8:51:01 AM,EVENT 59052 1598136118 0/0/0/0/0 INPUT 4 1 0 v:124
23/08/2020 8:51:01 AM,252 Event OK
23/08/2020 8:51:03 AM,EVENT 59053 1598136124 0/0/0/0/6 INPUT 3 1 0 v:124
23/08/2020 8:51:03 AM,252 Event OK
23/08/2020 8:51:03 AM,EVENT 59054 1598136148 0/0/0/0/17 REPORT 59048 0 0 v:124
23/08/2020 8:51:03 AM,252 Event OK
23/08/2020 8:51:04 AM,EVENT 59055 1598136225 0/0/0/0/10 INPUT 3 0 100 v:124
23/08/2020 8:51:04 AM,252 Event OK
23/08/2020 8:51:04 AM,EVENT 59056 1598136263 0/0/0/0/3 INPUT 4 0 145 v:124
23/08/2020 8:51:04 AM,252 Event OK
23/08/2020 8:51:04 AM,EVENT 59057 1598136263 0/0/0/0/3 INPUT 4 1 0 v:124
23/08/2020 8:51:04 AM,252 Event OK
23/08/2020 8:51:05 AM,EVENT 59058 1598136271 0/0/0/0/8 INPUT 3 1 0 v:124
23/08/2020 8:51:05 AM,252 Event OK
23/08/2020 8:51:05 AM,EVENT 59059 1598136612 0/0/0/0/10 INPUT 3 0 342 v:124
23/08/2020 8:51:05 AM,252 Event OK
23/08/2020 8:51:08 AM,EVENT 59060 1598136621 0/0/0/0/4 INPUT 4 0 358 v:124
23/08/2020 8:51:08 AM,252 Event OK
23/08/2020 8:51:08 AM,EVENT 59061 1598136621 0/0/0/0/4 INPUT 4 1 0 v:124
23/08/2020 8:51:08 AM,252 Event OK
23/08/2020 8:51:09 AM,EVENT 59062 1598136629 0/0/0/99/3 INPUT 4 0 8 v:124
23/08/2020 8:51:09 AM,252 Event OK
23/08/2020 8:51:09 AM,EVENT 59063 1598136629 0/0/0/99/3 INPUT 4 1 0 v:124
23/08/2020 8:51:09 AM,252 Event OK
23/08/2020 8:51:09 AM,EVENT 59064 1598136636 0/0/0/0/3 INPUT 3 1 0 v:124
23/08/2020 8:51:09 AM,252 Event OK
23/08/2020 8:51:10 AM,EVENT 59065 1598136682 0/0/0/0/10 INPUT 3 0 46 v:124
23/08/2020 8:51:10 AM,252 Event OK
23/08/2020 8:51:10 AM,EVENT 59066 1598136685 0/0/0/0/7 INPUT 3 1 0 v:124
23/08/2020 8:51:10 AM,252 Event OK
23/08/2020 8:51:13 AM,EVENT 59067 1598136697 0/0/0/0/9 INPUT 3 0 13 v:124
23/08/2020 8:51:13 AM,252 Event OK
23/08/2020 8:51:13 AM,EVENT 59068 1598136702 0/0/0/0/0 INPUT 7 1 0 v:124
23/08/2020 8:51:13 AM,252 Event OK
23/08/2020 8:51:13 AM,EVENT 59069 1598136702 0/0/0/0/0 INPUT 8 0 613 v:124
23/08/2020 8:51:13 AM,252 Event OK
23/08/2020 8:51:15 AM,EVENT 59070 1598136703 0/0/0/0/0 INPUT 1 1 0 v:124
23/08/2020 8:51:15 AM,252 Event OK
23/08/2020 8:51:15 AM,EVENT 59071 1598136706 0/0/0/0/0 INPUT 4 0 77 v:124
23/08/2020 8:51:15 AM,252 Event OK
23/08/2020 8:51:15 AM,EVENT 59072 1598136707 0/0/0/0/0 TRIP 59048 501 91 8 7 600 v:124
23/08/2020 8:51:15 AM,252 Event OK
23/08/2020 8:51:16 AM,EVENT 59073 1598136765 0/0/0/0/0 INPUT 8 1 0 v:124
23/08/2020 8:51:16 AM,252 Event OK
23/08/2020 8:51:16 AM,EVENT 59074 1598136766 0/0/0/0/0 INPUT 7 0 63 v:124
23/08/2020 8:51:16 AM,252 Event OK
23/08/2020 8:51:16 AM,EVENT 59075 1598136775 0/0/0/0/0 SIGNON 2531 03d1f6d6 OK 26 170494 0 v:124
23/08/2020 8:51:16 AM,252 Event OK
23/08/2020 8:51:17 AM,EVENT 59076 1598136781 0/0/0/0/0 INPUT 1 0 77 v:124
23/08/2020 8:51:17 AM,252 Event OK
23/08/2020 8:51:17 AM,EVENT 59077 1598136782 0/0/0/0/0 INPUT 4 1 0 v:124
23/08/2020 8:51:17 AM,252 Event OK
23/08/2020 8:51:17 AM,EVENT 59078 1598136807 0/0/0/0/0 INPUT 4 0 26 v:124
23/08/2020 8:51:17 AM,252 Event OK
23/08/2020 8:51:17 AM,EVENT 59079 1598136808 0/0/0/0/0 INPUT 4 1 0 v:124
23/08/2020 8:51:17 AM,252 Event OK
23/08/2020 8:51:18 AM,EVENT 59080 1598136809 0/0/0/0/4 INPUT 3 1 0 v:124
23/08/2020 8:51:18 AM,252 Event OK
23/08/2020 8:51:18 AM,EVENT 59081 1598136826 0/0/0/0/11 INPUT 3 0 17 v:124
23/08/2020 8:51:18 AM,252 Event OK
23/08/2020 8:51:20 AM,EVENT 59082 1598136838 0/0/0/0/5 INPUT 3 1 0 v:124
23/08/2020 8:51:20 AM,252 Event OK
23/08/2020 8:52:41 AM,UNIT 9279
23/08/2020 8:52:41 AM,333 CHAL 7CBD0DF
23/08/2020 8:52:41 AM,RESP B8A2F116
23/08/2020 8:52:41 AM,230 Auth OK
23/08/2020 8:52:41 AM,TIME
23/08/2020 8:52:41 AM,211 TIME 1598172761
23/08/2020 8:52:41 AM,EVCOUNT 89
23/08/2020 8:52:41 AM,252 Event OK
23/08/2020 8:52:42 AM,TODO
23/08/2020 8:52:42 AM,125 TODO GETXML 2000 Operators 
225 Work list complete
23/08/2020 8:52:42 AM,GETXML
23/08/2020 8:52:42 AM,Binary data 4320 bytes
23/08/2020 8:53:52 AM,GOT Operators 0 0
23/08/2020 8:53:52 AM,552 File data incorrect
23/08/2020 8:54:15 AM,UNIT 9279
23/08/2020 8:54:15 AM,333 CHAL 6FD2090B
23/08/2020 8:54:16 AM,RESP 5FB0FB6A
23/08/2020 8:54:16 AM,230 Auth OK
23/08/2020 8:54:16 AM,TIME
23/08/2020 8:54:16 AM,211 TIME 1598172856
23/08/2020 8:54:17 AM,EVCOUNT 89
23/08/2020 8:54:17 AM,252 Event OK
23/08/2020 8:54:18 AM,TODO
23/08/2020 8:54:18 AM,226 Nothing to do
23/08/2020 8:54:19 AM,EVENT 59082 1598136838 0/0/0/0/5 INPUT 3 1 0 v:124
23/08/2020 8:54:19 AM,253 Event OK - Duplicate
23/08/2020 8:54:20 AM,EVENT 59083 1598136913 0/0/0/0/14 INPUT 3 0 74 v:124
23/08/2020 8:54:20 AM,252 Event OK
23/08/2020 8:54:21 AM,EVENT 59084 1598136928 0/0/0/0/0 INPUT 7 1 0 v:124
23/08/2020 8:54:21 AM,252 Event OK
23/08/2020 8:54:22 AM,EVENT 59085 1598136928 0/0/0/0/0 INPUT 8 0 162 v:124
23/08/2020 8:54:22 AM,252 Event OK
23/08/2020 8:54:23 AM,EVENT 59086 1598136929 0/0/0/0/0 INPUT 1 1 0 v:124
23/08/2020 8:54:23 AM,252 Event OK
23/08/2020 8:54:24 AM,EVENT 59087 1598136929 0/0/0/0/0 INPUT 4 0 122 v:124
23/08/2020 8:54:24 AM,252 Event OK
23/08/2020 8:54:25 AM,EVENT 59088 1598136932 0/0/0/0/0 TRIP 59075 91 57 10 7 158 v:123
23/08/2020 8:54:25 AM,252 Event OK
23/08/2020 8:54:29 AM,EVENT 59089 1598136999 0/0/0/0/0 INPUT 8 1 0 v:123
23/08/2020 8:54:29 AM,252 Event OK
23/08/2020 8:54:30 AM,EVENT 59090 1598137000 0/0/0/0/0 INPUT 7 0 72 v:124
23/08/2020 8:54:30 AM,252 Event OK
23/08/2020 8:54:32 AM,EVENT 59091 1598137008 0/0/0/0/0 SIGNON 2531 03d1f6d6 OK 26 170494 0 v:124
23/08/2020 8:54:32 AM,252 Event OK
23/08/2020 8:54:33 AM,EVENT 59092 1598137014 0/0/0/0/0 INPUT 1 0 85 v:124
23/08/2020 8:54:33 AM,252 Event OK
23/08/2020 8:54:34 AM,EVENT 59093 1598137014 0/0/0/0/0 INPUT 4 1 0 v:124
23/08/2020 8:54:34 AM,252 Event OK
23/08/2020 8:54:35 AM,EVENT 59094 1598137045 0/0/0/0/3 INPUT 4 0 31 v:124
23/08/2020 8:54:35 AM,252 Event OK
23/08/2020 8:54:36 AM,EVENT 59095 1598137045 0/0/0/0/3 INPUT 4 1 0 v:124
23/08/2020 8:54:36 AM,252 Event OK
23/08/2020 8:54:37 AM,EVENT 59096 1598137048 0/0/0/0/1 INPUT 3 1 0 v:124
23/08/2020 8:54:37 AM,252 Event OK
23/08/2020 8:54:38 AM,EVENT 59097 1598137062 0/0/0/0/10 INPUT 3 0 13 v:124
23/08/2020 8:54:38 AM,252 Event OK
23/08/2020 8:54:39 AM,EVENT 59098 1598137063 0/0/0/0/5 INPUT 4 0 18 v:124
23/08/2020 8:54:39 AM,252 Event OK
23/08/2020 8:54:40 AM,EVENT 59099 1598137063 0/0/0/0/4 INPUT 4 1 0 v:124
23/08/2020 8:54:40 AM,252 Event OK
23/08/2020 8:54:41 AM,EVENT 59100 1598137064 0/0/0/0/1 INPUT 7 1 0 v:124
23/08/2020 8:54:41 AM,252 Event OK
23/08/2020 8:54:43 AM,EVENT 59101 1598137064 0/0/0/0/1 INPUT 8 0 65 v:124
23/08/2020 8:54:43 AM,252 Event OK
23/08/2020 8:54:44 AM,EVENT 59102 1598137065 0/0/0/0/0 INPUT 1 1 0 v:124
23/08/2020 8:54:44 AM,252 Event OK
23/08/2020 8:54:45 AM,EVENT 59103 1598137066 0/0/0/0/0 INPUT 4 0 3 v:124
23/08/2020 8:54:45 AM,252 Event OK
23/08/2020 8:54:46 AM,EVENT 59104 1598137069 0/0/0/0/0 TRIP 59091 13 39 10 7 62 v:124
23/08/2020 8:54:46 AM,252 Event OK
23/08/2020 8:54:48 AM,EVENT 59105 1598171176 0/0/0/0/0 SWSTART OpusFC 5.0.58.518 R v:124
23/08/2020 8:54:48 AM,252 Event OK
23/08/2020 8:54:49 AM,EVENT 59106 1598137069 0/0/0/0/0 POWERDOWN v:124
23/08/2020 8:54:49 AM,252 Event OK
23/08/2020 8:54:51 AM,EVENT 59107 1598171176 0/0/0/0/0 INPUT 1 1 0 v:123
23/08/2020 8:54:51 AM,252 Event OK
23/08/2020 8:54:52 AM,EVENT 59108 1598171176 0/0/0/0/0 INPUT 2 0 0 v:123
23/08/2020 8:54:52 AM,252 Event OK
23/08/2020 8:54:53 AM,EVENT 59109 1598171176 0/0/0/0/0 INPUT 3 0 0 v:123
23/08/2020 8:54:53 AM,252 Event OK
23/08/2020 8:54:54 AM,EVENT 59110 1598171176 0/0/0/0/0 INPUT 4 0 0 v:123
23/08/2020 8:54:54 AM,252 Event OK
23/08/2020 8:54:55 AM,EVENT 59111 1598171176 0/0/0/0/0 INPUT 7 0 0 v:123
23/08/2020 8:54:55 AM,252 Event OK
23/08/2020 8:54:56 AM,EVENT 59112 1598171176 0/0/0/0/0 INPUT 8 1 0 v:123
23/08/2020 8:54:56 AM,252 Event OK
23/08/2020 8:54:57 AM,EVENT 59113 1598171178 0/0/0/0/0 ZONE_OK 2 100 FW=NO VERSION v:123
23/08/2020 8:54:57 AM,252 Event OK
23/08/2020 8:54:58 AM,EVENT 59114 1598171186 0/0/0/0/0 SIGNON 2531 03d1f6d6 OK 26 170494 0 v:123
23/08/2020 8:54:58 AM,252 Event OK
23/08/2020 8:54:59 AM,EVENT 59115 1598171192 0/0/0/99/0 INPUT 4 1 0 v:124
23/08/2020 8:54:59 AM,252 Event OK
23/08/2020 8:55:00 AM,EVENT 59116 1598171193 0/0/0/99/0 INPUT 1 0 16 v:124
23/08/2020 8:55:00 AM,252 Event OK
23/08/2020 8:55:01 AM,EVENT 59117 1598171211 0/0/0/0/5 INPUT 3 1 0 v:124
23/08/2020 8:55:01 AM,252 Event OK
23/08/2020 8:55:02 AM,EVENT 59118 1598171221 0/0/0/0/12 INPUT 3 0 9 v:124
23/08/2020 8:55:02 AM,252 Event OK
23/08/2020 8:55:03 AM,EVENT 59119 1598171222 0/0/0/0/6 INPUT 4 0 30 v:124
23/08/2020 8:55:03 AM,252 Event OK
23/08/2020 8:55:04 AM,EVENT 59120 1598171222 0/0/0/0/5 INPUT 4 1 0 v:124
23/08/2020 8:55:04 AM,252 Event OK
23/08/2020 8:55:05 AM,EVENT 59121 1598171232 0/0/0/0/0 INPUT 4 0 10 v:124
23/08/2020 8:55:05 AM,252 Event OK
23/08/2020 8:55:07 AM,EVENT 59122 1598171233 0/0/0/0/0 INPUT 4 1 0 v:124
23/08/2020 8:55:07 AM,252 Event OK
23/08/2020 8:55:08 AM,EVENT 59123 1598171241 0/0/0/0/7 INPUT 3 1 0 v:124
23/08/2020 8:55:08 AM,252 Event OK
23/08/2020 8:55:08 AM,EVENT 59124 1598171243 0/0/0/0/9 INPUT 3 0 2 v:124
23/08/2020 8:55:08 AM,252 Event OK
23/08/2020 8:55:10 AM,EVENT 59125 1598171245 0/0/0/0/4 INPUT 3 1 0 v:124
23/08/2020 8:55:10 AM,252 Event OK
23/08/2020 8:55:11 AM,EVENT 59126 1598171287 0/0/0/0/17 INPUT 3 0 41 v:124
23/08/2020 8:55:11 AM,252 Event OK
23/08/2020 8:55:12 AM,EVENT 59127 1598171293 0/0/0/0/2 INPUT 3 1 0 v:124
23/08/2020 8:55:12 AM,252 Event OK
23/08/2020 8:55:13 AM,EVENT 59128 1598171303 0/0/0/0/11 INPUT 3 0 10 v:124
23/08/2020 8:55:13 AM,252 Event OK
23/08/2020 8:55:16 AM,EVENT 59129 1598171304 0/0/0/0/9 INPUT 3 1 0 v:124
23/08/2020 8:55:16 AM,252 Event OK
23/08/2020 8:55:17 AM,EVENT 59130 1598171310 0/0/0/0/10 INPUT 3 0 7 v:124
23/08/2020 8:55:17 AM,252 Event OK
23/08/2020 8:55:18 AM,EVENT 59131 1598171313 0/0/0/0/6 INPUT 4 0 81 v:124
23/08/2020 8:55:18 AM,252 Event OK
23/08/2020 8:55:19 AM,EVENT 59132 1598171313 0/0/0/0/6 INPUT 4 1 0 v:124
23/08/2020 8:55:19 AM,252 Event OK
23/08/2020 8:55:20 AM,EVENT 59133 1598171321 0/0/0/0/5 INPUT 4 0 8 v:124
23/08/2020 8:55:20 AM,252 Event OK
23/08/2020 8:55:21 AM,EVENT 59134 1598171321 0/0/0/0/4 INPUT 4 1 0 v:124
23/08/2020 8:55:21 AM,252 Event OK
23/08/2020 8:55:21 AM,EVENT 59135 1598171328 0/0/0/0/0 INPUT 4 0 7 v:124
23/08/2020 8:55:21 AM,252 Event OK
23/08/2020 8:55:22 AM,EVENT 59136 1598171328 0/0/0/0/0 INPUT 4 1 0 v:124
23/08/2020 8:55:22 AM,252 Event OK
23/08/2020 8:55:23 AM,EVENT 59137 1598171343 0/0/0/0/0 INPUT 4 0 15 v:124
23/08/2020 8:55:23 AM,252 Event OK
23/08/2020 8:55:56 AM,UNIT 9279
23/08/2020 8:55:56 AM,333 CHAL 514C73BB
23/08/2020 8:55:56 AM,RESP 85B8CFD5
23/08/2020 8:55:56 AM,230 Auth OK
23/08/2020 8:55:57 AM,TIME
23/08/2020 8:55:57 AM,211 TIME 1598172957
23/08/2020 8:56:06 AM,EVCOUNT 34
23/08/2020 8:56:06 AM,252 Event OK
23/08/2020 8:56:08 AM,TODO
23/08/2020 8:56:08 AM,226 Nothing to do
23/08/2020 8:56:09 AM,EVENT 59137 1598171343 0/0/0/0/0 INPUT 4 0 15 v:124
23/08/2020 8:56:09 AM,253 Event OK - Duplicate
23/08/2020 8:56:13 AM,EVENT 59138 1598171343 0/0/0/0/0 INPUT 4 1 0 v:124
23/08/2020 8:56:13 AM,252 Event OK
23/08/2020 8:56:42 AM,UNIT 9279
23/08/2020 8:56:42 AM,333 CHAL 32884070
23/08/2020 8:56:42 AM,RESP 61642245
23/08/2020 8:56:42 AM,230 Auth OK
23/08/2020 8:56:43 AM,TIME
23/08/2020 8:56:43 AM,211 TIME 1598173003
23/08/2020 8:56:44 AM,EVCOUNT 33
23/08/2020 8:56:44 AM,252 Event OK
23/08/2020 8:56:44 AM,TODO
23/08/2020 8:56:44 AM,226 Nothing to do
23/08/2020 8:56:45 AM,EVENT 59138 1598171343 0/0/0/0/0 INPUT 4 1 0 v:124
23/08/2020 8:56:45 AM,253 Event OK - Duplicate
23/08/2020 8:56:46 AM,EVENT 59139 1598171347 0/0/0/0/4 INPUT 3 1 0 v:124
23/08/2020 8:56:46 AM,252 Event OK
23/08/2020 8:56:46 AM,EVENT 59140 1598171399 0/0/0/0/11 INPUT 3 0 52 v:124
23/08/2020 8:56:46 AM,252 Event OK
23/08/2020 8:56:47 AM,EVENT 59141 1598171427 0/0/0/0/3 INPUT 4 0 84 v:124
23/08/2020 8:56:47 AM,252 Event OK
23/08/2020 8:56:47 AM,EVENT 59142 1598171427 0/0/0/0/3 INPUT 4 1 0 v:124
23/08/2020 8:56:47 AM,252 Event OK
23/08/2020 8:56:48 AM,EVENT 59143 1598171436 0/0/0/0/0 INPUT 4 0 9 v:124
23/08/2020 8:56:48 AM,252 Event OK
23/08/2020 8:56:49 AM,EVENT 59144 1598171437 0/0/0/0/0 INPUT 4 1 0 v:124
23/08/2020 8:56:49 AM,252 Event OK
23/08/2020 8:56:50 AM,EVENT 59145 1598171440 0/0/0/0/0 INPUT 4 0 4 v:124
23/08/2020 8:56:50 AM,252 Event OK
23/08/2020 8:56:50 AM,EVENT 59146 1598171441 0/0/0/0/0 INPUT 4 1 0 v:124
23/08/2020 8:56:50 AM,252 Event OK
23/08/2020 8:56:51 AM,EVENT 59147 1598171451 0/0/0/0/0 INPUT 7 1 0 v:124
23/08/2020 8:56:51 AM,252 Event OK
23/08/2020 8:56:52 AM,EVENT 59148 1598171451 0/0/0/0/0 INPUT 8 0 275 v:124
23/08/2020 8:56:52 AM,252 Event OK
23/08/2020 8:56:53 AM,EVENT 59149 1598171452 0/0/0/0/0 INPUT 1 1 0 v:123
23/08/2020 8:56:53 AM,252 Event OK
23/08/2020 8:56:53 AM,EVENT 59150 1598171453 0/0/0/0/0 INPUT 4 0 13 v:123
23/08/2020 8:56:53 AM,252 Event OK
23/08/2020 8:56:54 AM,EVENT 59151 1598171456 0/0/0/0/0 TRIP 59114 121 140 10 7 271 v:124
23/08/2020 8:56:54 AM,252 Event OK
23/08/2020 8:56:55 AM,EVENT 59152 1598171483 0/0/0/0/0 REPORT * 0 0 v:124
23/08/2020 8:56:55 AM,252 Event OK
23/08/2020 8:56:55 AM,EVENT 59153 1598171604 0/0/0/0/0 INPUT 8 1 0 v:124
23/08/2020 8:56:55 AM,252 Event OK
23/08/2020 8:56:56 AM,EVENT 59154 1598171604 0/0/0/0/0 INPUT 7 0 152 v:124
23/08/2020 8:56:56 AM,252 Event OK
23/08/2020 8:56:57 AM,EVENT 59155 1598171613 0/0/0/0/0 SIGNON 2531 03d1f6d6 OK 26 170494 0 v:124
23/08/2020 8:56:57 AM,252 Event OK
23/08/2020 8:56:57 AM,EVENT 59156 1598171619 0/0/0/0/0 INPUT 1 0 167 v:124
23/08/2020 8:56:57 AM,252 Event OK
23/08/2020 8:56:58 AM,EVENT 59157 1598171619 0/0/0/0/0 INPUT 4 1 0 v:124
23/08/2020 8:56:58 AM,252 Event OK
23/08/2020 8:56:59 AM,EVENT 59158 1598171620 0/0/0/0/0 INPUT 4 0 1 v:124
23/08/2020 8:56:59 AM,252 Event OK
23/08/2020 8:57:00 AM,EVENT 59159 1598171620 0/0/0/0/0 INPUT 4 1 0 v:124
23/08/2020 8:57:00 AM,252 Event OK
23/08/2020 8:57:01 AM,EVENT 59160 1598171624 0/0/0/0/2 INPUT 3 1 0 v:124
23/08/2020 8:57:01 AM,252 Event OK
23/08/2020 8:57:01 AM,EVENT 59161 1598171628 0/0/0/0/11 INPUT 3 0 4 v:124
23/08/2020 8:57:01 AM,252 Event OK
23/08/2020 8:57:02 AM,EVENT 59162 1598171629 0/0/0/0/9 INPUT 3 1 0 v:124
23/08/2020 8:57:02 AM,252 Event OK
23/08/2020 8:57:04 AM,EVENT 59163 1598171671 0/0/0/0/12 INPUT 3 0 42 v:124
23/08/2020 8:57:04 AM,252 Event OK
23/08/2020 8:57:04 AM,EVENT 59164 1598171701 0/0/0/0/3 INPUT 3 1 0 v:124
23/08/2020 8:57:04 AM,252 Event OK
23/08/2020 8:57:05 AM,EVENT 59165 1598172612 0/0/0/0/10 INPUT 3 0 912 v:124
23/08/2020 8:57:05 AM,252 Event OK
23/08/2020 8:57:06 AM,EVENT 59166 1598172631 -310122811/1219227940/1781/0/0 INPUT 7 1 0 v:124
23/08/2020 8:57:06 AM,252 Event OK
23/08/2020 8:57:06 AM,EVENT 59167 1598172632 -310122811/1219227940/1781/0/0 INPUT 8 0 1028 v:124
23/08/2020 8:57:06 AM,252 Event OK
23/08/2020 8:57:07 AM,EVENT 59168 1598172632 -310122813/1219227932/1734/3/0 INPUT 1 1 0 v:124
23/08/2020 8:57:07 AM,252 Event OK
23/08/2020 8:57:08 AM,EVENT 59169 1598172634 -310122814/1219227917/1671/3/0 INPUT 4 0 1013 v:124
23/08/2020 8:57:08 AM,252 Event OK
23/08/2020 8:57:08 AM,EVENT 59170 1598172636 -310122826/1219227893/1563/3/0 TRIP 59155 957 58 9 6 1024 v:124
23/08/2020 8:57:08 AM,252 Event OK
23/08/2020 8:57:09 AM,QUIT
23/08/2020 8:57:09 AM,221 Session ended - goodbye
23/08/2020 9:15:43 AM,UNIT 9279
23/08/2020 9:15:43 AM,333 CHAL 4FB268C7
23/08/2020 9:15:43 AM,RESP 8C2EF946
23/08/2020 9:15:43 AM,230 Auth OK
23/08/2020 9:15:44 AM,TIME
23/08/2020 9:15:44 AM,211 TIME 1598174144
23/08/2020 9:15:44 AM,EVCOUNT 2
23/08/2020 9:15:44 AM,252 Event OK
23/08/2020 9:15:45 AM,TODO
23/08/2020 9:15:45 AM,226 Nothing to do
23/08/2020 9:15:46 AM,EVENT 59171 1598174138 -310122958/1219228015/921/3/0 INPUT 8 1 0 v:124
23/08/2020 9:15:46 AM,252 Event OK
23/08/2020 9:15:47 AM,EVENT 59172 1598174138 -310122961/1219228019/919/3/0 INPUT 7 0 1506 v:124
23/08/2020 9:15:47 AM,252 Event OK
23/08/2020 9:15:48 AM,QUIT
23/08/2020 9:15:48 AM,221 Session ended - goodbye
23/08/2020 9:15:57 AM,UNIT 9279
23/08/2020 9:15:57 AM,333 CHAL 29C1182C
23/08/2020 9:15:58 AM,RESP 1520A24F
23/08/2020 9:15:58 AM,230 Auth OK
23/08/2020 9:15:58 AM,TIME
23/08/2020 9:15:58 AM,211 TIME 1598174158
23/08/2020 9:15:58 AM,EVCOUNT 1
23/08/2020 9:15:58 AM,252 Event OK
23/08/2020 9:15:59 AM,TODO
23/08/2020 9:15:59 AM,226 Nothing to do
23/08/2020 9:16:00 AM,EVENT 59173 1598174152 -310122946/1219228015/926/2/0 SIGNON 2531 03d1f6d6 OK 26 170494 0 v:124
23/08/2020 9:16:00 AM,252 Event OK
23/08/2020 9:16:00 AM,QUIT
23/08/2020 9:16:00 AM,221 Session ended - goodbye
23/08/2020 9:16:10 AM,UNIT 9279
23/08/2020 9:16:10 AM,333 CHAL 61E4650C
23/08/2020 9:16:11 AM,RESP 5E2D0B25
23/08/2020 9:16:11 AM,230 Auth OK
23/08/2020 9:16:11 AM,TIME
23/08/2020 9:16:11 AM,211 TIME 1598174171
23/08/2020 9:16:12 AM,EVCOUNT 4
23/08/2020 9:16:12 AM,252 Event OK
23/08/2020 9:16:12 AM,TODO
23/08/2020 9:16:12 AM,226 Nothing to do
23/08/2020 9:16:13 AM,EVENT 59174 1598174163 -310122908/1219227966/943/2/0 INPUT 4 1 0 v:124
23/08/2020 9:16:13 AM,252 Event OK
23/08/2020 9:16:14 AM,EVENT 59175 1598174163 -310122907/1219227965/944/2/0 INPUT 1 0 1531 v:124
23/08/2020 9:16:14 AM,252 Event OK
23/08/2020 9:16:14 AM,EVENT 59176 1598174167 -310122844/1219227948/941/2/0 REPORT 59173 0 78 v:124
23/08/2020 9:16:14 AM,252 Event OK
23/08/2020 9:16:15 AM,EVENT 59177 1598174169 -310122439/1219227939/953/2/6 INPUT 3 1 0 v:124
23/08/2020 9:16:15 AM,252 Event OK
23/08/2020 9:16:16 AM,QUIT
23/08/2020 9:16:16 AM,221 Session ended - goodbye
23/08/2020 9:16:57 AM,UNIT 9279
23/08/2020 9:16:57 AM,333 CHAL 556B8934
23/08/2020 9:16:58 AM,RESP FA496AC8
23/08/2020 9:16:58 AM,230 Auth OK
23/08/2020 9:16:58 AM,TIME
23/08/2020 9:16:58 AM,211 TIME 1598174218
23/08/2020 9:16:59 AM,EVCOUNT 1
23/08/2020 9:16:59 AM,252 Event OK
23/08/2020 9:16:59 AM,TODO
23/08/2020 9:16:59 AM,226 Nothing to do
23/08/2020 9:17:00 AM,EVENT 59178 1598174212 -310126166/1219240560/902/6/9 INPUT 3 0 44 v:124
23/08/2020 9:17:00 AM,252 Event OK
23/08/2020 9:17:01 AM,QUIT
23/08/2020 9:17:01 AM,221 Session ended - goodbye
23/08/2020 9:17:11 AM,UNIT 9279
23/08/2020 9:17:11 AM,333 CHAL 4F954556
23/08/2020 9:17:12 AM,RESP A093684C
23/08/2020 9:17:12 AM,230 Auth OK
23/08/2020 9:17:13 AM,TIME
23/08/2020 9:17:13 AM,211 TIME 1598174232
23/08/2020 9:17:13 AM,EVCOUNT 1
23/08/2020 9:17:13 AM,252 Event OK
23/08/2020 9:17:14 AM,TODO
23/08/2020 9:17:14 AM,226 Nothing to do
23/08/2020 9:17:15 AM,EVENT 59179 1598174221 -310126138/1219240733/886/9/2 INPUT 3 1 0 v:124
23/08/2020 9:17:15 AM,252 Event OK
23/08/2020 9:17:15 AM,QUIT
23/08/2020 9:17:15 AM,221 Session ended - goodbye
23/08/2020 9:17:36 AM,UNIT 9279
23/08/2020 9:17:36 AM,333 CHAL 12C46198
23/08/2020 9:17:36 AM,RESP 8625E2E7
23/08/2020 9:17:36 AM,230 Auth OK
23/08/2020 9:17:37 AM,TIME
23/08/2020 9:17:37 AM,211 TIME 1598174257
23/08/2020 9:17:37 AM,EVCOUNT 5
23/08/2020 9:17:37 AM,252 Event OK
23/08/2020 9:17:38 AM,TODO
23/08/2020 9:17:38 AM,226 Nothing to do
23/08/2020 9:17:38 AM,EVENT 59180 1598174252 -310128619/1219228619/998/4/10 INPUT 3 0 30 v:124
23/08/2020 9:17:38 AM,252 Event OK
23/08/2020 9:17:39 AM,EVENT 59181 1598174254 -310128522/1219228547/985/4/5 INPUT 7 1 0 v:124
23/08/2020 9:17:39 AM,252 Event OK
23/08/2020 9:17:40 AM,EVENT 59182 1598174254 -310128522/1219228547/985/4/5 INPUT 8 0 116 v:124
23/08/2020 9:17:40 AM,252 Event OK
23/08/2020 9:17:40 AM,EVENT 59183 1598174254 -310128522/1219228547/985/4/3 INPUT 4 0 92 v:124
23/08/2020 9:17:40 AM,252 Event OK
23/08/2020 9:17:41 AM,EVENT 59184 1598174254 -310128521/1219228540/983/4/2 INPUT 4 1 0 v:124
23/08/2020 9:17:41 AM,252 Event OK
23/08/2020 9:17:42 AM,EVENT 59185 1598174255 -310128521/1219228540/983/4/1 INPUT 1 1 0 v:124
23/08/2020 9:17:42 AM,252 Event OK
23/08/2020 9:17:42 AM,EVENT 59186 1598174256 -310128507/1219228519/988/4/0 INPUT 4 0 2 v:123
23/08/2020 9:17:42 AM,252 Event OK
23/08/2020 9:17:43 AM,EVENT 59187 1598174258 -310128506/1219228510/993/4/0 TRIP 59173 74 20 13 11 107 v:123
23/08/2020 9:17:43 AM,252 Event OK
23/08/2020 9:17:43 AM,QUIT
23/08/2020 9:17:43 AM,221 Session ended - goodbye
23/08/2020 9:19:25 AM,UNIT 9279
23/08/2020 9:19:25 AM,333 CHAL 19F21660
23/08/2020 9:19:26 AM,RESP 4232E787
23/08/2020 9:19:26 AM,230 Auth OK
23/08/2020 9:19:26 AM,TIME
23/08/2020 9:19:26 AM,211 TIME 1598174366
23/08/2020 9:19:27 AM,EVCOUNT 2
23/08/2020 9:19:27 AM,252 Event OK
23/08/2020 9:19:27 AM,TODO
23/08/2020 9:19:27 AM,226 Nothing to do
23/08/2020 9:19:28 AM,EVENT 59188 1598174360 -310128377/1219228563/1007/1/0 INPUT 8 1 0 v:123
23/08/2020 9:19:28 AM,252 Event OK
23/08/2020 9:19:28 AM,EVENT 59189 1598174361 -310128371/1219228565/1006/1/0 INPUT 7 0 107 v:124
23/08/2020 9:19:28 AM,252 Event OK
23/08/2020 9:19:29 AM,QUIT
23/08/2020 9:19:29 AM,221 Session ended - goodbye
23/08/2020 9:19:39 AM,UNIT 9279
23/08/2020 9:19:39 AM,333 CHAL 662E7FC9
23/08/2020 9:19:40 AM,RESP AB7A82D3
23/08/2020 9:19:40 AM,230 Auth OK
23/08/2020 9:19:40 AM,TIME
23/08/2020 9:19:40 AM,211 TIME 1598174380
23/08/2020 9:19:41 AM,EVCOUNT 1
23/08/2020 9:19:41 AM,252 Event OK
23/08/2020 9:19:41 AM,TODO
23/08/2020 9:19:41 AM,226 Nothing to do
23/08/2020 9:19:42 AM,EVENT 59190 1598174374 -310128346/1219228578/1026/2/0 SIGNON 2531 03d1f6d6 OK 26 170494 0 v:124
23/08/2020 9:19:42 AM,252 Event OK
23/08/2020 9:19:42 AM,QUIT
23/08/2020 9:19:42 AM,221 Session ended - goodbye
23/08/2020 9:19:59 AM,UNIT 9279
23/08/2020 9:19:59 AM,333 CHAL E0097B5
23/08/2020 9:20:00 AM,RESP 4D79016F
23/08/2020 9:20:00 AM,230 Auth OK
23/08/2020 9:20:00 AM,TIME
23/08/2020 9:20:00 AM,211 TIME 1598174400
23/08/2020 9:20:01 AM,EVCOUNT 2
23/08/2020 9:20:01 AM,252 Event OK
23/08/2020 9:20:01 AM,TODO
23/08/2020 9:20:01 AM,226 Nothing to do
23/08/2020 9:20:02 AM,EVENT 59191 1598174394 -310128345/1219228396/948/2/0 INPUT 1 0 140 v:124
23/08/2020 9:20:02 AM,252 Event OK
23/08/2020 9:20:03 AM,EVENT 59192 1598174395 -310128345/1219228390/948/2/0 INPUT 4 1 0 v:124
23/08/2020 9:20:03 AM,252 Event OK
23/08/2020 9:20:03 AM,EVENT 59193 1598174399 -310128434/1219228409/941/2/0 INPUT 4 0 5 v:124
23/08/2020 9:20:03 AM,252 Event OK
23/08/2020 9:20:04 AM,EVENT 59194 1598174399 -310128460/1219228428/940/1/0 INPUT 4 1 0 v:124
23/08/2020 9:20:04 AM,252 Event OK
23/08/2020 9:20:05 AM,QUIT
23/08/2020 9:20:05 AM,221 Session ended - goodbye
23/08/2020 9:20:20 AM,UNIT 9279
23/08/2020 9:20:20 AM,333 CHAL 51E0DDDA
23/08/2020 9:20:21 AM,RESP B52ABFFE
23/08/2020 9:20:21 AM,230 Auth OK
23/08/2020 9:20:22 AM,TIME
23/08/2020 9:20:22 AM,211 TIME 1598174422
23/08/2020 9:20:22 AM,EVCOUNT 1
23/08/2020 9:20:22 AM,252 Event OK
23/08/2020 9:20:23 AM,TODO
23/08/2020 9:20:23 AM,226 Nothing to do
23/08/2020 9:20:24 AM,EVENT 59195 1598174411 -310128677/1219229233/957/1/2 INPUT 3 1 0 v:124
23/08/2020 9:20:24 AM,252 Event OK
23/08/2020 9:20:25 AM,QUIT
23/08/2020 9:20:25 AM,221 Session ended - goodbye
23/08/2020 9:21:20 AM,UNIT 9279
23/08/2020 9:21:20 AM,333 CHAL 75963D31
23/08/2020 9:21:21 AM,RESP 285BCA96
23/08/2020 9:21:21 AM,230 Auth OK
23/08/2020 9:21:21 AM,TIME
23/08/2020 9:21:21 AM,211 TIME 1598174481
23/08/2020 9:21:22 AM,EVCOUNT 3
23/08/2020 9:21:22 AM,252 Event OK
23/08/2020 9:21:22 AM,TODO
23/08/2020 9:21:22 AM,226 Nothing to do
23/08/2020 9:21:23 AM,EVENT 59196 1598174475 -310143311/1219231546/945/2/12 INPUT 3 0 64 v:124
23/08/2020 9:21:23 AM,252 Event OK
23/08/2020 9:21:24 AM,EVENT 59197 1598174479 -310143609/1219231556/940/2/2 INPUT 7 1 0 v:124
23/08/2020 9:21:24 AM,252 Event OK
23/08/2020 9:21:24 AM,EVENT 59198 1598174479 -310143609/1219231556/940/2/2 INPUT 8 0 119 v:124
23/08/2020 9:21:24 AM,252 Event OK
23/08/2020 9:21:25 AM,EVENT 59199 1598174480 -310143600/1219231565/937/2/0 INPUT 1 1 0 v:124
23/08/2020 9:21:25 AM,252 Event OK
23/08/2020 9:21:25 AM,EVENT 59200 1598174480 -310143599/1219231569/936/2/0 INPUT 4 0 81 v:124
23/08/2020 9:21:25 AM,252 Event OK
23/08/2020 9:21:26 AM,QUIT
23/08/2020 9:21:26 AM,221 Session ended - goodbye
23/08/2020 9:21:36 AM,UNIT 9279
23/08/2020 9:21:36 AM,333 CHAL E98FDE3
23/08/2020 9:21:37 AM,RESP 5B8CBEE1
23/08/2020 9:21:37 AM,230 Auth OK
23/08/2020 9:21:37 AM,TIME
23/08/2020 9:21:37 AM,211 TIME 1598174497
23/08/2020 9:21:38 AM,EVCOUNT 1
23/08/2020 9:21:38 AM,252 Event OK
23/08/2020 9:21:38 AM,TODO
23/08/2020 9:21:38 AM,226 Nothing to do
23/08/2020 9:21:39 AM,EVENT 59201 1598174483 -310143590/1219231585/936/2/0 TRIP 59190 64 22 24 21 110 v:124
23/08/2020 9:21:39 AM,252 Event OK
23/08/2020 9:21:39 AM,QUIT
23/08/2020 9:21:39 AM,221 Session ended - goodbye
23/08/2020 10:12:09 AM,UNIT 9279
23/08/2020 10:12:09 AM,333 CHAL 3776C69B
23/08/2020 10:12:09 AM,RESP C8ED05F3
23/08/2020 10:12:09 AM,230 Auth OK
23/08/2020 10:12:09 AM,TIME
23/08/2020 10:12:09 AM,211 TIME 1598177529
23/08/2020 10:12:09 AM,EVCOUNT 12
23/08/2020 10:12:09 AM,252 Event OK
23/08/2020 10:12:10 AM,TODO
23/08/2020 10:12:10 AM,226 Nothing to do
23/08/2020 10:12:10 AM,EVENT 59202 1598177503 0/0/0/0/0 SWSTART OpusFC 5.0.58.518 R v:123
23/08/2020 10:12:10 AM,252 Event OK
23/08/2020 10:12:11 AM,EVENT 59203 1598174483 0/0/0/0/0 POWERDOWN v:124
23/08/2020 10:12:11 AM,252 Event OK
23/08/2020 10:12:11 AM,EVENT 59204 1598177503 0/0/0/0/0 INPUT 1 1 0 v:123
23/08/2020 10:12:11 AM,252 Event OK
23/08/2020 10:12:11 AM,EVENT 59205 1598177503 0/0/0/0/0 INPUT 2 0 0 v:123
23/08/2020 10:12:11 AM,252 Event OK
23/08/2020 10:12:11 AM,EVENT 59206 1598177503 0/0/0/0/0 INPUT 3 0 0 v:123
23/08/2020 10:12:11 AM,252 Event OK
23/08/2020 10:12:12 AM,EVENT 59207 1598177503 0/0/0/0/0 INPUT 4 0 0 v:123
23/08/2020 10:12:12 AM,252 Event OK
23/08/2020 10:12:12 AM,EVENT 59208 1598177503 0/0/0/0/0 INPUT 7 0 0 v:123
23/08/2020 10:12:12 AM,252 Event OK
23/08/2020 10:12:12 AM,EVENT 59209 1598177503 0/0/0/0/0 INPUT 8 1 0 v:123
23/08/2020 10:12:12 AM,252 Event OK
23/08/2020 10:12:12 AM,EVENT 59210 1598177505 0/0/0/0/0 ZONE_OK 2 100 FW=NO VERSION v:123
23/08/2020 10:12:12 AM,252 Event OK
23/08/2020 10:12:12 AM,EVENT 59211 1598177505 0/0/0/0/0 INPUT 7 1 0 v:123
23/08/2020 10:12:12 AM,252 Event OK
23/08/2020 10:12:13 AM,EVENT 59212 1598177505 0/0/0/0/0 INPUT 8 0 1 v:124
23/08/2020 10:12:13 AM,252 Event OK
23/08/2020 10:12:13 AM,EVENT 59213 1598177505 0/0/0/0/0 REPORT * 0 0 v:123
23/08/2020 10:12:13 AM,252 Event OK
23/08/2020 10:12:13 AM,QUIT
23/08/2020 10:12:13 AM,221 Session ended - goodbye
23/08/2020 10:15:48 AM,UNIT 9279
23/08/2020 10:15:48 AM,333 CHAL 574521B4
23/08/2020 10:15:49 AM,RESP 1002127B
23/08/2020 10:15:49 AM,230 Auth OK
23/08/2020 10:15:49 AM,TIME
23/08/2020 10:15:49 AM,211 TIME 1598177749
23/08/2020 10:15:50 AM,EVCOUNT 3
23/08/2020 10:15:50 AM,252 Event OK
23/08/2020 10:15:50 AM,TODO
23/08/2020 10:15:50 AM,226 Nothing to do
23/08/2020 10:15:51 AM,EVENT 59214 1598177743 -310143833/1219231601/929/4/0 INPUT 8 1 0 v:124
23/08/2020 10:15:51 AM,252 Event OK
23/08/2020 10:15:51 AM,EVENT 59215 1598177743 -310143834/1219231601/931/4/1 INPUT 7 0 238 v:124
23/08/2020 10:15:51 AM,252 Event OK
23/08/2020 10:15:52 AM,EVENT 59216 1598177744 -310143835/1219231600/933/4/0 DEBUG Time(BAD):1598177744->4294967295 v:124
23/08/2020 10:15:52 AM,252 Event OK
23/08/2020 10:15:52 AM,QUIT
23/08/2020 10:15:52 AM,221 Session ended - goodbye
23/08/2020 10:16:02 AM,UNIT 9279
23/08/2020 10:16:02 AM,333 CHAL 185800D4
23/08/2020 10:16:03 AM,RESP 57378E69
23/08/2020 10:16:03 AM,230 Auth OK
23/08/2020 10:16:03 AM,TIME
23/08/2020 10:16:03 AM,211 TIME 1598177763
23/08/2020 10:16:04 AM,EVCOUNT 1
23/08/2020 10:16:04 AM,252 Event OK
23/08/2020 10:16:04 AM,TODO
23/08/2020 10:16:04 AM,226 Nothing to do
23/08/2020 10:16:05 AM,EVENT 59217 1598177754 -310143840/1219231571/927/4/0 SIGNON 2505 03b1f6ce OK_CL 26 270498 0 v:124
23/08/2020 10:16:05 AM,252 Event OK
23/08/2020 10:16:05 AM,QUIT
23/08/2020 10:16:05 AM,221 Session ended - goodbye
23/08/2020 10:17:15 AM,UNIT 9279
23/08/2020 10:17:15 AM,333 CHAL C9E2FB8
23/08/2020 10:17:16 AM,RESP DCA022AF
23/08/2020 10:17:16 AM,230 Auth OK
23/08/2020 10:17:16 AM,TIME
23/08/2020 10:17:16 AM,211 TIME 1598177836
23/08/2020 10:17:16 AM,EVCOUNT 1
23/08/2020 10:17:16 AM,252 Event OK
23/08/2020 10:17:17 AM,TODO
23/08/2020 10:17:17 AM,226 Nothing to do
23/08/2020 10:17:18 AM,EVENT 59218 1598177831 -310143723/1219231521/933/4/1 CHECKLIST 59217 OK 0 77 432 F v:124
23/08/2020 10:17:18 AM,252 Event OK
23/08/2020 10:17:18 AM,QUIT
23/08/2020 10:17:18 AM,221 Session ended - goodbye
23/08/2020 10:17:28 AM,UNIT 9279
23/08/2020 10:17:28 AM,333 CHAL 69530A1C
23/08/2020 10:17:29 AM,RESP ABC7F8F6
23/08/2020 10:17:29 AM,230 Auth OK
23/08/2020 10:17:29 AM,TIME
23/08/2020 10:17:29 AM,211 TIME 1598177849
23/08/2020 10:17:30 AM,EVCOUNT 2
23/08/2020 10:17:30 AM,252 Event OK
23/08/2020 10:17:30 AM,TODO
23/08/2020 10:17:30 AM,226 Nothing to do
23/08/2020 10:17:31 AM,EVENT 59219 1598177837 -310143702/1219231531/925/4/0 INPUT 4 1 0 v:124
23/08/2020 10:17:31 AM,252 Event OK
23/08/2020 10:17:31 AM,EVENT 59220 1598177837 -310143701/1219231533/924/4/0 INPUT 1 0 334 v:124
23/08/2020 10:17:31 AM,252 Event OK
23/08/2020 10:17:32 AM,QUIT
23/08/2020 10:17:32 AM,221 Session ended - goodbye
23/08/2020 10:18:08 AM,UNIT 9279
23/08/2020 10:18:08 AM,333 CHAL 51F30A38
23/08/2020 10:18:09 AM,RESP C5AF9B60
23/08/2020 10:18:09 AM,230 Auth OK
23/08/2020 10:18:09 AM,TIME
23/08/2020 10:18:09 AM,211 TIME 1598177889
23/08/2020 10:18:10 AM,EVCOUNT 1
23/08/2020 10:18:10 AM,252 Event OK
23/08/2020 10:18:13 AM,TODO
23/08/2020 10:18:13 AM,226 Nothing to do
23/08/2020 10:18:14 AM,EVENT 59221 1598177883 -310143108/1219231380/916/4/4 INPUT 3 1 0 v:124
23/08/2020 10:18:14 AM,252 Event OK
23/08/2020 10:18:14 AM,QUIT
23/08/2020 10:18:14 AM,221 Session ended - goodbye
23/08/2020 10:18:50 AM,UNIT 9279
23/08/2020 10:18:50 AM,333 CHAL 759619C
23/08/2020 10:18:51 AM,RESP 3D194BC9
23/08/2020 10:18:51 AM,230 Auth OK
23/08/2020 10:18:51 AM,TIME
23/08/2020 10:18:51 AM,211 TIME 1598177931
23/08/2020 10:18:52 AM,EVCOUNT 1
23/08/2020 10:18:52 AM,252 Event OK
23/08/2020 10:18:52 AM,TODO
23/08/2020 10:18:52 AM,226 Nothing to do
23/08/2020 10:18:53 AM,EVENT 59222 1598177925 -310123650/1219237444/962/7/26 ZONEOVERSPEED 59217 31 38 1 v:124
23/08/2020 10:18:53 AM,252 Event OK
23/08/2020 10:18:54 AM,EVENT 59223 1598177930 -310121865/1219236303/954/7/11 INPUT 3 0 46 v:124
23/08/2020 10:18:54 AM,252 Event OK
23/08/2020 10:18:54 AM,QUIT
23/08/2020 10:18:54 AM,221 Session ended - goodbye
23/08/2020 10:19:04 AM,UNIT 9279
23/08/2020 10:19:04 AM,333 CHAL 2C5B81D0
23/08/2020 10:19:05 AM,RESP A97A5681
23/08/2020 10:19:05 AM,230 Auth OK
23/08/2020 10:19:05 AM,TIME
23/08/2020 10:19:05 AM,211 TIME 1598177945
23/08/2020 10:19:06 AM,EVCOUNT 6
23/08/2020 10:19:06 AM,252 Event OK
23/08/2020 10:19:06 AM,TODO
23/08/2020 10:19:06 AM,226 Nothing to do
23/08/2020 10:19:07 AM,EVENT 59224 1598177936 -310121628/1219236141/945/3/0 INPUT 7 1 0 v:124
23/08/2020 10:19:07 AM,252 Event OK
23/08/2020 10:19:07 AM,EVENT 59225 1598177936 -310121628/1219236141/945/3/0 INPUT 8 0 193 v:124
23/08/2020 10:19:07 AM,252 Event OK
23/08/2020 10:19:08 AM,EVENT 59226 1598177937 -310121632/1219236147/941/3/0 INPUT 1 1 0 v:124
23/08/2020 10:19:08 AM,252 Event OK
23/08/2020 10:19:09 AM,EVENT 59227 1598177938 -310121639/1219236149/938/3/0 INPUT 4 0 102 v:124
23/08/2020 10:19:09 AM,252 Event OK
23/08/2020 10:19:09 AM,EVENT 59228 1598177940 -310121650/1219236150/933/3/0 TRIP 59217 46 56 10 8 112 v:124
23/08/2020 10:19:09 AM,252 Event OK
23/08/2020 10:19:10 AM,EVENT 59229 1598177940 -310121650/1219236150/933/3/0 TRIPSUMMARY 59217 v:124
23/08/2020 10:19:10 AM,252 Event OK
23/08/2020 10:19:11 AM,QUIT
23/08/2020 10:19:11 AM,221 Session ended - goodbye
23/08/2020 10:20:58 AM,UNIT 9279
23/08/2020 10:20:58 AM,333 CHAL 18E44C92
23/08/2020 10:20:58 AM,RESP F8EC60BF
23/08/2020 10:20:58 AM,230 Auth OK
23/08/2020 10:20:59 AM,TIME
23/08/2020 10:20:59 AM,211 TIME 1598178059
23/08/2020 10:20:59 AM,EVCOUNT 2
23/08/2020 10:20:59 AM,252 Event OK
23/08/2020 10:21:00 AM,TODO
23/08/2020 10:21:00 AM,226 Nothing to do
23/08/2020 10:21:01 AM,EVENT 59230 1598178053 -310121754/1219236244/1025/2/0 INPUT 8 1 0 v:124
23/08/2020 10:21:01 AM,252 Event OK
23/08/2020 10:21:01 AM,EVENT 59231 1598178053 -310121754/1219236244/1025/2/0 INPUT 7 0 118 v:124
23/08/2020 10:21:01 AM,252 Event OK
23/08/2020 10:21:02 AM,QUIT
23/08/2020 10:21:02 AM,221 Session ended - goodbye
23/08/2020 10:21:12 AM,UNIT 9279
23/08/2020 10:21:12 AM,333 CHAL 52D7EF39
23/08/2020 10:21:13 AM,RESP C80C1A98
23/08/2020 10:21:13 AM,230 Auth OK
23/08/2020 10:21:13 AM,TIME
23/08/2020 10:21:13 AM,211 TIME 1598178073
23/08/2020 10:21:14 AM,EVCOUNT 1
23/08/2020 10:21:14 AM,252 Event OK
23/08/2020 10:21:14 AM,TODO
23/08/2020 10:21:14 AM,226 Nothing to do
23/08/2020 10:21:15 AM,EVENT 59232 1598178066 -310121750/1219236174/1030/1/0 SIGNON 2505 03b1f6ce OK 26 270498 0 v:124
23/08/2020 10:21:15 AM,252 Event OK
23/08/2020 10:21:15 AM,EVENT 59233 1598178073 -310121743/1219236185/1038/1/0 INPUT 1 0 136 v:124
23/08/2020 10:21:15 AM,252 Event OK
23/08/2020 10:21:16 AM,EVENT 59234 1598178073 -310121743/1219236185/1039/1/0 INPUT 4 1 0 v:124
23/08/2020 10:21:16 AM,252 Event OK
23/08/2020 10:21:17 AM,QUIT
23/08/2020 10:21:17 AM,221 Session ended - goodbye
23/08/2020 10:21:27 AM,UNIT 9279
23/08/2020 10:21:27 AM,333 CHAL 6A0A5A23
23/08/2020 10:21:28 AM,RESP E811B4D6
23/08/2020 10:21:28 AM,230 Auth OK
23/08/2020 10:21:28 AM,TIME
23/08/2020 10:21:28 AM,211 TIME 1598178088
23/08/2020 10:21:29 AM,EVCOUNT 1
23/08/2020 10:21:29 AM,252 Event OK
23/08/2020 10:21:30 AM,TODO
23/08/2020 10:21:30 AM,226 Nothing to do
23/08/2020 10:21:30 AM,EVENT 59235 1598178077 -310121591/1219236080/1044/1/2 INPUT 3 1 0 v:124
23/08/2020 10:21:30 AM,252 Event OK
23/08/2020 10:21:31 AM,QUIT
23/08/2020 10:21:31 AM,221 Session ended - goodbye
23/08/2020 10:44:10 AM,UNIT 9279
23/08/2020 10:44:10 AM,333 CHAL 34D7B440
23/08/2020 10:44:11 AM,RESP 6D068578
23/08/2020 10:44:11 AM,230 Auth OK
23/08/2020 10:45:38 AM,UNIT 9279
23/08/2020 10:45:38 AM,333 CHAL 6CF907E7
23/08/2020 10:45:38 AM,RESP 8F9B1C3A
23/08/2020 10:45:38 AM,230 Auth OK
23/08/2020 10:45:44 AM,TIME
23/08/2020 10:45:44 AM,211 TIME 1598179544
23/08/2020 10:45:46 AM,EVCOUNT 10
23/08/2020 10:45:46 AM,252 Event OK
23/08/2020 10:45:47 AM,TODO
23/08/2020 10:45:47 AM,226 Nothing to do
23/08/2020 10:45:47 AM,EVENT 59236 1598178093 -310121550/1219229651/937/8/16 INPUT 3 0 17 v:124
23/08/2020 10:45:47 AM,252 Event OK
23/08/2020 10:45:49 AM,EVENT 59237 1598178095 -310121647/1219229532/934/8/9 INPUT 3 1 0 v:124
23/08/2020 10:45:49 AM,252 Event OK
23/08/2020 10:45:53 AM,EVENT 59238 1598178095 -310121647/1219229532/934/8/9 INPUT 7 1 0 v:124
23/08/2020 10:45:53 AM,252 Event OK
23/08/2020 10:45:55 AM,EVENT 59239 1598178095 -310121647/1219229532/934/8/9 INPUT 8 0 42 v:124
23/08/2020 10:45:55 AM,252 Event OK
23/08/2020 10:45:59 AM,EVENT 59240 1598178096 -310121652/1219229525/928/8/22 INPUT 1 1 0 v:124
23/08/2020 10:45:59 AM,252 Event OK
23/08/2020 10:46:00 AM,EVENT 59241 1598178096 -310121652/1219229527/925/8/35 INPUT 3 0 2 v:123
23/08/2020 10:46:00 AM,252 Event OK
23/08/2020 10:46:00 AM,EVENT 59242 1598178096 -310121652/1219229527/925/8/35 INPUT 4 0 23 v:123
23/08/2020 10:46:00 AM,252 Event OK
23/08/2020 10:46:02 AM,EVENT 59243 1598178098 -310121653/1219229536/918/8/5 INPUT 4 1 0 v:123
23/08/2020 10:46:02 AM,252 Event OK
23/08/2020 10:46:03 AM,EVENT 59244 1598178099 -310121647/1219229544/913/8/0 TRIP 59232 19 6 8 7 33 v:123
23/08/2020 10:46:03 AM,252 Event OK
23/08/2020 10:46:03 AM,EVENT 59245 1598178100 -310121646/1219229547/912/8/0 INPUT 4 0 2 v:124
23/08/2020 10:46:03 AM,252 Event OK
23/08/2020 10:46:04 AM,QUIT
23/08/2020 10:46:04 AM,221 Session ended - goodbye
23/08/2020 10:54:20 AM,UNIT 9279
23/08/2020 10:54:20 AM,333 CHAL 9FC59DB
23/08/2020 10:54:20 AM,RESP 23FDE230
23/08/2020 10:54:20 AM,230 Auth OK
23/08/2020 10:54:21 AM,TIME
23/08/2020 10:54:21 AM,211 TIME 1598180061
23/08/2020 10:54:21 AM,EVCOUNT 12
23/08/2020 10:54:21 AM,252 Event OK
23/08/2020 10:54:22 AM,TODO
23/08/2020 10:54:22 AM,226 Nothing to do
23/08/2020 10:54:22 AM,EVENT 59246 1598180025 -310121646/1219229547/912/0/0 SWSTART OpusFC 5.0.58.518 R v:124
23/08/2020 10:54:22 AM,252 Event OK
23/08/2020 10:54:23 AM,EVENT 59247 1598178099 0/0/0/0/0 POWERDOWN v:123
23/08/2020 10:54:23 AM,252 Event OK
23/08/2020 10:54:23 AM,EVENT 59248 1598180025 0/0/0/0/0 INPUT 1 1 0 v:124
23/08/2020 10:54:23 AM,252 Event OK
23/08/2020 10:54:24 AM,EVENT 59249 1598180025 0/0/0/0/0 INPUT 2 0 0 v:124
23/08/2020 10:54:24 AM,252 Event OK
23/08/2020 10:54:24 AM,EVENT 59250 1598180025 0/0/0/0/0 INPUT 3 0 0 v:124
23/08/2020 10:54:24 AM,252 Event OK
23/08/2020 10:54:25 AM,EVENT 59251 1598180025 0/0/0/0/0 INPUT 4 0 0 v:124
23/08/2020 10:54:25 AM,252 Event OK
23/08/2020 10:54:25 AM,EVENT 59252 1598180025 0/0/0/0/0 INPUT 7 0 0 v:124
23/08/2020 10:54:25 AM,252 Event OK
23/08/2020 10:54:26 AM,EVENT 59253 1598180025 0/0/0/0/0 INPUT 8 1 0 v:124
23/08/2020 10:54:26 AM,252 Event OK
23/08/2020 10:54:26 AM,EVENT 59254 1598180027 0/0/0/0/0 ZONE_OK 2 100 FW=NO VERSION v:124
23/08/2020 10:54:26 AM,252 Event OK
23/08/2020 10:54:29 AM,EVENT 59255 1598180034 -310121499/1219229309/5424/0/0 SIGNON 2505 03b1f6ce OK 26 270498 0 v:124
23/08/2020 10:54:29 AM,252 Event OK
23/08/2020 10:54:29 AM,EVENT 59256 1598180041 -310121650/1219229191/1933/99/0 INPUT 1 0 15 v:124
23/08/2020 10:54:29 AM,252 Event OK
23/08/2020 10:54:29 AM,EVENT 59257 1598180041 -310121642/1219229184/1832/99/0 INPUT 4 1 0 v:124
23/08/2020 10:54:29 AM,252 Event OK
23/08/2020 10:54:30 AM,QUIT
23/08/2020 10:54:30 AM,221 Session ended - goodbye
23/08/2020 10:54:46 AM,UNIT 9279
23/08/2020 10:54:46 AM,333 CHAL 5DA677C8
23/08/2020 10:54:47 AM,RESP 3EA34F7B
23/08/2020 10:54:47 AM,230 Auth OK
23/08/2020 10:54:48 AM,TIME
23/08/2020 10:54:48 AM,211 TIME 1598180088
23/08/2020 10:54:49 AM,EVCOUNT 3
23/08/2020 10:54:49 AM,252 Event OK
23/08/2020 10:54:50 AM,TODO
23/08/2020 10:54:50 AM,226 Nothing to do
23/08/2020 10:54:50 AM,EVENT 59258 1598180074 -310121583/1219229341/904/0/0 INPUT 4 0 33 v:124
23/08/2020 10:54:50 AM,252 Event OK
23/08/2020 8:51:42 PM,UNIT 9279
23/08/2020 8:51:42 PM,333 CHAL B3D315A
23/08/2020 8:51:42 PM,RESP 89FEC725
23/08/2020 8:51:42 PM,230 Auth OK
23/08/2020 8:51:43 PM,TIME
23/08/2020 8:51:43 PM,211 TIME 1598215903
23/08/2020 8:51:43 PM,EVCOUNT 120
23/08/2020 8:51:43 PM,252 Event OK
23/08/2020 8:51:43 PM,TODO
23/08/2020 8:51:43 PM,226 Nothing to do
23/08/2020 8:51:43 PM,EVENT 59259 1598180075 -310121583/1219229341/904/0/0 INPUT 4 1 0 v:124
23/08/2020 8:51:43 PM,252 Event OK
23/08/2020 8:51:44 PM,EVENT 59260 1598180082 -310122050/1219228112/867/1/7 INPUT 3 1 0 v:124
23/08/2020 8:51:44 PM,252 Event OK
23/08/2020 8:51:44 PM,EVENT 59261 1598180680 0/0/0/0/10 INPUT 3 0 598 v:124
23/08/2020 8:51:44 PM,252 Event OK
23/08/2020 8:51:44 PM,EVENT 59262 1598180680 0/0/0/0/10 INPUT 4 0 606 v:124
23/08/2020 8:51:44 PM,252 Event OK
23/08/2020 8:51:46 PM,EVENT 59263 1598180681 0/0/0/0/7 INPUT 4 1 0 v:124
23/08/2020 8:51:46 PM,252 Event OK
23/08/2020 8:51:46 PM,EVENT 59264 1598180723 0/0/0/0/2 INPUT 3 1 0 v:124
23/08/2020 8:51:46 PM,252 Event OK
23/08/2020 8:51:46 PM,EVENT 59265 1598180974 0/0/0/0/10 INPUT 3 0 251 v:124
23/08/2020 8:51:46 PM,252 Event OK
23/08/2020 8:51:46 PM,EVENT 59266 1598180975 0/0/0/0/5 INPUT 4 0 295 v:124
23/08/2020 8:51:46 PM,252 Event OK
23/08/2020 8:51:46 PM,EVENT 59267 1598180975 0/0/0/0/4 INPUT 4 1 0 v:124
23/08/2020 8:51:46 PM,252 Event OK
23/08/2020 8:51:47 PM,EVENT 59268 1598181005 0/0/0/0/0 INPUT 4 0 30 v:124
23/08/2020 8:51:47 PM,252 Event OK
23/08/2020 8:51:47 PM,EVENT 59269 1598181005 0/0/0/0/0 INPUT 4 1 0 v:124
23/08/2020 8:51:47 PM,252 Event OK
23/08/2020 8:51:47 PM,EVENT 59270 1598181007 0/0/0/0/3 INPUT 3 1 0 v:124
23/08/2020 8:51:47 PM,252 Event OK
23/08/2020 8:51:47 PM,EVENT 59271 1598181217 0/0/0/0/12 INPUT 3 0 210 v:124
23/08/2020 8:51:47 PM,252 Event OK
23/08/2020 8:51:48 PM,EVENT 59272 1598181218 0/0/0/0/7 INPUT 4 0 213 v:124
23/08/2020 8:51:48 PM,252 Event OK
23/08/2020 8:51:48 PM,EVENT 59273 1598181219 0/0/0/0/5 INPUT 4 1 0 v:124
23/08/2020 8:51:48 PM,252 Event OK
23/08/2020 8:51:48 PM,EVENT 59274 1598181247 0/0/0/0/0 INPUT 4 0 29 v:124
23/08/2020 8:51:48 PM,252 Event OK
23/08/2020 8:51:48 PM,EVENT 59275 1598181247 0/0/0/0/0 INPUT 4 1 0 v:124
23/08/2020 8:51:48 PM,252 Event OK
23/08/2020 8:51:48 PM,EVENT 59276 1598181249 0/0/0/0/5 INPUT 3 1 0 v:124
23/08/2020 8:51:48 PM,252 Event OK
23/08/2020 8:51:49 PM,EVENT 59277 1598181277 0/0/0/0/10 INPUT 3 0 28 v:124
23/08/2020 8:51:49 PM,252 Event OK
23/08/2020 8:51:49 PM,EVENT 59278 1598181281 0/0/0/0/5 INPUT 3 1 0 v:124
23/08/2020 8:51:49 PM,252 Event OK
23/08/2020 8:51:49 PM,EVENT 59279 1598181285 0/0/0/0/9 INPUT 3 0 5 v:124
23/08/2020 8:51:49 PM,252 Event OK
23/08/2020 8:51:49 PM,EVENT 59280 1598181286 0/0/0/0/8 INPUT 3 1 0 v:124
23/08/2020 8:51:49 PM,252 Event OK
23/08/2020 8:51:50 PM,EVENT 59281 1598181294 0/0/0/0/9 INPUT 3 0 7 v:124
23/08/2020 8:51:50 PM,252 Event OK
23/08/2020 8:51:50 PM,EVENT 59282 1598181304 0/0/0/0/2 INPUT 4 0 57 v:124
23/08/2020 8:51:50 PM,252 Event OK
23/08/2020 8:51:50 PM,EVENT 59283 1598181305 0/0/0/0/2 INPUT 4 1 0 v:124
23/08/2020 8:51:50 PM,252 Event OK
23/08/2020 8:51:50 PM,EVENT 59284 1598181310 0/0/0/0/0 INPUT 7 1 0 v:124
23/08/2020 8:51:50 PM,252 Event OK
23/08/2020 8:51:50 PM,EVENT 59285 1598181310 0/0/0/0/0 INPUT 8 0 1284 v:124
23/08/2020 8:51:50 PM,252 Event OK
23/08/2020 8:51:51 PM,EVENT 59286 1598181310 0/0/0/0/0 INPUT 4 0 6 v:124
23/08/2020 8:51:51 PM,252 Event OK
23/08/2020 8:51:51 PM,EVENT 59287 1598181311 0/0/0/0/0 INPUT 4 1 0 v:124
23/08/2020 8:51:51 PM,252 Event OK
23/08/2020 8:51:51 PM,EVENT 59288 1598181311 0/0/0/0/0 INPUT 1 1 0 v:124
23/08/2020 8:51:51 PM,252 Event OK
23/08/2020 8:51:51 PM,EVENT 59289 1598181314 0/0/0/0/0 TRIP 59255 1100 173 8 8 1281 v:124
23/08/2020 8:51:51 PM,252 Event OK
23/08/2020 8:51:52 PM,EVENT 59290 1598181315 0/0/0/0/0 INPUT 4 0 4 v:124
23/08/2020 8:51:52 PM,252 Event OK
23/08/2020 8:51:52 PM,EVENT 59291 1598181369 0/0/0/0/0 REPORT * 0 0 v:124
23/08/2020 8:51:52 PM,252 Event OK
23/08/2020 8:51:52 PM,EVENT 59292 1598208997 0/0/0/0/0 SWSTART OpusFC 5.0.58.518 R v:124
23/08/2020 8:51:52 PM,252 Event OK
23/08/2020 8:51:53 PM,EVENT 59293 1598181314 0/0/0/0/0 POWERDOWN v:124
23/08/2020 8:51:53 PM,252 Event OK
23/08/2020 8:51:53 PM,EVENT 59294 1598208997 0/0/0/0/0 INPUT 1 1 0 v:124
23/08/2020 8:51:53 PM,252 Event OK
23/08/2020 8:51:53 PM,EVENT 59295 1598208997 0/0/0/0/0 INPUT 2 0 0 v:124
23/08/2020 8:51:53 PM,252 Event OK
23/08/2020 8:51:53 PM,EVENT 59296 1598208997 0/0/0/0/0 INPUT 3 0 0 v:124
23/08/2020 8:51:53 PM,252 Event OK
23/08/2020 8:51:54 PM,EVENT 59297 1598208997 0/0/0/0/0 INPUT 4 0 0 v:124
23/08/2020 8:51:54 PM,252 Event OK
23/08/2020 8:51:54 PM,EVENT 59298 1598208997 0/0/0/0/0 INPUT 7 0 0 v:124
23/08/2020 8:51:54 PM,252 Event OK
23/08/2020 8:51:54 PM,EVENT 59299 1598208997 0/0/0/0/0 INPUT 8 1 0 v:124
23/08/2020 8:51:54 PM,252 Event OK
23/08/2020 8:51:54 PM,EVENT 59300 1598208999 0/0/0/0/0 ZONE_OK 2 100 FW=NO VERSION v:124
23/08/2020 8:51:54 PM,252 Event OK
23/08/2020 8:51:55 PM,EVENT 59301 1598209014 0/0/0/99/0 SIGNON 2545 03bfbfbf OK 26 202020 0 v:124
23/08/2020 8:51:55 PM,252 Event OK
23/08/2020 8:51:55 PM,EVENT 59302 1598209020 0/0/0/99/0 INPUT 4 1 0 v:124
23/08/2020 8:51:55 PM,252 Event OK
23/08/2020 8:51:55 PM,EVENT 59303 1598209021 0/0/0/99/0 INPUT 1 0 23 v:124
23/08/2020 8:51:55 PM,252 Event OK
23/08/2020 8:51:55 PM,EVENT 59304 1598209090 0/0/0/0/0 INPUT 4 0 71 v:124
23/08/2020 8:51:55 PM,252 Event OK
23/08/2020 8:51:56 PM,EVENT 59305 1598209090 0/0/0/0/0 INPUT 4 1 0 v:124
23/08/2020 8:51:56 PM,252 Event OK
23/08/2020 8:51:56 PM,EVENT 59306 1598209120 0/0/0/0/0 INPUT 4 0 30 v:124
23/08/2020 8:51:56 PM,252 Event OK
23/08/2020 8:51:56 PM,EVENT 59307 1598209120 0/0/0/0/0 INPUT 4 1 0 v:124
23/08/2020 8:51:56 PM,252 Event OK
23/08/2020 8:51:56 PM,EVENT 59308 1598209131 0/0/0/0/0 INPUT 7 1 0 v:124
23/08/2020 8:51:56 PM,252 Event OK
23/08/2020 8:51:56 PM,EVENT 59309 1598209131 0/0/0/0/0 INPUT 8 0 133 v:124
23/08/2020 8:51:56 PM,252 Event OK
23/08/2020 8:51:57 PM,EVENT 59310 1598209132 0/0/0/0/0 INPUT 1 1 0 v:124
23/08/2020 8:51:57 PM,252 Event OK
23/08/2020 8:51:57 PM,EVENT 59311 1598209134 0/0/0/0/0 INPUT 4 0 14 v:123
23/08/2020 8:51:57 PM,252 Event OK
23/08/2020 8:51:57 PM,EVENT 59312 1598209135 0/0/0/0/0 TRIP 59301 0 115 7 6 122 v:123
23/08/2020 8:51:57 PM,252 Event OK
23/08/2020 8:51:57 PM,EVENT 59313 1598209182 0/0/0/0/0 REPORT * 0 0 v:124
23/08/2020 8:51:57 PM,252 Event OK
23/08/2020 8:51:58 PM,EVENT 59314 1598212469 0/0/0/0/0 SWSTART OpusFC 5.0.58.518 R v:124
23/08/2020 8:51:58 PM,252 Event OK
23/08/2020 8:51:58 PM,EVENT 59315 1598209135 0/0/0/0/0 POWERDOWN v:124
23/08/2020 8:51:58 PM,252 Event OK
23/08/2020 8:51:58 PM,EVENT 59316 1598212469 0/0/0/0/0 INPUT 1 1 0 v:124
23/08/2020 8:51:58 PM,252 Event OK
23/08/2020 8:51:59 PM,EVENT 59317 1598212469 0/0/0/0/0 INPUT 2 0 0 v:124
23/08/2020 8:51:59 PM,252 Event OK
23/08/2020 8:51:59 PM,EVENT 59318 1598212469 0/0/0/0/0 INPUT 3 0 0 v:124
23/08/2020 8:51:59 PM,252 Event OK
23/08/2020 8:51:59 PM,EVENT 59319 1598212469 0/0/0/0/0 INPUT 4 0 0 v:124
23/08/2020 8:51:59 PM,252 Event OK
23/08/2020 8:51:59 PM,EVENT 59320 1598212469 0/0/0/0/0 INPUT 7 0 0 v:124
23/08/2020 8:51:59 PM,252 Event OK
23/08/2020 8:52:00 PM,EVENT 59321 1598212469 0/0/0/0/0 INPUT 8 1 0 v:124
23/08/2020 8:52:00 PM,252 Event OK
23/08/2020 8:52:00 PM,EVENT 59322 1598212471 0/0/0/0/0 ZONE_OK 2 100 FW=NO VERSION v:124
23/08/2020 8:52:00 PM,252 Event OK
23/08/2020 8:52:00 PM,EVENT 59323 1598212477 0/0/0/0/0 SIGNON 2505 03b1f6ce OK 26 270498 0 v:124
23/08/2020 8:52:00 PM,252 Event OK
23/08/2020 8:52:01 PM,EVENT 59324 1598212484 0/0/0/99/0 INPUT 4 1 0 v:124
23/08/2020 8:52:01 PM,252 Event OK
23/08/2020 8:52:01 PM,EVENT 59325 1598212484 0/0/0/99/0 INPUT 1 0 14 v:124
23/08/2020 8:52:01 PM,252 Event OK
23/08/2020 8:52:01 PM,EVENT 59326 1598212503 0/0/0/0/7 INPUT 3 1 0 v:124
23/08/2020 8:52:01 PM,252 Event OK
23/08/2020 8:52:02 PM,EVENT 59327 1598212552 0/0/0/0/11 INPUT 3 0 48 v:124
23/08/2020 8:52:02 PM,252 Event OK
23/08/2020 8:52:02 PM,EVENT 59328 1598212558 0/0/0/0/8 INPUT 3 1 0 v:124
23/08/2020 8:52:02 PM,252 Event OK
23/08/2020 8:52:02 PM,EVENT 59329 1598212619 0/0/0/0/28 ZONEOVERSPEED 59323 45 34 1 v:124
23/08/2020 8:52:02 PM,252 Event OK
23/08/2020 8:52:03 PM,EVENT 59330 1598212649 0/0/0/0/29 ZONEOVERSPEED 59323 11 32 1 v:124
23/08/2020 8:52:03 PM,252 Event OK
23/08/2020 8:52:03 PM,EVENT 59331 1598212785 0/0/0/0/25 ZONEOVERSPEED 59323 93 38 1 v:124
23/08/2020 8:52:03 PM,252 Event OK
23/08/2020 8:52:03 PM,EVENT 59332 1598212801 0/0/0/0/13 INPUT 3 0 243 v:124
23/08/2020 8:52:03 PM,252 Event OK
23/08/2020 8:52:03 PM,EVENT 59333 1598212818 0/0/0/99/0 INPUT 4 0 335 v:124
23/08/2020 8:52:03 PM,252 Event OK
23/08/2020 8:52:03 PM,EVENT 59334 1598212818 0/0/0/99/0 INPUT 4 1 0 v:124
23/08/2020 8:52:03 PM,252 Event OK
23/08/2020 8:52:04 PM,EVENT 59335 1598212851 0/0/0/0/0 INPUT 4 0 33 v:124
23/08/2020 8:52:04 PM,252 Event OK
23/08/2020 8:52:04 PM,EVENT 59336 1598212851 0/0/0/0/0 INPUT 4 1 0 v:124
23/08/2020 8:52:04 PM,252 Event OK
23/08/2020 8:52:04 PM,EVENT 59337 1598212853 0/0/0/0/2 INPUT 3 1 0 v:124
23/08/2020 8:52:04 PM,252 Event OK
23/08/2020 8:52:04 PM,EVENT 59338 1598212860 0/0/0/0/9 INPUT 3 0 7 v:124
23/08/2020 8:52:04 PM,252 Event OK
23/08/2020 8:52:04 PM,EVENT 59339 1598212864 0/0/0/0/3 INPUT 3 1 0 v:124
23/08/2020 8:52:04 PM,252 Event OK
23/08/2020 8:52:05 PM,EVENT 59340 1598212872 0/0/0/0/12 INPUT 3 0 8 v:124
23/08/2020 8:52:05 PM,252 Event OK
23/08/2020 8:52:05 PM,EVENT 59341 1598212890 0/0/0/0/0 INPUT 7 1 0 v:124
23/08/2020 8:52:05 PM,252 Event OK
23/08/2020 8:52:05 PM,EVENT 59342 1598212890 0/0/0/0/0 INPUT 8 0 420 v:124
23/08/2020 8:52:05 PM,252 Event OK
23/08/2020 8:52:06 PM,EVENT 59343 1598212891 0/0/0/0/0 INPUT 1 1 0 v:124
23/08/2020 8:52:06 PM,252 Event OK
23/08/2020 8:52:06 PM,EVENT 59344 1598212893 0/0/0/0/0 INPUT 4 0 42 v:124
23/08/2020 8:52:06 PM,252 Event OK
23/08/2020 8:52:06 PM,EVENT 59345 1598212894 0/0/0/0/0 TRIP 59323 306 104 7 6 417 v:124
23/08/2020 8:52:06 PM,252 Event OK
23/08/2020 8:52:06 PM,EVENT 59346 1598212894 0/0/0/0/0 TRIPSUMMARY 59323 v:124
23/08/2020 8:52:06 PM,252 Event OK
23/08/2020 8:52:07 PM,EVENT 59347 1598212898 0/0/0/0/0 REPORT * 0 0 v:124
23/08/2020 8:52:07 PM,252 Event OK
23/08/2020 8:52:07 PM,EVENT 59348 1598215140 0/0/0/0/0 SWSTART OpusFC 5.0.58.518 R v:124
23/08/2020 8:52:07 PM,252 Event OK
23/08/2020 8:52:08 PM,EVENT 59349 1598212894 0/0/0/0/0 POWERDOWN v:124
23/08/2020 8:52:08 PM,252 Event OK
23/08/2020 8:52:08 PM,EVENT 59350 1598215140 0/0/0/0/0 INPUT 1 1 0 v:124
23/08/2020 8:52:08 PM,252 Event OK
23/08/2020 8:52:08 PM,EVENT 59351 1598215140 0/0/0/0/0 INPUT 2 0 0 v:124
23/08/2020 8:52:08 PM,252 Event OK
23/08/2020 8:52:08 PM,EVENT 59352 1598215140 0/0/0/0/0 INPUT 3 0 0 v:124
23/08/2020 8:52:08 PM,252 Event OK
23/08/2020 8:52:09 PM,EVENT 59353 1598215140 0/0/0/0/0 INPUT 4 0 0 v:124
23/08/2020 8:52:09 PM,252 Event OK
23/08/2020 8:52:09 PM,EVENT 59354 1598215140 0/0/0/0/0 INPUT 7 0 0 v:124
23/08/2020 8:52:09 PM,252 Event OK
23/08/2020 8:52:09 PM,EVENT 59355 1598215140 0/0/0/0/0 INPUT 8 1 0 v:124
23/08/2020 8:52:09 PM,252 Event OK
23/08/2020 8:52:09 PM,EVENT 59356 1598215142 0/0/0/0/0 ZONE_OK 2 100 FW=NO VERSION v:124
23/08/2020 8:52:09 PM,252 Event OK
23/08/2020 8:52:10 PM,EVENT 59357 1598215151 0/0/0/0/0 SIGNON 2505 03b1f6ce OK 26 270498 0 v:124
23/08/2020 8:52:10 PM,252 Event OK
23/08/2020 8:52:10 PM,EVENT 59358 1598215157 0/0/0/99/0 INPUT 1 0 17 v:124
23/08/2020 8:52:10 PM,252 Event OK
23/08/2020 8:52:11 PM,EVENT 59359 1598215158 0/0/0/99/0 INPUT 4 1 0 v:124
23/08/2020 8:52:11 PM,252 Event OK
23/08/2020 8:52:11 PM,EVENT 59360 1598215163 0/0/0/99/8 INPUT 3 1 0 v:124
23/08/2020 8:52:11 PM,252 Event OK
23/08/2020 8:52:11 PM,EVENT 59361 1598215164 0/0/0/99/8 INPUT 3 0 0 v:124
23/08/2020 8:52:11 PM,252 Event OK
23/08/2020 8:52:11 PM,EVENT 59362 1598215166 0/0/0/0/8 INPUT 3 1 0 v:124
23/08/2020 8:52:11 PM,252 Event OK
23/08/2020 8:52:12 PM,EVENT 59363 1598215167 0/0/0/0/8 INPUT 3 0 0 v:124
23/08/2020 8:52:12 PM,252 Event OK
23/08/2020 8:52:12 PM,EVENT 59364 1598215168 0/0/0/0/8 INPUT 3 1 0 v:124
23/08/2020 8:52:12 PM,252 Event OK
23/08/2020 8:52:12 PM,EVENT 59365 1598215170 0/0/0/0/9 INPUT 3 0 2 v:124
23/08/2020 8:52:12 PM,252 Event OK
23/08/2020 8:52:12 PM,EVENT 59366 1598215186 0/0/0/0/3 INPUT 3 1 0 v:124
23/08/2020 8:52:12 PM,252 Event OK
23/08/2020 8:52:12 PM,EVENT 59367 1598215188 0/0/0/0/12 INPUT 3 0 2 v:124
23/08/2020 8:52:12 PM,252 Event OK
23/08/2020 8:52:13 PM,EVENT 59368 1598215190 0/0/0/0/8 INPUT 3 1 0 v:124
23/08/2020 8:52:13 PM,252 Event OK
23/08/2020 8:52:13 PM,EVENT 59369 1598215247 0/0/0/0/30 ZONEOVERSPEED 59357 21 32 1 v:124
23/08/2020 8:52:13 PM,252 Event OK
23/08/2020 8:52:13 PM,EVENT 59370 1598215585 0/0/0/0/29 ZONEOVERSPEED 59357 314 37 1 v:124
23/08/2020 8:52:13 PM,252 Event OK
23/08/2020 8:52:14 PM,EVENT 59371 1598215736 0/0/0/0/30 ZONEOVERSPEED 59357 123 36 1 v:124
23/08/2020 8:52:14 PM,252 Event OK
23/08/2020 8:52:14 PM,EVENT 59372 1598215766 0/0/0/0/30 ZONEOVERSPEED 59357 21 34 1 v:124
23/08/2020 8:52:14 PM,252 Event OK
23/08/2020 8:52:14 PM,EVENT 59373 1598215828 0/0/0/0/28 ZONEOVERSPEED 59357 45 32 1 v:124
23/08/2020 8:52:14 PM,252 Event OK
23/08/2020 8:52:14 PM,EVENT 59374 1598215850 0/0/0/0/29 ZONEOVERSPEED 59357 12 34 1 v:124
23/08/2020 8:52:14 PM,252 Event OK
23/08/2020 8:52:14 PM,EVENT 59375 1598215868 0/0/0/0/12 INPUT 3 0 679 v:124
23/08/2020 8:52:14 PM,252 Event OK
23/08/2020 8:52:15 PM,EVENT 59376 1598215891 -310122012/1219228700/1670/0/0 INPUT 4 0 734 v:124
23/08/2020 8:52:15 PM,252 Event OK
23/08/2020 8:52:15 PM,EVENT 59377 1598215891 -310122021/1219228706/1602/0/0 INPUT 4 1 0 v:124
23/08/2020 8:52:15 PM,252 Event OK
23/08/2020 8:52:15 PM,EVENT 59378 1598215901 -310122017/1219228750/1071/5/2 INPUT 3 1 0 v:124
23/08/2020 8:52:15 PM,252 Event OK
23/08/2020 8:52:15 PM,QUIT
23/08/2020 8:52:15 PM,221 Session ended - goodbye
23/08/2020 8:52:29 PM,UNIT 9279
23/08/2020 8:52:29 PM,333 CHAL 554D8390
23/08/2020 8:52:29 PM,RESP 30DFF72C
23/08/2020 8:52:29 PM,230 Auth OK
23/08/2020 8:52:30 PM,TIME
23/08/2020 8:52:30 PM,211 TIME 1598215950
23/08/2020 8:52:30 PM,EVCOUNT 1
23/08/2020 8:52:30 PM,252 Event OK
23/08/2020 8:52:31 PM,TODO
23/08/2020 8:52:31 PM,226 Nothing to do
23/08/2020 8:52:31 PM,EVENT 59379 1598215945 -310128749/1219228618/822/0/12 INPUT 3 0 44 v:124
23/08/2020 8:52:31 PM,252 Event OK
23/08/2020 8:52:32 PM,QUIT
23/08/2020 8:52:32 PM,221 Session ended - goodbye
23/08/2020 8:53:00 PM,UNIT 9279
23/08/2020 8:53:00 PM,333 CHAL 3F05BF23
23/08/2020 8:53:00 PM,RESP 2FA951C5
23/08/2020 8:53:00 PM,230 Auth OK
23/08/2020 8:53:01 PM,TIME
23/08/2020 8:53:01 PM,211 TIME 1598215981
23/08/2020 8:53:01 PM,EVCOUNT 2
23/08/2020 8:53:01 PM,252 Event OK
23/08/2020 8:53:02 PM,TODO
23/08/2020 8:53:02 PM,226 Nothing to do
23/08/2020 8:53:02 PM,EVENT 59380 1598215975 -310128351/1219228401/842/0/0 INPUT 4 0 84 v:124
23/08/2020 8:53:02 PM,252 Event OK
23/08/2020 8:53:03 PM,EVENT 59381 1598215975 -310128350/1219228401/842/0/0 INPUT 4 1 0 v:124
23/08/2020 8:53:03 PM,252 Event OK
23/08/2020 8:53:03 PM,QUIT
23/08/2020 8:53:03 PM,221 Session ended - goodbye
23/08/2020 8:55:00 PM,UNIT 9279
23/08/2020 8:55:00 PM,333 CHAL 7CF00D48
23/08/2020 8:55:00 PM,RESP 77611EA5
23/08/2020 8:55:00 PM,230 Auth OK
23/08/2020 8:55:01 PM,TIME
23/08/2020 8:55:01 PM,211 TIME 1598216101
23/08/2020 8:55:01 PM,EVCOUNT 2
23/08/2020 8:55:01 PM,252 Event OK
23/08/2020 8:55:02 PM,TODO
23/08/2020 8:55:02 PM,226 Nothing to do
23/08/2020 8:55:02 PM,EVENT 59382 1598216095 -310128264/1219228484/850/0/0 INPUT 4 0 120 v:124
23/08/2020 8:55:02 PM,252 Event OK
23/08/2020 8:55:03 PM,EVENT 59383 1598216095 -310128270/1219228480/855/0/0 INPUT 4 1 0 v:124
23/08/2020 8:55:03 PM,252 Event OK
23/08/2020 8:55:03 PM,QUIT
23/08/2020 8:55:03 PM,221 Session ended - goodbye
23/08/2020 8:56:00 PM,UNIT 9279
23/08/2020 8:56:00 PM,333 CHAL 460CCF5D
23/08/2020 8:56:00 PM,RESP AFA91EE4
23/08/2020 8:56:00 PM,230 Auth OK
23/08/2020 8:56:01 PM,TIME
23/08/2020 8:56:01 PM,211 TIME 1598216161
23/08/2020 8:56:01 PM,EVCOUNT 1
23/08/2020 8:56:01 PM,252 Event OK
23/08/2020 8:56:02 PM,TODO
23/08/2020 8:56:02 PM,226 Nothing to do
23/08/2020 8:56:03 PM,EVENT 59384 1598216156 -310128728/1219228529/886/0/3 INPUT 3 1 0 v:124
23/08/2020 8:56:03 PM,252 Event OK
23/08/2020 8:56:03 PM,QUIT
23/08/2020 8:56:03 PM,221 Session ended - goodbye
23/08/2020 8:56:21 PM,UNIT 9279
23/08/2020 8:56:21 PM,333 CHAL 3221DF46
23/08/2020 8:56:22 PM,RESP 812008DC
23/08/2020 8:56:22 PM,230 Auth OK
23/08/2020 8:56:22 PM,TIME
23/08/2020 8:56:22 PM,211 TIME 1598216182
23/08/2020 8:56:23 PM,EVCOUNT 1
23/08/2020 8:56:23 PM,252 Event OK
23/08/2020 8:56:23 PM,TODO
23/08/2020 8:56:23 PM,226 Nothing to do
23/08/2020 8:56:24 PM,EVENT 59385 1598216176 -310122192/1219233304/816/3/14 INPUT 3 0 21 v:124
23/08/2020 8:56:24 PM,252 Event OK
23/08/2020 8:56:25 PM,EVENT 59386 1598216182 -310121954/1219233183/940/3/0 INPUT 7 1 0 v:124
23/08/2020 8:56:25 PM,252 Event OK
23/08/2020 8:56:26 PM,EVENT 59387 1598216182 -310121954/1219233183/940/3/0 INPUT 8 0 1041 v:124
23/08/2020 8:56:26 PM,252 Event OK
23/08/2020 8:56:27 PM,EVENT 59388 1598216183 -310121960/1219233193/951/3/0 INPUT 1 1 0 v:124
23/08/2020 8:56:27 PM,252 Event OK
23/08/2020 8:56:28 PM,EVENT 59389 1598216184 -310121967/1219233208/967/3/0 INPUT 4 0 89 v:124
23/08/2020 8:56:28 PM,252 Event OK
23/08/2020 8:56:28 PM,QUIT
23/08/2020 8:56:28 PM,221 Session ended - goodbye
23/08/2020 8:56:39 PM,UNIT 9279
23/08/2020 8:56:39 PM,333 CHAL 6D12932C
23/08/2020 8:56:40 PM,RESP 2EBB4C76
23/08/2020 8:56:40 PM,230 Auth OK
23/08/2020 8:56:40 PM,TIME
23/08/2020 8:56:40 PM,211 TIME 1598216200
23/08/2020 8:56:41 PM,EVCOUNT 2
23/08/2020 8:56:41 PM,252 Event OK
23/08/2020 8:56:41 PM,TODO
23/08/2020 8:56:41 PM,226 Nothing to do
23/08/2020 8:56:42 PM,EVENT 59390 1598216186 -310121973/1219233229/991/3/0 TRIP 59357 748 279 9 7 1036 v:124
23/08/2020 8:56:42 PM,252 Event OK
23/08/2020 8:56:43 PM,EVENT 59391 1598216186 -310121973/1219233229/991/3/0 TRIPSUMMARY 59357 v:124
23/08/2020 8:56:43 PM,252 Event OK
23/08/2020 8:56:44 PM,QUIT
23/08/2020 8:56:44 PM,221 Session ended - goodbye
23/08/2020 8:57:24 PM,UNIT 9279
23/08/2020 8:57:24 PM,333 CHAL 49D54E69
23/08/2020 8:57:25 PM,RESP 3957AE78
23/08/2020 8:57:25 PM,230 Auth OK
23/08/2020 8:57:25 PM,TIME
23/08/2020 8:57:25 PM,211 TIME 1598216245
23/08/2020 8:57:26 PM,EVCOUNT 1
23/08/2020 8:57:26 PM,252 Event OK
23/08/2020 8:57:27 PM,TODO
23/08/2020 8:57:27 PM,226 Nothing to do
23/08/2020 8:57:27 PM,EVENT 59392 1598216240 -310122054/1219233406/1123/8/0 REPORT * 0 130 v:124
23/08/2020 8:57:27 PM,252 Event OK
23/08/2020 8:57:28 PM,QUIT
23/08/2020 8:57:28 PM,221 Session ended - goodbye
23/08/2020 10:28:34 PM,UNIT 9279
23/08/2020 10:28:34 PM,333 CHAL 342A63E9
23/08/2020 10:28:34 PM,RESP 83D4CE00
23/08/2020 10:28:34 PM,230 Auth OK
23/08/2020 10:28:34 PM,TIME
23/08/2020 10:28:34 PM,211 TIME 1598221714
23/08/2020 10:28:35 PM,EVCOUNT 14
23/08/2020 10:28:35 PM,252 Event OK
23/08/2020 10:28:35 PM,TODO
23/08/2020 10:28:35 PM,226 Nothing to do
23/08/2020 10:28:35 PM,EVENT 59393 1598221689 0/0/0/0/0 SWSTART OpusFC 5.0.58.518 R v:123
23/08/2020 10:28:35 PM,252 Event OK
23/08/2020 10:28:36 PM,EVENT 59394 1598216186 0/0/0/0/0 POWERDOWN v:124
23/08/2020 10:28:36 PM,252 Event OK
23/08/2020 10:28:36 PM,EVENT 59395 1598221689 0/0/0/0/0 INPUT 1 1 0 v:123
23/08/2020 10:28:36 PM,252 Event OK
23/08/2020 10:28:36 PM,EVENT 59396 1598221689 0/0/0/0/0 INPUT 2 0 0 v:123
23/08/2020 10:28:36 PM,252 Event OK
23/08/2020 10:28:36 PM,EVENT 59397 1598221689 0/0/0/0/0 INPUT 3 0 0 v:123
23/08/2020 10:28:36 PM,252 Event OK
23/08/2020 10:28:36 PM,EVENT 59398 1598221689 0/0/0/0/0 INPUT 4 0 0 v:123
23/08/2020 10:28:36 PM,252 Event OK
23/08/2020 10:28:37 PM,EVENT 59399 1598221689 0/0/0/0/0 INPUT 7 0 0 v:123
23/08/2020 10:28:37 PM,252 Event OK
23/08/2020 10:28:37 PM,EVENT 59400 1598221689 0/0/0/0/0 INPUT 8 1 0 v:123
23/08/2020 10:28:37 PM,252 Event OK
23/08/2020 10:28:37 PM,EVENT 59401 1598221691 0/0/0/0/0 ZONE_OK 2 100 FW=NO VERSION v:123
23/08/2020 10:28:37 PM,252 Event OK
23/08/2020 10:28:37 PM,EVENT 59402 1598221698 0/0/0/0/0 INPUT 7 1 0 v:123
23/08/2020 10:28:37 PM,252 Event OK
23/08/2020 10:28:38 PM,EVENT 59403 1598221698 0/0/0/0/0 INPUT 8 0 8 v:123
23/08/2020 10:28:38 PM,252 Event OK
23/08/2020 10:28:38 PM,EVENT 59404 1598221700 0/0/0/0/0 INPUT 8 1 0 v:123
23/08/2020 10:28:38 PM,252 Event OK
23/08/2020 10:28:38 PM,EVENT 59405 1598221700 0/0/0/0/0 INPUT 7 0 2 v:123
23/08/2020 10:28:38 PM,252 Event OK
23/08/2020 10:28:38 PM,EVENT 59406 1598221708 0/0/0/99/0 SIGNON * 0 NOCARD 26 0 000000 v:123
23/08/2020 10:28:38 PM,252 Event OK
23/08/2020 10:28:38 PM,QUIT
23/08/2020 10:28:38 PM,221 Session ended - goodbye
23/08/2020 10:29:01 PM,UNIT 9279
23/08/2020 10:29:01 PM,333 CHAL 3F3D23B6
23/08/2020 10:29:02 PM,RESP 0D747983
23/08/2020 10:29:02 PM,230 Auth OK
23/08/2020 10:29:03 PM,TIME
23/08/2020 10:29:03 PM,211 TIME 1598221743
23/08/2020 10:29:03 PM,EVCOUNT 4
23/08/2020 10:29:03 PM,252 Event OK
23/08/2020 10:29:04 PM,TODO
23/08/2020 10:29:04 PM,125 TODO GETXML 2000 Operators 
225 Work list complete
23/08/2020 10:29:04 PM,GETXML
23/08/2020 10:29:04 PM,Binary data 4320 bytes
23/08/2020 10:29:08 PM,GOT Operators 4272 F36D7EA8
23/08/2020 10:29:08 PM,250 Download OK
23/08/2020 10:29:08 PM,EVENT 59407 1598221737 -310122673/1219233465/1665/9/1 INPUT 7 1 0 v:123
23/08/2020 10:29:08 PM,252 Event OK
23/08/2020 10:29:09 PM,EVENT 59408 1598221737 -310122673/1219233465/1665/9/1 INPUT 8 0 37 v:123
23/08/2020 10:29:09 PM,252 Event OK
23/08/2020 10:29:09 PM,EVENT 59409 1598221739 -310122675/1219233496/1538/9/1 INPUT 8 1 0 v:123
23/08/2020 10:29:09 PM,252 Event OK
23/08/2020 10:29:09 PM,EVENT 59410 1598221739 -310122675/1219233496/1538/9/1 INPUT 7 0 3 v:123
23/08/2020 10:29:09 PM,252 Event OK
23/08/2020 10:29:09 PM,QUIT
23/08/2020 10:29:09 PM,221 Session ended - goodbye
23/08/2020 10:29:19 PM,UNIT 9279
23/08/2020 10:29:19 PM,333 CHAL 65A8881E
23/08/2020 10:29:19 PM,RESP 5DC17F00
23/08/2020 10:29:19 PM,230 Auth OK
23/08/2020 10:29:20 PM,TIME
23/08/2020 10:29:20 PM,211 TIME 1598221760
23/08/2020 10:29:21 PM,EVCOUNT 5
23/08/2020 10:29:21 PM,252 Event OK
23/08/2020 10:29:21 PM,TODO
23/08/2020 10:29:21 PM,226 Nothing to do
23/08/2020 10:29:22 PM,EVENT 59411 1598221754 -310122664/1219233501/1114/8/1 INPUT 7 1 0 v:123
23/08/2020 10:29:22 PM,252 Event OK
23/08/2020 10:29:23 PM,EVENT 59412 1598221754 -310122664/1219233501/1114/8/1 INPUT 8 0 15 v:123
23/08/2020 10:29:23 PM,252 Event OK
23/08/2020 10:29:24 PM,EVENT 59413 1598221755 -310122653/1219233483/1084/8/0 INPUT 8 1 0 v:123
23/08/2020 10:29:24 PM,252 Event OK
23/08/2020 10:29:25 PM,EVENT 59414 1598221756 -310122653/1219233483/1084/8/0 INPUT 7 0 2 v:123
23/08/2020 10:29:25 PM,252 Event OK
23/08/2020 10:29:26 PM,EVENT 59415 1598221756 -310122650/1219233475/1077/8/1 SIGNON * 0 NOCARD 26 0 000000 v:123
23/08/2020 10:29:26 PM,252 Event OK
23/08/2020 10:29:26 PM,QUIT
23/08/2020 10:29:26 PM,221 Session ended - goodbye
23/08/2020 10:29:39 PM,UNIT 9279
23/08/2020 10:29:39 PM,333 CHAL 74129CCF
23/08/2020 10:29:40 PM,RESP 54422911
23/08/2020 10:29:40 PM,230 Auth OK
23/08/2020 10:29:40 PM,TIME
23/08/2020 10:29:40 PM,211 TIME 1598221780
23/08/2020 10:29:41 PM,EVCOUNT 4
23/08/2020 10:29:41 PM,252 Event OK
23/08/2020 10:29:42 PM,TODO
23/08/2020 10:29:42 PM,125 TODO GETXML 2000 Operators 
225 Work list complete
23/08/2020 10:29:42 PM,GETXML
23/08/2020 10:29:42 PM,Binary data 4320 bytes
23/08/2020 10:29:43 PM,GOT Operators 4272 F36D7EA8
23/08/2020 10:29:43 PM,250 Download OK
23/08/2020 10:29:43 PM,EVENT 59416 1598221774 -310122573/1219233280/960/8/1 INPUT 7 1 0 v:123
23/08/2020 10:29:43 PM,252 Event OK
23/08/2020 10:29:44 PM,EVENT 59417 1598221774 -310122573/1219233280/960/8/1 INPUT 8 0 19 v:123
23/08/2020 10:29:44 PM,252 Event OK
23/08/2020 10:29:44 PM,EVENT 59418 1598221778 -310122551/1219233245/946/8/1 INPUT 8 1 0 v:123
23/08/2020 10:29:44 PM,252 Event OK
23/08/2020 10:29:44 PM,EVENT 59419 1598221778 -310122551/1219233245/946/8/1 INPUT 7 0 4 v:123
23/08/2020 10:29:44 PM,252 Event OK
23/08/2020 10:29:44 PM,QUIT
23/08/2020 10:29:44 PM,221 Session ended - goodbye
23/08/2020 10:30:18 PM,UNIT 9279
23/08/2020 10:30:18 PM,333 CHAL 3F3DBB2E
23/08/2020 10:30:19 PM,RESP BA5040BF
23/08/2020 10:30:19 PM,230 Auth OK
23/08/2020 10:30:19 PM,TIME
23/08/2020 10:30:19 PM,211 TIME 1598221819
23/08/2020 10:30:20 PM,EVCOUNT 4
23/08/2020 10:30:20 PM,252 Event OK
23/08/2020 10:30:21 PM,TODO
23/08/2020 10:30:21 PM,226 Nothing to do
23/08/2020 10:30:22 PM,EVENT 59420 1598221813 -310122409/1219233126/1000/8/1 INPUT 7 1 0 v:123
23/08/2020 10:30:22 PM,252 Event OK
23/08/2020 10:30:22 PM,EVENT 59421 1598221813 -310122409/1219233126/1000/8/1 INPUT 8 0 35 v:123
23/08/2020 10:30:22 PM,252 Event OK
23/08/2020 10:30:23 PM,EVENT 59422 1598221816 -310122396/1219233127/1002/8/1 INPUT 8 1 0 v:123
23/08/2020 10:30:23 PM,252 Event OK
23/08/2020 10:30:24 PM,EVENT 59423 1598221816 -310122394/1219233129/1003/8/1 INPUT 7 0 4 v:123
23/08/2020 10:30:24 PM,252 Event OK
23/08/2020 10:30:25 PM,QUIT
23/08/2020 10:30:25 PM,221 Session ended - goodbye
23/08/2020 10:30:47 PM,UNIT 9279
23/08/2020 10:30:47 PM,333 CHAL 17EF382D
23/08/2020 10:30:48 PM,RESP 18EDF9BF
23/08/2020 10:30:48 PM,230 Auth OK
23/08/2020 10:30:48 PM,TIME
23/08/2020 10:30:48 PM,211 TIME 1598221848
23/08/2020 10:30:49 PM,EVCOUNT 4
23/08/2020 10:30:49 PM,252 Event OK
23/08/2020 10:30:50 PM,TODO
23/08/2020 10:30:50 PM,226 Nothing to do
23/08/2020 10:30:51 PM,EVENT 59424 1598221842 -310122409/1219233290/1021/8/0 INPUT 7 1 0 v:123
23/08/2020 10:30:51 PM,252 Event OK
23/08/2020 10:30:52 PM,EVENT 59425 1598221842 -310122409/1219233290/1021/8/0 INPUT 8 0 25 v:123
23/08/2020 10:30:52 PM,252 Event OK
23/08/2020 10:30:53 PM,EVENT 59426 1598221844 -310122424/1219233308/1024/8/0 INPUT 8 1 0 v:123
23/08/2020 10:30:53 PM,252 Event OK
23/08/2020 10:30:54 PM,EVENT 59427 1598221844 -310122424/1219233308/1024/8/0 INPUT 7 0 2 v:123
23/08/2020 10:30:54 PM,252 Event OK
23/08/2020 10:30:55 PM,QUIT
23/08/2020 10:30:55 PM,221 Session ended - goodbye
23/08/2020 10:31:12 PM,UNIT 9279
23/08/2020 10:31:12 PM,333 CHAL 3B0347B1
23/08/2020 10:31:13 PM,RESP 7B5E645A
23/08/2020 10:31:13 PM,230 Auth OK
23/08/2020 10:31:14 PM,TIME
23/08/2020 10:31:14 PM,211 TIME 1598221873
23/08/2020 10:31:14 PM,EVCOUNT 2
23/08/2020 10:31:14 PM,252 Event OK
23/08/2020 10:31:15 PM,TODO
23/08/2020 10:31:15 PM,226 Nothing to do
23/08/2020 10:31:16 PM,EVENT 59428 1598221867 -310122340/1219233246/1010/8/0 INPUT 7 1 0 v:123
23/08/2020 10:31:16 PM,252 Event OK
23/08/2020 10:31:17 PM,EVENT 59429 1598221867 -310122340/1219233246/1010/8/0 INPUT 8 0 24 v:123
23/08/2020 10:31:17 PM,252 Event OK
23/08/2020 10:31:18 PM,EVENT 59430 1598221874 -310122287/1219233204/1011/8/0 REPORT * 0 75 v:123
23/08/2020 10:31:18 PM,252 Event OK
23/08/2020 10:31:18 PM,QUIT
23/08/2020 10:31:18 PM,221 Session ended - goodbye
23/08/2020 10:31:29 PM,UNIT 9279
23/08/2020 10:31:29 PM,333 CHAL 515FDD62
23/08/2020 10:31:30 PM,RESP F195720B
23/08/2020 10:31:30 PM,230 Auth OK
23/08/2020 10:31:31 PM,TIME
23/08/2020 10:31:31 PM,211 TIME 1598221891
23/08/2020 10:31:31 PM,EVCOUNT 7
23/08/2020 10:31:31 PM,252 Event OK
23/08/2020 10:31:32 PM,TODO
23/08/2020 10:31:32 PM,226 Nothing to do
23/08/2020 10:31:33 PM,EVENT 59431 1598221879 -310122269/1219233199/1018/8/1 INPUT 8 1 0 v:123
23/08/2020 10:31:33 PM,252 Event OK
23/08/2020 10:31:34 PM,EVENT 59432 1598221879 -310122268/1219233200/1020/8/1 INPUT 7 0 12 v:123
23/08/2020 10:31:34 PM,252 Event OK
23/08/2020 10:31:35 PM,EVENT 59433 1598221880 -310122267/1219233201/1021/8/0 INPUT 7 1 0 v:123
23/08/2020 10:31:35 PM,252 Event OK
23/08/2020 10:31:36 PM,EVENT 59434 1598221880 -310122267/1219233201/1021/8/0 INPUT 8 0 1 v:123
23/08/2020 10:31:36 PM,252 Event OK
23/08/2020 10:31:37 PM,EVENT 59435 1598221881 -310122264/1219233201/1023/8/1 INPUT 8 1 0 v:123
23/08/2020 10:31:37 PM,252 Event OK
23/08/2020 10:31:37 PM,EVENT 59436 1598221881 -310122263/1219233202/1024/8/1 INPUT 7 0 1 v:123
23/08/2020 10:31:37 PM,252 Event OK
23/08/2020 10:31:38 PM,EVENT 59437 1598221882 -310122262/1219233201/1026/8/1 DEBUG Time(BAD):1598221882->4294967295 v:123
23/08/2020 10:31:38 PM,252 Event OK
23/08/2020 10:31:39 PM,QUIT
23/08/2020 10:31:39 PM,221 Session ended - goodbye
23/08/2020 10:31:49 PM,UNIT 9279
23/08/2020 10:31:49 PM,333 CHAL 2DD25189
23/08/2020 10:31:50 PM,RESP BBCB0173
23/08/2020 10:31:50 PM,230 Auth OK
23/08/2020 10:31:51 PM,TIME
23/08/2020 10:31:51 PM,211 TIME 1598221911
23/08/2020 10:31:51 PM,EVCOUNT 2
23/08/2020 10:31:51 PM,252 Event OK
23/08/2020 10:31:52 PM,TODO
23/08/2020 10:31:52 PM,226 Nothing to do
23/08/2020 10:31:53 PM,EVENT 59438 1598221901 -310122280/1219233181/1070/9/1 INPUT 7 1 0 v:123
23/08/2020 10:31:53 PM,252 Event OK
23/08/2020 10:31:54 PM,EVENT 59439 1598221901 -310122280/1219233181/1070/9/1 INPUT 8 0 21 v:123
23/08/2020 10:31:54 PM,252 Event OK
23/08/2020 10:31:54 PM,QUIT
23/08/2020 10:31:54 PM,221 Session ended - goodbye
23/08/2020 10:32:05 PM,UNIT 9279
23/08/2020 10:32:05 PM,333 CHAL E2A682D
23/08/2020 10:32:06 PM,RESP 74E29E31
23/08/2020 10:32:06 PM,230 Auth OK
23/08/2020 10:32:07 PM,TIME
23/08/2020 10:32:07 PM,211 TIME 1598221927
23/08/2020 10:32:07 PM,EVCOUNT 2
23/08/2020 10:32:07 PM,252 Event OK
23/08/2020 10:32:08 PM,TODO
23/08/2020 10:32:08 PM,226 Nothing to do
23/08/2020 10:32:09 PM,EVENT 59440 1598221920 -310122273/1219233042/1053/9/1 INPUT 8 1 0 v:124
23/08/2020 10:32:09 PM,252 Event OK
23/08/2020 10:32:10 PM,EVENT 59441 1598221920 -310122276/1219233041/1052/9/1 INPUT 7 0 19 v:124
23/08/2020 10:32:10 PM,252 Event OK
23/08/2020 10:32:10 PM,QUIT
23/08/2020 10:32:10 PM,221 Session ended - goodbye
23/08/2020 10:32:21 PM,UNIT 9279
23/08/2020 10:32:21 PM,333 CHAL 6C45F614
23/08/2020 10:32:21 PM,RESP E8D14CC9
23/08/2020 10:32:21 PM,230 Auth OK
23/08/2020 10:32:22 PM,TIME
23/08/2020 10:32:22 PM,211 TIME 1598221942
23/08/2020 10:32:23 PM,EVCOUNT 6
23/08/2020 10:32:23 PM,252 Event OK
23/08/2020 10:32:23 PM,TODO
23/08/2020 10:32:23 PM,226 Nothing to do
23/08/2020 10:32:24 PM,EVENT 59442 1598221929 -310122333/1219233057/1047/9/1 INPUT 7 1 0 v:124
23/08/2020 10:32:24 PM,252 Event OK
23/08/2020 10:32:25 PM,EVENT 59443 1598221929 -310122333/1219233057/1047/9/1 INPUT 8 0 10 v:124
23/08/2020 10:32:25 PM,252 Event OK
23/08/2020 10:32:26 PM,EVENT 59444 1598221930 -310122336/1219233058/1048/9/1 INPUT 8 1 0 v:124
23/08/2020 10:32:26 PM,252 Event OK
23/08/2020 10:32:27 PM,EVENT 59445 1598221930 -310122341/1219233061/1048/8/1 INPUT 7 0 1 v:124
23/08/2020 10:32:27 PM,252 Event OK
23/08/2020 10:32:28 PM,EVENT 59446 1598221932 -310122353/1219233068/1052/8/1 INPUT 7 1 0 v:124
23/08/2020 10:32:28 PM,252 Event OK
23/08/2020 10:32:29 PM,EVENT 59447 1598221932 -310122353/1219233068/1052/8/1 INPUT 8 0 2 v:124
23/08/2020 10:32:29 PM,252 Event OK
23/08/2020 10:32:30 PM,EVENT 59448 1598221945 -310122373/1219233083/1042/8/0 INPUT 8 1 0 v:124
23/08/2020 10:32:30 PM,252 Event OK
23/08/2020 10:32:31 PM,EVENT 59449 1598221946 -310122371/1219233082/1041/8/1 INPUT 7 0 14 v:124
23/08/2020 10:32:31 PM,252 Event OK
23/08/2020 10:32:32 PM,EVENT 59450 1598221946 -310122369/1219233082/1041/8/0 INPUT 7 1 0 v:124
23/08/2020 10:32:32 PM,252 Event OK
23/08/2020 10:32:33 PM,EVENT 59451 1598221946 -310122369/1219233082/1041/8/0 INPUT 8 0 2 v:124
23/08/2020 10:32:33 PM,252 Event OK
23/08/2020 10:32:34 PM,QUIT
23/08/2020 10:32:34 PM,221 Session ended - goodbye
23/08/2020 10:47:11 PM,UNIT 9279
23/08/2020 10:47:11 PM,333 CHAL 247B1544
23/08/2020 10:47:12 PM,RESP EED749C0
23/08/2020 10:47:12 PM,230 Auth OK
23/08/2020 10:47:12 PM,TIME
23/08/2020 10:47:12 PM,211 TIME 1598222832
23/08/2020 10:47:13 PM,EVCOUNT 2
23/08/2020 10:47:13 PM,252 Event OK
23/08/2020 10:47:14 PM,TODO
23/08/2020 10:47:14 PM,226 Nothing to do
23/08/2020 10:47:15 PM,EVENT 59452 1598222825 -310122192/1219233002/733/8/1 INPUT 8 1 0 v:124
23/08/2020 10:47:15 PM,252 Event OK
23/08/2020 10:47:16 PM,EVENT 59453 1598222826 -310122189/1219232998/732/8/2 INPUT 7 0 879 v:124
23/08/2020 10:47:16 PM,252 Event OK
23/08/2020 10:47:17 PM,EVENT 59454 1598222833 -310122156/1219232983/747/8/0 SIGNON 2545 03bfbfbf OK_CL 26 202020 0 v:124
23/08/2020 10:47:17 PM,252 Event OK
23/08/2020 10:47:18 PM,QUIT
23/08/2020 10:47:18 PM,221 Session ended - goodbye
23/08/2020 10:47:29 PM,UNIT 9279
23/08/2020 10:47:29 PM,333 CHAL 3FD56AF
23/08/2020 10:47:29 PM,RESP 3729AE65
23/08/2020 10:47:29 PM,230 Auth OK
23/08/2020 10:47:30 PM,TIME
23/08/2020 10:47:30 PM,211 TIME 1598222850
23/08/2020 10:47:31 PM,EVCOUNT 1
23/08/2020 10:47:31 PM,252 Event OK
23/08/2020 10:47:31 PM,TODO
23/08/2020 10:47:31 PM,226 Nothing to do
23/08/2020 10:47:32 PM,EVENT 59455 1598222843 -310122152/1219232940/765/8/0 CHECKLIST 59454 OK 0 9 432 F v:124
23/08/2020 10:47:32 PM,252 Event OK
23/08/2020 10:47:33 PM,EVENT 59456 1598222849 -310122182/1219232954/760/8/0 INPUT 1 0 1160 v:124
23/08/2020 10:47:33 PM,252 Event OK
23/08/2020 10:47:34 PM,EVENT 59457 1598222849 -310122187/1219232956/758/8/0 INPUT 4 1 0 v:124
23/08/2020 10:47:34 PM,252 Event OK
23/08/2020 10:47:35 PM,QUIT
23/08/2020 10:47:35 PM,221 Session ended - goodbye
23/08/2020 10:47:46 PM,UNIT 9279
23/08/2020 10:47:46 PM,333 CHAL 7AAB1297
23/08/2020 10:47:46 PM,RESP F3FF6568
23/08/2020 10:47:46 PM,230 Auth OK
23/08/2020 10:47:47 PM,TIME
23/08/2020 10:47:47 PM,211 TIME 1598222867
23/08/2020 10:47:47 PM,EVCOUNT 2
23/08/2020 10:47:47 PM,252 Event OK
23/08/2020 10:47:48 PM,TODO
23/08/2020 10:47:48 PM,226 Nothing to do
23/08/2020 10:47:49 PM,EVENT 59458 1598222856 -310122222/1219232963/731/8/0 INPUT 4 0 7 v:123
23/08/2020 10:47:49 PM,252 Event OK
23/08/2020 10:47:49 PM,EVENT 59459 1598222856 -310122222/1219232963/731/8/0 INPUT 4 1 0 v:123
23/08/2020 10:47:49 PM,252 Event OK
23/08/2020 10:47:50 PM,QUIT
23/08/2020 10:47:50 PM,221 Session ended - goodbye
23/08/2020 10:48:00 PM,UNIT 9279
23/08/2020 10:48:00 PM,333 CHAL 68D2DE85
23/08/2020 10:48:01 PM,RESP 14C9BF82
23/08/2020 10:48:01 PM,230 Auth OK
23/08/2020 10:48:01 PM,TIME
23/08/2020 10:48:01 PM,211 TIME 1598222881
23/08/2020 10:48:02 PM,EVCOUNT 3
23/08/2020 10:48:02 PM,252 Event OK
23/08/2020 10:48:02 PM,TODO
23/08/2020 10:48:02 PM,226 Nothing to do
23/08/2020 10:48:03 PM,EVENT 59460 1598222871 -310122608/1219233314/746/7/5 INPUT 3 1 0 v:124
23/08/2020 10:48:03 PM,252 Event OK
23/08/2020 10:48:04 PM,EVENT 59461 1598222872 -310122627/1219233068/748/7/9 INPUT 3 0 1 v:124
23/08/2020 10:48:04 PM,252 Event OK
23/08/2020 10:48:05 PM,EVENT 59462 1598222873 -310122742/1219232812/750/7/6 INPUT 3 1 0 v:124
23/08/2020 10:48:05 PM,252 Event OK
23/08/2020 10:48:05 PM,QUIT
23/08/2020 10:48:05 PM,221 Session ended - goodbye
23/08/2020 10:48:18 PM,UNIT 9279
23/08/2020 10:48:18 PM,333 CHAL 6AACB569
23/08/2020 10:48:19 PM,RESP CBA62883
23/08/2020 10:48:19 PM,230 Auth OK
23/08/2020 10:48:19 PM,TIME
23/08/2020 10:48:19 PM,211 TIME 1598222899
23/08/2020 10:48:20 PM,EVCOUNT 3
23/08/2020 10:48:20 PM,252 Event OK
23/08/2020 10:48:21 PM,TODO
23/08/2020 10:48:21 PM,226 Nothing to do
23/08/2020 10:48:22 PM,EVENT 59463 1598222893 -310128548/1219230244/735/4/9 INPUT 3 0 19 v:124
23/08/2020 10:48:22 PM,252 Event OK
23/08/2020 10:48:22 PM,EVENT 59464 1598222896 -310128535/1219229793/747/4/4 INPUT 4 0 40 v:124
23/08/2020 10:48:22 PM,252 Event OK
23/08/2020 10:48:23 PM,EVENT 59465 1598222896 -310128535/1219229793/747/4/3 INPUT 4 1 0 v:124
23/08/2020 10:48:23 PM,252 Event OK
23/08/2020 10:48:24 PM,QUIT
23/08/2020 10:48:24 PM,221 Session ended - goodbye
23/08/2020 10:48:35 PM,UNIT 9279
23/08/2020 10:48:35 PM,333 CHAL 680D7AD5
23/08/2020 10:48:36 PM,RESP 3DA77112
23/08/2020 10:48:36 PM,230 Auth OK
23/08/2020 10:48:36 PM,TIME
23/08/2020 10:48:36 PM,211 TIME 1598222916
23/08/2020 10:48:37 PM,EVCOUNT 2
23/08/2020 10:48:37 PM,252 Event OK
23/08/2020 10:48:37 PM,TODO
23/08/2020 10:48:37 PM,226 Nothing to do
23/08/2020 10:48:38 PM,EVENT 59466 1598222910 -310128672/1219229920/747/4/0 INPUT 4 0 14 v:124
23/08/2020 10:48:38 PM,252 Event OK
23/08/2020 10:48:39 PM,EVENT 59467 1598222911 -310128648/1219229899/747/4/0 INPUT 4 1 0 v:124
23/08/2020 10:48:39 PM,252 Event OK
23/08/2020 10:48:40 PM,EVENT 59468 1598222914 -310128394/1219229695/761/4/3 INPUT 4 0 4 v:124
23/08/2020 10:48:40 PM,252 Event OK
23/08/2020 10:48:40 PM,EVENT 59469 1598222914 -310128394/1219229695/761/4/3 INPUT 4 1 0 v:124
23/08/2020 10:48:40 PM,252 Event OK
23/08/2020 10:48:41 PM,QUIT
23/08/2020 10:48:41 PM,221 Session ended - goodbye
23/08/2020 10:48:51 PM,UNIT 9279
23/08/2020 10:48:51 PM,333 CHAL 6ABD26F2
23/08/2020 10:48:52 PM,RESP 68C2B8E6
23/08/2020 10:48:52 PM,230 Auth OK
23/08/2020 10:48:53 PM,TIME
23/08/2020 10:48:53 PM,211 TIME 1598222933
23/08/2020 10:48:53 PM,EVCOUNT 7
23/08/2020 10:48:53 PM,252 Event OK
23/08/2020 10:48:54 PM,TODO
23/08/2020 10:48:54 PM,226 Nothing to do
23/08/2020 10:48:54 PM,EVENT 59470 1598222926 -310128135/1219229579/789/1/0 INPUT 7 1 0 v:124
23/08/2020 10:48:54 PM,252 Event OK
23/08/2020 10:48:55 PM,EVENT 59471 1598222926 -310128135/1219229579/789/1/0 INPUT 8 0 100 v:124
23/08/2020 10:48:55 PM,252 Event OK
23/08/2020 10:48:56 PM,EVENT 59472 1598222926 -310128135/1219229578/787/1/0 INPUT 4 0 12 v:123
23/08/2020 10:48:56 PM,252 Event OK
23/08/2020 10:48:57 PM,EVENT 59473 1598222926 -310128135/1219229578/787/1/0 INPUT 4 1 0 v:123
23/08/2020 10:48:57 PM,252 Event OK
23/08/2020 10:48:58 PM,EVENT 59474 1598222927 -310128135/1219229577/784/1/0 INPUT 1 1 0 v:123
23/08/2020 10:48:58 PM,252 Event OK
23/08/2020 10:48:59 PM,EVENT 59475 1598222929 -310128141/1219229571/771/1/0 INPUT 4 0 3 v:123
23/08/2020 10:48:59 PM,252 Event OK
23/08/2020 10:49:00 PM,EVENT 59476 1598222930 -310128146/1219229570/768/1/0 TRIP 59454 20 60 10 9 90 v:124
23/08/2020 10:49:00 PM,252 Event OK
23/08/2020 10:49:00 PM,QUIT
23/08/2020 10:49:00 PM,221 Session ended - goodbye
23/08/2020 10:52:05 PM,UNIT 9279
23/08/2020 10:52:05 PM,333 CHAL 22C84795
23/08/2020 10:52:06 PM,RESP A1227316
23/08/2020 10:52:06 PM,230 Auth OK
23/08/2020 10:52:06 PM,TIME
23/08/2020 10:52:06 PM,211 TIME 1598223126
23/08/2020 10:52:07 PM,EVCOUNT 2
23/08/2020 10:52:07 PM,252 Event OK
23/08/2020 10:52:07 PM,TODO
23/08/2020 10:52:07 PM,226 Nothing to do
23/08/2020 10:52:08 PM,EVENT 59477 1598223120 -310128107/1219229432/768/3/0 INPUT 8 1 0 v:124
23/08/2020 10:52:08 PM,252 Event OK
23/08/2020 10:52:09 PM,EVENT 59478 1598223120 -310128106/1219229433/769/3/0 INPUT 7 0 195 v:124
23/08/2020 10:52:09 PM,252 Event OK
23/08/2020 10:52:09 PM,QUIT
23/08/2020 10:52:09 PM,221 Session ended - goodbye
23/08/2020 10:52:19 PM,UNIT 9279
23/08/2020 10:52:19 PM,333 CHAL 38A007D
23/08/2020 10:52:20 PM,RESP 79BEB2BE
23/08/2020 10:52:20 PM,230 Auth OK
23/08/2020 10:52:21 PM,TIME
23/08/2020 10:52:21 PM,211 TIME 1598223140
23/08/2020 10:52:21 PM,EVCOUNT 3
23/08/2020 10:52:21 PM,252 Event OK
23/08/2020 10:52:22 PM,TODO
23/08/2020 10:52:22 PM,226 Nothing to do
23/08/2020 10:52:23 PM,EVENT 59479 1598223129 -310128079/1219229470/777/3/0 SIGNON 2545 03bfbfbf OK 26 202020 0 v:124
23/08/2020 10:52:23 PM,252 Event OK
23/08/2020 10:52:23 PM,EVENT 59480 1598223138 -310128033/1219229452/786/3/0 INPUT 1 0 211 v:124
23/08/2020 10:52:23 PM,252 Event OK
23/08/2020 10:52:24 PM,EVENT 59481 1598223138 -310128030/1219229450/785/3/0 INPUT 4 1 0 v:124
23/08/2020 10:52:24 PM,252 Event OK
23/08/2020 10:52:25 PM,QUIT
23/08/2020 10:52:25 PM,221 Session ended - goodbye
23/08/2020 10:52:35 PM,UNIT 9279
23/08/2020 10:52:35 PM,333 CHAL 5D2F0D9D
23/08/2020 10:52:36 PM,RESP F5E56C2F
23/08/2020 10:52:36 PM,230 Auth OK
23/08/2020 10:52:36 PM,TIME
23/08/2020 10:52:36 PM,211 TIME 1598223156
23/08/2020 10:52:37 PM,EVCOUNT 2
23/08/2020 10:52:37 PM,252 Event OK
23/08/2020 10:52:37 PM,TODO
23/08/2020 10:52:37 PM,226 Nothing to do
23/08/2020 10:52:38 PM,EVENT 59482 1598223145 -310128056/1219229472/787/3/0 INPUT 4 0 7 v:123
23/08/2020 10:52:38 PM,252 Event OK
23/08/2020 10:52:39 PM,EVENT 59483 1598223145 -310128059/1219229478/788/3/0 INPUT 4 1 0 v:123
23/08/2020 10:52:39 PM,252 Event OK
23/08/2020 10:52:40 PM,EVENT 59484 1598223156 -310128286/1219229595/812/3/0 INPUT 4 0 11 v:124
23/08/2020 10:52:40 PM,252 Event OK
23/08/2020 10:52:41 PM,EVENT 59485 1598223156 -310128286/1219229595/812/3/0 INPUT 4 1 0 v:124
23/08/2020 10:52:41 PM,252 Event OK
23/08/2020 10:52:42 PM,QUIT
23/08/2020 10:52:42 PM,221 Session ended - goodbye
23/08/2020 10:52:53 PM,UNIT 9279
23/08/2020 10:52:53 PM,333 CHAL 70E5784E
23/08/2020 10:52:54 PM,RESP D11F4DD3
23/08/2020 10:52:54 PM,230 Auth OK
23/08/2020 10:52:54 PM,TIME
23/08/2020 10:52:54 PM,211 TIME 1598223174
23/08/2020 10:52:55 PM,EVCOUNT 1
23/08/2020 10:52:55 PM,252 Event OK
23/08/2020 10:52:55 PM,TODO
23/08/2020 10:52:55 PM,226 Nothing to do
23/08/2020 10:52:56 PM,EVENT 59486 1598223168 -310127895/1219230151/806/3/8 INPUT 3 1 0 v:124
23/08/2020 10:52:56 PM,252 Event OK
23/08/2020 10:52:57 PM,QUIT
23/08/2020 10:52:57 PM,221 Session ended - goodbye
23/08/2020 10:53:14 PM,UNIT 9279
23/08/2020 10:53:14 PM,333 CHAL 83F1F3F
23/08/2020 10:53:15 PM,RESP 731F85AD
23/08/2020 10:53:15 PM,230 Auth OK
23/08/2020 10:53:15 PM,TIME
23/08/2020 10:53:15 PM,211 TIME 1598223195
23/08/2020 10:53:16 PM,EVCOUNT 5
23/08/2020 10:53:16 PM,252 Event OK
23/08/2020 10:53:16 PM,TODO
23/08/2020 10:53:16 PM,226 Nothing to do
23/08/2020 10:53:17 PM,EVENT 59487 1598223189 -310123682/1219233742/764/5/9 INPUT 3 0 20 v:124
23/08/2020 10:53:17 PM,252 Event OK
23/08/2020 10:53:18 PM,EVENT 59488 1598223190 -310123575/1219233759/759/5/8 INPUT 3 1 0 v:124
23/08/2020 10:53:18 PM,252 Event OK
23/08/2020 10:53:19 PM,EVENT 59489 1598223191 -310123250/1219233774/747/5/9 INPUT 3 0 2 v:124
23/08/2020 10:53:19 PM,252 Event OK
23/08/2020 10:53:19 PM,EVENT 59490 1598223192 -310123040/1219233750/739/5/8 INPUT 3 1 0 v:124
23/08/2020 10:53:19 PM,252 Event OK
23/08/2020 10:53:20 PM,EVENT 59491 1598223193 -310122846/1219233698/736/5/9 INPUT 3 0 1 v:124
23/08/2020 10:53:20 PM,252 Event OK
23/08/2020 10:53:21 PM,QUIT
23/08/2020 10:53:21 PM,221 Session ended - goodbye
23/08/2020 10:53:31 PM,UNIT 9279
23/08/2020 10:53:31 PM,333 CHAL 533C112B
23/08/2020 10:53:32 PM,RESP 7AD007CD
23/08/2020 10:53:32 PM,230 Auth OK
23/08/2020 10:53:32 PM,TIME
23/08/2020 10:53:32 PM,211 TIME 1598223212
23/08/2020 10:53:33 PM,EVCOUNT 5
23/08/2020 10:53:33 PM,252 Event OK
23/08/2020 10:53:34 PM,TODO
23/08/2020 10:53:34 PM,226 Nothing to do
23/08/2020 10:53:35 PM,EVENT 59492 1598223205 -310121882/1219233052/775/5/0 INPUT 7 1 0 v:124
23/08/2020 10:53:35 PM,252 Event OK
23/08/2020 10:53:36 PM,EVENT 59493 1598223205 -310121882/1219233052/775/5/0 INPUT 8 0 85 v:124
23/08/2020 10:53:36 PM,252 Event OK
23/08/2020 10:53:36 PM,EVENT 59494 1598223206 -310121887/1219233046/782/5/0 INPUT 1 1 0 v:123
23/08/2020 10:53:36 PM,252 Event OK
23/08/2020 10:53:37 PM,EVENT 59495 1598223207 -310121895/1219233040/795/5/0 INPUT 4 0 51 v:123
23/08/2020 10:53:37 PM,252 Event OK
23/08/2020 10:53:39 PM,EVENT 59496 1598223209 -310121910/1219233036/806/5/0 TRIP 59479 23 46 12 10 81 v:123
23/08/2020 10:53:39 PM,252 Event OK
23/08/2020 10:53:39 PM,QUIT
23/08/2020 10:53:39 PM,221 Session ended - goodbye
